-6.7575665,-4.974535,-5.943777,-6.069935,-5.12459,-5.1389294,-6.6963596,-9.128914,-8.575157,-7.8697433,-7.6374645,-7.4517155,-8.038845,-6.620327,-6.311428,-6.8607216,-7.101862,-6.7183037,-6.3631153,-7.348778,-6.1569233,-7.2278996,-7.3485107,-6.3021107,-6.1921997,-5.899624,-9.738226,-10.027878,-7.434181,-5.8622055,-5.8205795,-6.323845,-6.2716904,-8.275738,-8.02387,-8.235941,-17.222889,-9.505823,-7.55534,-9.257969,-9.416683,-6.7201996,-8.399069,-15.316502,-21.060452,-14.138271,-10.244377,-10.438282,-9.19516,-6.531658,-5.9828777,-6.0378666,-6.100319,-4.9460297,-5.3121777,-5.8710575,-12.275038,-24.361116,-35.038853,-17.927582,-19.112251,-28.747707,-17.9532,-11.982483,-14.405043,-20.422958,-16.657818,-22.173761,-29.959545,-25.887983,-18.302654,-17.817028,-23.773647,-28.970676,-31.943743,-23.400667,-12.105946,-10.047489,-11.055906,-20.313347,-9.817368,-14.3544445,-18.664104,-11.764683,-14.7043915,-19.558535,-24.237103,-21.811493,-9.227795,-7.2620792,-10.5343895,-22.868834,-13.100662,-18.432045,-28.883581,-38.607758,-27.321022,-28.34733,-17.74475,-12.420235,-11.757919,-13.758945,-15.97575,-26.022266,-19.311234,-18.193346,-16.755672,-17.082043,-20.2616,-11.974756,-6.5057106,-9.788921,-5.7009354,-2.4057465,-7.0359783,-8.893778,-3.7597733,-8.532627,-13.527195,-9.634987,-8.811256,-29.223509,-10.562511,-8.694874,-22.9165,-4.0900974,0.0,-0.26753616,-2.970686,-4.731188,-6.0940456,-5.661766,-6.2480564,-5.521385,-4.869774,-4.895439,-5.863941,-5.824089,-5.864937,-5.6547375,-6.407835,-4.270302,-4.4806023,-4.072876,-6.981697,-8.848816,-9.229572,-21.7503,-22.999107,-17.728748,-13.322952,-10.651674,-7.532154,-6.9795494,-9.178545,-13.4524555,-17.66776,-12.722355,-10.682184,-13.822767,-12.146608,-13.676146,-19.555819,-27.782932,-18.249985,-15.5382,-19.943565,-13.981247,-16.133596,-35.984013,-16.279263,-15.284845,-15.635986,-15.371977,-17.62058,-35.83868,-20.258862,-18.719864,-16.850313,-9.333498,-6.4207993,-5.236656,-4.577034,-5.2519016,-6.49543,-6.475132,-6.2202187,-8.293896,-13.000618,-11.070446,-9.790899,-11.262257,-8.430443,-8.784197,-8.778669,-10.987303,-13.404825,-10.544792,-13.248356,-15.5774555,-14.073017,-20.728659,-10.124176,-9.87833,-10.529629,-6.5912094,-5.021391,-4.745781,-6.656151,-5.4965553,-6.492401,-9.815531,-12.1981735,-16.058582,-20.321262,-24.410313,-17.190632,-10.925423,-15.82527,-19.16845,-20.39697,-27.91032,-21.717308,-18.155724,-23.598188,-24.530548,-13.986649,-14.9734535,-24.315777,-15.991676,-17.035069,-16.97337,-24.493298,-19.789108,-17.225174,-24.909538,-22.68011,-20.947083,-20.24079,-21.19108,-21.77743,-21.35014,-21.83515,-22.287315,-22.550257,-23.319416,-21.317413,-18.543983,-23.387882,-29.540817,-17.353106,-18.595184,-24.947952,-16.179789,-15.969418,-18.194166,-18.049286,-25.57452,-24.838345,-26.755123,-15.196445,-14.163937,-20.335522,-21.972727,-14.514601,-11.953461,-11.381798,-18.459543,-10.45516,-7.7514534,-11.930468,-14.014145,-9.605907,-10.616915,-18.83366,-13.343143,-10.340179,-14.856909,-18.890722,-11.665916,-11.214863,-8.445663,-9.25798,-8.972435,-10.447836,-17.055698,-9.694899,-14.372461,-20.02016,-17.30644,-23.249908,-20.68642,-17.318157,-16.87042,-14.077637,-12.810604,-14.975962,-16.982073,-21.828495,-19.310703,-12.046242,-12.40452,-14.839125,-12.367073,-12.311277,-14.805103,-16.762178,-14.464247,-12.279139,-15.762745,-21.562965,-23.500238,-30.332653,-42.239975,-29.963003,-19.217627,-22.205946,-11.9249935,-8.313845,-15.176281,-11.770906,-11.445976,-13.7212715,-12.900589,-16.431562,-18.899166,-24.831673,-24.30324,-18.086374,-22.317278,-27.001284,-20.350372,-18.981249,-24.609652,-21.3181,-28.688942,-20.32967,-18.597557,-21.924656,-24.88321,-25.018799,-18.975864,-23.309696,-27.617645,-21.473686,-18.002375,-14.213295,-11.508583,-11.42775,-18.508698,-11.263412,-10.32856,-16.76715,-10.269299,-15.616724,-10.682238,-12.228443,-17.622519,-18.382175,-25.738062,-34.337414,-21.004395,-16.789532,-15.522392,-19.02113,-24.9791,-19.361473,-19.352295,-18.830872,-23.100437,-23.973116,-20.777994,-16.480835,-12.080425,-8.635975,-7.930546,-7.136814,-9.913147,-12.177542,-16.028555,-20.816692,-27.806015,-21.730534,-24.506218,-17.290852,-20.034065,-28.210197,-23.086615,-19.766235,-27.185905,-18.53083,-12.89006,-12.580797,-26.3193,-19.87101,-13.016455,-12.930672,-7.4822216,-7.8103294,-16.577831,-24.41389,-17.77707,-15.438131,-21.265476,-15.832594,-13.588846,-13.029463,-8.167913,-7.898857,-9.613789,-8.743679,-6.618414,-8.441631,-6.070854,-8.302895,-17.30107,-14.495689,-10.078056,-10.222004,-11.74847,-19.432983,-18.449127,-21.406754,-16.953127,-14.575783,-13.907032,-13.456303,-8.54809,-10.862804,-12.963476,-8.855055,-10.606184,-17.111141,-22.793371,-20.75315,-29.532196,-21.3857,-16.16172,-12.564968,-13.883091,-23.06297,-14.894699,-11.15847,-17.892572,-15.899464,-13.2168865,-10.417681,-16.660494,-16.537144,-14.293797,-12.658937,-15.854055,-9.238113,-13.759628,-11.989336,-10.09943,-13.081713,-8.999176,-8.65201,-10.644377,-13.425882,-12.759144,-9.320484,-8.00704,-7.080391,-6.2275047,-9.886494,-9.795216,-12.389105,-11.132008,-12.413223,-17.23561,-10.288708,-6.8325157,-5.6915817,-4.7734356,-6.793873,-6.904091,-9.110291,-8.979891,-7.58218,-8.9011,-7.3005657,-8.368237,-8.669182,-12.109182,-16.34644,-22.024632,-29.838404,-15.585245,-10.583523,-26.27983,-14.736467,-15.806076,-16.289322,-14.643576,-10.542963,-7.900717,-8.72711,-10.638838,-13.420504,-21.190796,-20.365995,-18.625805,-34.54925,-18.644451,-12.60582,-11.681824,-12.596682,-7.11508,-6.493675,-6.3703938,-8.462294,-7.4345875,-8.184704,-17.731236,-6.315897,-6.3357887,-7.745104,-7.2454567,-6.1028767,-6.958065,-7.7059593,-12.444462,-12.198517,-18.31467,-13.86628,-13.114647,-15.89481,-9.866032,-6.7293377,-11.585867,-15.047546,-9.150669,-8.658741,-9.3068905,-8.72995,-7.962206,-7.9926376,-11.126015,-10.688671,-9.562815,-9.936871,-13.845791,-19.43143,-19.77264,-14.196547,-20.42097,-13.411831,-11.550716,-13.180199,-18.132307,-33.31726,-14.869553,-10.543304,-8.811514,-7.7347527,-11.859829,-9.560892,-16.274136,-13.446644,-22.820509,-11.054956,-11.986921,-24.186577,-9.706593,-9.589052,-11.781523,-12.78208,-9.400162,-6.470793,-9.177664,-19.549381,-10.641335,-7.417389,-7.191963,-3.6009712,-3.657711,-4.795759,-6.2492847,-6.8750534,-15.79096,-11.240337,-10.252951,-6.435129,-5.0248528,-3.8612251,-3.9844513,-4.4741917,-5.272169,-4.5413,-4.450535,-4.068264,-4.61302,-3.4483318,-3.901741,-6.326935,-7.286827,-5.709278,-5.513895,-5.270567,-4.7337456,-4.992674,-3.9248753,-4.2555313,-5.0830936,-6.5112076,-7.469389,-5.4000645,-4.0972347,-4.367584,-4.7837734,-3.9908905,-4.8371162,-6.4155293,-5.694792,-5.976221,-5.775444,-5.8190136,-5.9990025,-6.00107,-6.0069656,-5.995781,-6.0122185,-5.949438,-5.8980923,-5.351139,-10.734005,-31.434607,-80.0,-80.0,-80.0,-80.0,-80.0,-80.0,-80.0,-80.0,-80.0,-80.0,-80.0,-80.0,-80.0,-80.0,-80.0,-80.0,-80.0,-80.0,-80.0,-80.0,-80.0,-80.0,-80.0,-80.0,-80.0,-80.0,-80.0,-80.0,-80.0,-80.0,-80.0,-80.0,-80.0,-80.0,-80.0,-80.0,-80.0,-80.0,-80.0,-80.0,-80.0,-80.0,-80.0,-80.0,-80.0,-80.0,-80.0,-80.0,-80.0,-80.0,-80.0,-80.0,-80.0,-80.0,-80.0,-80.0,-80.0,-80.0,-80.0,-80.0,-80.0,-80.0,-80.0,-80.0,-80.0,-80.0,-80.0,-80.0,-80.0,-80.0,-80.0,-80.0,-80.0,-80.0,-80.0,-80.0,-80.0,-80.0,-80.0,-80.0,-80.0,-80.0,-80.0,-80.0,-80.0,-80.0,-80.0,-80.0,-80.0,-80.0,-80.0,-80.0,-80.0,-80.0
-8.5219345,-7.637539,-8.762985,-8.868767,-7.913027,-7.984726,-9.547623,-11.885586,-10.974606,-10.084316,-10.195444,-10.116882,-10.700546,-9.404743,-9.162428,-9.725771,-9.945734,-9.527264,-9.211739,-10.20253,-8.9551735,-10.034887,-10.2164955,-9.160173,-9.028719,-8.6272545,-12.020046,-12.777159,-10.297344,-8.639717,-8.231575,-8.554277,-8.583225,-10.670778,-10.693541,-10.777172,-17.503185,-12.024757,-10.39934,-12.071569,-12.090178,-9.403555,-10.645016,-14.347063,-18.018456,-16.28046,-12.857904,-13.007944,-12.03594,-9.343739,-8.8336525,-8.758575,-8.707754,-7.7573814,-8.159323,-8.493698,-14.369947,-25.52658,-26.354488,-18.091106,-19.62742,-26.101192,-17.636806,-14.46114,-14.948347,-17.92065,-17.714804,-19.135485,-23.70123,-22.604736,-16.950897,-17.736057,-25.665943,-29.512928,-31.107191,-24.707018,-14.198193,-12.910606,-12.529755,-15.698124,-12.084057,-16.070812,-17.719639,-12.930162,-15.539698,-22.052435,-26.124199,-23.46823,-11.119328,-9.988361,-13.136539,-21.031061,-14.162136,-16.855482,-26.83711,-39.8568,-27.83585,-25.442041,-17.656967,-15.282522,-14.302685,-16.433167,-16.928934,-21.903982,-19.14587,-20.405382,-18.025324,-18.383984,-21.3541,-14.055998,-8.687874,-11.954699,-7.974331,-5.032694,-9.365339,-10.601715,-6.1490326,-10.932676,-16.264927,-12.383091,-10.866711,-17.736385,-13.061615,-11.223377,-15.486547,-6.0762577,-2.7537613,-2.8503418,-4.851597,-7.2611217,-8.330286,-8.225811,-9.028074,-8.357151,-7.7013283,-7.685892,-8.670826,-8.64093,-8.685574,-8.506355,-9.179413,-7.056444,-7.310711,-5.842743,-8.741314,-11.551619,-11.151163,-20.287376,-24.704857,-18.352379,-14.394114,-13.040661,-10.232014,-9.805548,-11.968739,-16.158201,-20.52766,-15.032442,-13.2505245,-16.575895,-14.706839,-16.1248,-20.014202,-26.442284,-18.500723,-16.509563,-20.954794,-16.556623,-17.773836,-29.517357,-18.361996,-17.998758,-18.352238,-18.197105,-18.904629,-23.749962,-20.620277,-19.822401,-19.409718,-11.680536,-9.282307,-8.102623,-7.4243584,-8.120533,-9.325344,-9.337957,-9.055014,-11.041611,-15.788265,-12.618483,-12.241451,-14.068554,-11.234161,-11.569529,-11.44047,-13.237989,-15.831638,-13.26939,-16.054522,-18.076935,-16.591972,-21.893496,-11.996691,-12.329195,-12.862263,-9.311808,-7.8810425,-7.5657234,-9.445267,-8.308811,-9.2621765,-12.677536,-14.996754,-18.645298,-22.296093,-26.635708,-19.220047,-13.158516,-16.334133,-19.942177,-20.652079,-24.725807,-22.107592,-20.675163,-24.781578,-26.686693,-15.768297,-16.277151,-20.855066,-17.75179,-19.42176,-17.988556,-24.23022,-20.031536,-18.133432,-22.27802,-19.412155,-18.907707,-21.702806,-23.804945,-23.588552,-22.700718,-22.306854,-20.725525,-24.502949,-20.716463,-21.420467,-20.008112,-25.56687,-25.899323,-18.65157,-18.621843,-23.350647,-18.689766,-18.786327,-20.837172,-19.804844,-23.885628,-24.003162,-24.552294,-16.171463,-15.107433,-21.06218,-24.309969,-17.23062,-14.796202,-14.186375,-17.28326,-12.118813,-10.581587,-13.822945,-16.543583,-12.340841,-13.155518,-20.861736,-15.922607,-12.595177,-15.861456,-20.475784,-14.379608,-13.872463,-10.954363,-11.809637,-11.632011,-12.880409,-16.899931,-11.64793,-15.732471,-17.614101,-19.108263,-25.931839,-22.656263,-19.740644,-18.524002,-16.356874,-14.9923,-17.399246,-19.329916,-22.261015,-21.870184,-13.886251,-14.580915,-17.080587,-14.418892,-15.174673,-16.824932,-18.867172,-16.092085,-14.786055,-18.507252,-24.24559,-25.67421,-28.392181,-40.767693,-29.553389,-20.642208,-22.185684,-13.868565,-10.69471,-16.37615,-14.220818,-14.070875,-16.220345,-15.480518,-19.21714,-21.597504,-27.06648,-26.042477,-18.81534,-20.72739,-29.810417,-22.39598,-21.788473,-25.027275,-21.433702,-24.051504,-22.081722,-20.165787,-24.438778,-23.379364,-21.990091,-20.550661,-22.10661,-27.074303,-22.396027,-20.63304,-16.883446,-14.371872,-14.177856,-19.463614,-12.831793,-11.042526,-13.311338,-10.374897,-11.586697,-10.609154,-12.403906,-16.987202,-20.22896,-24.937717,-25.39209,-21.008194,-18.09734,-17.450243,-19.552803,-21.737759,-21.823025,-20.876114,-20.384584,-24.57287,-25.659897,-22.941126,-19.039862,-14.630501,-11.47966,-10.786791,-9.941639,-12.638149,-14.857601,-18.88036,-23.422527,-23.639683,-20.189959,-20.060051,-17.985147,-22.803383,-28.11898,-23.849953,-21.64944,-23.321976,-20.963007,-15.46431,-14.291557,-19.675428,-19.432535,-14.59473,-15.142376,-10.186443,-10.03977,-19.037628,-24.973026,-18.812422,-17.511799,-22.288986,-17.734339,-14.560242,-15.551815,-10.6369,-10.676859,-12.480347,-11.569803,-9.404003,-11.0748005,-8.687313,-10.49404,-19.8272,-16.367306,-12.731695,-12.949083,-14.168196,-20.510305,-20.656464,-23.094885,-19.619804,-16.577398,-15.407276,-15.573917,-11.255917,-13.19747,-15.382946,-11.490784,-13.384325,-19.056568,-24.784737,-22.982605,-25.495392,-22.347172,-17.72443,-13.177536,-13.681782,-19.548115,-15.264013,-11.616596,-14.4947605,-16.258808,-15.473303,-11.996243,-14.228363,-16.971691,-16.568733,-14.104815,-16.051262,-11.903065,-15.385296,-14.62631,-12.830591,-15.417133,-11.714703,-11.486935,-13.418243,-16.193178,-15.388763,-11.944962,-10.841959,-9.931122,-8.909018,-12.466497,-12.562342,-15.1420555,-12.790995,-12.91296,-17.723352,-12.948944,-9.619482,-8.5532,-7.5944443,-9.561005,-9.407558,-11.432594,-11.778549,-10.34623,-11.641064,-10.090487,-11.230963,-11.48188,-14.83124,-19.193043,-23.354195,-32.644028,-16.91,-11.745127,-15.777258,-15.928196,-18.278625,-16.86136,-16.379587,-13.319616,-10.571938,-11.592815,-13.411167,-16.230629,-21.634197,-21.248766,-19.37897,-23.256994,-18.512974,-15.051634,-11.898769,-14.894733,-9.622192,-9.297535,-9.130825,-10.804672,-9.648235,-10.191145,-16.82964,-8.754627,-9.198383,-10.548729,-10.039619,-8.963089,-9.636692,-10.2930565,-13.492411,-13.324432,-14.12928,-13.57402,-12.961435,-16.809336,-12.052248,-9.275303,-12.341879,-15.067284,-10.474932,-10.768288,-12.116859,-11.28709,-9.614267,-10.70908,-13.63179,-13.46487,-12.254631,-12.671696,-16.703587,-21.1533,-20.205116,-15.50248,-18.623192,-14.618565,-14.377584,-15.300217,-19.274193,-22.613434,-17.536938,-13.233536,-11.65136,-10.555786,-13.907822,-11.354332,-14.301487,-13.81382,-17.963083,-13.358471,-14.585859,-17.521875,-10.705727,-11.265293,-14.419033,-14.94096,-10.5937805,-6.498575,-9.234417,-15.902752,-13.210266,-7.810562,-5.6301003,-5.355133,-6.080288,-6.4323063,-9.035931,-9.377018,-11.309107,-11.310301,-12.958981,-8.5655,-7.879011,-6.324356,-5.83988,-7.1536922,-8.129028,-7.0792084,-6.4557877,-6.844898,-7.4706364,-5.178854,-5.8082676,-9.1760025,-10.111126,-8.55191,-7.9376125,-7.5707207,-7.4598675,-7.8479404,-6.739195,-6.428459,-7.3804398,-9.298552,-10.330687,-7.6870766,-5.5191536,-7.1424465,-7.630295,-5.572298,-6.986191,-9.257126,-8.322914,-7.8528004,-8.5804825,-8.683422,-8.867825,-8.869846,-8.87574,-8.864559,-8.88102,-8.818245,-8.766567,-7.94359,-12.121353,-31.671007,-80.0,-80.0,-80.0,-80.0,-80.0,-80.0,-80.0,-80.0,-80.0,-80.0,-80.0,-80.0,-80.0,-80.0,-80.0,-80.0,-80.0,-80.0,-80.0,-80.0,-80.0,-80.0,-80.0,-80.0,-80.0,-80.0,-80.0,-80.0,-80.0,-80.0,-80.0,-80.0,-80.0,-80.0,-80.0,-80.0,-80.0,-80.0,-80.0,-80.0,-80.0,-80.0,-80.0,-80.0,-80.0,-80.0,-80.0,-80.0,-80.0,-80.0,-80.0,-80.0,-80.0,-80.0,-80.0,-80.0,-80.0,-80.0,-80.0,-80.0,-80.0,-80.0,-80.0,-80.0,-80.0,-80.0,-80.0,-80.0,-80.0,-80.0,-80.0,-80.0,-80.0,-80.0,-80.0,-80.0,-80.0,-80.0,-80.0,-80.0,-80.0,-80.0,-80.0,-80.0,-80.0,-80.0,-80.0,-80.0,-80.0,-80.0,-80.0,-80.0,-80.0,-80.0
-11.710762,-17.68452,-24.909203,-23.531525,-21.979809,-27.449263,-30.184254,-24.52232,-17.571613,-15.329611,-18.504028,-20.208702,-20.720764,-23.261648,-29.735107,-37.012627,-29.06249,-24.863585,-29.242466,-31.500576,-23.582352,-25.231426,-43.932976,-31.916512,-27.028534,-20.278635,-17.703545,-25.140528,-35.830505,-22.158733,-14.931099,-13.898418,-14.477793,-17.229382,-20.880198,-18.866146,-17.682673,-19.83878,-29.53854,-27.755772,-22.359167,-19.892618,-16.088411,-13.364275,-16.007088,-21.105293,-21.993948,-21.4771,-30.647415,-24.910961,-29.351961,-20.20553,-17.74441,-23.269562,-27.884712,-17.783104,-18.943977,-27.117226,-23.371378,-18.131462,-20.113647,-24.23499,-17.180973,-21.821863,-15.473986,-16.11209,-19.087906,-17.1254,-20.969603,-20.513199,-15.717751,-17.50973,-29.328,-30.037083,-30.22048,-26.606556,-18.75861,-38.41168,-14.842737,-13.253983,-17.664436,-19.097855,-16.754522,-14.520834,-16.514214,-29.578722,-29.765684,-26.30465,-14.778355,-21.59913,-22.088875,-19.526669,-15.543922,-15.490978,-25.22976,-41.626816,-28.3216,-23.478828,-17.423645,-40.196125,-22.437033,-26.717947,-18.1083,-19.57576,-18.834421,-25.635105,-19.84127,-20.27335,-22.796638,-18.560627,-13.738985,-16.911366,-13.600061,-14.396584,-15.392363,-13.601139,-12.657806,-17.53498,-28.23357,-24.704582,-15.243927,-14.600704,-20.646011,-19.153141,-12.614191,-10.131935,-15.280781,-11.50816,-8.468788,-15.208462,-13.711271,-16.616976,-22.6666,-26.257404,-25.083454,-21.8619,-23.860348,-24.58617,-24.957775,-29.231644,-22.428059,-21.002272,-24.52823,-9.050621,-11.913784,-22.511969,-14.931383,-18.987928,-27.697144,-18.994026,-15.794731,-19.547098,-21.11754,-26.587372,-26.13062,-27.194717,-44.093636,-20.916443,-21.701212,-29.079334,-23.045898,-23.178577,-20.422699,-25.215912,-18.64421,-17.721912,-22.240854,-25.106728,-20.559406,-26.75749,-22.874146,-29.254368,-29.672674,-34.892006,-20.753086,-20.592943,-20.901424,-21.284866,-27.73757,-17.843573,-33.71053,-36.583466,-27.186176,-47.797413,-26.52146,-34.622013,-26.83007,-23.349266,-29.813091,-15.133627,-19.31395,-29.217152,-26.208807,-25.473316,-21.462725,-18.71226,-22.676079,-24.830038,-31.194305,-25.665573,-24.406286,-23.482834,-15.581171,-19.404772,-18.914104,-20.755568,-31.3294,-23.776075,-23.548641,-23.88939,-22.43198,-37.40838,-29.644047,-27.360954,-26.301853,-31.948172,-23.473015,-18.519516,-16.811605,-20.815489,-20.800856,-22.666363,-22.425966,-28.495266,-26.409788,-31.588953,-19.017338,-18.170563,-18.708202,-20.925966,-25.908588,-19.282042,-23.824245,-20.165003,-19.232922,-20.41769,-17.325523,-17.303738,-23.984707,-32.946575,-26.942831,-24.70415,-22.73337,-19.369328,-28.413153,-18.867393,-21.3919,-22.295538,-30.599495,-23.699047,-20.532948,-18.509056,-21.974556,-26.39845,-34.737076,-30.491377,-22.963396,-22.45938,-23.117466,-22.872461,-17.390488,-16.269377,-21.860632,-30.397036,-28.544598,-33.721127,-29.21804,-16.16051,-14.976776,-27.80195,-17.485716,-24.484829,-24.21922,-21.21109,-25.108425,-24.531607,-18.097715,-17.135029,-23.096828,-25.629116,-23.809645,-18.648243,-20.033913,-21.60894,-19.778963,-16.597996,-15.559578,-17.75852,-15.845539,-22.428982,-36.388355,-26.64027,-26.544914,-21.350632,-22.022564,-20.04068,-24.210884,-25.499277,-22.634903,-30.199085,-17.346924,-19.598518,-22.495028,-18.778511,-40.890083,-21.033224,-23.49327,-18.839941,-22.459368,-30.70298,-34.7179,-30.677818,-26.8362,-39.462784,-29.013159,-22.827755,-22.022688,-17.740145,-17.132236,-18.039316,-21.286968,-23.399141,-23.804447,-24.096306,-33.133656,-32.444786,-32.43835,-29.145626,-19.617414,-19.355434,-45.159283,-26.725708,-37.001537,-25.381443,-21.419268,-21.602554,-25.228298,-22.73825,-32.195854,-22.05618,-19.983315,-23.141996,-20.96652,-26.418808,-23.520306,-30.06233,-27.080357,-40.004154,-26.570873,-20.646105,-15.404692,-11.821148,-11.16596,-10.349188,-9.280838,-10.390949,-12.458113,-16.25614,-23.715069,-24.078083,-22.389978,-20.870804,-20.00024,-21.256237,-20.06208,-19.659725,-29.005829,-23.323841,-22.915741,-26.882122,-28.590988,-27.88277,-27.362595,-22.833935,-30.564217,-32.868107,-24.990135,-24.210773,-25.271755,-39.652866,-32.43346,-21.29952,-18.845768,-17.653526,-18.733326,-35.953358,-27.882137,-24.706562,-25.275623,-21.05979,-27.857836,-23.998354,-17.300203,-16.892717,-18.866863,-17.196098,-20.370068,-21.18339,-15.377653,-26.20262,-25.52112,-20.144043,-21.97855,-23.598148,-21.434072,-15.772646,-23.406807,-17.896053,-24.218922,-41.96193,-28.364134,-23.321121,-20.548758,-17.872028,-15.597975,-27.72794,-19.948294,-22.590128,-24.583832,-20.947042,-21.922966,-25.857517,-26.030296,-29.743195,-20.702326,-17.790716,-20.266247,-22.347208,-19.264795,-22.15945,-21.010897,-26.933025,-22.935972,-28.863583,-28.320574,-23.187796,-23.541521,-20.281134,-13.802883,-13.335073,-17.38495,-15.55529,-12.024746,-12.367168,-16.537308,-20.985216,-14.598444,-12.448843,-17.34827,-22.204952,-16.344807,-16.130913,-21.990356,-18.126604,-24.169119,-24.590149,-21.490229,-23.014889,-29.27879,-26.769083,-29.256851,-24.799574,-21.265938,-28.632957,-30.439098,-19.356024,-21.083338,-25.618805,-27.638918,-15.634411,-13.377821,-18.171736,-22.939318,-23.608244,-33.04624,-23.900396,-22.617737,-17.04137,-17.406637,-26.430857,-23.27478,-23.683226,-24.237604,-36.443504,-27.096413,-26.317322,-38.81193,-25.307812,-47.746544,-18.852335,-13.327747,-12.683857,-17.57404,-25.574924,-17.427898,-19.471899,-26.798422,-20.791775,-39.69881,-26.693096,-31.65186,-22.022587,-22.303944,-20.219322,-20.128908,-18.235306,-22.077549,-12.0017605,-20.692066,-17.297766,-24.28144,-21.91388,-16.9314,-14.88784,-14.337963,-15.8952675,-15.711906,-34.32058,-25.517075,-24.424393,-32.682953,-20.018787,-19.014368,-14.848108,-14.8338585,-11.78443,-13.140612,-12.662041,-17.91983,-17.127087,-17.42514,-13.186764,-14.9470215,-12.416115,-15.418144,-27.526375,-19.584394,-12.436201,-22.034966,-21.291967,-26.922476,-22.942162,-24.54652,-39.35353,-24.198498,-20.578945,-17.40105,-17.13939,-16.296417,-31.24784,-20.005297,-20.816143,-19.510557,-27.675177,-23.883186,-30.120867,-26.864046,-18.248991,-14.645084,-12.729713,-14.102354,-15.468063,-19.194895,-23.487782,-14.736546,-11.969215,-14.162857,-23.971556,-19.858603,-12.243633,-6.3870068,-9.154434,-13.701,-21.669224,-8.132694,-4.273861,-8.508907,-12.885416,-9.206615,-23.007982,-16.993753,-8.894491,-11.244871,-24.002937,-13.326008,-29.295977,-13.523291,-9.358719,-17.555279,-30.42785,-15.126003,-10.597195,-20.322622,-30.05066,-8.252811,-9.527206,-29.302818,-26.724703,-27.458805,-14.753281,-13.383049,-19.06578,-29.605125,-22.479908,-11.42606,-13.172762,-23.307386,-34.63309,-13.406622,-7.697954,-20.538528,-27.233063,-8.182728,-11.84902,-27.996284,-17.70736,-11.453072,-23.643215,-35.291775,-57.480263,-53.366646,-53.299522,-53.467545,-55.394802,-55.79418,-46.108418,-16.745565,-14.213928,-31.797226,-80.0,-80.0,-80.0,-80.0,-80.0,-80.0,-80.0,-80.0,-80.0,-80.0,-80.0,-80.0,-80.0,-80.0,-80.0,-80.0,-80.0,-80.0,-80.0,-80.0,-80.0,-80.0,-80.0,-80.0,-80.0,-80.0,-80.0,-80.0,-80.0,-80.0,-80.0,-80.0,-80.0,-80.0,-80.0,-80.0,-80.0,-80.0,-80.0,-80.0,-80.0,-80.0,-80.0,-80.0,-80.0,-80.0,-80.0,-80.0,-80.0,-80.0,-80.0,-80.0,-80.0,-80.0,-80.0,-80.0,-80.0,-80.0,-80.0,-80.0,-80.0,-80.0,-80.0,-80.0,-80.0,-80.0,-80.0,-80.0,-80.0,-80.0,-80.0,-80.0,-80.0,-80.0,-80.0,-80.0,-80.0,-80.0,-80.0,-80.0,-80.0,-80.0,-80.0,-80.0,-80.0,-80.0,-80.0,-80.0,-80.0,-80.0,-80.0,-80.0,-80.0,-80.0
-15.626747,-23.318104,-24.140299,-27.758163,-22.422245,-29.87601,-24.549366,-20.22591,-32.972668,-33.754894,-20.385225,-17.318394,-23.88694,-31.223925,-31.725872,-35.403034,-25.657362,-27.151007,-30.172642,-27.340929,-25.605663,-23.776283,-25.522522,-27.613955,-21.285484,-19.197334,-26.594055,-27.886656,-36.070198,-23.491453,-28.458948,-31.43595,-30.37535,-22.158411,-29.756107,-23.495506,-32.58905,-21.32668,-34.45489,-38.138416,-26.159817,-25.58678,-23.721542,-21.121239,-26.077797,-23.376781,-19.257864,-16.95769,-20.50431,-26.289371,-29.252464,-18.607655,-16.610283,-25.099302,-29.251173,-21.705715,-19.416142,-34.818626,-26.179886,-22.618261,-20.49254,-23.587528,-19.67051,-20.032139,-17.931435,-19.027763,-23.820183,-17.68217,-22.304916,-30.368158,-17.30473,-19.024813,-32.971012,-26.01424,-28.773441,-26.255224,-27.010015,-19.60191,-15.614769,-17.574127,-27.916458,-30.02569,-27.107433,-22.838984,-24.759172,-23.618439,-28.497395,-26.511358,-17.85816,-17.253105,-24.573929,-22.857094,-20.38997,-18.54886,-18.04744,-21.123741,-22.999714,-22.100925,-17.413498,-18.149807,-22.24447,-30.900637,-18.854311,-17.769163,-24.841393,-22.703634,-23.276604,-27.03697,-25.489273,-23.479824,-18.949617,-35.569973,-21.523483,-26.392822,-31.253601,-26.292854,-18.915558,-28.209543,-34.32766,-31.852682,-20.488352,-21.504686,-31.133667,-31.456617,-20.947365,-19.597477,-18.779675,-20.043724,-17.08902,-20.980034,-27.023733,-26.960993,-18.834843,-19.415565,-29.845226,-23.804987,-23.472752,-28.163057,-25.13792,-34.91785,-24.290964,-25.776728,-21.378801,-14.661411,-12.398293,-31.558504,-19.296455,-16.103867,-19.751429,-24.319235,-21.965042,-39.332806,-38.54767,-30.177807,-37.64671,-30.306675,-25.70141,-24.264206,-20.178078,-24.35733,-20.965565,-20.276129,-19.821959,-27.177332,-21.76102,-21.218672,-21.18751,-41.450195,-23.584118,-20.928234,-23.833694,-32.47922,-39.974537,-23.629559,-18.757141,-19.898506,-37.35664,-25.86839,-20.791805,-32.633198,-24.54487,-25.232973,-25.05466,-30.559017,-27.151333,-25.10292,-25.098387,-29.996597,-24.228638,-18.999813,-21.901947,-25.758207,-28.699398,-30.0247,-19.66249,-20.682648,-30.211826,-28.08128,-30.719069,-32.407204,-23.87445,-22.59964,-18.308182,-19.596622,-22.71726,-24.14245,-23.630432,-30.878035,-28.25454,-31.027027,-26.33299,-29.256142,-24.394432,-30.316185,-28.656948,-28.381454,-24.488441,-20.665943,-17.485632,-24.03484,-30.985857,-34.214767,-30.64573,-27.231293,-21.68181,-19.719025,-19.890028,-28.164959,-27.22938,-19.143024,-21.414234,-26.940903,-25.48124,-23.329077,-20.891432,-20.131645,-14.725025,-17.251766,-25.83487,-18.609434,-17.570446,-19.076363,-21.012436,-18.06258,-16.75052,-17.252064,-25.965519,-24.855515,-21.278301,-24.910473,-36.636467,-23.83298,-20.027908,-22.543554,-23.185337,-23.176579,-21.434212,-20.160614,-20.83242,-32.66492,-24.99192,-25.601948,-22.25733,-27.53829,-28.390322,-32.0237,-27.169743,-18.266556,-18.878971,-19.180176,-16.554129,-21.357632,-49.631977,-28.955643,-38.152504,-30.024319,-36.65239,-20.00277,-21.072384,-27.768456,-19.260956,-20.928957,-24.730015,-20.667229,-23.378426,-24.205683,-20.145512,-20.781384,-15.742447,-18.998089,-32.281578,-25.807034,-24.418097,-20.905607,-17.245934,-17.555996,-20.869133,-24.204597,-23.568853,-23.006437,-24.547152,-24.234722,-18.65332,-26.68613,-25.171894,-15.684532,-12.212738,-15.111963,-29.360462,-18.620409,-19.7013,-20.368452,-22.498823,-26.24182,-39.105366,-25.777332,-18.34985,-19.913942,-19.957504,-19.533043,-21.233341,-22.621841,-28.373812,-27.64906,-26.26445,-28.944252,-32.035984,-32.496586,-23.407248,-20.326147,-18.648178,-19.039013,-25.707714,-24.222515,-19.30244,-21.79145,-28.306746,-36.50216,-24.37967,-18.586554,-22.107325,-36.567806,-26.295116,-20.732485,-20.59819,-24.98109,-32.412495,-24.287495,-25.972996,-21.822746,-24.854584,-18.33804,-21.16817,-19.242409,-14.552738,-20.179325,-24.409332,-20.056782,-24.257809,-18.278984,-15.957048,-20.21904,-21.741892,-23.609543,-23.418365,-23.577057,-22.049688,-24.725662,-44.580063,-30.20168,-28.183464,-20.150084,-16.0244,-17.733856,-21.705868,-21.806274,-22.86829,-21.486824,-30.155094,-20.913822,-21.805037,-21.399757,-22.291103,-24.89292,-19.821373,-21.689808,-20.328442,-21.525833,-22.219397,-25.106112,-25.402424,-26.685814,-20.34851,-18.52703,-27.735466,-18.558008,-20.067905,-21.928604,-15.781395,-17.018234,-23.224186,-20.914171,-23.669165,-21.934986,-31.180658,-18.63052,-14.726692,-25.192913,-23.027458,-24.460289,-29.07993,-24.50037,-25.576366,-28.694983,-22.778793,-21.674404,-19.211569,-17.405413,-15.52087,-17.981308,-25.10523,-29.845373,-33.651054,-34.276352,-20.366508,-15.386635,-21.16541,-21.698639,-20.053635,-23.0083,-20.502457,-30.098385,-22.848894,-21.752495,-23.2113,-24.282436,-27.313646,-21.54816,-19.228888,-20.219227,-20.289055,-19.634306,-20.70289,-18.858557,-20.238575,-28.14871,-16.298592,-18.501984,-17.474882,-22.290848,-16.157833,-16.06387,-21.385658,-19.802288,-20.518959,-17.828697,-21.653769,-25.688694,-25.668941,-28.199957,-24.67712,-21.786951,-19.871101,-24.405516,-25.927845,-22.407501,-24.156029,-23.369831,-15.859415,-12.4211235,-11.717024,-13.872862,-21.651669,-25.7023,-34.58775,-28.524323,-21.94532,-27.596088,-21.097294,-29.021149,-22.062548,-37.19592,-20.957245,-23.834846,-21.956913,-22.140312,-22.030752,-19.890274,-24.50144,-24.044804,-21.06514,-14.046852,-17.445871,-21.087622,-15.186192,-13.426502,-13.573883,-21.463009,-33.639515,-29.274193,-23.805561,-39.73703,-33.60297,-20.885511,-38.159935,-14.371822,-12.43655,-12.086575,-11.5519905,-18.128164,-21.545984,-22.16928,-21.849709,-19.365898,-17.821203,-19.975803,-18.612034,-27.553526,-24.686693,-27.395899,-22.0157,-17.94468,-18.275723,-20.48534,-19.266129,-14.69692,-20.661654,-17.256834,-14.234516,-19.17009,-24.751678,-15.896057,-18.340511,-16.166813,-18.258976,-36.818394,-20.763163,-16.7201,-19.969051,-19.023176,-18.586617,-25.527184,-31.627712,-22.384579,-22.026653,-18.861673,-40.38444,-35.797913,-19.01007,-18.850918,-25.59468,-30.16849,-19.968914,-18.70028,-21.386227,-24.74553,-29.976236,-19.343891,-16.754707,-14.826668,-15.456789,-15.553478,-30.752022,-20.886833,-19.559925,-22.682125,-16.738194,-22.39529,-25.07571,-11.068092,-14.808739,-10.625271,-22.381039,-9.452019,-6.435276,-10.674866,-16.995775,-15.831432,-12.808449,-23.840767,-17.25393,-13.163208,-12.235142,-17.354053,-19.453465,-25.994339,-18.051056,-24.269875,-20.917854,-34.22974,-17.900126,-17.67763,-31.211275,-21.181831,-12.1287,-12.899372,-26.99632,-27.617682,-26.54364,-22.983,-21.023994,-19.335758,-30.548807,-27.35099,-22.108593,-37.417713,-25.090618,-22.980896,-13.639505,-12.471888,-19.433514,-21.456089,-12.081314,-12.320688,-20.910622,-15.312086,-18.681404,-28.819365,-38.06875,-52.26009,-50.847633,-51.10943,-50.69125,-51.88595,-51.981636,-44.173973,-18.956078,-17.823765,-31.061226,-80.0,-80.0,-80.0,-80.0,-80.0,-80.0,-80.0,-80.0,-80.0,-80.0,-80.0,-80.0,-80.0,-80.0,-80.0,-80.0,-80.0,-80.0,-80.0,-80.0,-80.0,-80.0,-80.0,-80.0,-80.0,-80.0,-80.0,-80.0,-80.0,-80.0,-80.0,-80.0,-80.0,-80.0,-80.0,-80.0,-80.0,-80.0,-80.0,-80.0,-80.0,-80.0,-80.0,-80.0,-80.0,-80.0,-80.0,-80.0,-80.0,-80.0,-80.0,-80.0,-80.0,-80.0,-80.0,-80.0,-80.0,-80.0,-80.0,-80.0,-80.0,-80.0,-80.0,-80.0,-80.0,-80.0,-80.0,-80.0,-80.0,-80.0,-80.0,-80.0,-80.0,-80.0,-80.0,-80.0,-80.0,-80.0,-80.0,-80.0,-80.0,-80.0,-80.0,-80.0,-80.0,-80.0,-80.0,-80.0,-80.0,-80.0,-80.0,-80.0,-80.0,-80.0
-19.090645,-21.51929,-28.866615,-32.354122,-26.63596,-27.482605,-27.90605,-26.362495,-32.299908,-34.881,-24.4283,-21.126408,-30.789785,-33.630013,-33.686634,-28.69667,-33.335587,-33.902184,-36.302082,-27.660912,-33.251972,-28.46944,-23.834427,-23.93247,-29.944344,-25.54839,-29.046177,-29.227169,-45.16693,-27.82957,-22.504383,-24.88794,-24.604809,-23.308107,-28.949871,-26.28646,-21.193937,-18.411804,-20.610172,-22.287453,-21.326382,-28.650091,-31.326418,-29.417622,-23.866856,-25.301708,-29.469006,-21.161657,-24.46542,-27.7384,-37.610725,-24.94466,-21.81839,-29.756788,-28.16743,-19.928852,-21.916584,-33.230232,-35.001045,-30.251596,-21.573597,-25.28875,-27.95758,-23.779873,-26.819326,-30.445906,-22.822697,-23.626778,-33.478775,-27.49437,-20.179716,-22.93114,-27.92264,-29.149479,-44.878166,-32.515846,-40.734406,-27.237823,-27.851995,-23.826704,-30.250137,-37.27954,-26.960346,-22.140322,-23.561417,-34.551792,-29.447216,-29.076073,-25.640007,-21.103086,-21.181831,-26.930328,-32.8639,-26.187847,-24.664772,-20.668102,-19.37795,-24.041622,-24.526558,-24.80988,-28.88686,-26.940834,-28.853703,-22.194788,-31.305208,-30.604368,-19.906857,-21.842007,-26.60621,-24.682209,-25.538826,-30.369661,-27.276995,-36.706604,-29.796284,-26.60211,-23.91827,-22.82116,-22.023697,-24.193197,-20.534737,-27.659378,-27.944626,-26.345686,-29.186451,-24.214611,-22.63647,-19.205273,-17.254622,-26.095722,-23.336182,-25.45248,-24.704206,-25.00494,-28.797832,-24.254759,-24.32729,-26.449902,-28.965347,-38.619686,-25.792622,-27.450266,-31.075506,-21.261381,-18.948565,-23.784838,-29.190712,-26.185896,-21.80081,-20.544313,-18.907303,-27.916643,-35.61315,-28.889069,-37.010483,-31.703125,-29.688435,-21.099047,-20.009502,-33.750755,-21.708416,-24.46308,-22.823526,-17.692677,-19.802166,-20.968628,-20.64814,-26.176424,-21.097641,-19.474272,-22.827036,-26.279877,-23.81821,-19.192581,-25.101143,-21.354866,-21.290663,-27.355164,-23.39428,-25.0998,-26.525276,-35.37774,-22.921257,-26.181301,-28.442665,-29.11738,-31.25975,-25.048775,-25.284908,-19.657375,-22.307024,-18.88715,-22.959894,-31.653286,-24.760353,-23.973614,-20.189413,-26.739372,-29.775887,-31.015257,-24.03966,-23.095934,-29.265484,-33.408222,-29.9473,-25.592625,-24.378046,-27.332302,-26.460812,-46.98847,-24.444262,-21.170773,-20.782988,-23.857859,-35.40313,-23.107178,-21.499691,-20.04222,-26.656261,-24.856789,-25.336605,-26.266457,-28.399918,-25.394346,-20.944862,-21.757875,-25.06303,-31.638836,-24.43369,-22.378063,-28.21214,-30.801624,-27.93573,-25.576847,-20.469957,-18.867931,-23.163677,-22.632774,-20.088966,-22.48526,-22.851685,-20.224224,-18.614193,-30.965523,-21.24449,-23.68095,-32.19008,-27.675035,-23.897432,-34.829712,-36.493755,-27.99628,-21.919724,-25.96683,-25.758497,-37.857525,-25.282316,-25.936527,-21.206955,-28.964901,-29.257484,-28.771904,-34.36447,-30.661415,-25.829256,-22.339884,-23.604725,-19.061691,-25.325163,-23.044445,-21.310568,-20.819206,-23.350828,-25.079597,-29.495726,-36.396667,-38.94949,-22.363071,-21.44942,-29.262691,-24.435226,-23.207153,-23.358675,-27.57057,-22.112368,-21.862848,-22.147942,-19.9204,-21.4096,-24.871853,-26.505772,-25.626944,-26.20687,-27.644173,-25.347065,-24.722595,-29.363945,-29.05973,-29.776875,-32.163216,-28.41234,-21.990892,-21.782099,-35.376583,-24.703327,-20.155699,-14.713572,-15.69986,-18.22248,-16.18015,-17.603682,-22.078436,-32.14356,-22.560453,-26.880836,-21.11388,-17.817436,-16.021326,-15.9371605,-23.09351,-22.558495,-19.566956,-24.662682,-33.09176,-31.800901,-39.649586,-32.894493,-43.094883,-27.533308,-33.51774,-21.465141,-18.539295,-18.011059,-19.759085,-32.594364,-26.164833,-23.6482,-24.945024,-23.18648,-21.658752,-24.76043,-37.49229,-33.77491,-25.63522,-24.986547,-34.799675,-26.908289,-25.587646,-24.39293,-22.988838,-30.139969,-24.222391,-22.662094,-27.796354,-21.478605,-25.727978,-26.585968,-25.663952,-23.689281,-25.310009,-21.51009,-21.379053,-21.961899,-23.984026,-32.112072,-35.60357,-25.655228,-32.572697,-32.04904,-41.377205,-37.076073,-23.555458,-18.753128,-16.811998,-19.166882,-21.228237,-20.241652,-23.235985,-33.727436,-22.277601,-19.413622,-30.301422,-25.317743,-29.131264,-29.122646,-27.295801,-23.956564,-27.972073,-19.79519,-22.984257,-21.726965,-20.564539,-26.347118,-25.735107,-19.482435,-26.674519,-32.40099,-25.305435,-18.33255,-16.266878,-18.804668,-20.120281,-23.008856,-27.283144,-22.608871,-28.30739,-19.284323,-20.832947,-25.550476,-27.904669,-33.816463,-25.044554,-28.467625,-27.597801,-29.239126,-23.62672,-16.137562,-18.760258,-16.35496,-18.296284,-26.148193,-26.313477,-25.62451,-25.886286,-19.841057,-19.979593,-35.73053,-26.662506,-28.375748,-20.91694,-20.834581,-23.65019,-21.028927,-22.2239,-26.141373,-24.34684,-22.267185,-19.38352,-18.562708,-19.869827,-20.7193,-21.095964,-24.985435,-27.35797,-18.245825,-16.462753,-16.796152,-23.07747,-24.28806,-24.277218,-21.090715,-23.990479,-21.77456,-22.83405,-22.951794,-17.651646,-17.955614,-24.051102,-31.21526,-29.392092,-31.72832,-22.611067,-24.428127,-26.325085,-30.529928,-34.788326,-25.024134,-19.567837,-13.999727,-17.82841,-17.057327,-14.919445,-26.836227,-38.39752,-29.89977,-27.959196,-23.202763,-20.81177,-20.53555,-20.074524,-18.463863,-20.033514,-22.62874,-25.317923,-23.03152,-26.47032,-21.196688,-17.24995,-21.169796,-24.936123,-24.477364,-25.618738,-20.549248,-22.07411,-23.17561,-20.14893,-16.34583,-18.384007,-26.274488,-26.253992,-20.722801,-23.137356,-31.420303,-20.269909,-16.770685,-14.501787,-17.27544,-20.475937,-17.193544,-23.332403,-23.66407,-25.635624,-24.939194,-26.133404,-24.32069,-18.858006,-20.579464,-29.347525,-34.330055,-36.634686,-26.518612,-24.61311,-31.534569,-31.096107,-32.19735,-20.431938,-19.800636,-24.134583,-19.588606,-19.493046,-25.3764,-16.917707,-18.05083,-19.584238,-23.730686,-35.696056,-28.177982,-20.478672,-21.788158,-29.44392,-24.730436,-23.996006,-23.400776,-17.471764,-14.6756935,-15.583603,-18.628963,-20.963947,-24.232279,-23.014584,-28.088152,-30.51494,-23.657919,-25.226603,-23.35884,-25.96582,-29.317917,-25.35073,-31.074944,-25.47212,-28.112583,-19.077002,-17.102392,-20.72308,-30.043032,-23.592754,-23.907085,-23.166094,-18.585762,-19.882286,-20.09326,-13.465477,-10.579966,-12.523354,-13.372068,-21.45622,-21.908888,-19.127987,-15.268333,-18.105042,-21.892736,-20.237753,-17.618824,-31.874592,-22.127613,-28.76352,-25.267963,-26.30617,-29.945267,-32.15563,-19.159073,-18.298786,-31.735641,-36.08674,-19.2311,-19.567497,-34.135986,-35.10526,-39.148273,-19.228851,-18.067139,-30.04491,-36.567413,-26.556938,-20.780716,-21.940533,-27.665133,-23.692593,-27.92843,-17.13245,-22.66016,-26.87763,-17.899664,-22.157318,-28.122772,-20.847301,-22.517239,-41.228146,-44.01504,-53.215,-58.05253,-55.443607,-62.414642,-53.132065,-53.114426,-46.832314,-24.282024,-22.316683,-33.881466,-80.0,-80.0,-80.0,-80.0,-80.0,-80.0,-80.0,-80.0,-80.0,-80.0,-80.0,-80.0,-80.0,-80.0,-80.0,-80.0,-80.0,-80.0,-80.0,-80.0,-80.0,-80.0,-80.0,-80.0,-80.0,-80.0,-80.0,-80.0,-80.0,-80.0,-80.0,-80.0,-80.0,-80.0,-80.0,-80.0,-80.0,-80.0,-80.0,-80.0,-80.0,-80.0,-80.0,-80.0,-80.0,-80.0,-80.0,-80.0,-80.0,-80.0,-80.0,-80.0,-80.0,-80.0,-80.0,-80.0,-80.0,-80.0,-80.0,-80.0,-80.0,-80.0,-80.0,-80.0,-80.0,-80.0,-80.0,-80.0,-80.0,-80.0,-80.0,-80.0,-80.0,-80.0,-80.0,-80.0,-80.0,-80.0,-80.0,-80.0,-80.0,-80.0,-80.0,-80.0,-80.0,-80.0,-80.0,-80.0,-80.0,-80.0,-80.0,-80.0,-80.0,-80.0
-20.158035,-23.26193,-28.052872,-33.440567,-26.910334,-29.476864,-30.168589,-26.991615,-34.766495,-32.3961,-22.90718,-22.7426,-29.864632,-30.179691,-34.633873,-28.122726,-32.62596,-33.600212,-35.92994,-28.898521,-28.975363,-31.124382,-24.942762,-25.09997,-30.071327,-27.63946,-28.385925,-27.888336,-37.055336,-29.004562,-20.825478,-21.422127,-22.242199,-21.833462,-28.745846,-28.382391,-21.26715,-18.780901,-20.443443,-21.032896,-20.728165,-26.261436,-30.440165,-27.580502,-25.189,-24.456158,-23.770302,-22.197113,-26.631887,-27.150175,-33.244694,-26.15474,-23.815617,-29.485538,-25.453564,-20.245293,-22.391045,-35.46137,-34.844833,-31.720291,-21.991386,-23.847462,-26.81772,-25.862917,-26.10355,-30.216553,-24.013668,-24.490154,-35.793648,-25.382608,-20.926632,-24.563072,-28.379993,-28.76687,-38.86446,-28.142933,-30.117378,-24.748932,-22.53564,-20.077396,-24.718737,-32.99691,-25.706642,-20.612373,-21.47137,-24.95757,-24.220669,-24.497522,-24.9099,-22.589153,-22.986568,-25.00966,-27.610828,-26.013077,-27.218346,-21.920341,-19.914867,-25.382269,-26.563587,-27.326668,-30.242126,-24.778162,-25.505852,-20.347456,-22.366219,-23.461578,-19.732018,-22.179617,-27.468914,-25.795244,-26.158659,-28.924294,-28.647396,-29.591747,-29.175262,-28.927874,-26.0572,-19.721895,-17.615892,-18.6386,-19.714794,-24.736605,-27.899118,-27.192036,-30.219643,-25.186935,-24.411339,-20.581863,-17.735828,-25.35817,-23.974796,-22.469269,-22.23137,-24.59597,-28.48612,-26.219398,-25.56664,-28.164343,-29.679363,-34.570934,-27.050941,-25.29351,-27.117634,-22.479198,-21.134533,-25.647308,-28.942684,-27.0149,-24.206434,-19.18992,-18.461155,-21.10151,-23.873722,-29.28693,-32.145508,-28.895256,-31.279762,-20.395546,-18.419077,-25.099136,-23.608742,-24.562738,-20.877913,-16.8638,-21.327496,-21.870285,-22.602785,-24.391691,-21.429989,-21.410435,-24.190655,-28.53056,-23.831,-17.449589,-19.677065,-20.224266,-20.124998,-24.574955,-23.621407,-26.657692,-25.051044,-27.507591,-21.839802,-23.594252,-30.584354,-31.34053,-31.229038,-24.095398,-21.600525,-19.78883,-21.258966,-18.257626,-20.109028,-21.661001,-21.562407,-20.50861,-17.338829,-22.142517,-31.35216,-29.66855,-24.379097,-24.734089,-30.561989,-32.90551,-32.88572,-27.047834,-25.611021,-25.865213,-24.75716,-26.789679,-22.121681,-22.824566,-21.443518,-24.22661,-30.415403,-22.61403,-23.275278,-21.57917,-22.746367,-21.924688,-21.976534,-27.188303,-27.842459,-27.374756,-22.245262,-23.54327,-27.021751,-27.202534,-24.417027,-24.234253,-29.775019,-27.204689,-28.574612,-27.93628,-21.11577,-21.313446,-22.560177,-20.622177,-19.881695,-22.51724,-21.807768,-20.034813,-20.139675,-26.951445,-22.807724,-25.130274,-33.12985,-27.430809,-24.00985,-31.31755,-34.12523,-28.173006,-22.016779,-26.866432,-28.239393,-27.02607,-20.923899,-21.406847,-21.430315,-25.228685,-22.902811,-24.994717,-27.562317,-26.21717,-27.648844,-21.000914,-18.934517,-19.169762,-22.879253,-25.020058,-23.876957,-22.271982,-23.986689,-22.98207,-28.063301,-39.003,-34.304756,-22.61043,-21.199074,-22.894497,-24.440062,-21.96199,-24.013985,-29.992466,-22.369175,-22.327337,-24.3088,-22.039734,-24.07227,-26.046494,-22.459858,-25.25839,-27.498121,-29.94159,-26.535034,-23.586254,-27.58749,-29.495605,-30.516317,-33.04872,-25.012691,-19.817938,-19.29907,-23.654358,-23.558922,-21.505394,-16.863274,-17.894022,-18.299076,-17.623262,-19.48901,-22.418938,-23.767736,-22.956543,-23.954082,-20.547218,-19.629553,-17.59058,-16.398567,-22.132978,-21.483675,-19.635725,-25.778435,-30.55611,-27.302368,-27.391113,-26.902138,-28.298464,-25.514519,-28.165382,-22.712208,-20.648144,-18.402552,-19.893475,-27.50772,-28.870117,-24.658482,-24.354734,-25.572826,-23.710794,-26.323502,-27.632423,-28.392126,-26.55905,-25.112474,-29.787252,-29.36574,-25.959236,-25.596111,-21.885588,-28.581455,-25.085972,-20.97393,-21.690392,-21.529911,-26.553139,-27.76093,-27.677582,-24.598812,-26.904856,-24.16447,-23.751106,-24.084108,-26.054604,-33.417202,-36.593246,-25.808737,-29.676683,-29.116457,-30.902925,-30.998348,-23.252815,-21.310368,-17.85591,-20.783363,-22.1484,-22.68932,-21.623297,-26.055136,-20.04965,-18.130201,-23.49575,-25.18361,-30.68623,-28.804705,-27.226526,-25.760256,-27.589872,-20.134634,-19.94158,-21.558048,-22.040073,-25.975254,-26.391026,-19.762405,-24.31121,-32.19018,-27.265003,-20.22546,-18.042843,-20.593256,-21.860771,-24.748287,-29.393164,-22.623302,-24.703117,-20.326218,-22.263222,-28.007242,-29.214863,-32.319393,-25.436472,-24.915234,-25.775394,-31.032797,-22.613766,-14.764778,-18.161224,-16.214546,-17.224644,-24.471611,-24.231527,-21.49317,-23.450272,-21.193407,-21.109396,-35.125324,-27.541487,-28.585358,-22.43621,-23.214918,-22.682228,-22.044401,-24.479216,-28.660158,-25.594763,-23.816463,-21.328022,-19.47078,-18.883835,-22.398003,-20.981155,-24.615343,-22.953568,-17.667328,-16.988169,-18.573004,-23.123878,-26.774448,-23.683046,-23.46759,-25.70095,-21.993294,-21.599968,-23.011436,-19.656082,-19.186504,-21.992912,-28.589592,-30.018723,-31.29012,-23.090565,-26.223778,-26.513067,-30.716454,-30.378368,-21.68272,-19.433916,-15.466917,-15.881079,-17.22322,-16.593864,-25.05795,-28.641762,-25.720127,-26.175493,-22.671753,-19.389538,-21.204647,-22.005524,-18.805313,-21.026257,-24.298185,-26.504223,-23.494457,-28.702293,-22.964504,-17.828281,-19.481709,-21.372532,-22.37687,-26.778461,-22.234833,-20.240345,-22.87283,-22.675995,-18.027216,-17.915369,-23.985134,-26.684067,-19.141304,-19.551954,-25.194038,-18.469276,-16.212555,-16.90249,-17.191988,-18.569803,-19.507153,-25.99094,-25.454876,-27.550743,-23.666325,-23.265644,-25.130219,-19.081066,-20.473701,-31.046106,-32.56583,-29.827206,-25.768679,-27.243856,-28.43431,-27.660755,-24.867687,-18.00146,-18.240322,-22.717901,-21.944105,-20.041382,-21.953068,-17.307438,-20.37896,-21.678438,-25.5197,-35.641796,-30.76964,-22.083855,-22.859936,-32.05622,-26.752825,-24.409492,-22.400993,-16.816206,-16.120874,-15.891567,-19.030993,-20.899622,-26.474968,-24.431057,-25.263577,-22.814623,-20.199078,-23.782572,-23.712029,-23.354916,-27.35257,-27.868086,-37.173157,-25.39177,-30.45666,-19.652372,-17.137306,-20.972633,-29.525377,-23.731485,-25.250301,-24.459885,-18.41149,-20.134254,-18.940292,-14.061722,-11.248522,-14.656561,-15.50515,-17.046429,-20.60948,-21.029518,-16.803566,-20.329275,-22.71312,-16.732307,-18.880539,-22.721195,-22.100346,-31.180033,-24.923193,-24.542978,-32.96806,-28.725668,-19.96061,-15.858801,-22.63679,-42.27464,-19.660805,-20.07011,-33.089985,-33.664413,-27.112507,-16.57262,-16.87293,-29.334274,-30.801323,-25.229118,-20.627678,-22.871105,-27.918327,-25.319597,-22.614597,-17.643501,-24.472954,-27.783007,-19.281853,-24.524517,-29.23391,-23.306404,-21.562843,-29.866817,-43.01046,-54.610332,-53.289864,-52.90645,-53.581802,-53.71479,-53.882904,-49.393097,-25.197126,-23.105154,-34.509193,-80.0,-80.0,-80.0,-80.0,-80.0,-80.0,-80.0,-80.0,-80.0,-80.0,-80.0,-80.0,-80.0,-80.0,-80.0,-80.0,-80.0,-80.0,-80.0,-80.0,-80.0,-80.0,-80.0,-80.0,-80.0,-80.0,-80.0,-80.0,-80.0,-80.0,-80.0,-80.0,-80.0,-80.0,-80.0,-80.0,-80.0,-80.0,-80.0,-80.0,-80.0,-80.0,-80.0,-80.0,-80.0,-80.0,-80.0,-80.0,-80.0,-80.0,-80.0,-80.0,-80.0,-80.0,-80.0,-80.0,-80.0,-80.0,-80.0,-80.0,-80.0,-80.0,-80.0,-80.0,-80.0,-80.0,-80.0,-80.0,-80.0,-80.0,-80.0,-80.0,-80.0,-80.0,-80.0,-80.0,-80.0,-80.0,-80.0,-80.0,-80.0,-80.0,-80.0,-80.0,-80.0,-80.0,-80.0,-80.0,-80.0,-80.0,-80.0,-80.0,-80.0,-80.0
-21.513323,-27.386812,-26.828848,-34.688526,-26.831556,-35.250076,-36.924755,-27.193892,-48.980602,-30.27412,-21.225025,-25.58596,-28.406906,-27.668,-35.869965,-27.353077,-31.246077,-32.649666,-34.97733,-30.968515,-26.119625,-44.106186,-26.769445,-27.1525,-29.247662,-31.62902,-27.393074,-26.399965,-33.636333,-30.489578,-19.1868,-18.955624,-20.225504,-20.258808,-28.30349,-33.92109,-21.262863,-19.147837,-20.13527,-19.697762,-19.923899,-24.149868,-28.944283,-25.488518,-27.651817,-23.32248,-20.568619,-23.391022,-32.250748,-26.255484,-30.34351,-27.346968,-27.864744,-28.746105,-23.253517,-20.507624,-22.725552,-43.6241,-33.738647,-33.120907,-22.31515,-22.28301,-25.091438,-30.973677,-24.570438,-28.496841,-26.03132,-25.096619,-37.073586,-23.480803,-21.692944,-27.442537,-28.922253,-28.00495,-35.17733,-25.304873,-26.47705,-22.426533,-19.272934,-17.39778,-21.696817,-30.152493,-24.30504,-19.032257,-19.568417,-21.415169,-21.265417,-21.670227,-23.503971,-24.991499,-27.557573,-23.10072,-24.338371,-25.070925,-34.371387,-24.081871,-20.573425,-27.609085,-29.906334,-34.03484,-31.679996,-22.855522,-22.755335,-18.465603,-18.916948,-20.15039,-19.365559,-22.529163,-28.585577,-27.472239,-26.276882,-27.434639,-30.34018,-26.229599,-28.313084,-38.01552,-30.997177,-17.385555,-14.87335,-15.640448,-18.648289,-22.320808,-27.687445,-28.480324,-30.609259,-26.195742,-27.859432,-23.149315,-18.199156,-24.171595,-24.81902,-20.162018,-19.999996,-23.656054,-27.929138,-31.389168,-27.602264,-32.14125,-30.301113,-31.863062,-29.084988,-23.319782,-24.241562,-23.627014,-25.50394,-30.75294,-27.565214,-26.565351,-33.816753,-17.75519,-17.792456,-17.904621,-20.297377,-29.663258,-29.274261,-26.631302,-34.000065,-19.477962,-16.792229,-21.636368,-28.31905,-24.264805,-18.985931,-15.865957,-24.49274,-23.142902,-27.85761,-22.701437,-21.731615,-26.651897,-26.725891,-37.746506,-23.751749,-15.765137,-16.6264,-18.88084,-18.85702,-22.321087,-23.591034,-30.140188,-23.458939,-24.086332,-20.592594,-21.467667,-36.96879,-37.391273,-30.605581,-22.97387,-19.029106,-19.718548,-20.000446,-17.434763,-17.872498,-18.16411,-19.083675,-17.97919,-15.109184,-19.336262,-34.65453,-28.21817,-24.620289,-28.162914,-30.316525,-30.32328,-47.810474,-29.687378,-27.637115,-24.351643,-23.078642,-23.049461,-20.106243,-26.753082,-22.327742,-24.637278,-27.436089,-21.917027,-27.657352,-24.701782,-19.910225,-19.617996,-19.545012,-28.679775,-27.052315,-32.98013,-24.566212,-27.418182,-30.89609,-24.398949,-24.236153,-28.203709,-31.681944,-24.624157,-29.181475,-36.56419,-21.885956,-34.936184,-21.16537,-18.619984,-19.499437,-22.160652,-20.381008,-19.556042,-23.329126,-23.80003,-25.328215,-26.851742,-33.821136,-26.825333,-23.828255,-28.53142,-32.072395,-27.972084,-21.851788,-27.872847,-39.163418,-23.353792,-18.134293,-18.543865,-21.495543,-22.667236,-19.733524,-22.371006,-24.161036,-23.415913,-32.251095,-19.59861,-16.117624,-19.063698,-20.63476,-29.43739,-33.901115,-25.078266,-24.904411,-21.093338,-26.59354,-47.177277,-31.464579,-22.621185,-20.676094,-19.741613,-23.951218,-20.515453,-24.834112,-35.61559,-22.530766,-22.837269,-30.648558,-28.712486,-34.663036,-27.262037,-19.81046,-24.622683,-29.59753,-34.838634,-27.224363,-21.9668,-25.50687,-29.578337,-30.875786,-32.960335,-22.494469,-17.880085,-17.143763,-20.052238,-22.24224,-23.404192,-22.931635,-25.018154,-18.298824,-20.504951,-24.456182,-22.59602,-20.319546,-23.37938,-21.694637,-19.772442,-24.00566,-21.025335,-16.933926,-20.851025,-20.184998,-19.56989,-27.690136,-28.314518,-24.451279,-23.757694,-23.809868,-24.616724,-23.553259,-24.825356,-24.579437,-27.149448,-18.858788,-19.935194,-24.185238,-48.226055,-26.319931,-23.582747,-36.792763,-28.846998,-29.181032,-24.144695,-25.324564,-27.434067,-24.83086,-26.70372,-48.437996,-26.20232,-27.67537,-20.569195,-26.825356,-25.702711,-19.260002,-18.488056,-20.902538,-27.156199,-29.509962,-31.641731,-25.903067,-28.820477,-34.802437,-33.282955,-30.561003,-32.036636,-34.12237,-35.525406,-25.619205,-27.195503,-26.8548,-27.319378,-27.790821,-22.557545,-34.890472,-19.487373,-24.358511,-23.476528,-37.68612,-19.949718,-22.732315,-18.045532,-16.73487,-20.200945,-24.687342,-33.233757,-27.487402,-26.617908,-29.3891,-26.598606,-20.44596,-17.614777,-21.202183,-25.161232,-25.034615,-26.452671,-20.045835,-22.008049,-30.21716,-31.74028,-24.543846,-22.24826,-25.125622,-25.889091,-28.758564,-33.989872,-22.531506,-21.910484,-21.485153,-25.170593,-38.350197,-31.170204,-30.62435,-25.743206,-22.36401,-24.019566,-33.754562,-21.346136,-13.312189,-17.259304,-15.801752,-15.949715,-22.772926,-22.349342,-18.822529,-21.403763,-23.662956,-22.452787,-32.23769,-28.324326,-27.90607,-25.585175,-33.424274,-21.556171,-23.642889,-32.396168,-40.26488,-27.711279,-27.206448,-26.702942,-20.776062,-17.687635,-26.009445,-20.57621,-23.803516,-20.038738,-16.853405,-17.68957,-22.640324,-22.732668,-33.02192,-22.765882,-30.398443,-27.58319,-22.051537,-20.13866,-22.773293,-25.215542,-21.421953,-20.110704,-26.307795,-30.681793,-30.189144,-23.523636,-29.575684,-26.465912,-30.49191,-27.222288,-19.225105,-19.121204,-18.406893,-13.909317,-16.905193,-20.113113,-23.183632,-25.054237,-23.031158,-24.436409,-21.8365,-17.921875,-22.022995,-27.627544,-19.140358,-22.722189,-27.712376,-28.345562,-23.889475,-34.662537,-27.13563,-18.541119,-17.824587,-18.840736,-20.394674,-26.085144,-25.478043,-18.450768,-21.771574,-29.414787,-21.31475,-17.223877,-22.008623,-27.150864,-17.549511,-17.051739,-22.074406,-16.720882,-15.478439,-27.761757,-16.634174,-16.438732,-25.31953,-37.61528,-29.341515,-31.759424,-22.176554,-20.845478,-25.551687,-19.19029,-20.059185,-34.566475,-30.377064,-26.524223,-24.60797,-35.295578,-25.380898,-24.841099,-21.389013,-15.793112,-16.641415,-20.95148,-28.331707,-20.610214,-19.469818,-17.590693,-29.770023,-26.987232,-28.569717,-35.38352,-37.268616,-24.898094,-24.388088,-34.93513,-30.516954,-24.81701,-21.254858,-15.957735,-19.148846,-16.169971,-19.530592,-20.71922,-32.01281,-26.56931,-22.976898,-19.501274,-17.664923,-22.024035,-23.894123,-21.175873,-25.511423,-35.353973,-44.287003,-23.966497,-30.420362,-20.07066,-17.085085,-21.092905,-27.849602,-23.661636,-26.516727,-26.657494,-18.072956,-19.40252,-17.438124,-14.568535,-12.217739,-20.38234,-19.371777,-14.013903,-19.029709,-25.212566,-19.5913,-29.032785,-23.432285,-14.094879,-20.388474,-19.090008,-21.744724,-40.429688,-23.88329,-22.774105,-41.21946,-26.258083,-20.945347,-13.763824,-19.200508,-44.242764,-19.44131,-20.0136,-31.530785,-31.838722,-23.462143,-14.412769,-15.54785,-27.501343,-27.699446,-23.784533,-20.254948,-24.413382,-27.925041,-28.678242,-19.172922,-17.855335,-28.237514,-28.54741,-20.989143,-27.159216,-30.025324,-30.614502,-20.27399,-26.235537,-41.569958,-57.10303,-50.34353,-50.69861,-50.060123,-54.298927,-54.810608,-63.33768,-25.993973,-23.785204,-35.070305,-80.0,-80.0,-80.0,-80.0,-80.0,-80.0,-80.0,-80.0,-80.0,-80.0,-80.0,-80.0,-80.0,-80.0,-80.0,-80.0,-80.0,-80.0,-80.0,-80.0,-80.0,-80.0,-80.0,-80.0,-80.0,-80.0,-80.0,-80.0,-80.0,-80.0,-80.0,-80.0,-80.0,-80.0,-80.0,-80.0,-80.0,-80.0,-80.0,-80.0,-80.0,-80.0,-80.0,-80.0,-80.0,-80.0,-80.0,-80.0,-80.0,-80.0,-80.0,-80.0,-80.0,-80.0,-80.0,-80.0,-80.0,-80.0,-80.0,-80.0,-80.0,-80.0,-80.0,-80.0,-80.0,-80.0,-80.0,-80.0,-80.0,-80.0,-80.0,-80.0,-80.0,-80.0,-80.0,-80.0,-80.0,-80.0,-80.0,-80.0,-80.0,-80.0,-80.0,-80.0,-80.0,-80.0,-80.0,-80.0,-80.0,-80.0,-80.0,-80.0,-80.0,-80.0
-22.756804,-25.517391,-23.931763,-24.165688,-26.058987,-30.509853,-27.131561,-25.118114,-22.808933,-20.821314,-20.708294,-20.806446,-20.23881,-22.46904,-31.824572,-24.222769,-28.479004,-40.398155,-26.992731,-24.4015,-25.594595,-29.996239,-30.391184,-31.851267,-25.80508,-23.036198,-21.139366,-25.645,-30.828035,-23.956171,-20.53281,-21.194494,-32.292637,-19.421011,-19.264969,-20.775291,-20.928041,-40.432728,-30.216835,-26.39116,-26.002628,-25.64616,-32.447872,-22.647118,-25.784637,-21.75003,-17.795767,-25.713455,-26.589882,-30.30108,-36.295185,-29.79163,-30.820953,-21.537102,-24.716679,-28.510757,-21.063648,-26.394855,-41.970863,-29.817974,-24.88555,-27.514488,-30.243664,-21.417988,-18.632547,-20.609997,-20.978504,-22.975643,-29.236929,-25.283016,-26.108639,-31.34084,-22.816286,-21.95796,-21.611795,-19.293026,-19.281921,-19.490742,-13.592731,-13.302324,-21.226627,-30.354527,-20.392416,-23.96169,-20.293755,-22.979723,-17.690878,-14.27129,-15.071829,-20.601736,-26.272732,-24.399946,-20.178976,-22.433243,-27.84134,-23.425621,-27.525099,-29.836998,-26.81298,-25.020697,-23.69255,-22.0149,-20.300108,-21.148716,-16.780811,-17.486645,-31.305445,-18.065245,-15.732885,-17.598177,-19.048233,-23.845455,-32.985126,-21.155514,-19.560629,-22.229431,-23.73381,-17.866734,-16.378468,-17.987698,-26.015419,-25.244534,-31.087889,-35.783524,-23.541153,-20.724665,-20.932816,-34.32309,-19.241276,-20.887762,-22.938332,-20.195894,-24.39207,-23.288729,-24.645916,-29.202234,-37.60943,-33.34952,-28.144367,-24.910452,-24.180222,-28.512947,-43.00062,-21.952831,-18.752922,-16.390898,-22.003082,-26.080467,-17.86298,-18.278898,-56.113384,-15.663902,-16.957481,-25.779896,-20.077442,-21.031855,-26.399906,-15.389235,-17.403145,-22.490334,-22.793907,-19.713917,-16.19355,-19.729862,-20.174143,-18.402946,-20.696484,-24.194519,-25.51637,-22.353888,-24.430496,-33.172928,-23.575974,-14.817738,-17.728477,-30.172356,-21.008602,-31.345213,-24.031086,-29.086134,-23.748997,-23.688295,-23.408669,-19.461044,-28.145657,-38.090965,-23.718323,-26.768208,-20.203575,-21.498564,-24.812305,-20.846703,-27.57395,-17.83725,-19.569248,-18.870201,-15.264666,-16.7096,-24.74411,-28.15026,-22.955719,-28.310549,-25.160301,-25.013275,-31.389833,-32.177612,-32.961456,-28.139923,-29.715897,-25.166784,-20.648106,-18.5639,-19.558565,-25.259197,-24.917057,-19.977512,-29.263016,-23.987492,-18.390354,-35.28935,-16.568356,-20.445553,-26.978203,-24.955091,-25.126236,-28.811356,-27.725693,-32.036495,-26.102943,-40.85548,-25.585266,-21.349678,-24.259296,-31.40126,-18.939987,-18.256756,-22.179745,-19.045849,-23.302979,-16.710556,-13.054934,-17.505276,-30.817238,-26.111113,-32.29122,-22.4463,-24.485306,-46.631226,-23.105024,-22.835186,-28.857578,-25.009357,-19.134289,-22.683838,-21.146738,-14.888176,-12.6205845,-19.868595,-27.390572,-17.817562,-13.102694,-12.467934,-15.704044,-24.634235,-23.433773,-16.075682,-16.269348,-34.00949,-19.40876,-26.06848,-21.713375,-25.660177,-25.196522,-21.089426,-28.028145,-36.44013,-26.756754,-29.00026,-27.66737,-20.624733,-18.078726,-17.65151,-19.254358,-21.985329,-17.626804,-21.252766,-27.172548,-24.101707,-22.909544,-18.983955,-18.256762,-19.729519,-23.092842,-24.210735,-19.14095,-18.35907,-28.536898,-27.00769,-20.581804,-18.43963,-25.782345,-18.383501,-18.367054,-21.10025,-19.045856,-20.356297,-38.381123,-32.958435,-21.670742,-23.123123,-18.736973,-17.183722,-19.018475,-38.180992,-30.595818,-23.739616,-30.429848,-23.602423,-22.037346,-30.51589,-20.87936,-22.733658,-34.95263,-26.764969,-23.479376,-23.872795,-23.319046,-18.3049,-19.667706,-28.431541,-21.27072,-20.79336,-25.874416,-27.205315,-20.692413,-27.152323,-38.5899,-25.823078,-22.435314,-23.259892,-25.80552,-25.677364,-23.62325,-30.964926,-24.19508,-25.70029,-23.467392,-22.827612,-20.854626,-18.676071,-21.623705,-24.211344,-15.960489,-26.01322,-21.26179,-26.973701,-26.502932,-28.089264,-23.96527,-24.209084,-34.872734,-26.685326,-30.876148,-35.35543,-43.399124,-28.029394,-24.786644,-26.90463,-28.129631,-23.708054,-34.176834,-19.061962,-21.609552,-23.478088,-15.640167,-17.624622,-22.671324,-22.248466,-15.9248905,-16.392546,-23.242062,-20.988869,-42.236687,-24.384674,-22.72897,-24.005325,-28.849804,-23.779598,-29.659029,-20.023436,-21.919159,-24.438927,-24.187687,-26.583939,-27.197,-19.60186,-23.351845,-23.042427,-20.282986,-27.105919,-34.969517,-30.132818,-25.422356,-26.848053,-19.789238,-21.335678,-26.7059,-40.195274,-27.801046,-34.951553,-29.451004,-38.64871,-23.021967,-24.752317,-29.005035,-19.710625,-12.953302,-11.825972,-22.903875,-17.132557,-25.432789,-25.698933,-18.294935,-20.884071,-26.536552,-29.622103,-23.58176,-21.50203,-23.524647,-28.814194,-22.315,-20.23388,-25.948057,-27.507734,-26.06047,-23.965975,-26.172134,-24.646416,-19.62777,-17.036572,-16.641357,-18.535389,-22.0052,-20.907967,-21.130213,-20.392488,-37.205772,-23.05469,-19.340923,-26.468452,-32.278606,-25.152687,-22.088215,-23.19795,-43.177628,-29.827147,-23.63336,-19.42791,-27.704735,-24.076542,-23.38529,-34.21901,-23.137943,-22.78497,-30.454355,-25.309666,-18.506432,-17.087538,-14.838732,-15.315207,-41.814274,-22.91491,-23.668959,-16.97546,-17.252258,-24.342117,-22.052338,-24.743519,-19.293594,-22.43261,-27.388199,-20.432167,-22.702564,-21.968315,-22.66487,-28.373522,-26.890781,-25.323177,-27.11863,-23.011139,-20.845112,-22.357906,-34.54976,-18.685232,-14.870523,-24.45264,-20.278522,-20.841349,-27.60952,-22.417568,-16.452448,-17.839611,-20.454899,-19.109188,-16.829487,-17.427471,-20.228958,-18.11879,-16.727478,-19.024124,-21.083649,-29.028059,-23.069408,-22.782076,-23.35337,-15.75444,-20.776142,-29.745874,-22.269058,-19.06469,-22.409424,-24.733604,-31.434368,-25.323738,-29.461422,-14.264168,-14.154375,-15.712454,-17.383677,-23.91682,-26.408684,-17.773058,-23.065361,-31.916122,-26.656315,-23.520794,-27.987526,-24.97778,-23.487808,-30.663141,-28.624237,-26.12429,-23.525906,-16.622965,-18.086407,-16.295858,-23.117924,-20.236465,-29.7037,-21.050026,-17.977669,-13.619072,-16.239033,-29.309464,-26.48416,-23.720703,-16.42742,-18.562305,-18.664097,-16.62299,-16.782564,-20.135187,-27.532658,-22.705496,-36.53383,-27.007147,-27.34221,-30.01367,-20.094772,-13.51709,-14.620155,-19.380241,-14.304029,-32.525795,-15.373503,-14.96883,-17.101791,-17.630796,-17.662294,-23.322994,-16.418077,-10.042637,-9.209038,-10.158474,-14.259155,-20.657948,-23.766945,-22.242418,-21.5383,-21.077934,-14.526369,-10.132448,-13.717339,-21.552034,-18.163418,-19.32956,-32.914074,-24.058502,-18.789883,-11.947584,-12.177536,-21.580585,-26.07495,-36.865223,-20.179626,-27.145405,-28.395077,-25.734312,-16.683573,-16.642282,-25.396305,-35.485657,-20.024906,-18.791649,-22.565266,-20.555038,-18.36366,-23.639929,-37.101566,-48.872482,-53.145206,-52.046394,-54.399548,-49.382195,-49.25199,-44.443424,-25.463799,-24.114475,-35.331745,-80.0,-80.0,-80.0,-80.0,-80.0,-80.0,-80.0,-80.0,-80.0,-80.0,-80.0,-80.0,-80.0,-80.0,-80.0,-80.0,-80.0,-80.0,-80.0,-80.0,-80.0,-80.0,-80.0,-80.0,-80.0,-80.0,-80.0,-80.0,-80.0,-80.0,-80.0,-80.0,-80.0,-80.0,-80.0,-80.0,-80.0,-80.0,-80.0,-80.0,-80.0,-80.0,-80.0,-80.0,-80.0,-80.0,-80.0,-80.0,-80.0,-80.0,-80.0,-80.0,-80.0,-80.0,-80.0,-80.0,-80.0,-80.0,-80.0,-80.0,-80.0,-80.0,-80.0,-80.0,-80.0,-80.0,-80.0,-80.0,-80.0,-80.0,-80.0,-80.0,-80.0,-80.0,-80.0,-80.0,-80.0,-80.0,-80.0,-80.0,-80.0,-80.0,-80.0,-80.0,-80.0,-80.0,-80.0,-80.0,-80.0,-80.0,-80.0,-80.0,-80.0,-80.0
-26.775665,-32.15087,-24.497234,-31.220413,-32.342873,-26.074303,-31.925364,-28.777447,-30.179287,-21.42352,-30.509586,-25.777601,-17.94476,-20.108486,-26.104715,-27.43066,-33.580555,-35.89583,-27.63766,-23.679502,-38.193207,-33.47054,-36.557354,-29.555803,-24.893707,-22.707342,-21.056698,-20.659794,-23.66914,-27.557173,-32.630432,-25.894348,-24.156551,-30.99076,-23.281033,-30.118933,-26.639252,-26.000866,-28.084366,-31.430761,-33.379738,-38.66321,-24.146635,-20.095308,-22.808445,-23.557356,-17.040522,-24.996868,-35.88489,-32.041733,-34.14963,-35.08666,-29.97705,-21.513039,-24.916481,-34.50228,-25.635105,-22.472,-32.65528,-31.694786,-32.6533,-36.08219,-37.42105,-24.527483,-22.012829,-27.231144,-24.986977,-28.060822,-34.03241,-29.160172,-27.116566,-33.307007,-26.470333,-30.159641,-23.803555,-25.373268,-26.74103,-29.233364,-15.938274,-16.135904,-30.043007,-24.181385,-18.611454,-17.857847,-18.60537,-22.312145,-20.45064,-22.327873,-16.24687,-24.817783,-35.468014,-37.405552,-26.814575,-21.712973,-25.946247,-31.771217,-30.022144,-24.362083,-23.86312,-24.020817,-21.97239,-29.301058,-23.785797,-25.428844,-24.754946,-22.880861,-23.491512,-20.282152,-15.108377,-17.16787,-18.608784,-27.190495,-44.61423,-22.699112,-19.020203,-20.058228,-24.086964,-20.051245,-23.772364,-24.815079,-28.740967,-29.82853,-26.07359,-29.771612,-23.06904,-18.393055,-25.299873,-27.901945,-19.829288,-21.28936,-26.041065,-23.329277,-30.370625,-35.104904,-29.12872,-24.798292,-27.339088,-36.80997,-28.767313,-25.07032,-25.519184,-30.981998,-28.146803,-20.50718,-14.370321,-14.777674,-20.419037,-19.810038,-17.109524,-21.938305,-30.748585,-16.583054,-17.269686,-23.593788,-19.195164,-20.107227,-19.31279,-16.50588,-21.992882,-29.08589,-29.19984,-21.10768,-25.63329,-28.7008,-25.653336,-17.808916,-16.45712,-24.6087,-25.342625,-18.311943,-20.512909,-29.715008,-25.848001,-19.15474,-21.723925,-31.172977,-28.69299,-21.401592,-21.58682,-29.799065,-24.724802,-27.81194,-23.729345,-22.341045,-30.652666,-36.818436,-23.675808,-21.259197,-19.134216,-19.834787,-33.334995,-24.862423,-20.290752,-21.349699,-24.874134,-24.297646,-21.186434,-25.279238,-19.58377,-18.627151,-20.988659,-26.016468,-30.415985,-25.021366,-21.823826,-23.21246,-28.846424,-34.706905,-27.18586,-25.730522,-22.017872,-20.725266,-22.056673,-31.116152,-23.341873,-19.319538,-25.810242,-33.363365,-19.572386,-18.565985,-18.84691,-20.147036,-26.600399,-22.387867,-26.56333,-34.57708,-40.253517,-27.88083,-22.300758,-23.43188,-21.799892,-19.87622,-29.184242,-19.336536,-20.02581,-20.022787,-21.718218,-19.948624,-22.572975,-20.976612,-14.96117,-19.067562,-34.027554,-30.376467,-25.236107,-31.743328,-25.794765,-29.111557,-27.214958,-30.166397,-35.63565,-26.497904,-19.908934,-25.340916,-19.879358,-15.9481735,-17.849335,-19.62588,-31.177456,-22.33344,-17.232212,-16.721994,-16.457314,-28.115108,-27.026836,-17.981407,-24.909546,-24.532597,-21.541945,-17.90462,-19.78778,-24.243336,-25.403864,-23.112465,-39.40698,-32.985867,-25.474005,-25.310856,-25.949284,-21.552546,-22.86474,-21.820484,-20.280018,-26.303806,-20.644522,-20.51604,-19.064249,-21.823475,-30.235062,-23.013334,-24.414257,-24.281086,-27.12846,-24.840214,-21.920479,-20.608166,-29.880722,-28.81783,-24.311516,-17.798847,-17.798794,-20.138828,-25.797768,-27.100937,-22.50267,-17.749094,-23.947662,-24.57663,-19.58742,-20.116352,-18.770502,-19.279432,-25.157135,-27.591022,-33.75624,-25.998516,-24.517424,-22.97933,-27.93071,-37.720158,-28.157984,-26.978764,-29.579357,-21.150202,-22.466036,-23.981178,-26.504808,-19.253056,-20.007095,-25.677937,-28.774874,-23.56593,-38.267838,-23.196163,-23.122637,-34.198467,-31.642763,-28.228111,-25.813889,-20.821041,-26.758986,-28.976532,-28.159466,-31.72952,-24.804035,-26.293034,-20.930481,-27.981634,-27.925215,-22.403881,-34.767426,-19.917286,-16.332088,-18.810085,-20.60451,-27.509623,-30.98388,-32.22963,-27.451605,-25.9985,-24.390633,-25.79272,-33.74051,-38.000835,-28.325996,-28.163002,-31.576698,-28.452675,-32.91174,-27.431849,-21.766335,-19.337955,-19.079128,-20.483067,-20.704502,-17.405706,-22.162373,-24.314182,-24.440098,-20.98499,-24.751076,-24.67097,-28.95449,-31.628637,-29.733782,-30.02312,-25.853928,-22.900734,-22.783794,-31.972603,-27.018253,-26.322504,-26.146378,-27.551682,-28.839417,-21.524832,-24.879128,-20.7706,-21.846218,-35.63183,-31.141666,-28.487816,-26.500158,-22.038996,-27.52586,-30.353739,-36.69284,-30.29974,-31.264711,-30.113464,-26.12009,-23.188517,-25.234552,-28.646534,-25.600838,-27.506433,-21.490772,-15.778204,-17.09352,-18.917973,-32.68051,-35.052864,-24.024574,-22.261322,-22.585007,-22.290554,-21.643236,-25.982948,-25.751072,-23.021656,-22.177383,-27.20794,-24.859962,-25.882154,-22.027061,-25.241936,-25.974796,-20.442333,-17.817799,-25.57251,-19.454042,-23.489601,-20.85949,-17.836267,-17.505367,-21.21658,-27.110973,-20.28926,-19.291702,-22.800028,-23.816332,-24.506699,-33.05269,-28.427841,-34.29608,-36.002037,-28.503958,-27.43473,-20.411705,-19.04419,-23.32653,-23.818615,-19.271355,-24.419647,-26.769892,-34.238598,-24.864944,-23.610771,-17.244114,-18.376156,-38.770557,-22.667202,-18.025343,-22.578564,-21.360014,-20.167034,-27.567041,-27.157988,-21.944908,-25.213432,-23.32785,-22.456482,-26.237371,-28.913597,-28.83928,-22.810013,-33.155422,-34.342,-32.00009,-27.218508,-31.982954,-23.297625,-25.529306,-18.441734,-13.955643,-17.494743,-19.482758,-23.37373,-26.272047,-22.797321,-21.509357,-28.11057,-33.478977,-32.330048,-25.838165,-19.14407,-24.106045,-25.95541,-15.489191,-16.874487,-22.469074,-23.72692,-21.194687,-21.399221,-27.498253,-19.298025,-16.928923,-21.486769,-20.531584,-21.306067,-35.705315,-30.357723,-31.161036,-24.690655,-23.001678,-19.724163,-20.573994,-19.434286,-18.956944,-30.39312,-20.664726,-19.625523,-29.943707,-25.6517,-22.96464,-21.104607,-28.568872,-27.204233,-31.798038,-33.24121,-29.422,-33.41544,-22.783167,-26.966263,-15.563181,-14.49959,-23.474861,-23.536577,-22.157259,-26.622066,-27.663193,-17.438679,-15.988422,-26.430298,-30.193989,-22.496471,-16.760519,-15.169348,-31.540873,-15.967295,-17.072508,-21.703789,-27.341232,-29.96423,-33.535385,-32.222557,-30.026766,-24.32082,-21.633133,-21.096315,-16.846579,-18.108677,-17.782106,-18.925804,-20.032423,-26.962574,-24.631319,-23.495789,-18.915253,-18.823868,-23.497568,-13.202246,-13.589209,-12.996052,-12.314716,-18.394722,-25.708796,-22.606525,-29.138422,-22.721153,-17.448532,-12.912678,-17.649395,-33.05195,-22.751143,-23.5713,-30.073662,-26.568195,-31.57194,-15.9921875,-15.700562,-29.670958,-30.762543,-22.603346,-22.694967,-26.44391,-35.925583,-26.14881,-23.577597,-20.700699,-32.098164,-30.51728,-20.66506,-20.393602,-27.898079,-21.751356,-22.095104,-31.00318,-39.494026,-57.829792,-51.853462,-51.39067,-52.34661,-53.88521,-54.488495,-47.477432,-28.13458,-26.639511,-38.40595,-80.0,-80.0,-80.0,-80.0,-80.0,-80.0,-80.0,-80.0,-80.0,-80.0,-80.0,-80.0,-80.0,-80.0,-80.0,-80.0,-80.0,-80.0,-80.0,-80.0,-80.0,-80.0,-80.0,-80.0,-80.0,-80.0,-80.0,-80.0,-80.0,-80.0,-80.0,-80.0,-80.0,-80.0,-80.0,-80.0,-80.0,-80.0,-80.0,-80.0,-80.0,-80.0,-80.0,-80.0,-80.0,-80.0,-80.0,-80.0,-80.0,-80.0,-80.0,-80.0,-80.0,-80.0,-80.0,-80.0,-80.0,-80.0,-80.0,-80.0,-80.0,-80.0,-80.0,-80.0,-80.0,-80.0,-80.0,-80.0,-80.0,-80.0,-80.0,-80.0,-80.0,-80.0,-80.0,-80.0,-80.0,-80.0,-80.0,-80.0,-80.0,-80.0,-80.0,-80.0,-80.0,-80.0,-80.0,-80.0,-80.0,-80.0,-80.0,-80.0,-80.0,-80.0
-26.616741,-28.761242,-25.116835,-31.888859,-34.717484,-26.396807,-26.82349,-24.91372,-24.910254,-20.756016,-27.014751,-26.810654,-17.854496,-19.396122,-27.660751,-27.258017,-30.866962,-31.217476,-26.32277,-23.617867,-28.387695,-30.556782,-39.122707,-30.439869,-26.372616,-24.612034,-23.178392,-19.8979,-23.044514,-29.736431,-35.598064,-26.86702,-23.98919,-27.294128,-22.9959,-29.880272,-29.413275,-26.189226,-25.651266,-31.49253,-29.283691,-28.22274,-21.666313,-20.662537,-22.885685,-19.786785,-16.52652,-20.068016,-24.641403,-28.679358,-32.894547,-31.88004,-28.856518,-22.122803,-24.335022,-35.27464,-26.506624,-20.602682,-22.493011,-23.127544,-23.606596,-27.695238,-29.182653,-24.964294,-23.85739,-25.662796,-26.16818,-24.564987,-24.176804,-25.420567,-28.981274,-29.739336,-25.539633,-26.182554,-23.251823,-26.952347,-29.96187,-23.879124,-15.354549,-17.53208,-29.480242,-24.67887,-19.728394,-17.453712,-18.670464,-23.12207,-21.164043,-22.725395,-16.679255,-21.19555,-27.538895,-28.22068,-27.22024,-22.887005,-22.216028,-25.94063,-29.433895,-22.896719,-21.95683,-24.13434,-21.239239,-23.835142,-24.371006,-26.328773,-24.628033,-20.44714,-20.296583,-18.655994,-15.971577,-19.36972,-19.314762,-26.880379,-31.881994,-21.24358,-20.81227,-21.5474,-21.766287,-20.385208,-24.153461,-25.52893,-28.52479,-25.18666,-21.489761,-25.731945,-23.96052,-17.670544,-22.52306,-25.455542,-20.044252,-21.391167,-23.30429,-23.651173,-27.395563,-34.93323,-30.39017,-25.374195,-25.68216,-28.307959,-26.615818,-27.21186,-26.980434,-28.618797,-28.138718,-21.869066,-14.532087,-15.20557,-22.550396,-18.85564,-18.372583,-22.120384,-21.77861,-17.274668,-17.954441,-23.181503,-20.535213,-21.371004,-20.460945,-17.227749,-23.978933,-28.246708,-28.730755,-21.754505,-24.440195,-26.411304,-25.943104,-19.298235,-16.290066,-20.951668,-21.940798,-18.772087,-20.734522,-27.980452,-23.429762,-21.220745,-23.39122,-30.45836,-31.313986,-21.081701,-21.96433,-25.93235,-24.134151,-29.537094,-23.573189,-23.535664,-33.037895,-33.12874,-24.279135,-21.748533,-20.67465,-19.885431,-27.317488,-26.62323,-19.031433,-20.898375,-22.64219,-18.873354,-20.88021,-28.291622,-19.295528,-19.17215,-20.284378,-26.926235,-27.211182,-24.057995,-20.060474,-22.632236,-27.710693,-29.678434,-24.631702,-23.214283,-22.709648,-22.862682,-23.732578,-27.456732,-22.913973,-19.971817,-22.263733,-24.443233,-20.119587,-18.700352,-20.589012,-20.592499,-22.081516,-22.690582,-27.582254,-29.1194,-36.268696,-26.254484,-20.678787,-21.499027,-19.240765,-17.695389,-19.288435,-17.534563,-21.451645,-21.347677,-19.807768,-19.743814,-22.753395,-23.55202,-15.844616,-18.39187,-28.229553,-24.78457,-24.146236,-32.673203,-24.436043,-27.63528,-25.90464,-31.443825,-34.13523,-28.303432,-20.034761,-22.66215,-21.13044,-17.272388,-20.505104,-20.36214,-28.549433,-24.09467,-19.499702,-19.222378,-17.62971,-20.83244,-19.154987,-17.044352,-24.477087,-24.678108,-21.949612,-17.744785,-20.998497,-24.868677,-20.657238,-19.210999,-25.16912,-31.862442,-24.780266,-21.265461,-23.178741,-23.262115,-21.724625,-19.991455,-20.056866,-24.126299,-22.235304,-22.035301,-19.399405,-20.859829,-29.03411,-25.3536,-24.943201,-21.845953,-19.802036,-21.786837,-22.692274,-21.876553,-29.927097,-27.08827,-24.768078,-17.965782,-18.374504,-21.302095,-27.692284,-22.459488,-18.07642,-16.829884,-22.139921,-21.224628,-18.710552,-22.131683,-20.461884,-20.532131,-25.811857,-26.005613,-32.126106,-24.435928,-24.35963,-22.633717,-27.17331,-40.566193,-29.121414,-29.465385,-31.472784,-19.318462,-17.99923,-24.12923,-24.7194,-18.196295,-20.953728,-27.170055,-26.825428,-21.029476,-23.51817,-23.276873,-25.265284,-28.054577,-24.940395,-23.563251,-21.968977,-20.726013,-28.295742,-27.575197,-30.80228,-32.418953,-24.09415,-21.107822,-20.089632,-28.281132,-29.288822,-23.054031,-28.109161,-21.006271,-17.446228,-18.970737,-21.916374,-25.138756,-27.861393,-32.70507,-26.84379,-26.868397,-22.101578,-25.764393,-31.022755,-30.061115,-28.976961,-26.9814,-26.454956,-23.554924,-27.843796,-26.360474,-21.966156,-21.41057,-18.96798,-19.085371,-21.92222,-18.437387,-22.044466,-23.298925,-25.402164,-23.09309,-24.271782,-24.496813,-29.25746,-29.378084,-28.943138,-30.33805,-27.87311,-23.72823,-21.167187,-25.039413,-27.413315,-26.713,-27.45348,-25.707888,-30.201773,-20.924383,-22.35343,-21.160873,-21.028547,-34.369568,-28.248434,-26.505104,-25.769777,-21.697515,-27.573738,-28.709023,-36.013737,-28.367737,-29.466461,-26.089838,-23.909094,-23.853262,-24.802443,-26.206863,-24.529465,-25.889282,-23.602634,-16.740654,-17.339956,-18.717552,-26.723404,-29.252722,-23.820295,-24.168476,-21.812447,-21.65437,-21.484991,-26.898518,-27.314138,-22.536987,-22.605076,-29.292734,-26.307692,-28.06748,-22.679014,-22.112923,-22.09986,-22.36871,-18.455742,-19.4828,-19.730396,-24.978935,-21.182178,-18.43277,-17.730133,-20.925133,-24.540882,-18.6032,-20.08208,-22.982384,-22.73843,-25.362911,-25.462837,-28.45361,-31.914896,-32.08932,-28.830214,-30.103573,-21.283506,-18.270653,-22.944525,-21.858484,-16.47351,-18.890709,-24.086304,-33.200115,-25.868721,-25.082014,-19.190968,-19.238586,-24.862644,-22.369389,-18.343683,-22.711716,-22.231426,-20.934353,-28.816671,-25.283127,-23.359562,-27.618114,-22.941404,-23.445591,-28.463726,-31.486147,-27.850945,-21.505962,-22.838776,-23.169863,-22.978428,-26.68316,-26.747593,-19.838743,-19.644184,-18.14144,-15.113098,-16.495684,-20.477348,-25.417725,-27.395283,-24.945835,-22.50988,-29.807499,-30.862488,-37.4975,-29.635942,-20.512474,-20.977615,-21.585247,-14.2518425,-17.116056,-23.88985,-25.146988,-21.689304,-20.34289,-23.800703,-18.027742,-16.798712,-22.564222,-22.408657,-22.163582,-29.691658,-30.817759,-29.234074,-22.68748,-21.725826,-21.132788,-19.473583,-18.204235,-19.257225,-28.705944,-19.501013,-21.861588,-22.7833,-22.644749,-24.2926,-20.940762,-25.072304,-28.73704,-31.634203,-27.743652,-24.792542,-26.988468,-21.328691,-22.206297,-15.580492,-14.731081,-21.741743,-22.99739,-22.48985,-27.83799,-28.076569,-18.564386,-13.7669735,-17.570198,-21.228273,-23.857885,-17.612732,-14.438047,-18.10652,-15.48024,-19.001802,-22.400333,-26.528545,-30.424656,-31.67146,-30.8671,-26.315664,-24.802921,-23.782444,-23.93995,-17.99385,-19.875072,-19.536963,-20.239098,-22.057476,-25.116215,-26.954716,-26.189156,-20.827332,-18.962032,-22.619356,-14.938881,-15.525997,-14.352936,-13.011438,-20.252003,-24.593914,-21.816635,-24.943817,-22.805521,-19.462738,-14.145384,-18.97979,-32.18967,-23.365765,-25.11367,-30.118109,-27.2752,-39.511593,-16.387676,-15.276957,-24.324368,-24.713013,-22.97448,-23.999441,-28.305405,-30.197308,-25.636383,-24.696604,-22.13248,-32.788982,-31.183338,-21.752815,-21.50998,-27.76469,-23.512878,-23.945879,-31.515444,-40.162895,-52.284443,-50.279137,-50.31844,-50.263687,-51.39453,-51.575703,-46.3489,-28.764956,-27.224491,-39.033894,-80.0,-80.0,-80.0,-80.0,-80.0,-80.0,-80.0,-80.0,-80.0,-80.0,-80.0,-80.0,-80.0,-80.0,-80.0,-80.0,-80.0,-80.0,-80.0,-80.0,-80.0,-80.0,-80.0,-80.0,-80.0,-80.0,-80.0,-80.0,-80.0,-80.0,-80.0,-80.0,-80.0,-80.0,-80.0,-80.0,-80.0,-80.0,-80.0,-80.0,-80.0,-80.0,-80.0,-80.0,-80.0,-80.0,-80.0,-80.0,-80.0,-80.0,-80.0,-80.0,-80.0,-80.0,-80.0,-80.0,-80.0,-80.0,-80.0,-80.0,-80.0,-80.0,-80.0,-80.0,-80.0,-80.0,-80.0,-80.0,-80.0,-80.0,-80.0,-80.0,-80.0,-80.0,-80.0,-80.0,-80.0,-80.0,-80.0,-80.0,-80.0,-80.0,-80.0,-80.0,-80.0,-80.0,-80.0,-80.0,-80.0,-80.0,-80.0,-80.0,-80.0,-80.0
-25.710247,-25.66534,-25.890049,-31.239614,-39.337887,-26.889235,-23.405622,-21.836813,-21.354176,-19.621063,-23.550991,-27.526619,-17.570322,-18.336939,-32.737236,-26.44623,-28.11483,-28.02873,-24.607473,-23.298569,-24.228565,-27.816257,-45.56423,-32.1568,-30.2565,-31.752958,-34.446724,-18.842747,-22.169445,-36.66203,-33.074127,-27.548279,-23.721,-23.505035,-21.95044,-27.603313,-42.432846,-26.549545,-23.290976,-30.665083,-25.95068,-24.036285,-19.330833,-21.58544,-22.888088,-16.792988,-15.627377,-16.791018,-20.56033,-25.827587,-31.318607,-28.934551,-27.357727,-22.93994,-23.313255,-35.160095,-27.022936,-18.601398,-18.553356,-19.285505,-19.651749,-23.760105,-25.296509,-25.024141,-28.171715,-23.284464,-27.567968,-21.537739,-20.217949,-22.373093,-34.93175,-26.808903,-23.931442,-22.80742,-22.12534,-28.456108,-42.131702,-20.146816,-14.182259,-20.005661,-27.195127,-25.587635,-22.149794,-16.83418,-18.596107,-24.483494,-21.799381,-21.394176,-17.00846,-18.170649,-23.611284,-24.042078,-26.394978,-25.378979,-19.296215,-22.249828,-28.243824,-21.204254,-19.917847,-24.099285,-20.13827,-20.252277,-24.617073,-26.987442,-22.881374,-17.788801,-17.618336,-16.641977,-17.470114,-36.920776,-20.393742,-25.894772,-27.72332,-19.381628,-26.821388,-25.726368,-19.413925,-20.4154,-23.049675,-25.025688,-27.718266,-21.874056,-18.328514,-22.735718,-25.519173,-16.599749,-19.79197,-23.129738,-20.055908,-21.23867,-20.65414,-23.521643,-24.482277,-31.607962,-31.828932,-26.406908,-23.87285,-24.458813,-24.348173,-38.76863,-30.206429,-26.170006,-28.156332,-25.256329,-14.725491,-15.773989,-37.260956,-17.620152,-21.213943,-21.699177,-17.929052,-18.16119,-18.901543,-22.460356,-23.727375,-24.242657,-23.368511,-18.155062,-28.20097,-26.310122,-27.10709,-22.478455,-21.682995,-23.371124,-25.297169,-23.169838,-15.957003,-18.024803,-19.115835,-19.531548,-21.01986,-26.064285,-20.962036,-26.214432,-26.424152,-29.252274,-34.944485,-20.611784,-22.481394,-22.93059,-23.056736,-32.750717,-23.055935,-25.329437,-50.360252,-30.215893,-25.084171,-22.621214,-24.945509,-19.78695,-23.593784,-30.069904,-17.524345,-19.743425,-20.080906,-15.374134,-19.494244,-32.006386,-18.81327,-20.250725,-19.221844,-28.718779,-24.268723,-22.666061,-18.172035,-21.824453,-26.276691,-26.204788,-22.214136,-20.755604,-23.533634,-31.192581,-27.579828,-24.336502,-22.150982,-20.9467,-19.42374,-20.45116,-20.66772,-18.967134,-24.925812,-21.096256,-18.904665,-23.070175,-29.207685,-25.602608,-32.263996,-24.424961,-18.847662,-19.507019,-16.835209,-15.46316,-15.325998,-15.625778,-24.591778,-23.89043,-17.714931,-19.120453,-22.810936,-40.083286,-17.023905,-17.187979,-24.720394,-21.289158,-22.788887,-31.246805,-22.656609,-25.976164,-23.968555,-31.562496,-31.77022,-33.487835,-19.887577,-20.056458,-24.001732,-19.995262,-32.366943,-21.492954,-25.913094,-27.222569,-26.698822,-31.027847,-19.864048,-17.105806,-15.3630295,-15.572546,-22.32029,-24.932198,-22.111673,-17.488028,-23.793257,-25.846788,-17.41451,-16.170734,-20.999931,-30.427925,-23.705364,-18.256002,-20.64378,-28.011044,-19.838411,-17.727312,-19.400673,-21.66691,-25.423288,-26.106218,-19.998943,-19.546068,-26.741768,-33.84014,-24.422035,-19.249065,-16.062557,-19.083103,-23.445826,-24.084518,-29.608242,-25.027874,-24.74644,-17.9949,-19.504002,-23.292313,-29.036,-19.089487,-14.851318,-15.567135,-20.230734,-18.48338,-17.475155,-33.143745,-25.422308,-22.729301,-25.470993,-24.250792,-30.052927,-22.461857,-24.075264,-21.92857,-25.41663,-46.994194,-28.775742,-40.809364,-40.484863,-17.360008,-14.843458,-24.07289,-22.548893,-16.677044,-22.559546,-31.459396,-24.142315,-18.483767,-19.329634,-23.320602,-33.31138,-24.38548,-21.348381,-20.304615,-18.907331,-20.440632,-32.006287,-25.643557,-53.805206,-33.320885,-22.915642,-17.758099,-18.902441,-27.725182,-29.711002,-23.366337,-23.936045,-23.542122,-19.55573,-19.224197,-24.94545,-22.754795,-24.991852,-32.62973,-25.537722,-28.035982,-19.879498,-25.503723,-28.391201,-26.27221,-30.360098,-25.394451,-22.953644,-20.256634,-24.4331,-24.633884,-22.33995,-30.854479,-18.662577,-17.41151,-23.017052,-20.375282,-21.63265,-21.74912,-24.43914,-28.121454,-23.276995,-23.62096,-29.83531,-26.6078,-26.961803,-29.58467,-39.002903,-25.158031,-19.37126,-20.991295,-26.999985,-26.87913,-29.877726,-23.611034,-32.92229,-19.76973,-19.860935,-21.693851,-19.68753,-31.804878,-25.680965,-24.394707,-24.543358,-21.137184,-26.041866,-25.878624,-33.298634,-26.365168,-27.270365,-23.093748,-21.68862,-25.274143,-23.801193,-23.649067,-23.141033,-23.305138,-24.399078,-17.627604,-17.724386,-18.025543,-23.070974,-25.50076,-22.569016,-30.299492,-20.727787,-20.767723,-21.088465,-27.53025,-30.707747,-21.811651,-23.060135,-31.645496,-30.060432,-61.43373,-23.879066,-19.362625,-19.110401,-31.68981,-19.492825,-15.749929,-19.579754,-26.857943,-21.517372,-19.452076,-18.010822,-20.198826,-22.163006,-16.709888,-21.324146,-23.188864,-21.402393,-26.84489,-21.463268,-27.545938,-29.635853,-28.881107,-28.37481,-33.365696,-23.208086,-17.203852,-22.164577,-19.838879,-13.950872,-15.456537,-21.617134,-30.642523,-25.992718,-26.048523,-24.960531,-20.129688,-20.764275,-21.703777,-18.862438,-21.846352,-22.87972,-22.440609,-29.79351,-23.103172,-25.96586,-44.210014,-22.306557,-24.871574,-36.105534,-36.25853,-25.883911,-19.945332,-18.839546,-19.096012,-19.073072,-25.360586,-22.883587,-16.971205,-16.19418,-17.472462,-17.5724,-15.223434,-22.376066,-32.04364,-29.78687,-36.34934,-23.12834,-28.391884,-26.78155,-33.677116,-38.671783,-23.23576,-18.135866,-18.160212,-12.66654,-17.362808,-26.923452,-29.290524,-22.411892,-18.918121,-20.755455,-16.16906,-16.508717,-25.22586,-29.881748,-23.21638,-25.501125,-30.359018,-27.125784,-20.541843,-20.197853,-22.526535,-17.394583,-16.359404,-19.308376,-26.28569,-18.063816,-33.07906,-19.001251,-20.041994,-27.800581,-20.555483,-22.198612,-31.989542,-29.755566,-24.300886,-21.571278,-23.274067,-19.55715,-18.483133,-15.468876,-14.941175,-19.738163,-21.777893,-23.075584,-28.713268,-26.051065,-19.882011,-11.484669,-13.721247,-17.33925,-27.206589,-18.964249,-13.385277,-13.9131775,-14.607431,-26.081383,-23.20507,-25.287926,-29.453693,-29.660889,-28.788425,-23.317547,-25.664757,-33.251392,-29.206718,-19.821356,-25.908081,-23.281956,-24.066324,-26.45319,-21.430513,-29.528175,-35.537254,-27.08913,-19.117697,-20.565887,-18.77087,-19.639654,-16.684452,-14.199684,-27.667946,-22.969608,-20.571747,-21.572645,-22.511963,-25.413048,-16.084503,-20.829123,-28.85324,-23.413033,-27.52693,-30.062178,-27.944473,-38.483826,-16.207546,-14.149204,-20.71487,-21.13121,-23.696627,-26.252468,-35.11358,-26.56353,-24.678253,-24.774368,-24.250454,-32.301548,-32.4573,-23.730686,-23.388618,-26.663084,-28.512379,-28.055841,-30.564241,-40.774864,-48.590714,-48.434395,-48.85527,-48.09975,-48.776123,-48.73788,-44.637074,-29.251013,-27.648544,-39.440098,-80.0,-80.0,-80.0,-80.0,-80.0,-80.0,-80.0,-80.0,-80.0,-80.0,-80.0,-80.0,-80.0,-80.0,-80.0,-80.0,-80.0,-80.0,-80.0,-80.0,-80.0,-80.0,-80.0,-80.0,-80.0,-80.0,-80.0,-80.0,-80.0,-80.0,-80.0,-80.0,-80.0,-80.0,-80.0,-80.0,-80.0,-80.0,-80.0,-80.0,-80.0,-80.0,-80.0,-80.0,-80.0,-80.0,-80.0,-80.0,-80.0,-80.0,-80.0,-80.0,-80.0,-80.0,-80.0,-80.0,-80.0,-80.0,-80.0,-80.0,-80.0,-80.0,-80.0,-80.0,-80.0,-80.0,-80.0,-80.0,-80.0,-80.0,-80.0,-80.0,-80.0,-80.0,-80.0,-80.0,-80.0,-80.0,-80.0,-80.0,-80.0,-80.0,-80.0,-80.0,-80.0,-80.0,-80.0,-80.0,-80.0,-80.0,-80.0,-80.0,-80.0,-80.0
-24.492493,-25.092537,-35.020668,-31.87642,-36.854492,-31.820644,-26.257105,-17.9609,-17.09281,-23.863117,-22.446507,-20.925133,-20.30618,-23.559702,-23.617645,-20.522436,-19.994705,-21.262184,-22.31884,-45.09444,-22.248394,-21.499504,-23.884836,-27.70462,-26.577093,-27.21383,-23.906574,-21.474691,-19.045227,-27.542877,-36.85984,-27.90766,-25.810055,-25.040716,-19.453556,-19.999496,-28.144009,-24.134777,-20.710278,-21.655167,-27.569153,-20.183968,-15.47287,-26.070229,-29.206314,-15.7914715,-22.724697,-18.148275,-13.937538,-19.923096,-31.799747,-24.229631,-31.582384,-26.67757,-19.252281,-19.784859,-23.854984,-20.463665,-11.365002,-10.295002,-13.072262,-20.393196,-26.358011,-21.823927,-19.913578,-19.83751,-27.4896,-21.484783,-15.485811,-14.254715,-16.31022,-17.563738,-37.611916,-20.514462,-21.747185,-30.600977,-26.502666,-14.904064,-13.8069,-21.849468,-28.32705,-29.37254,-26.22068,-28.335644,-19.348888,-23.874079,-28.665684,-20.537727,-22.766571,-16.89591,-14.943529,-18.92941,-19.081648,-17.799261,-18.238657,-13.398369,-14.508646,-16.357176,-15.796516,-17.085712,-35.513813,-20.673004,-23.077488,-28.34627,-26.408916,-15.073469,-13.396336,-15.625881,-21.489223,-22.833666,-22.757105,-29.972342,-20.430588,-15.7380905,-17.247889,-23.841967,-18.008572,-17.660686,-20.307232,-22.48528,-26.069046,-18.226292,-13.829563,-18.719315,-24.90926,-14.493126,-17.583138,-22.90681,-21.426794,-24.748919,-23.185268,-42.37146,-26.851948,-21.83626,-23.014011,-31.478523,-28.04144,-23.954092,-21.02793,-26.051218,-49.941578,-31.789715,-24.436008,-22.748451,-21.13132,-14.588627,-24.597275,-18.561382,-14.788567,-15.026638,-16.087193,-37.643467,-37.288677,-22.785099,-20.26487,-20.930176,-28.697271,-20.734331,-20.734726,-23.910149,-31.93273,-25.48174,-20.495691,-20.968723,-29.539734,-18.643589,-21.99469,-20.25161,-18.545883,-35.769493,-23.559265,-29.310991,-17.674736,-18.540066,-26.931477,-27.40291,-22.638947,-18.569284,-23.738352,-24.28164,-26.290417,-22.28281,-30.229267,-25.1717,-26.995157,-31.742071,-26.900167,-24.719545,-22.842,-24.490463,-20.73396,-17.896328,-17.587568,-24.282352,-23.629177,-12.7259445,-12.862408,-17.053816,-17.913881,-22.223858,-15.213881,-15.719875,-23.993568,-24.418324,-19.978771,-23.939936,-25.527184,-29.18649,-24.616299,-26.304655,-34.199524,-28.94405,-23.804396,-36.0481,-23.164762,-30.591211,-19.975313,-18.88617,-23.46593,-20.72356,-18.242256,-20.87669,-21.639183,-23.62949,-19.611967,-18.013374,-22.31248,-18.414381,-20.234272,-29.238678,-22.109901,-21.60773,-15.276598,-17.87398,-24.310167,-24.017797,-18.426886,-36.38418,-23.51439,-30.470718,-16.326296,-13.918625,-15.647409,-15.609547,-17.134445,-21.773043,-16.315207,-14.690706,-16.8718,-24.536688,-27.853142,-21.849041,-16.914244,-20.8428,-21.058132,-21.22926,-28.460335,-24.259027,-24.376057,-24.735836,-34.59315,-21.114227,-35.11566,-16.958496,-12.310173,-16.048811,-19.384148,-22.357727,-24.46809,-21.164467,-24.065725,-28.19268,-16.853992,-14.2661,-15.572798,-21.716862,-23.490875,-17.612158,-20.508211,-25.81549,-23.425932,-21.078838,-25.749058,-20.290417,-20.623587,-24.208937,-24.27179,-16.761593,-21.42026,-21.702274,-28.52118,-17.596197,-13.585539,-15.322868,-16.68275,-19.914108,-20.581757,-15.793583,-15.134966,-20.648796,-38.67843,-25.075329,-21.39109,-19.44922,-15.710926,-17.904839,-31.415764,-25.957924,-17.632854,-18.561394,-21.650097,-19.3353,-17.90869,-23.084904,-25.104755,-20.81736,-27.867462,-23.658531,-22.452974,-25.748756,-22.379185,-20.049326,-16.40446,-13.0189705,-16.229866,-16.05642,-16.753477,-19.74793,-21.827902,-29.619724,-21.45525,-13.796404,-15.635735,-31.27626,-22.913761,-24.93417,-18.929817,-17.957571,-19.46804,-16.443333,-17.691673,-20.49681,-33.40935,-28.430767,-21.607216,-20.992144,-19.719225,-29.418179,-27.088017,-24.397219,-34.95263,-32.294876,-24.621216,-23.67488,-37.434883,-20.667976,-17.409948,-22.826628,-21.568317,-17.223024,-18.088833,-21.718534,-20.525814,-20.842112,-26.527405,-26.149107,-29.239504,-17.93285,-17.305643,-22.121262,-16.96912,-21.211962,-28.079723,-17.21886,-17.652033,-22.796875,-28.722475,-21.661572,-21.133724,-27.871548,-21.610817,-18.726414,-20.909132,-20.267675,-19.262753,-19.50806,-25.232681,-40.690716,-20.823269,-16.656181,-29.210583,-19.234806,-16.80033,-20.376282,-24.320042,-19.597982,-21.163872,-24.513092,-17.901554,-17.071945,-17.977413,-25.03671,-19.552769,-24.17958,-23.976454,-20.195387,-19.638454,-19.474148,-22.576717,-19.663448,-22.517372,-32.149063,-26.697878,-29.545078,-18.886288,-29.046085,-15.472212,-17.212044,-24.80539,-21.83425,-27.0584,-24.61176,-23.630688,-20.170994,-19.813362,-34.96994,-21.62589,-18.969158,-19.43914,-21.97026,-23.552479,-29.897598,-33.15383,-23.857595,-28.441437,-20.739239,-16.05982,-21.641525,-27.194359,-14.653606,-16.124939,-21.207859,-20.025892,-46.498466,-32.04163,-16.173594,-16.35713,-22.110844,-19.672155,-16.899572,-16.590801,-18.250572,-16.986732,-20.277636,-28.251928,-27.59698,-26.63477,-22.313812,-18.031786,-21.655664,-22.146023,-16.869804,-15.905172,-14.296082,-19.48011,-31.277136,-28.053736,-22.013296,-23.811157,-20.57425,-20.63659,-29.940298,-20.689335,-29.847202,-25.834415,-34.951866,-25.165142,-20.698605,-22.979813,-26.097134,-19.472717,-20.274591,-30.30739,-32.296917,-35.610706,-20.569572,-20.792744,-16.581696,-13.788517,-16.594444,-18.15388,-17.179354,-17.749725,-27.880733,-29.947163,-20.245249,-20.827988,-28.459898,-33.73968,-25.382233,-22.143364,-19.54815,-18.072159,-20.053473,-23.61958,-24.121567,-20.41939,-14.142916,-12.394482,-15.907125,-25.495533,-27.214651,-19.808502,-22.550413,-21.256893,-13.100958,-17.83817,-30.759424,-25.971375,-30.22007,-28.447723,-25.764833,-28.80765,-23.671703,-20.143505,-14.768154,-23.306723,-17.970306,-16.642006,-17.834457,-17.609001,-16.965647,-12.890417,-13.87924,-20.016083,-23.441458,-30.09599,-21.534683,-21.54915,-21.202097,-20.2518,-25.982738,-17.95215,-16.247509,-25.443111,-22.088167,-22.828516,-25.24432,-25.618267,-25.031092,-18.785135,-18.57587,-8.74868,-7.7128334,-12.000544,-24.058283,-18.24359,-19.893337,-14.229446,-16.476614,-22.756058,-27.775808,-20.703392,-24.434246,-29.996853,-26.519138,-27.442131,-25.100552,-29.470562,-23.742483,-16.92739,-23.22274,-26.085907,-37.904396,-18.872421,-16.311453,-22.360157,-38.40621,-26.473902,-20.584124,-21.272783,-30.554897,-19.069576,-19.935017,-16.118614,-25.844852,-24.485268,-27.195127,-23.529736,-24.694536,-21.981339,-17.93581,-21.231804,-24.930717,-25.78052,-30.21277,-28.887781,-21.543056,-20.544994,-19.093645,-12.768671,-14.333368,-22.346817,-39.470375,-28.619595,-25.362633,-22.975506,-20.64526,-22.821795,-28.009163,-27.692398,-29.503162,-23.132273,-29.278893,-22.836094,-23.226904,-23.857555,-25.435751,-39.768078,-50.759426,-53.443077,-49.945812,-62.26581,-49.344925,-49.59019,-47.64881,-29.918892,-27.767517,-39.232594,-80.0,-80.0,-80.0,-80.0,-80.0,-80.0,-80.0,-80.0,-80.0,-80.0,-80.0,-80.0,-80.0,-80.0,-80.0,-80.0,-80.0,-80.0,-80.0,-80.0,-80.0,-80.0,-80.0,-80.0,-80.0,-80.0,-80.0,-80.0,-80.0,-80.0,-80.0,-80.0,-80.0,-80.0,-80.0,-80.0,-80.0,-80.0,-80.0,-80.0,-80.0,-80.0,-80.0,-80.0,-80.0,-80.0,-80.0,-80.0,-80.0,-80.0,-80.0,-80.0,-80.0,-80.0,-80.0,-80.0,-80.0,-80.0,-80.0,-80.0,-80.0,-80.0,-80.0,-80.0,-80.0,-80.0,-80.0,-80.0,-80.0,-80.0,-80.0,-80.0,-80.0,-80.0,-80.0,-80.0,-80.0,-80.0,-80.0,-80.0,-80.0,-80.0,-80.0,-80.0,-80.0,-80.0,-80.0,-80.0,-80.0,-80.0,-80.0,-80.0,-80.0,-80.0
-29.447083,-30.498415,-45.97496,-33.569046,-30.00099,-30.014746,-31.066082,-20.152426,-22.6255,-31.764332,-27.240383,-29.211926,-29.282446,-29.013908,-26.627047,-22.21671,-24.572556,-28.82574,-25.705885,-27.17126,-28.722115,-25.619644,-23.6401,-27.067844,-22.763271,-20.989477,-27.203335,-27.531166,-23.40458,-24.4842,-26.400229,-22.262703,-22.90353,-23.571491,-30.907564,-19.108223,-19.014467,-22.694408,-31.123102,-25.449673,-30.809982,-21.419231,-15.064308,-17.382198,-18.555794,-19.508224,-23.672035,-21.410103,-16.335289,-18.061985,-24.864216,-26.75819,-36.929962,-29.629705,-23.539032,-21.472198,-22.088142,-19.713861,-15.36648,-12.493856,-17.611572,-25.622791,-26.628054,-25.959276,-27.502354,-19.649426,-22.660122,-28.942142,-22.971966,-16.131386,-15.859848,-21.890297,-19.161396,-17.84354,-27.735458,-23.662437,-21.15908,-17.590986,-17.817116,-31.3812,-34.612705,-31.78541,-30.968262,-28.172611,-20.839388,-20.181412,-33.384666,-23.826597,-19.270687,-16.614748,-18.038347,-27.28777,-23.80474,-17.217953,-21.093555,-12.999218,-13.240393,-25.377537,-21.170053,-19.94757,-24.879173,-26.934673,-22.941578,-23.550186,-25.768223,-20.062946,-21.240572,-23.660755,-31.350193,-33.9339,-25.85651,-25.074554,-26.409832,-19.703484,-18.866312,-22.519667,-18.11488,-17.130283,-19.086853,-21.400589,-30.523457,-23.161413,-15.592634,-19.011364,-20.43668,-16.456268,-20.078434,-20.935455,-22.671259,-23.834534,-24.312336,-32.978558,-29.100536,-24.634314,-20.227932,-23.461086,-29.919643,-28.71143,-24.604084,-27.644133,-37.70497,-38.157887,-26.25497,-23.87533,-18.671043,-16.49799,-21.186657,-16.300205,-19.746006,-16.288397,-18.428448,-29.337904,-27.18612,-27.655619,-20.168537,-18.540716,-21.063759,-27.526642,-21.580984,-22.74709,-31.666801,-35.352127,-27.326239,-19.362232,-22.125912,-18.760767,-21.211954,-24.709341,-23.502014,-19.968273,-26.478256,-24.86275,-19.224766,-19.149155,-24.470518,-26.480846,-22.483486,-22.582714,-25.48534,-23.544403,-29.623224,-28.640348,-24.783184,-22.688202,-22.220554,-22.081354,-18.657068,-18.324768,-21.287384,-28.450005,-21.781246,-17.20493,-24.93219,-29.946907,-26.935356,-16.327301,-14.816587,-20.255754,-22.425707,-22.99075,-16.786865,-17.36509,-22.406979,-26.368765,-25.00153,-22.869574,-26.57733,-27.091858,-28.564318,-34.81311,-31.65692,-28.827435,-30.623,-23.786514,-23.814125,-24.300209,-24.443333,-26.368279,-27.961817,-21.055393,-19.116016,-24.408165,-19.049511,-17.91466,-14.465366,-18.91494,-22.746574,-14.387854,-16.988857,-26.551086,-25.346483,-29.240936,-22.270554,-21.773651,-23.176422,-19.678099,-20.378298,-22.030775,-25.407953,-25.117693,-19.92814,-22.042309,-21.15765,-24.55483,-18.874067,-19.971504,-18.89161,-18.875774,-18.936008,-23.270203,-19.844746,-15.973074,-19.182106,-32.1689,-21.857138,-21.578703,-25.32608,-30.057653,-25.714275,-20.522343,-18.850487,-20.9331,-22.70961,-24.952969,-16.209267,-18.671736,-21.524889,-31.885893,-29.045591,-23.041546,-22.127542,-25.132633,-24.642773,-23.055792,-20.257385,-24.013178,-30.628536,-23.053387,-25.735111,-30.829506,-33.004604,-28.512558,-27.99202,-24.730446,-23.381886,-27.426567,-18.081192,-21.742771,-27.916153,-23.598272,-19.510992,-20.76759,-19.20843,-26.229961,-20.511438,-26.83612,-20.451601,-16.53231,-20.6888,-23.849316,-28.867117,-30.353447,-28.106022,-27.34322,-21.765985,-18.62957,-21.47754,-20.880169,-24.900003,-23.517399,-21.007652,-20.096092,-26.15588,-24.236698,-23.808693,-20.415945,-34.986027,-24.628395,-32.4534,-28.350456,-28.171537,-17.515305,-14.20109,-15.775719,-23.786743,-16.857603,-21.043736,-28.538525,-31.378036,-25.427547,-22.887482,-17.584623,-16.293064,-16.670435,-16.573536,-22.675657,-21.814789,-25.725266,-27.079254,-17.810116,-21.445984,-20.05454,-20.045013,-22.44536,-30.069996,-28.486706,-22.445374,-31.170034,-35.99644,-31.818756,-29.34963,-29.283382,-26.641016,-29.088617,-32.166046,-20.465834,-16.872684,-23.509146,-24.226427,-19.42764,-24.937492,-31.844685,-25.940004,-19.419563,-27.216835,-28.197035,-23.533037,-28.563906,-15.584595,-13.793362,-19.998592,-19.849648,-17.713892,-23.980162,-23.246288,-25.49245,-30.17765,-28.638165,-23.850498,-37.76748,-23.522774,-20.602962,-28.843536,-28.848293,-23.639229,-22.711191,-18.89978,-20.214436,-16.438036,-14.919731,-24.766953,-21.58104,-14.350487,-20.530369,-28.349651,-26.723614,-28.535072,-24.613045,-24.496162,-20.530952,-18.06629,-25.788078,-21.938538,-19.681736,-21.440628,-29.25351,-23.711151,-19.943138,-25.800278,-21.055988,-27.024849,-32.21053,-33.013855,-26.906841,-18.435022,-15.887503,-15.344589,-18.946749,-24.498266,-25.361023,-27.933556,-33.765,-33.561504,-24.531403,-25.082277,-27.135298,-28.161724,-25.058712,-21.652433,-26.412474,-25.987272,-32.202553,-26.52301,-21.664274,-23.757917,-25.044785,-17.91252,-20.832048,-28.658232,-19.125748,-16.548183,-20.982445,-22.18301,-24.839165,-23.67921,-19.738792,-20.223482,-29.655184,-29.579025,-21.940718,-19.328804,-19.16441,-23.742537,-22.498484,-25.996948,-27.142292,-30.91016,-20.972355,-18.040302,-23.888016,-28.420284,-24.164875,-26.746727,-19.983892,-23.775177,-30.763626,-34.693172,-30.821396,-18.67127,-20.65128,-25.440334,-22.010374,-25.400463,-27.618526,-30.664227,-31.656057,-35.403927,-25.107147,-20.953897,-24.44802,-24.243876,-22.83484,-28.917406,-28.066927,-25.563637,-25.084538,-24.196564,-18.1856,-17.927946,-23.39349,-25.196106,-26.037384,-24.059935,-30.957796,-24.478004,-30.871807,-27.062168,-23.50185,-25.22116,-35.76639,-27.33787,-27.250603,-20.901499,-18.139982,-17.994026,-25.107426,-27.185715,-22.169067,-19.791267,-22.587006,-34.704647,-32.949642,-20.796652,-21.98666,-25.762144,-16.185871,-16.766218,-30.679255,-26.968716,-27.001163,-30.611626,-33.19508,-26.937786,-22.904943,-20.411358,-14.7883835,-17.983847,-23.402699,-23.120924,-19.30543,-23.848843,-19.271015,-14.976936,-15.562487,-23.607944,-22.425114,-20.129263,-21.145727,-29.46102,-26.19281,-24.397718,-21.664942,-19.429634,-20.265898,-36.03857,-29.241531,-30.118956,-27.053734,-23.31049,-22.160393,-20.500124,-16.016754,-13.108015,-13.052168,-16.960732,-17.734211,-18.159254,-19.882626,-15.991817,-20.424574,-18.472641,-19.725815,-26.892271,-24.50673,-27.769274,-28.94109,-28.970592,-21.84981,-20.112137,-18.487482,-18.076231,-22.429886,-23.447382,-21.922148,-19.534664,-17.872314,-22.820183,-33.753025,-27.870302,-25.246574,-30.335651,-20.050062,-18.22819,-18.593044,-18.180786,-25.659267,-28.867798,-35.706642,-31.713898,-27.21968,-24.770702,-24.536852,-31.666384,-29.291714,-34.58032,-29.847628,-33.244106,-24.95809,-20.035355,-22.191387,-17.334866,-20.99155,-26.352262,-30.42799,-31.986687,-29.742657,-29.344168,-28.551054,-21.741951,-23.48918,-22.259495,-23.181133,-22.807014,-25.348215,-22.998714,-26.320253,-26.741356,-24.854753,-36.713978,-48.162918,-45.7677,-46.105812,-45.77992,-47.418877,-47.55206,-50.101494,-32.734657,-29.905415,-41.230576,-80.0,-80.0,-80.0,-80.0,-80.0,-80.0,-80.0,-80.0,-80.0,-80.0,-80.0,-80.0,-80.0,-80.0,-80.0,-80.0,-80.0,-80.0,-80.0,-80.0,-80.0,-80.0,-80.0,-80.0,-80.0,-80.0,-80.0,-80.0,-80.0,-80.0,-80.0,-80.0,-80.0,-80.0,-80.0,-80.0,-80.0,-80.0,-80.0,-80.0,-80.0,-80.0,-80.0,-80.0,-80.0,-80.0,-80.0,-80.0,-80.0,-80.0,-80.0,-80.0,-80.0,-80.0,-80.0,-80.0,-80.0,-80.0,-80.0,-80.0,-80.0,-80.0,-80.0,-80.0,-80.0,-80.0,-80.0,-80.0,-80.0,-80.0,-80.0,-80.0,-80.0,-80.0,-80.0,-80.0,-80.0,-80.0,-80.0,-80.0,-80.0,-80.0,-80.0,-80.0,-80.0,-80.0,-80.0,-80.0,-80.0,-80.0,-80.0,-80.0,-80.0,-80.0
-31.958252,-32.34176,-35.659435,-30.142473,-26.61231,-28.682526,-32.780025,-20.320541,-21.685883,-27.394863,-26.227236,-33.58149,-30.212473,-28.90091,-28.51866,-24.088844,-25.641912,-29.642136,-27.830242,-28.171097,-29.651735,-26.130772,-25.003593,-28.960503,-23.119965,-20.733242,-26.06337,-30.16394,-25.741825,-25.335915,-24.208618,-21.519634,-24.21166,-23.354246,-25.506224,-18.743912,-19.040264,-22.966232,-35.475937,-26.784975,-30.766193,-21.176739,-14.989853,-17.953983,-18.92221,-19.978159,-23.728895,-22.802113,-17.059467,-18.158077,-24.980253,-27.009504,-36.514503,-31.637209,-25.907135,-22.642744,-22.699947,-20.205631,-17.332724,-14.467468,-18.689358,-27.00465,-26.411287,-25.88308,-30.96743,-19.715366,-20.703945,-27.628242,-25.781689,-17.64818,-16.6831,-21.104683,-17.006477,-16.949131,-19.953169,-19.818527,-21.87718,-19.728897,-19.44457,-25.399025,-28.046644,-27.813185,-27.55349,-29.099228,-20.877007,-18.920807,-24.369755,-22.015995,-18.934717,-16.840513,-19.639576,-30.409975,-22.33065,-16.917803,-19.894062,-13.3399315,-13.966614,-24.497223,-23.925056,-20.644566,-26.2609,-28.41845,-23.093582,-22.08662,-25.905888,-21.909597,-25.205688,-27.857153,-36.502094,-33.865044,-24.771374,-23.910866,-26.245064,-20.84343,-20.643858,-24.32602,-19.060644,-18.378815,-20.928036,-21.100975,-29.517948,-21.495373,-16.582924,-20.664036,-21.766914,-17.582352,-21.58018,-21.307938,-23.282728,-24.690483,-23.688892,-25.03631,-25.786686,-23.479488,-20.551643,-24.148815,-30.19247,-31.125153,-26.5271,-28.68497,-38.97971,-33.62905,-25.884706,-25.07118,-17.306223,-17.201784,-22.555542,-15.655643,-16.310013,-13.746265,-16.232954,-21.223404,-22.55393,-27.185207,-22.030842,-18.52289,-18.102741,-22.080505,-22.287697,-22.667221,-26.743412,-26.501085,-22.766188,-19.237282,-19.706,-20.68749,-18.284286,-22.459835,-22.78962,-18.92813,-23.741655,-21.987823,-21.146454,-20.414522,-24.602165,-27.415253,-24.413204,-23.278254,-25.175905,-22.081459,-26.003075,-28.740244,-23.693415,-23.184437,-23.072819,-21.320698,-18.362158,-17.6586,-22.372074,-29.845499,-21.980824,-17.042126,-25.122818,-32.669506,-28.293716,-17.977367,-16.583996,-22.19474,-24.651257,-24.510483,-17.83726,-18.852833,-24.162868,-23.456684,-21.544647,-23.368708,-27.519026,-25.023182,-29.42832,-34.858326,-29.933918,-29.403124,-31.65679,-22.364101,-22.6721,-24.251059,-22.20171,-22.686115,-23.474884,-21.574867,-19.872772,-19.000168,-19.769825,-17.771858,-14.642035,-17.584038,-18.56801,-13.933804,-16.173717,-22.887077,-23.91309,-26.286106,-21.600237,-19.010075,-20.958038,-20.074728,-22.222967,-22.3467,-23.450876,-22.251663,-21.27441,-26.117249,-23.412321,-25.236952,-19.883644,-21.758732,-20.421045,-20.985645,-20.541435,-25.055912,-19.076254,-15.645748,-19.761635,-36.033394,-22.06238,-23.558432,-20.582352,-22.402702,-26.900116,-19.94566,-18.643562,-20.584421,-23.288307,-21.069689,-15.030825,-15.246431,-21.26762,-32.723835,-26.812353,-22.31137,-22.033066,-25.38637,-26.984215,-25.900816,-21.735796,-26.147694,-28.111448,-24.83562,-24.323956,-29.429249,-38.69801,-30.21579,-29.216581,-26.974869,-22.82573,-21.64524,-16.933376,-20.645538,-23.987701,-20.230751,-18.002735,-21.941303,-20.764042,-32.760784,-22.179619,-24.678696,-19.972164,-18.429087,-21.679493,-22.265707,-23.739832,-30.699118,-30.22974,-24.82706,-22.693214,-19.96403,-18.575445,-20.747108,-27.216387,-21.756357,-21.435478,-18.814016,-22.942818,-24.39224,-23.596937,-18.194017,-21.87023,-24.590864,-34.753716,-27.044296,-24.948948,-18.260109,-15.331427,-17.611977,-22.786919,-17.11403,-21.446865,-29.961048,-25.53201,-20.990904,-23.032328,-18.495802,-18.292135,-15.486996,-14.830917,-21.312256,-23.462206,-27.087196,-23.917603,-18.869268,-21.880222,-18.556301,-17.10071,-23.275314,-32.83051,-27.397621,-20.459206,-25.411396,-32.590923,-33.5848,-28.430424,-28.214546,-27.20184,-25.479286,-24.317509,-17.987476,-17.887306,-24.232155,-21.718412,-20.270205,-27.858387,-30.687,-24.315136,-18.1122,-23.118439,-28.12096,-22.254868,-20.720695,-14.075745,-13.30389,-20.050335,-18.818518,-15.5858,-20.941246,-25.292952,-27.096169,-30.507486,-24.636808,-20.83746,-27.115452,-21.07694,-20.413774,-30.942776,-29.778349,-24.207369,-23.265669,-18.647427,-16.833933,-13.741846,-14.4050255,-21.909622,-19.79308,-13.099865,-16.472656,-24.171677,-26.77476,-31.073215,-26.361206,-27.584568,-21.198921,-17.85687,-26.033474,-23.164886,-18.626808,-20.564548,-30.687677,-26.182907,-20.661598,-22.295086,-21.649994,-26.932758,-31.673794,-34.39263,-28.522285,-18.682552,-15.851576,-16.815012,-20.428913,-26.19921,-26.263643,-27.769527,-24.99388,-24.866224,-25.149393,-27.619778,-28.513565,-27.885233,-25.388388,-21.481031,-21.566063,-26.62952,-28.69312,-23.013485,-22.24205,-24.952698,-26.019215,-17.662899,-19.707605,-29.500473,-21.275965,-17.56697,-22.476969,-23.59969,-23.692244,-24.889332,-21.97246,-21.149788,-26.989342,-32.287895,-23.509418,-20.579906,-20.015678,-22.862082,-22.996044,-24.771057,-24.778202,-28.012434,-21.954464,-17.684608,-24.961237,-28.18718,-24.782085,-22.952633,-21.889416,-26.2567,-31.739632,-31.81286,-26.275383,-16.827566,-18.58639,-24.297283,-21.613205,-27.733011,-28.65583,-31.542946,-33.36075,-32.289288,-26.454466,-21.551619,-24.380377,-25.67041,-25.046722,-24.728405,-24.880484,-24.09259,-25.500813,-22.25962,-17.308073,-19.033978,-25.341917,-27.995193,-28.225496,-26.396912,-31.193497,-23.028572,-25.349295,-27.644377,-22.300255,-22.306324,-29.707603,-29.348583,-28.299292,-23.010933,-19.213913,-17.567665,-22.597097,-30.310238,-25.319557,-23.21142,-25.312876,-37.771084,-32.26211,-20.654041,-22.48667,-27.114334,-17.330072,-17.09211,-25.26184,-25.070707,-26.56871,-31.228777,-27.167421,-22.706522,-21.090462,-19.195534,-15.874092,-17.7393,-25.113728,-25.808195,-20.324526,-22.461231,-20.130562,-16.97083,-17.3144,-21.679293,-21.758932,-20.074753,-21.439709,-29.149307,-24.738476,-21.995407,-21.160357,-21.243414,-21.180248,-24.91824,-25.075071,-29.487701,-28.393892,-22.851313,-22.428316,-22.242966,-17.582653,-15.67684,-15.368935,-19.4011,-18.648144,-19.152428,-20.81726,-15.761332,-15.445957,-14.521997,-16.844154,-22.275135,-22.162567,-24.429272,-29.913273,-27.686468,-21.610558,-20.70433,-19.111084,-19.873463,-22.884384,-23.14034,-20.306301,-21.161697,-18.887764,-21.370705,-28.021961,-28.286251,-24.656466,-27.341164,-20.525234,-17.170933,-18.378777,-19.832424,-22.750103,-29.380508,-36.897152,-34.226105,-26.020779,-24.209566,-27.57997,-30.664177,-29.520615,-32.071857,-30.980549,-35.64456,-25.668072,-18.81773,-21.398605,-19.554857,-23.306223,-28.514395,-28.742722,-25.336926,-25.88411,-26.736084,-25.470463,-21.281317,-21.536762,-22.843025,-24.485748,-22.995518,-26.970446,-23.562916,-25.877602,-25.48247,-24.565563,-35.317635,-46.82322,-46.18036,-46.19983,-46.194115,-46.612873,-46.66665,-47.24041,-32.410866,-29.948858,-41.433773,-80.0,-80.0,-80.0,-80.0,-80.0,-80.0,-80.0,-80.0,-80.0,-80.0,-80.0,-80.0,-80.0,-80.0,-80.0,-80.0,-80.0,-80.0,-80.0,-80.0,-80.0,-80.0,-80.0,-80.0,-80.0,-80.0,-80.0,-80.0,-80.0,-80.0,-80.0,-80.0,-80.0,-80.0,-80.0,-80.0,-80.0,-80.0,-80.0,-80.0,-80.0,-80.0,-80.0,-80.0,-80.0,-80.0,-80.0,-80.0,-80.0,-80.0,-80.0,-80.0,-80.0,-80.0,-80.0,-80.0,-80.0,-80.0,-80.0,-80.0,-80.0,-80.0,-80.0,-80.0,-80.0,-80.0,-80.0,-80.0,-80.0,-80.0,-80.0,-80.0,-80.0,-80.0,-80.0,-80.0,-80.0,-80.0,-80.0,-80.0,-80.0,-80.0,-80.0,-80.0,-80.0,-80.0,-80.0,-80.0,-80.0,-80.0,-80.0,-80.0,-80.0,-80.0
-40.426907,-34.444553,-30.999296,-26.864754,-23.521141,-26.82619,-35.06276,-19.92292,-19.302479,-23.364407,-23.950844,-47.669586,-27.579983,-27.235916,-34.227917,-31.861835,-26.158104,-27.915634,-35.710503,-32.009212,-28.75979,-25.75327,-29.30409,-45.99283,-23.96391,-20.401112,-23.942226,-35.440754,-33.826344,-27.69836,-21.80634,-20.44184,-29.140694,-22.837402,-20.828482,-17.951313,-19.320232,-23.376043,-33.20062,-28.544653,-29.806168,-20.315855,-14.604134,-19.690987,-20.068665,-19.675045,-23.379932,-25.145103,-17.733093,-18.240479,-25.404125,-26.67502,-34.59462,-38.844154,-34.95554,-24.997856,-24.033884,-21.048216,-22.067505,-22.952347,-19.247784,-27.842997,-25.716927,-24.654392,-36.62225,-19.550365,-18.41774,-24.532457,-27.923847,-21.647457,-18.45223,-19.104263,-14.646288,-15.5833,-15.630529,-16.538889,-23.964102,-30.744,-22.175756,-20.990711,-23.837173,-24.312572,-24.086487,-31.166851,-20.402224,-17.20287,-19.980099,-19.420057,-18.362846,-16.99916,-23.107534,-31.39148,-19.751678,-16.191088,-17.78413,-13.763475,-15.578121,-21.028542,-35.817833,-21.093147,-33.385487,-28.63285,-23.084017,-20.204792,-25.93591,-24.539143,-36.89223,-47.178802,-37.32648,-29.463362,-22.723305,-22.324137,-24.352558,-21.895525,-27.190693,-37.30011,-21.12448,-22.069765,-36.033146,-20.421692,-27.313187,-18.766829,-18.24355,-27.243912,-27.322025,-19.635885,-25.00892,-22.016563,-24.019142,-26.6803,-22.352158,-20.841885,-22.525959,-21.41357,-21.225124,-26.278053,-30.050058,-38.81271,-31.607216,-30.586952,-44.899765,-29.731537,-24.764826,-27.792778,-15.446892,-17.982697,-28.184902,-14.574696,-12.817671,-10.889332,-13.495491,-17.007206,-19.014778,-25.343264,-33.900143,-18.429964,-15.222599,-17.988914,-23.377993,-22.352907,-23.047523,-21.931267,-18.820074,-18.886162,-17.133911,-35.530033,-15.315683,-19.48869,-20.71456,-17.578487,-20.684067,-19.122395,-30.19583,-23.713184,-24.812157,-29.706905,-42.106716,-23.278866,-24.146273,-20.057014,-22.570164,-26.949951,-22.198334,-24.276867,-25.650328,-20.286377,-18.010511,-16.70108,-25.49616,-31.695736,-21.870766,-16.540545,-22.967361,-40.929943,-30.472578,-21.220913,-22.559849,-28.058348,-30.683437,-29.367527,-19.781578,-22.84024,-35.43109,-20.381107,-18.039795,-24.280888,-29.27398,-22.592146,-29.807888,-32.01703,-27.77152,-30.353262,-30.680727,-20.599506,-20.840963,-24.304756,-19.233189,-18.841728,-19.72335,-22.291214,-21.098307,-15.091784,-21.57175,-17.626287,-15.131073,-15.563904,-15.070366,-13.205151,-14.926565,-19.636631,-21.575848,-22.590199,-18.984173,-15.861456,-18.396133,-21.063261,-29.126862,-23.394222,-20.891571,-19.402,-23.20539,-34.652447,-27.342083,-22.481697,-21.61827,-35.063328,-23.938923,-26.620304,-24.984463,-36.84788,-18.011406,-15.183037,-20.13992,-31.707224,-22.007645,-43.749607,-16.974777,-18.09828,-29.48133,-19.047443,-18.516884,-19.746613,-25.13147,-17.111662,-12.789164,-11.923206,-20.242836,-29.627182,-23.83471,-20.763659,-21.763403,-25.917122,-27.218231,-25.38821,-23.293262,-39.66204,-24.631763,-26.674381,-21.695732,-26.84659,-45.156284,-29.714764,-31.511778,-33.422173,-21.33637,-17.67657,-15.390747,-18.270699,-20.208542,-16.966599,-16.138271,-23.547169,-21.724236,-30.428474,-25.286015,-21.365263,-18.948935,-29.014717,-21.454271,-19.82751,-20.0597,-29.623814,-31.525347,-21.198444,-22.057724,-23.588432,-15.737799,-20.595205,-28.211363,-18.971083,-22.100704,-16.847279,-19.075394,-24.182007,-23.073936,-15.601128,-17.268492,-24.080662,-31.911821,-24.87952,-21.439686,-20.13996,-18.864548,-23.169182,-19.806858,-17.158428,-20.830765,-27.826664,-21.130945,-17.485195,-22.750803,-19.058401,-36.746002,-13.974018,-12.73455,-19.446354,-27.404566,-25.797235,-20.173405,-20.928364,-21.502634,-16.486061,-14.249632,-25.865282,-32.770008,-24.394344,-17.811977,-21.486343,-28.560778,-33.201004,-27.132843,-26.669685,-27.61014,-21.892265,-20.12768,-15.2343445,-20.410183,-25.410769,-18.789675,-21.318407,-32.566437,-26.676556,-21.52887,-16.260838,-19.639389,-27.3667,-20.568579,-16.118866,-12.059031,-12.638311,-19.275772,-17.2359,-13.227825,-17.362602,-27.974895,-30.947659,-30.567677,-20.787811,-17.67205,-22.501568,-18.232265,-19.527138,-30.517012,-27.440845,-23.826935,-23.294935,-18.325184,-13.773823,-10.972187,-13.46509,-19.05338,-17.305622,-11.348059,-13.021612,-20.52752,-24.611061,-32.528828,-34.618763,-35.6402,-21.36521,-17.19542,-26.065086,-25.39045,-17.146114,-19.213657,-28.318016,-42.365,-21.880672,-18.90836,-22.305225,-25.581501,-30.557163,-34.35011,-37.202053,-18.910902,-16.048857,-21.868069,-24.316147,-34.14469,-26.927435,-27.075314,-20.468655,-20.297123,-24.861767,-34.95428,-35.26545,-25.701025,-23.95002,-20.559826,-17.734455,-27.097483,-25.355389,-19.867949,-23.533571,-29.42457,-26.468864,-16.69674,-17.997522,-30.802042,-26.655226,-19.813316,-27.802202,-26.819992,-22.228424,-29.952301,-31.422028,-21.710548,-23.388443,-29.81619,-25.043598,-22.704094,-21.516502,-20.193611,-23.211092,-23.035255,-22.101215,-24.774406,-24.544943,-16.816917,-26.703537,-26.131565,-23.02726,-18.446491,-23.871326,-39.174816,-34.094963,-28.300278,-22.0969,-14.632166,-16.07149,-21.924656,-21.085678,-34.42688,-31.703222,-31.516745,-45.498787,-27.987545,-27.817474,-22.880169,-24.133423,-26.995941,-42.659073,-21.267216,-21.8576,-22.270271,-24.82212,-19.574839,-15.640799,-19.894505,-26.049587,-31.276339,-26.735725,-29.154268,-30.69084,-21.173283,-20.81548,-26.432922,-20.675663,-19.455507,-25.188263,-32.468315,-26.711735,-32.51423,-22.373274,-16.93893,-19.771772,-37.601917,-27.28212,-29.739265,-29.24909,-36.80352,-30.011593,-19.976017,-23.319756,-28.421257,-18.887413,-17.578253,-21.44376,-22.613777,-25.834404,-31.723114,-22.951328,-19.239439,-18.78954,-17.32594,-18.534718,-17.397875,-26.721296,-30.111053,-22.197247,-19.63881,-21.188498,-26.210358,-23.47387,-18.978874,-20.57041,-20.200705,-21.75839,-26.396702,-22.126358,-18.98568,-20.369024,-28.48603,-21.63932,-20.268145,-21.171497,-26.793724,-31.445667,-22.026428,-22.975992,-28.262552,-25.292004,-41.734978,-20.119556,-26.644611,-21.652298,-21.455688,-22.872849,-14.836138,-11.60984,-11.182339,-14.00836,-18.375132,-19.474968,-21.305342,-31.249735,-25.651619,-21.182789,-22.532076,-20.853073,-27.386496,-23.639011,-22.56556,-18.372364,-27.089388,-20.712845,-19.284311,-24.17972,-28.536411,-22.755556,-23.348259,-21.993315,-15.530302,-17.855759,-24.625622,-19.771053,-28.90503,-34.814137,-34.17591,-23.951931,-22.7096,-34.85324,-26.535809,-28.62299,-28.237122,-33.991047,-45.0746,-25.939495,-16.999329,-19.612446,-25.385592,-25.324993,-35.16648,-26.721943,-21.223423,-22.308084,-23.355213,-21.694807,-20.367605,-19.24773,-24.463543,-30.166245,-23.08467,-36.86953,-24.427074,-24.454838,-23.321213,-23.85524,-33.450394,-44.99234,-47.38475,-46.43299,-47.537254,-45.312836,-45.280266,-44.157986,-31.17956,-29.359318,-41.139256,-80.0,-80.0,-80.0,-80.0,-80.0,-80.0,-80.0,-80.0,-80.0,-80.0,-80.0,-80.0,-80.0,-80.0,-80.0,-80.0,-80.0,-80.0,-80.0,-80.0,-80.0,-80.0,-80.0,-80.0,-80.0,-80.0,-80.0,-80.0,-80.0,-80.0,-80.0,-80.0,-80.0,-80.0,-80.0,-80.0,-80.0,-80.0,-80.0,-80.0,-80.0,-80.0,-80.0,-80.0,-80.0,-80.0,-80.0,-80.0,-80.0,-80.0,-80.0,-80.0,-80.0,-80.0,-80.0,-80.0,-80.0,-80.0,-80.0,-80.0,-80.0,-80.0,-80.0,-80.0,-80.0,-80.0,-80.0,-80.0,-80.0,-80.0,-80.0,-80.0,-80.0,-80.0,-80.0,-80.0,-80.0,-80.0,-80.0,-80.0,-80.0,-80.0,-80.0,-80.0,-80.0,-80.0,-80.0,-80.0,-80.0,-80.0,-80.0,-80.0,-80.0,-80.0
-30.956223,-30.930237,-34.367405,-30.50694,-23.87748,-27.35796,-27.16541,-18.09126,-23.399456,-19.56941,-21.261782,-23.8866,-26.063915,-36.317726,-33.06588,-36.76324,-26.943918,-27.45528,-31.65997,-26.604532,-49.55443,-23.885904,-24.76749,-26.687822,-23.743614,-32.212154,-23.488085,-33.001183,-29.578035,-30.890835,-25.019577,-27.353512,-22.154919,-21.216595,-35.218964,-18.090145,-30.043045,-23.792515,-28.091637,-25.10234,-33.081295,-21.042965,-15.785,-19.651333,-26.824703,-16.504414,-14.0086,-20.151724,-18.421848,-19.356781,-28.36501,-27.010368,-39.526623,-26.424482,-20.592892,-17.600515,-17.457264,-15.862474,-16.361572,-18.273699,-13.521433,-17.75243,-21.669237,-19.532207,-20.799465,-26.830479,-13.411539,-20.595325,-19.966652,-18.5074,-13.788326,-11.317625,-21.717459,-22.982712,-16.934546,-15.095245,-30.033913,-32.16239,-24.022846,-20.886158,-15.353405,-15.836025,-19.08157,-18.733229,-21.124985,-22.872225,-17.610186,-21.357311,-29.304848,-19.87331,-29.915802,-21.130241,-19.538595,-19.146399,-28.103558,-17.583334,-18.716564,-20.787384,-22.867218,-17.889929,-14.492058,-19.127449,-26.607294,-17.53861,-24.115517,-23.102598,-24.767584,-23.346474,-19.702374,-14.916914,-16.104149,-22.36966,-19.800922,-26.418629,-23.274115,-19.997746,-39.373013,-30.349789,-26.320454,-19.027536,-17.277449,-18.246681,-18.789751,-30.07726,-24.618034,-23.921227,-25.148746,-20.634247,-26.178188,-20.465471,-25.941975,-17.439363,-24.88639,-22.650791,-21.907364,-24.48851,-24.371872,-27.343607,-31.087057,-31.313887,-38.494583,-26.288275,-22.759996,-19.671001,-15.406624,-20.015944,-24.48095,-17.244223,-13.295734,-9.659424,-7.899143,-11.256302,-14.303333,-17.885954,-25.32429,-24.307423,-17.307133,-18.540789,-35.17152,-27.314812,-39.284603,-16.080767,-13.3583355,-23.0822,-15.434593,-13.602457,-12.609827,-14.514725,-16.28325,-12.1227665,-17.871246,-13.432428,-18.553778,-35.91638,-20.474276,-19.54665,-20.197826,-22.400478,-20.91259,-24.48384,-24.660612,-23.037407,-22.677685,-47.360134,-29.31447,-24.224554,-28.089169,-23.385975,-19.833378,-20.961578,-17.044794,-17.87338,-24.351042,-29.167501,-25.099031,-23.904339,-30.123953,-33.34496,-26.264456,-27.495636,-26.184893,-20.049324,-26.973427,-16.66652,-15.510485,-27.04016,-25.621197,-24.875645,-24.35396,-23.798178,-30.684553,-28.717203,-36.058273,-17.89662,-18.220125,-22.426237,-22.151062,-17.043049,-17.65345,-15.372652,-12.902218,-13.941284,-22.40701,-21.751911,-24.515203,-19.88464,-17.979961,-19.566792,-24.541588,-22.609314,-27.433506,-17.807163,-18.975157,-15.4119625,-21.2649,-25.996368,-21.396141,-39.88867,-17.375658,-15.41971,-13.889597,-18.924463,-28.573652,-22.303568,-22.622313,-25.2976,-26.123402,-20.63415,-21.683764,-22.499727,-21.544224,-21.5597,-21.80145,-25.688515,-20.696608,-18.620827,-12.993391,-11.067419,-13.302977,-18.40659,-20.018188,-28.7245,-16.292875,-17.27639,-12.05949,-14.443796,-15.908308,-17.638317,-21.06292,-19.955647,-18.957958,-21.489283,-19.36022,-23.896008,-17.052353,-16.565306,-19.575607,-21.504826,-18.723164,-21.37636,-23.195568,-25.849163,-27.009605,-25.954021,-26.482386,-19.351486,-21.734407,-15.229488,-13.695713,-21.550465,-17.257446,-14.788889,-21.69223,-25.159626,-27.068436,-23.654987,-21.344704,-20.61508,-18.48854,-18.47229,-13.885792,-15.9634495,-15.327801,-16.16386,-25.791237,-15.863131,-16.969778,-22.019875,-15.156494,-11.988052,-14.810446,-14.273943,-12.370575,-18.667048,-26.517284,-14.27005,-12.390659,-18.403894,-21.75165,-22.773216,-20.33052,-19.77756,-20.658308,-26.710718,-21.882462,-24.48771,-22.491854,-24.153816,-16.709465,-16.869816,-17.249159,-15.936169,-18.604197,-14.571119,-20.11652,-16.197012,-18.337704,-22.653685,-18.52375,-19.461714,-18.863363,-12.051905,-14.126495,-21.006039,-20.828535,-18.871832,-17.354239,-17.522142,-25.297695,-27.614681,-29.378265,-26.661907,-20.152163,-17.324461,-12.964651,-15.5869465,-25.224293,-28.962221,-20.71814,-16.391497,-21.963491,-25.915886,-17.365805,-17.96431,-18.66996,-21.371555,-17.9124,-13.739429,-13.895386,-20.55793,-23.01075,-16.13887,-13.036432,-20.62909,-22.965576,-23.307308,-20.858704,-20.376228,-17.492136,-12.429836,-14.352753,-17.395588,-17.814827,-14.813183,-14.085218,-35.039146,-20.539803,-18.60076,-10.515917,-23.67025,-18.364164,-21.436039,-10.865799,-14.2382145,-18.043886,-16.395752,-21.304916,-23.128876,-22.256672,-17.277962,-19.607626,-25.48061,-29.276484,-18.44155,-21.89887,-32.54545,-35.30691,-22.812962,-20.49309,-35.42343,-25.00695,-39.98312,-27.560925,-27.165085,-18.966118,-16.735336,-22.952126,-27.6603,-23.000008,-23.72781,-24.482933,-19.0904,-14.629206,-16.499111,-20.331259,-20.652723,-19.049526,-18.215572,-22.15059,-16.463219,-13.450649,-14.510368,-24.601604,-25.550274,-27.736778,-22.43342,-15.704609,-14.728016,-24.100655,-26.897852,-24.01138,-26.754726,-39.271942,-19.821507,-19.049854,-18.677877,-18.361977,-21.787434,-27.806778,-20.159027,-16.510162,-17.073566,-17.532593,-24.776283,-26.733421,-31.555246,-21.771105,-18.224445,-16.641258,-19.468786,-21.724552,-18.331785,-17.180723,-20.827944,-30.530952,-28.564095,-25.367191,-25.928873,-12.749542,-13.873596,-21.462551,-17.605463,-20.358295,-27.770374,-30.87925,-27.24358,-23.354605,-23.278286,-20.08542,-23.143078,-24.663622,-21.374636,-20.130775,-22.715075,-26.716072,-21.23608,-17.069565,-16.190912,-32.53805,-18.362896,-28.00125,-28.656628,-20.950203,-30.13807,-19.865303,-17.02215,-19.147778,-19.458704,-19.885696,-20.581945,-25.82767,-24.901491,-38.92269,-21.835777,-23.997046,-19.141273,-17.513514,-17.92143,-21.403759,-36.919823,-29.389334,-24.827545,-19.086637,-22.537998,-24.5169,-24.335499,-25.240305,-25.715855,-24.783613,-22.50621,-23.186293,-21.274256,-23.328434,-23.408108,-25.529003,-22.6782,-16.107735,-19.075546,-34.91114,-19.704962,-25.38433,-29.842072,-32.994053,-24.059961,-41.44743,-22.24568,-24.532156,-25.27081,-30.253792,-24.841305,-23.02055,-21.184723,-23.358921,-39.664112,-18.193619,-14.317835,-15.250986,-20.866203,-26.895391,-18.900272,-20.154467,-21.15488,-16.212324,-14.309345,-19.455421,-23.555021,-26.070854,-22.980185,-22.458412,-14.718855,-11.089527,-19.263496,-19.987911,-23.514639,-21.914986,-23.84184,-29.637957,-20.911497,-21.70541,-19.290184,-24.408127,-32.77997,-21.926544,-18.399927,-32.920746,-18.171183,-15.229322,-20.49772,-20.53631,-18.286236,-23.66579,-24.76035,-22.051811,-14.153883,-16.46787,-23.899832,-29.780807,-29.39106,-23.811245,-22.548061,-30.265795,-21.364471,-23.354658,-40.58324,-28.023914,-30.000053,-40.27186,-24.676432,-17.17905,-16.033842,-18.689007,-20.786604,-27.158602,-23.653683,-19.124224,-20.160013,-21.083584,-23.299637,-35.397552,-22.658756,-29.342068,-28.217976,-24.086815,-23.589052,-33.85471,-30.601849,-23.526115,-27.84055,-34.939392,-43.145355,-40.615906,-40.38499,-40.90326,-41.52889,-41.812767,-41.33277,-28.763248,-28.260536,-40.673912,-80.0,-80.0,-80.0,-80.0,-80.0,-80.0,-80.0,-80.0,-80.0,-80.0,-80.0,-80.0,-80.0,-80.0,-80.0,-80.0,-80.0,-80.0,-80.0,-80.0,-80.0,-80.0,-80.0,-80.0,-80.0,-80.0,-80.0,-80.0,-80.0,-80.0,-80.0,-80.0,-80.0,-80.0,-80.0,-80.0,-80.0,-80.0,-80.0,-80.0,-80.0,-80.0,-80.0,-80.0,-80.0,-80.0,-80.0,-80.0,-80.0,-80.0,-80.0,-80.0,-80.0,-80.0,-80.0,-80.0,-80.0,-80.0,-80.0,-80.0,-80.0,-80.0,-80.0,-80.0,-80.0,-80.0,-80.0,-80.0,-80.0,-80.0,-80.0,-80.0,-80.0,-80.0,-80.0,-80.0,-80.0,-80.0,-80.0,-80.0,-80.0,-80.0,-80.0,-80.0,-80.0,-80.0,-80.0,-80.0,-80.0,-80.0,-80.0,-80.0,-80.0,-80.0
-29.152056,-29.623394,-35.01436,-33.941246,-30.804684,-26.049217,-19.525295,-14.335211,-17.602497,-20.59851,-25.345165,-22.315058,-29.303696,-24.190096,-25.207333,-30.595814,-28.5232,-22.482592,-21.97557,-22.48382,-26.596878,-30.118828,-26.125668,-22.994781,-28.695366,-28.480747,-22.562786,-25.219727,-30.887915,-24.278088,-22.556057,-25.878342,-29.091467,-18.475931,-19.268332,-21.328316,-23.785301,-27.186508,-34.01749,-23.842247,-24.100882,-26.739803,-20.244156,-16.620228,-17.745426,-15.045832,-16.102152,-20.569029,-18.54461,-18.650257,-32.77478,-25.580019,-29.437527,-26.344975,-18.969648,-14.954756,-21.153296,-15.061419,-20.479424,-21.437962,-13.686546,-12.043287,-17.235073,-15.931736,-12.373278,-13.384254,-10.44252,-11.541294,-18.96672,-15.941549,-10.555498,-11.471825,-18.877716,-21.420109,-18.49444,-18.148228,-20.03405,-16.701168,-14.542812,-16.877102,-12.269705,-16.594872,-20.322647,-22.455257,-26.165344,-26.963398,-26.99274,-21.402266,-30.600286,-20.098946,-17.507072,-27.70152,-22.918598,-28.066256,-24.951138,-23.520525,-14.885998,-14.765245,-20.438034,-17.292923,-13.422106,-12.331947,-13.803265,-17.917645,-26.066372,-28.049244,-31.380507,-22.117893,-14.564333,-11.138182,-13.390457,-18.603579,-18.454494,-20.252644,-16.906317,-17.187775,-19.268215,-20.089226,-19.364037,-23.68459,-15.634123,-21.669699,-16.82328,-20.076866,-28.69402,-25.68524,-25.072533,-20.10553,-24.449692,-21.949825,-15.556576,-15.706764,-25.237549,-31.834034,-23.553005,-22.694378,-20.22409,-21.23992,-27.43758,-29.820805,-27.285961,-23.799826,-26.855255,-24.58263,-21.45663,-21.58976,-22.350986,-26.02324,-19.851517,-15.802902,-10.98901,-18.590933,-18.52199,-22.18092,-23.085548,-23.912834,-26.935614,-18.470493,-22.86015,-20.095543,-19.479916,-19.808918,-13.601053,-13.449772,-25.277695,-13.6729145,-18.434254,-18.966879,-11.274511,-10.823259,-12.17248,-14.247009,-19.89141,-22.290781,-20.340445,-18.408413,-20.40349,-32.335873,-25.496866,-29.410471,-28.174911,-27.337433,-26.201584,-28.491287,-25.17658,-24.432812,-23.248848,-27.410051,-24.176044,-19.963947,-16.359995,-20.58799,-28.699932,-34.2615,-29.403519,-20.378548,-19.203531,-22.41908,-34.348457,-23.116224,-22.25348,-29.311068,-15.948956,-14.2568,-23.213362,-21.533266,-23.667225,-32.66767,-29.985632,-26.032028,-25.707676,-21.212734,-22.370796,-22.998686,-17.271858,-21.40101,-19.881695,-15.94413,-20.30008,-15.090006,-16.420977,-15.201523,-25.946701,-22.987207,-28.692139,-17.920637,-17.659199,-23.37741,-28.583912,-24.36272,-18.3903,-16.132357,-18.98482,-19.242039,-26.090534,-25.332792,-19.952457,-16.118284,-15.967068,-24.487816,-13.20303,-11.614952,-14.263725,-16.36152,-16.593323,-17.295658,-19.081097,-21.945995,-15.697107,-13.612263,-15.049469,-17.989658,-19.050325,-18.678917,-16.427494,-25.03048,-14.437162,-11.660707,-22.396975,-13.346624,-12.130602,-13.555773,-12.426193,-16.968979,-15.0181675,-17.88885,-15.929115,-16.533955,-20.011028,-16.321598,-19.924332,-23.023132,-18.663452,-21.875595,-16.692823,-13.883112,-18.396599,-20.737427,-23.521385,-30.534235,-20.233982,-25.823875,-21.134079,-20.831806,-23.67598,-24.056032,-21.136982,-16.864603,-15.786354,-27.878532,-19.721403,-15.352772,-22.277065,-18.543947,-18.27471,-20.79382,-27.86315,-21.173918,-22.135406,-26.221567,-14.689556,-11.314968,-13.110931,-17.163294,-17.72772,-13.167927,-15.653244,-19.892086,-15.042583,-12.080191,-18.507858,-18.256237,-14.892742,-17.610643,-31.463427,-16.816858,-14.363098,-26.24244,-20.19237,-21.49279,-23.859604,-17.655346,-14.708019,-21.092304,-24.812408,-21.661488,-19.709267,-21.890087,-17.676739,-23.1301,-24.787062,-15.174248,-18.531582,-14.525108,-18.503574,-16.246181,-15.084486,-17.891466,-15.635712,-14.563911,-26.54264,-13.778627,-14.136978,-18.329906,-15.324972,-23.108517,-21.43633,-22.020824,-30.110096,-34.935818,-27.604702,-22.56491,-22.494938,-23.434086,-16.307741,-18.183681,-27.55233,-27.602625,-22.382544,-18.393314,-21.379854,-20.357159,-17.879318,-24.301582,-23.66103,-18.182238,-16.923874,-18.78896,-19.454277,-24.842253,-16.976093,-12.346924,-17.991707,-29.545425,-26.133963,-23.893608,-28.958736,-27.23966,-22.861279,-12.536987,-15.32515,-19.373514,-11.221563,-8.874725,-10.862125,-15.004217,-23.999172,-16.561573,-11.555517,-15.55835,-17.096737,-20.826973,-15.113428,-15.833906,-21.08274,-18.033901,-19.058825,-21.143684,-22.640648,-20.197731,-26.5316,-30.029087,-25.851429,-21.838444,-27.076365,-33.212822,-32.554237,-30.286089,-25.316452,-22.23326,-23.44845,-30.27573,-34.68608,-28.12231,-27.74271,-16.447927,-16.476084,-23.574757,-26.643698,-19.268137,-25.349682,-21.557129,-20.985985,-17.280306,-22.802212,-20.844692,-22.561943,-23.51572,-18.761251,-14.341991,-11.538155,-14.259708,-18.595247,-21.49959,-29.834036,-27.744253,-23.251072,-17.436516,-18.488205,-22.130003,-21.240347,-23.392376,-23.245731,-20.283504,-16.704628,-17.164762,-25.362911,-24.283508,-30.832933,-26.55031,-18.231394,-23.522034,-20.891493,-21.586483,-28.908861,-33.725502,-22.271048,-26.548153,-19.305286,-26.263405,-25.219849,-25.75533,-24.41079,-23.95504,-31.878937,-25.786978,-21.99601,-22.18652,-17.443073,-14.403555,-20.4282,-22.159542,-20.596783,-30.01603,-35.51131,-26.842611,-30.649849,-22.687502,-17.60533,-20.98346,-23.00264,-24.533253,-28.716764,-22.201363,-21.704445,-29.118319,-24.828976,-18.378067,-18.143951,-16.592415,-17.652943,-18.270687,-23.418835,-22.913073,-15.356707,-17.856733,-20.06042,-21.83686,-23.512897,-21.93339,-25.995152,-24.333447,-26.520584,-30.170052,-20.196598,-15.541454,-14.544443,-21.613012,-21.602224,-23.39429,-23.930645,-28.7608,-22.247894,-24.444738,-26.445892,-25.616058,-25.110262,-25.993673,-29.981606,-28.701653,-22.753159,-30.417665,-25.284412,-22.15424,-17.573706,-15.781433,-17.514849,-21.739378,-22.21417,-19.708157,-25.363861,-31.991997,-24.468924,-18.368244,-18.969046,-23.033894,-22.300074,-20.73404,-25.5016,-24.971325,-26.891891,-23.233202,-25.626106,-24.979385,-21.701405,-19.79093,-15.09087,-16.612686,-22.414322,-22.569315,-20.241726,-21.609161,-18.840946,-13.310299,-16.975431,-25.419298,-32.906116,-27.638947,-26.364239,-18.783245,-18.188528,-20.490856,-21.11242,-23.334957,-24.339903,-22.976562,-23.501593,-20.689537,-24.937756,-18.870747,-18.690351,-20.11261,-16.845861,-21.000273,-30.582806,-18.759975,-17.42342,-27.982025,-25.613625,-23.85496,-21.542324,-29.199602,-21.04763,-12.886007,-14.403673,-26.286724,-35.085373,-32.834747,-27.822124,-26.571856,-24.74458,-19.848927,-24.529324,-36.076862,-26.339447,-25.493046,-32.03502,-29.241154,-24.654045,-19.236233,-17.71458,-28.200302,-26.172253,-29.542809,-22.62983,-30.086926,-30.392414,-28.735844,-32.033527,-25.583189,-29.216923,-33.308285,-26.804245,-27.921843,-37.017483,-35.047894,-28.017601,-36.47352,-44.66648,-37.980457,-37.763645,-37.40363,-38.09089,-37.58136,-37.657173,-37.249123,-30.427399,-30.073563,-42.498615,-80.0,-80.0,-80.0,-80.0,-80.0,-80.0,-80.0,-80.0,-80.0,-80.0,-80.0,-80.0,-80.0,-80.0,-80.0,-80.0,-80.0,-80.0,-80.0,-80.0,-80.0,-80.0,-80.0,-80.0,-80.0,-80.0,-80.0,-80.0,-80.0,-80.0,-80.0,-80.0,-80.0,-80.0,-80.0,-80.0,-80.0,-80.0,-80.0,-80.0,-80.0,-80.0,-80.0,-80.0,-80.0,-80.0,-80.0,-80.0,-80.0,-80.0,-80.0,-80.0,-80.0,-80.0,-80.0,-80.0,-80.0,-80.0,-80.0,-80.0,-80.0,-80.0,-80.0,-80.0,-80.0,-80.0,-80.0,-80.0,-80.0,-80.0,-80.0,-80.0,-80.0,-80.0,-80.0,-80.0,-80.0,-80.0,-80.0,-80.0,-80.0,-80.0,-80.0,-80.0,-80.0,-80.0,-80.0,-80.0,-80.0,-80.0,-80.0,-80.0,-80.0,-80.0
-28.914106,-28.461073,-32.641617,-30.975399,-32.615223,-26.590515,-17.895851,-12.939678,-14.214275,-18.825111,-26.10775,-20.450687,-22.24981,-22.289501,-24.127495,-27.814053,-27.021328,-21.349293,-22.151579,-22.367523,-25.179012,-32.345047,-27.620617,-22.741833,-27.490929,-25.528734,-21.611372,-25.986094,-32.018192,-23.621593,-19.047985,-20.23336,-22.749514,-17.705929,-19.13983,-23.55114,-24.204422,-29.443121,-30.485847,-21.490116,-21.246805,-29.90524,-19.68713,-16.139944,-18.287918,-15.732187,-17.584484,-22.147968,-16.611044,-17.453247,-26.72203,-24.705791,-28.175425,-27.222595,-20.022373,-15.29118,-14.850815,-12.390968,-17.868858,-19.895386,-12.773262,-11.704065,-17.313103,-12.463051,-10.890226,-13.249939,-10.448763,-10.882946,-14.874226,-13.958101,-11.233788,-12.33037,-15.892546,-21.531273,-18.159264,-18.927681,-16.26324,-12.786253,-12.812416,-14.859879,-11.666338,-14.297438,-17.90681,-20.980654,-25.25388,-27.954878,-29.353085,-19.527584,-21.40459,-20.407888,-15.891077,-16.925163,-17.557955,-20.91585,-25.300205,-21.235588,-13.561665,-14.40864,-18.312756,-17.030146,-14.414314,-10.823296,-12.993759,-18.19783,-27.18241,-24.547188,-27.930117,-22.166246,-15.053236,-11.117794,-13.536423,-19.887012,-17.730806,-18.69862,-17.512667,-17.00284,-19.753859,-16.390402,-14.478079,-15.206882,-14.068214,-20.514366,-16.45877,-17.414766,-22.572668,-23.573418,-24.45779,-17.40463,-20.05372,-21.310028,-13.828775,-14.635765,-24.345821,-28.381054,-24.040018,-24.237091,-20.162601,-20.37759,-27.866495,-29.531467,-28.04101,-23.589634,-27.173437,-26.03262,-24.616606,-22.604042,-22.524326,-24.415295,-19.584824,-16.749968,-12.888834,-18.824278,-19.345778,-23.814816,-21.783329,-20.67756,-24.615705,-18.710804,-17.288506,-16.933912,-19.793715,-21.433815,-13.554607,-10.7521515,-14.931961,-14.2153015,-20.987041,-19.891525,-10.976177,-11.63397,-12.684818,-14.544214,-19.791965,-22.756075,-20.243492,-19.836203,-19.992035,-27.417313,-24.404037,-23.19284,-28.775778,-27.528475,-27.512478,-27.756958,-25.550045,-25.351244,-23.508715,-22.81668,-24.15919,-19.983746,-17.695461,-19.36314,-25.82608,-34.635803,-28.997826,-20.190855,-17.966019,-19.730385,-23.524216,-19.157097,-17.50446,-18.963558,-14.849197,-13.532227,-18.957434,-19.459393,-24.218718,-31.365452,-32.57539,-26.949669,-26.46747,-18.779222,-17.911928,-18.860546,-15.859823,-17.816076,-15.840933,-14.003578,-17.535969,-16.2804,-17.88072,-13.818741,-16.219135,-20.38,-28.787209,-17.486803,-15.117258,-18.257235,-20.7131,-21.847929,-16.980183,-14.236626,-18.244,-17.531532,-19.390224,-20.82444,-16.645449,-14.204187,-15.201897,-22.220543,-14.045389,-10.363455,-11.1751,-12.365601,-14.517616,-15.9007015,-14.864,-15.205439,-15.746128,-13.274166,-10.170456,-10.692425,-12.179352,-13.510759,-14.335159,-21.75024,-15.540104,-12.546103,-17.149923,-11.870831,-11.779881,-12.787514,-11.331322,-15.472286,-16.859371,-18.052837,-15.029331,-16.074373,-18.96842,-15.201832,-21.016579,-24.27625,-17.84315,-20.74098,-17.578384,-14.955351,-14.870388,-16.093126,-21.886753,-20.510822,-16.754303,-21.071697,-18.1523,-17.519238,-19.267033,-20.24293,-20.602547,-18.23701,-16.369265,-21.681946,-17.905304,-16.994785,-17.766243,-16.834354,-17.63912,-18.82034,-25.973146,-21.79346,-22.606077,-20.430866,-15.584705,-11.624271,-12.8466,-17.882614,-15.723402,-13.360264,-16.02646,-19.842245,-16.263468,-11.770037,-19.190514,-18.583324,-16.073954,-14.743227,-20.76003,-15.160803,-14.4157295,-30.425085,-18.100283,-16.242077,-18.81617,-15.152353,-12.427511,-16.886515,-23.736158,-19.038866,-15.926235,-20.425173,-17.030678,-18.759995,-20.524178,-13.996433,-14.674658,-13.891676,-19.235435,-16.703323,-15.63604,-17.77766,-14.727938,-14.926018,-18.564426,-14.267195,-13.785955,-16.551765,-15.169256,-18.6499,-22.166582,-23.521759,-26.793251,-33.534916,-26.892532,-21.72467,-22.044443,-23.928013,-18.52913,-18.221535,-24.702497,-28.273865,-22.962957,-19.120344,-22.748209,-18.8355,-17.266575,-22.321714,-20.246037,-15.647297,-14.160316,-15.4104595,-16.2725,-16.427032,-13.511288,-11.505053,-16.35601,-24.357916,-26.320908,-24.695435,-25.296724,-23.638847,-23.809786,-11.788836,-12.974169,-19.978245,-9.490448,-7.960453,-12.297161,-11.128643,-12.3546295,-11.340544,-11.477146,-16.448938,-14.086632,-17.425745,-14.334518,-15.167274,-23.111149,-19.216822,-20.497353,-21.803726,-24.35998,-21.668726,-27.049484,-31.550253,-22.8498,-23.709705,-24.686214,-26.894394,-33.125374,-33.03605,-26.624407,-23.048119,-21.76305,-27.788887,-33.597473,-29.183908,-24.817728,-15.631672,-16.52439,-23.260967,-25.20689,-18.224987,-19.716534,-21.001,-23.069824,-18.65781,-22.580591,-20.322048,-20.87048,-24.138163,-19.143623,-13.43037,-12.636406,-15.406549,-19.405998,-20.031301,-25.319714,-29.62168,-26.064611,-17.601278,-17.3955,-20.828888,-19.281944,-19.477413,-21.632462,-19.797432,-17.711607,-17.100548,-21.202713,-22.677942,-27.585526,-27.084194,-19.214636,-22.312233,-20.44452,-22.746403,-26.672428,-26.39836,-19.92521,-22.143894,-18.981487,-23.290321,-26.224356,-27.99962,-26.63141,-24.361198,-32.62211,-24.237568,-21.2391,-22.681019,-19.479362,-15.160526,-20.453045,-22.17917,-20.929781,-31.790014,-32.03215,-28.071472,-31.950233,-22.0972,-18.019062,-20.37231,-23.601698,-25.817854,-30.503597,-23.43206,-21.066422,-22.68475,-22.860151,-16.933323,-18.104765,-15.92872,-15.106382,-17.159992,-19.332443,-17.56868,-13.624447,-14.757854,-17.671127,-23.156101,-23.875107,-23.420181,-27.612392,-24.504519,-24.577017,-25.715996,-17.64136,-14.60062,-15.178051,-21.764278,-21.300077,-22.98872,-23.058924,-25.715595,-21.541246,-24.165558,-26.37145,-26.624022,-23.92402,-27.499472,-29.187965,-28.547827,-24.07914,-26.582422,-21.590155,-18.4987,-16.573332,-16.382671,-18.656227,-23.720547,-21.01288,-19.837954,-25.873322,-29.102316,-20.932707,-16.287533,-16.838348,-23.10827,-21.975359,-18.685738,-22.84677,-24.039274,-23.298813,-24.369259,-26.841602,-25.249779,-22.445469,-22.238186,-16.32464,-15.404675,-19.560566,-24.357306,-21.497372,-22.841072,-20.114937,-13.474997,-16.65295,-25.80222,-26.370546,-28.837097,-25.52716,-20.442007,-22.235117,-22.145023,-21.239792,-23.294538,-25.807653,-23.6638,-23.544992,-20.06098,-24.808567,-19.499035,-18.630337,-19.083569,-16.312443,-20.621632,-28.420572,-19.411297,-18.195515,-30.306095,-27.33636,-25.818459,-21.29731,-28.550129,-20.361685,-12.911251,-14.178114,-25.044716,-37.4402,-31.067577,-29.343376,-27.753536,-25.363504,-18.86832,-22.595078,-36.60752,-25.109463,-24.634357,-32.785362,-31.38913,-29.02957,-21.10812,-17.92353,-24.541893,-25.114716,-24.964018,-23.499268,-38.37362,-34.194157,-28.625856,-30.297987,-25.114738,-26.471725,-29.63807,-25.35043,-27.86128,-30.648329,-29.962069,-28.725945,-37.843403,-40.452744,-37.835304,-38.462307,-38.774765,-38.23339,-38.368053,-38.24889,-37.907364,-31.605036,-30.21178,-42.747147,-80.0,-80.0,-80.0,-80.0,-80.0,-80.0,-80.0,-80.0,-80.0,-80.0,-80.0,-80.0,-80.0,-80.0,-80.0,-80.0,-80.0,-80.0,-80.0,-80.0,-80.0,-80.0,-80.0,-80.0,-80.0,-80.0,-80.0,-80.0,-80.0,-80.0,-80.0,-80.0,-80.0,-80.0,-80.0,-80.0,-80.0,-80.0,-80.0,-80.0,-80.0,-80.0,-80.0,-80.0,-80.0,-80.0,-80.0,-80.0,-80.0,-80.0,-80.0,-80.0,-80.0,-80.0,-80.0,-80.0,-80.0,-80.0,-80.0,-80.0,-80.0,-80.0,-80.0,-80.0,-80.0,-80.0,-80.0,-80.0,-80.0,-80.0,-80.0,-80.0,-80.0,-80.0,-80.0,-80.0,-80.0,-80.0,-80.0,-80.0,-80.0,-80.0,-80.0,-80.0,-80.0,-80.0,-80.0,-80.0,-80.0,-80.0,-80.0,-80.0,-80.0,-80.0
-28.43151,-26.545372,-29.541388,-27.301025,-31.380306,-28.10209,-15.742729,-10.920853,-10.769012,-16.107834,-25.752918,-17.8709,-17.581604,-19.918201,-22.623793,-24.71418,-24.457314,-19.689884,-23.340612,-22.40318,-23.334045,-33.10247,-33.236588,-22.436102,-24.47768,-22.28029,-19.910164,-29.91673,-34.89949,-22.723824,-15.481831,-15.936665,-17.954834,-16.415329,-19.52614,-42.672337,-26.095959,-47.095818,-26.283966,-18.526245,-18.132229,-60.596046,-17.333824,-15.339016,-20.968586,-17.87688,-21.931,-31.217216,-13.856323,-15.444012,-22.148018,-23.154648,-26.47158,-29.694767,-24.415142,-16.391502,-10.273687,-9.201424,-14.261005,-17.052477,-10.990107,-11.360722,-17.874493,-8.942043,-8.905287,-13.599453,-10.65708,-10.050156,-11.025326,-11.332115,-13.840265,-14.594358,-12.601717,-21.78919,-16.900713,-19.277319,-12.668715,-9.141169,-10.5830345,-12.262087,-10.661034,-11.235924,-14.731079,-18.079388,-22.416965,-28.1072,-25.214897,-16.824768,-16.547327,-20.759392,-13.801918,-11.869688,-13.16753,-15.865906,-26.530228,-17.426704,-11.625,-14.04587,-15.56871,-16.320908,-18.054258,-8.780382,-11.957996,-18.431225,-29.471462,-20.49393,-23.631914,-22.210367,-17.114452,-11.352783,-14.075439,-29.213148,-16.378233,-16.592957,-20.290295,-16.752241,-22.387218,-12.829884,-10.447536,-10.340662,-11.758621,-17.919975,-15.756508,-14.431231,-18.005848,-20.53622,-23.0997,-14.182901,-16.116623,-19.650187,-11.610773,-12.86311,-22.563305,-23.484365,-24.354372,-52.339043,-20.33226,-19.133514,-29.465496,-28.90813,-32.170803,-23.248882,-26.019518,-26.58622,-32.582108,-24.71925,-23.045506,-19.875942,-16.583836,-15.14386,-19.399761,-15.692102,-19.024902,-25.802292,-19.782383,-17.16689,-19.641933,-18.968334,-13.079538,-13.624077,-21.643414,-24.234661,-13.094898,-7.742508,-9.743267,-15.29512,-24.130058,-19.610424,-10.676157,-14.31649,-14.920666,-14.687017,-18.968151,-25.218681,-19.76379,-28.90812,-18.893665,-22.265877,-21.570707,-18.563576,-28.43745,-26.088058,-29.156408,-26.87345,-27.016426,-27.871698,-24.665154,-18.557571,-22.428337,-19.919117,-24.302322,-16.854336,-22.0738,-33.021866,-26.845959,-20.009146,-16.301954,-16.734451,-18.416878,-15.433348,-13.4897,-13.809853,-13.366772,-12.281454,-14.31295,-16.85593,-25.942705,-27.318684,-36.6747,-28.238533,-29.918585,-15.932148,-14.048042,-14.612967,-13.648188,-14.171259,-12.045326,-11.332649,-14.038584,-20.88661,-20.156855,-11.400946,-11.287182,-17.094172,-27.273083,-16.660553,-11.978546,-13.892147,-15.922697,-18.568539,-15.086254,-11.636871,-16.699913,-14.451534,-14.701214,-16.82243,-13.142754,-11.842405,-13.797131,-17.471975,-16.631678,-8.627031,-7.942507,-8.646118,-11.923857,-14.007845,-11.066254,-10.63813,-16.356066,-13.057964,-6.139084,-6.102915,-7.652584,-9.395927,-11.684307,-17.53117,-18.170994,-14.700224,-12.160419,-9.816208,-11.50654,-11.834497,-9.670258,-13.123234,-23.006397,-16.95853,-13.281467,-15.099022,-17.168787,-13.497293,-23.956978,-27.67438,-16.284668,-18.91512,-20.229984,-20.11127,-11.256811,-12.051161,-18.647964,-15.367916,-13.213873,-16.97585,-14.927532,-14.102749,-15.347851,-16.126915,-19.438719,-22.343098,-16.73307,-16.955753,-14.979816,-27.44048,-13.722097,-14.58176,-16.84055,-16.215555,-22.165796,-22.942802,-21.940613,-15.603903,-17.664394,-12.927464,-12.364149,-19.177383,-13.223612,-14.026987,-16.968685,-19.803833,-20.98753,-10.857552,-18.915623,-17.499998,-18.165674,-11.452805,-15.746296,-12.337267,-13.67804,-32.657173,-15.338806,-12.039473,-14.485739,-12.12785,-9.6698475,-13.080605,-21.315842,-15.963213,-12.246452,-18.254393,-15.459692,-14.320183,-15.9079685,-12.0135975,-10.88228,-12.502577,-21.640892,-17.523382,-17.65759,-17.873484,-13.253418,-16.448647,-13.586002,-14.551464,-12.8196945,-14.105751,-15.218809,-14.406824,-21.746738,-24.729862,-22.816498,-29.642792,-25.600973,-20.42206,-20.434515,-21.820717,-33.245064,-17.24981,-21.195173,-30.320143,-23.51847,-19.932531,-29.707489,-16.747568,-15.818588,-18.530334,-16.213781,-12.640331,-10.925581,-11.381634,-12.228632,-11.577711,-10.031012,-10.18227,-13.079433,-19.403944,-25.379921,-26.499285,-20.65507,-19.26118,-22.846985,-10.221241,-9.861052,-20.454063,-7.216469,-6.634083,-28.9763,-7.504158,-7.321602,-7.1598587,-10.767391,-21.447317,-10.727634,-13.846781,-11.848396,-13.451853,-32.275253,-22.107279,-32.820023,-23.992825,-42.343346,-24.780773,-24.399883,-32.76415,-19.56573,-28.965033,-20.995207,-22.414597,-35.122894,-32.453773,-26.898634,-27.762203,-19.337387,-24.924843,-29.90281,-31.965033,-20.092878,-14.028469,-17.164658,-22.86271,-22.348507,-16.659807,-15.369539,-19.228218,-23.217281,-23.88407,-21.248188,-19.056023,-17.861761,-22.72934,-20.528744,-11.891911,-17.599072,-19.630915,-23.399925,-17.94739,-21.206486,-30.945969,-25.44028,-16.805542,-15.812252,-18.95828,-16.685684,-15.754696,-19.560488,-18.539574,-22.111538,-16.937178,-16.693329,-19.899647,-23.837437,-24.824968,-21.095577,-18.820562,-18.557606,-29.222307,-23.511463,-21.724842,-16.853348,-17.36483,-17.451319,-19.073116,-26.87952,-26.672316,-25.584005,-23.833454,-33.827316,-22.011284,-20.014538,-24.554787,-22.758417,-16.814606,-20.406765,-20.399254,-21.340641,-39.163002,-28.025923,-33.13216,-29.673018,-20.847824,-19.350151,-19.272425,-25.43705,-27.737293,-27.155457,-28.614841,-20.129835,-17.788662,-18.63842,-14.329174,-18.722149,-14.708914,-12.204334,-15.655657,-15.327406,-13.405611,-11.294344,-11.246326,-14.53932,-26.065731,-23.025637,-28.957603,-38.898727,-24.710398,-22.167833,-20.929707,-14.639057,-13.127171,-17.504505,-20.544481,-20.381395,-22.704319,-21.77611,-21.949814,-19.42529,-22.90446,-25.426567,-28.913612,-21.867155,-35.30914,-26.385342,-25.810392,-30.247604,-21.668673,-17.754292,-14.831291,-15.181305,-19.19283,-21.518326,-34.017994,-19.40969,-19.810738,-26.878258,-25.592175,-17.440054,-13.682558,-14.284361,-22.759743,-21.378035,-16.078484,-19.80238,-22.238262,-19.340614,-26.67024,-29.326443,-26.888716,-22.423813,-25.9138,-21.207775,-13.622675,-16.386562,-28.269062,-26.343273,-27.131502,-22.529243,-13.758936,-16.08769,-25.774693,-21.565437,-29.001245,-23.087471,-22.89128,-31.910372,-30.484858,-20.906683,-22.938175,-29.572523,-25.609755,-24.149326,-18.704365,-23.362972,-21.052172,-18.929081,-17.71397,-15.560877,-19.03696,-25.644442,-20.65546,-19.037155,-28.994179,-28.501251,-26.992735,-20.84172,-26.118935,-19.0246,-12.908476,-13.754004,-22.580442,-41.055176,-28.02154,-31.25336,-28.470642,-28.095964,-17.18812,-19.742117,-38.761795,-23.148556,-23.326885,-36.651505,-35.799862,-37.076897,-26.91315,-18.316803,-20.04728,-23.290974,-20.529358,-23.78254,-34.70188,-30.723682,-26.298891,-27.92183,-23.328114,-23.202118,-25.516598,-22.652718,-26.081472,-26.083267,-25.560192,-27.994442,-34.23853,-35.367657,-37.88675,-41.075832,-49.823517,-38.777374,-41.758133,-40.62463,-40.59861,-34.443928,-29.685932,-42.439682,-80.0,-80.0,-80.0,-80.0,-80.0,-80.0,-80.0,-80.0,-80.0,-80.0,-80.0,-80.0,-80.0,-80.0,-80.0,-80.0,-80.0,-80.0,-80.0,-80.0,-80.0,-80.0,-80.0,-80.0,-80.0,-80.0,-80.0,-80.0,-80.0,-80.0,-80.0,-80.0,-80.0,-80.0,-80.0,-80.0,-80.0,-80.0,-80.0,-80.0,-80.0,-80.0,-80.0,-80.0,-80.0,-80.0,-80.0,-80.0,-80.0,-80.0,-80.0,-80.0,-80.0,-80.0,-80.0,-80.0,-80.0,-80.0,-80.0,-80.0,-80.0,-80.0,-80.0,-80.0,-80.0,-80.0,-80.0,-80.0,-80.0,-80.0,-80.0,-80.0,-80.0,-80.0,-80.0,-80.0,-80.0,-80.0,-80.0,-80.0,-80.0,-80.0,-80.0,-80.0,-80.0,-80.0,-80.0,-80.0,-80.0,-80.0,-80.0,-80.0,-80.0,-80.0
-31.439089,-28.019115,-39.8033,-27.460754,-26.318834,-35.994797,-17.402905,-15.65144,-14.970982,-13.253578,-19.528067,-20.268215,-18.101376,-24.782875,-29.20267,-25.906347,-22.807991,-26.685513,-24.69939,-23.81977,-22.425436,-24.580017,-24.877201,-24.626015,-31.538246,-20.23311,-19.442215,-27.198732,-29.27647,-24.80521,-13.939701,-15.595211,-20.330465,-22.645142,-24.854895,-24.571587,-25.680342,-29.5122,-25.963596,-14.491217,-15.360529,-20.10437,-14.034851,-11.410603,-10.905495,-11.063852,-12.101278,-12.526815,-18.101294,-16.842861,-25.464046,-24.659279,-22.44157,-32.876854,-33.10441,-25.918766,-10.341572,-9.527325,-9.522688,-11.29299,-10.888718,-11.164358,-12.104624,-11.515911,-10.557367,-19.060743,-20.780506,-23.639975,-16.461632,-16.97399,-25.137531,-16.245625,-12.850409,-18.711227,-13.62183,-10.67297,-9.959553,-12.0874195,-18.835762,-23.383898,-15.70875,-17.947647,-17.50181,-20.915617,-17.037756,-33.947826,-19.640678,-10.68162,-13.594826,-22.672173,-15.502289,-13.104076,-8.223722,-13.280487,-12.271345,-10.296314,-19.594152,-19.204163,-20.20086,-20.322628,-10.85841,-10.181965,-19.102665,-26.21438,-15.8876705,-10.262295,-8.52685,-11.700546,-14.380287,-20.20892,-18.791492,-19.304659,-19.777378,-23.709888,-24.065876,-17.582848,-17.342232,-13.80257,-12.022984,-11.94315,-14.546755,-19.343227,-16.382673,-14.997028,-31.575386,-17.968863,-17.136288,-12.28491,-12.826452,-21.691837,-11.288778,-14.218876,-35.074715,-23.872444,-28.791702,-31.188042,-22.963371,-20.090473,-25.586159,-25.895514,-26.029404,-27.90673,-35.987793,-28.800495,-40.277542,-21.611824,-23.445414,-20.80888,-17.902996,-25.494843,-21.389477,-15.029898,-20.63501,-26.000702,-21.863049,-17.591322,-18.34993,-20.680374,-14.990768,-13.6510315,-20.179413,-18.959702,-13.296225,-7.9705925,-8.721893,-18.109756,-35.521248,-33.34589,-12.500994,-11.327408,-14.720921,-11.280777,-10.013489,-8.7446575,-10.226324,-16.02132,-16.405596,-11.158169,-10.360058,-12.632277,-22.770163,-35.767307,-27.08026,-22.682302,-22.153439,-24.20179,-24.14116,-14.36042,-13.483839,-19.252033,-21.067516,-16.951893,-21.493015,-25.81231,-21.343967,-29.791557,-21.465034,-20.772692,-24.903305,-16.676706,-14.494814,-13.897068,-18.927618,-14.638811,-10.075775,-14.7499275,-25.657368,-27.942085,-27.747337,-36.187603,-22.273085,-16.32441,-12.776587,-13.101929,-20.315842,-23.411007,-15.451305,-15.563562,-17.1002,-19.502052,-12.335913,-9.663908,-9.680618,-15.757879,-36.36428,-18.952457,-14.560791,-12.914515,-11.0567665,-10.775867,-11.746525,-10.183193,-12.68483,-8.498486,-17.217304,-12.813366,-10.333313,-15.423733,-17.803755,-13.488548,-13.464581,-15.074066,-13.495827,-13.316875,-13.534252,-19.617695,-11.800556,-12.207626,-12.83836,-10.489719,-6.8085327,-6.680073,-7.9008694,-16.344233,-12.453079,-14.027918,-19.373402,-45.925438,-12.265589,-11.254656,-28.98567,-22.074253,-11.897236,-18.746187,-23.786268,-32.597473,-17.023066,-17.545689,-17.089497,-12.060532,-16.066116,-19.564447,-16.80941,-17.657467,-19.186592,-17.154373,-10.962078,-9.652096,-12.034443,-13.281261,-11.462509,-13.156162,-17.043182,-19.31837,-18.739948,-18.31472,-22.544529,-25.274326,-26.860153,-13.279116,-11.498943,-13.336267,-13.734604,-18.486298,-25.46289,-18.004883,-19.618645,-15.237413,-10.781685,-9.592733,-12.730919,-13.61924,-15.299976,-11.284407,-14.029861,-16.09138,-11.538288,-12.19191,-10.391895,-11.074896,-12.468578,-10.26836,-7.5736694,-10.198269,-18.267803,-14.599815,-9.862223,-10.281828,-14.870491,-12.69068,-9.7158165,-11.624262,-17.828049,-9.643877,-18.806206,-11.326729,-9.433712,-16.700378,-18.059761,-9.775307,-9.762621,-18.073822,-15.438683,-15.487562,-26.290775,-15.694984,-15.116093,-16.921223,-17.13891,-26.128061,-11.805908,-14.001772,-12.431389,-15.953699,-16.877,-17.951683,-17.560404,-21.132607,-22.66259,-23.139511,-35.693295,-21.80672,-32.73003,-24.601648,-29.04839,-17.745907,-13.904274,-16.721714,-18.147642,-14.348141,-17.520699,-32.8166,-16.056168,-21.881939,-12.802694,-24.63293,-10.412462,-13.008892,-15.11989,-9.246101,-13.113731,-17.788761,-11.058575,-14.519026,-21.269684,-25.626614,-17.426502,-12.973053,-10.794237,-10.283611,-13.196716,-7.69796,-6.0864716,-10.061783,-8.439346,-6.497738,-5.2499046,-5.4979057,-14.608208,-13.076448,-12.674503,-8.923992,-10.664356,-14.36281,-23.727877,-17.751549,-18.909908,-30.156408,-23.85239,-31.844051,-19.609009,-18.10678,-15.253056,-14.86079,-16.593483,-19.948631,-21.597765,-22.335884,-21.27143,-19.628738,-19.141853,-26.724293,-24.99028,-18.403717,-14.405424,-15.708145,-25.246288,-26.830389,-27.778196,-18.407753,-22.017694,-15.278847,-23.073444,-31.51729,-19.79897,-20.374084,-21.30907,-18.988226,-16.747145,-14.934576,-17.275177,-20.194569,-21.585203,-25.846252,-17.777798,-17.65713,-24.640179,-14.546858,-15.45747,-19.182655,-34.24316,-16.388151,-17.174976,-13.9700775,-14.507029,-12.346973,-13.736393,-25.192917,-25.980015,-26.590641,-26.70819,-25.234627,-18.344643,-22.69153,-20.230013,-16.439692,-15.417898,-22.45684,-20.78595,-20.104889,-26.553986,-22.455074,-17.82195,-19.004803,-23.664257,-23.329224,-26.84145,-38.455246,-20.46645,-22.09702,-37.9926,-17.628233,-19.393456,-28.775105,-29.396412,-31.017916,-26.952925,-20.80465,-28.199247,-21.084326,-32.180267,-29.576715,-21.279148,-23.607422,-47.249943,-17.25642,-15.714571,-14.47407,-11.451368,-11.960499,-14.557619,-23.903557,-10.407316,-8.663807,-20.576286,-11.612438,-11.882532,-22.51768,-35.597744,-29.534174,-24.366608,-48.4899,-24.276775,-22.667938,-14.612095,-17.969738,-35.54424,-18.27263,-19.325329,-40.000893,-31.697582,-20.157108,-19.879139,-19.021889,-17.936918,-17.847332,-22.252708,-26.538334,-22.434692,-24.77613,-32.61393,-21.710695,-21.766674,-17.36411,-21.44212,-35.723076,-24.477055,-30.209736,-20.668213,-19.116302,-29.330204,-21.09861,-17.307451,-20.95652,-16.698719,-20.373068,-26.044548,-15.331512,-19.397505,-22.390984,-17.959942,-26.039675,-23.753227,-15.559465,-14.127468,-19.37837,-23.40335,-18.313665,-15.058266,-23.18151,-34.89224,-34.366398,-24.759476,-18.025188,-14.822214,-20.810978,-21.320923,-18.004753,-25.023289,-27.941486,-25.006025,-25.472132,-19.333998,-17.844717,-28.850393,-25.981533,-19.47521,-17.345524,-26.402014,-33.19208,-27.47298,-33.12268,-19.953234,-22.897854,-22.273613,-22.013077,-16.802351,-21.543697,-25.786087,-26.513988,-20.761497,-23.565886,-23.81031,-18.782713,-20.551586,-21.831757,-34.483353,-23.778675,-27.12612,-26.006771,-20.445206,-17.640278,-19.08305,-21.042042,-18.73696,-21.473417,-31.979841,-29.901382,-30.208967,-25.61018,-20.533821,-23.630407,-31.87376,-21.164288,-18.58287,-22.2262,-21.943111,-25.72967,-24.705772,-24.294117,-34.642498,-28.36708,-22.971119,-17.201206,-18.702812,-28.982979,-27.491823,-30.397255,-37.426117,-30.70868,-31.10559,-31.019503,-31.150864,-30.773262,-30.75866,-30.764297,-27.22018,-28.90949,-42.360462,-80.0,-80.0,-80.0,-80.0,-80.0,-80.0,-80.0,-80.0,-80.0,-80.0,-80.0,-80.0,-80.0,-80.0,-80.0,-80.0,-80.0,-80.0,-80.0,-80.0,-80.0,-80.0,-80.0,-80.0,-80.0,-80.0,-80.0,-80.0,-80.0,-80.0,-80.0,-80.0,-80.0,-80.0,-80.0,-80.0,-80.0,-80.0,-80.0,-80.0,-80.0,-80.0,-80.0,-80.0,-80.0,-80.0,-80.0,-80.0,-80.0,-80.0,-80.0,-80.0,-80.0,-80.0,-80.0,-80.0,-80.0,-80.0,-80.0,-80.0,-80.0,-80.0,-80.0,-80.0,-80.0,-80.0,-80.0,-80.0,-80.0,-80.0,-80.0,-80.0,-80.0,-80.0,-80.0,-80.0,-80.0,-80.0,-80.0,-80.0,-80.0,-80.0,-80.0,-80.0,-80.0,-80.0,-80.0,-80.0,-80.0,-80.0,-80.0,-80.0,-80.0,-80.0
-34.923332,-29.418613,-33.063038,-35.35155,-28.84464,-32.36539,-20.691206,-20.018272,-20.338245,-15.714634,-18.138763,-26.882774,-22.562304,-27.816658,-29.585815,-29.245262,-25.063553,-28.093401,-24.384867,-27.776062,-29.330711,-29.128342,-31.216026,-32.53289,-29.738777,-22.267824,-21.954979,-34.36129,-25.901817,-21.346088,-16.370743,-21.513987,-28.539019,-31.333668,-31.951935,-28.230766,-33.338505,-25.679127,-19.057323,-16.081362,-19.682884,-28.059072,-17.70777,-15.664185,-15.66614,-11.733543,-10.595015,-12.392042,-20.37807,-21.748823,-29.97809,-25.625717,-22.58262,-27.864517,-23.628311,-18.126862,-10.548735,-15.460392,-11.720215,-20.232925,-15.695625,-16.921217,-9.939367,-15.39481,-11.418869,-13.944431,-21.736843,-19.389973,-18.556393,-17.111513,-15.287891,-11.299725,-14.153454,-21.895042,-18.380863,-15.735609,-15.018066,-20.147474,-23.976906,-26.600567,-14.844439,-12.588863,-12.104855,-12.724442,-13.77243,-21.043638,-14.777971,-9.85758,-12.600174,-21.349625,-13.255287,-12.250416,-8.303062,-14.365574,-9.971806,-9.414383,-15.573055,-16.176043,-19.127262,-20.955494,-12.873152,-12.80444,-19.64344,-16.004206,-12.940157,-9.196062,-6.935663,-8.333139,-13.491009,-21.064144,-19.710947,-22.13132,-21.79223,-29.888906,-28.244076,-18.045448,-20.232895,-20.231628,-20.262524,-17.295835,-19.847626,-23.417442,-15.757992,-17.029684,-32.801105,-18.236305,-22.144644,-14.401497,-14.670307,-19.939516,-14.248617,-16.60598,-38.068996,-25.048613,-26.274418,-31.36324,-28.232838,-23.946566,-28.895367,-26.814642,-30.675478,-34.087738,-43.005634,-26.43793,-22.96499,-19.989223,-20.765575,-25.501858,-22.40738,-21.41758,-16.7963,-15.658306,-22.89759,-29.040487,-24.148312,-19.436783,-15.795656,-23.46753,-20.633295,-20.74881,-19.370068,-25.926838,-21.478867,-13.838785,-14.767763,-21.67274,-36.043556,-26.550344,-15.875639,-13.331697,-20.561375,-14.848125,-15.110783,-10.043827,-8.103859,-9.75955,-12.733965,-13.162601,-13.240587,-12.432819,-16.929081,-24.63702,-29.878593,-24.157253,-24.000874,-30.895136,-20.571808,-13.855244,-16.830105,-23.18086,-28.997496,-18.143526,-20.638666,-25.4677,-23.738747,-17.82906,-19.259253,-22.262396,-29.528366,-18.24069,-20.622803,-20.13685,-18.239702,-15.73971,-15.766323,-16.75853,-21.024279,-28.778011,-26.19616,-24.223988,-20.668127,-25.05341,-18.605919,-18.30051,-26.776016,-28.5886,-22.29654,-20.924318,-21.911228,-20.037518,-15.847527,-15.0532,-16.022528,-14.143192,-22.774105,-23.17746,-23.30325,-20.856178,-17.609669,-13.264381,-19.315132,-13.534796,-9.823151,-8.546204,-9.589712,-9.70747,-16.243486,-13.440668,-12.638987,-19.460035,-15.836365,-19.38556,-20.318407,-21.094313,-14.829418,-14.462399,-15.760881,-14.354446,-10.761272,-17.147934,-10.828232,-15.733021,-16.059635,-14.225037,-10.882381,-14.190027,-21.976185,-23.436653,-15.62298,-10.762484,-15.786856,-17.570465,-15.768751,-19.052681,-18.655039,-21.25433,-24.069895,-21.874031,-20.61966,-16.36371,-16.047478,-26.282774,-20.921272,-22.154827,-18.464985,-19.000336,-16.654839,-16.233055,-18.591927,-22.126211,-16.61226,-19.412506,-24.947657,-26.540813,-26.679955,-24.946493,-29.51857,-29.641716,-24.140707,-18.161898,-14.430315,-16.361885,-18.118574,-26.672667,-20.982529,-21.405525,-24.356634,-16.306456,-12.019096,-13.785685,-15.228222,-14.838154,-19.8706,-16.25793,-15.955429,-17.380678,-10.723934,-10.524256,-17.200428,-19.050285,-12.058498,-10.546913,-12.133251,-10.422258,-15.169626,-18.452908,-11.585552,-9.44281,-13.646584,-13.871056,-17.329487,-15.82436,-16.365734,-10.8788185,-10.176304,-11.339977,-11.787956,-23.224009,-18.101057,-11.773994,-15.948063,-17.043074,-15.217411,-22.77634,-21.241165,-12.694721,-13.4165,-19.476843,-15.042824,-19.35225,-10.061522,-8.973713,-14.708244,-20.15728,-15.011436,-18.599092,-18.168037,-22.792263,-24.301964,-29.279572,-25.002121,-22.301159,-20.990261,-22.142494,-26.338957,-22.846989,-12.569767,-10.880203,-14.138714,-17.769539,-15.387098,-23.518167,-19.251793,-12.628572,-14.2556095,-17.495764,-11.263493,-12.025488,-16.608444,-16.5919,-15.230604,-16.848549,-17.66286,-19.642504,-26.947563,-30.19019,-21.77747,-17.685457,-14.076542,-17.540485,-18.098772,-9.28212,-11.272802,-18.349174,-11.567322,-12.681583,-12.91164,-9.46096,-13.856821,-13.843063,-18.0721,-11.939701,-18.171108,-16.189365,-18.481243,-15.612915,-16.242659,-19.97387,-20.571733,-19.608984,-20.61864,-22.859829,-19.607595,-17.506172,-19.25947,-27.009014,-20.004757,-29.094025,-19.797993,-20.24665,-26.293056,-25.094105,-22.51859,-19.991879,-17.488111,-23.210243,-20.383266,-26.23997,-35.06705,-19.032633,-17.60214,-16.225002,-22.199867,-27.103447,-19.91192,-26.201145,-28.165546,-18.90791,-22.854965,-21.071932,-18.875656,-20.373085,-21.821632,-25.081215,-23.387592,-17.363743,-16.9758,-13.363743,-14.172609,-14.488581,-14.065426,-15.5743065,-17.200405,-19.194088,-16.59847,-18.163654,-15.089472,-22.639553,-27.816162,-26.472748,-24.034588,-20.22207,-21.027225,-26.74295,-21.59944,-23.694462,-20.059639,-22.808113,-23.8094,-23.390285,-20.665249,-25.516727,-20.704956,-21.358116,-28.555927,-27.251963,-32.628677,-28.803396,-23.59423,-26.30029,-22.467892,-17.092516,-22.455887,-32.55121,-35.54229,-28.821325,-33.7304,-27.488539,-20.330582,-18.926107,-23.834146,-23.71772,-18.725586,-18.068748,-23.09711,-22.129883,-22.090141,-20.652138,-14.081202,-18.26468,-23.41929,-16.636465,-13.001846,-12.144283,-15.863373,-13.341085,-14.679985,-19.461275,-24.428108,-20.060276,-17.80583,-19.477165,-20.835081,-20.912342,-21.864626,-24.017145,-29.573841,-23.67996,-19.810026,-24.989986,-25.940422,-25.654552,-28.120455,-27.057486,-21.070688,-18.027435,-26.721367,-28.217787,-25.779795,-26.411957,-40.19815,-25.17534,-22.74366,-18.704098,-22.635052,-20.246449,-23.67158,-19.852394,-16.141268,-17.484795,-22.635298,-20.045656,-16.48083,-18.90557,-23.487297,-25.228798,-18.668186,-17.475378,-24.674738,-23.937387,-22.42854,-18.827343,-16.86764,-15.977869,-15.773769,-17.869915,-27.923332,-24.87184,-19.750237,-19.975515,-24.001144,-23.305733,-25.63478,-24.854387,-19.024166,-22.654564,-27.41166,-18.537127,-18.483887,-27.514969,-29.001905,-29.364788,-21.647972,-17.936552,-18.892479,-20.917278,-21.783028,-18.516779,-23.863192,-24.396997,-23.088913,-26.344135,-23.56069,-22.17526,-21.17818,-18.49724,-17.815039,-20.962788,-22.08305,-22.547092,-27.037199,-25.430458,-20.917353,-23.670364,-27.040947,-23.562374,-23.93319,-19.885025,-23.357147,-22.98151,-22.843063,-23.21083,-27.981287,-23.312134,-20.772408,-24.359818,-26.850067,-30.069582,-32.187,-23.401981,-23.54883,-29.289654,-28.114737,-25.023697,-18.913673,-20.849316,-24.965172,-32.271103,-32.22968,-26.497341,-26.75153,-25.429039,-21.356937,-19.775974,-21.143345,-24.153824,-27.203892,-28.992132,-32.094746,-32.984333,-32.61348,-32.641994,-32.606865,-32.87184,-32.89648,-32.596638,-29.693468,-30.993639,-44.126022,-80.0,-80.0,-80.0,-80.0,-80.0,-80.0,-80.0,-80.0,-80.0,-80.0,-80.0,-80.0,-80.0,-80.0,-80.0,-80.0,-80.0,-80.0,-80.0,-80.0,-80.0,-80.0,-80.0,-80.0,-80.0,-80.0,-80.0,-80.0,-80.0,-80.0,-80.0,-80.0,-80.0,-80.0,-80.0,-80.0,-80.0,-80.0,-80.0,-80.0,-80.0,-80.0,-80.0,-80.0,-80.0,-80.0,-80.0,-80.0,-80.0,-80.0,-80.0,-80.0,-80.0,-80.0,-80.0,-80.0,-80.0,-80.0,-80.0,-80.0,-80.0,-80.0,-80.0,-80.0,-80.0,-80.0,-80.0,-80.0,-80.0,-80.0,-80.0,-80.0,-80.0,-80.0,-80.0,-80.0,-80.0,-80.0,-80.0,-80.0,-80.0,-80.0,-80.0,-80.0,-80.0,-80.0,-80.0,-80.0,-80.0,-80.0,-80.0,-80.0,-80.0,-80.0
-34.084885,-29.652222,-33.92405,-39.712513,-28.90776,-27.710957,-20.563433,-20.35305,-23.484898,-16.961977,-18.828854,-28.702682,-24.240507,-27.265759,-28.024033,-25.717491,-23.753471,-29.687939,-23.513407,-27.767076,-33.692814,-31.446844,-34.663692,-38.017418,-29.147366,-23.849777,-22.124744,-29.05616,-25.39375,-21.833797,-17.503826,-23.252272,-34.63146,-38.792534,-30.961987,-28.85551,-35.906563,-23.167925,-17.19516,-16.93411,-22.057142,-26.941868,-19.814774,-17.137531,-17.793123,-13.053072,-11.593414,-12.797281,-17.472588,-23.351355,-32.180893,-26.113636,-23.334557,-26.545053,-23.235699,-15.641132,-9.915846,-12.282452,-11.24077,-22.084047,-17.652824,-13.807358,-9.431301,-16.17201,-11.170109,-11.7428055,-19.576283,-19.021128,-14.833683,-14.640945,-14.036392,-10.742004,-13.584955,-23.58612,-20.204807,-17.16503,-15.516024,-20.757046,-22.662462,-21.03569,-15.569609,-10.541126,-9.100922,-10.258482,-13.205606,-20.476736,-14.359549,-9.927067,-13.523386,-16.364265,-10.260942,-9.696882,-9.366465,-12.226006,-9.700325,-9.731674,-14.706036,-16.375689,-19.702814,-21.17752,-14.202147,-14.30925,-18.836779,-15.787813,-13.87553,-10.152672,-7.7523403,-8.778189,-13.855984,-22.032007,-19.068546,-20.85847,-20.571945,-24.322432,-25.175068,-17.157404,-20.092537,-23.524094,-25.400343,-17.114876,-17.538334,-20.06921,-14.643326,-15.195803,-21.898262,-18.518143,-20.406788,-15.086731,-15.582449,-21.141163,-15.626446,-17.628826,-31.390985,-25.117533,-26.397984,-30.137669,-27.573545,-25.576803,-30.922424,-28.122953,-30.805283,-32.84113,-32.26916,-25.794016,-22.5872,-20.16807,-21.572948,-27.514772,-20.766987,-17.038706,-17.760931,-15.267885,-20.47374,-28.939665,-24.040138,-18.614311,-16.006712,-21.29511,-21.538795,-23.951553,-20.66859,-23.285944,-22.716385,-15.792706,-18.120195,-21.906927,-33.58252,-25.928535,-17.825092,-14.456442,-17.560041,-15.912224,-17.20011,-11.572531,-8.823759,-9.299683,-13.709629,-14.7974415,-15.279758,-13.096127,-16.543524,-23.31135,-25.682087,-23.640759,-24.41071,-30.600477,-21.119259,-14.233448,-16.621424,-20.204168,-21.93934,-18.574495,-20.140823,-23.99902,-23.405697,-16.288034,-15.673946,-19.19957,-24.929375,-17.766216,-20.439432,-24.123617,-19.305424,-17.051737,-19.105097,-18.245502,-21.299671,-29.444473,-24.8811,-21.698603,-21.299496,-25.71708,-21.746881,-21.026308,-24.61718,-25.306087,-22.742855,-21.418873,-23.292675,-21.353512,-18.117496,-17.285276,-15.673162,-13.358498,-22.20807,-24.778316,-32.735107,-26.082844,-20.251844,-15.023052,-20.497456,-15.034061,-10.641617,-9.785988,-9.432911,-9.2371025,-14.587553,-12.433403,-11.30323,-18.678652,-16.922667,-21.104584,-23.430515,-26.99421,-15.47282,-12.048275,-11.154947,-9.996056,-8.734896,-12.631685,-11.899982,-19.467793,-19.371378,-12.912182,-9.756237,-13.754375,-21.399088,-19.866365,-14.171562,-10.646467,-14.217201,-17.719667,-16.884363,-17.4665,-17.489937,-19.936214,-25.092262,-22.396671,-22.690193,-18.92344,-16.863943,-21.720955,-21.250452,-22.945938,-19.194572,-20.751457,-20.115059,-20.565727,-22.456495,-30.387142,-18.274035,-21.607319,-31.688347,-27.18975,-24.130548,-23.552284,-26.769707,-26.311836,-21.270237,-20.278301,-15.280493,-17.49551,-18.01142,-26.227882,-21.446901,-19.014053,-21.587017,-16.444647,-13.4356785,-15.437162,-15.776331,-15.669643,-19.134445,-18.541996,-16.60266,-18.600044,-11.345331,-10.180832,-18.101507,-18.423439,-10.943014,-11.224152,-14.72858,-10.555557,-9.810726,-13.938137,-12.667826,-9.439566,-14.552982,-12.521734,-20.355652,-17.799345,-15.562065,-12.10117,-8.9093895,-12.285263,-11.471897,-16.634064,-17.57984,-12.925781,-15.549137,-15.0178585,-15.345665,-20.418581,-15.942978,-11.593891,-13.1546955,-16.403883,-13.789944,-15.35482,-9.850092,-9.088533,-15.094517,-21.778671,-15.196144,-16.840408,-18.518242,-22.932278,-22.539486,-26.394472,-24.414497,-23.489052,-20.376913,-18.619827,-21.5388,-19.784468,-12.750376,-11.054863,-12.4597,-15.890385,-13.087772,-19.843609,-19.344898,-11.410938,-13.785936,-16.35036,-12.330826,-11.922186,-16.439762,-21.47925,-15.876482,-16.678408,-21.60529,-22.65583,-30.273552,-30.54239,-24.047222,-20.18082,-16.047277,-20.560886,-15.638626,-9.850792,-14.100121,-22.28749,-13.3052845,-15.788557,-17.68738,-11.712191,-12.915575,-14.114185,-17.204567,-13.172102,-20.381786,-15.696426,-16.569332,-16.603584,-16.23629,-20.534702,-20.997452,-19.080019,-21.031708,-25.30334,-22.236437,-19.33424,-20.883585,-25.449265,-19.364485,-23.124031,-19.411459,-20.666403,-28.321028,-25.8363,-22.681593,-20.662699,-18.215162,-19.48164,-18.080618,-20.275038,-21.816603,-17.571802,-16.211536,-16.466415,-23.295677,-22.44771,-20.546324,-23.873829,-21.409016,-17.093632,-22.074306,-24.722765,-20.133316,-21.496109,-21.446245,-25.716621,-26.093815,-17.35374,-15.551468,-12.593575,-15.229546,-13.503815,-13.728228,-15.137466,-13.215893,-15.406582,-15.703636,-19.206429,-15.158308,-18.813196,-22.387999,-23.371971,-21.099815,-19.5448,-22.922333,-22.200752,-19.67088,-23.344276,-22.407509,-21.589827,-22.20068,-21.867882,-20.517368,-26.47749,-21.977638,-22.29463,-30.275492,-29.262693,-29.738895,-27.801256,-24.675995,-24.43599,-20.442398,-15.837805,-22.443363,-32.822037,-27.938774,-24.376217,-25.80289,-24.883907,-18.221107,-19.30455,-23.336124,-24.733429,-18.512096,-17.52665,-21.439192,-23.081867,-24.264057,-19.166357,-14.380238,-21.275415,-22.375917,-16.331842,-14.678591,-13.294392,-16.11799,-14.19891,-16.662157,-19.337631,-25.08754,-17.659792,-15.972134,-19.87619,-19.41431,-19.340008,-24.975681,-25.853786,-29.163858,-25.635603,-20.245432,-24.17342,-25.944958,-28.827137,-30.100992,-29.366234,-23.173553,-17.991198,-22.805336,-27.465483,-26.157837,-26.473827,-39.29702,-26.388145,-21.70198,-17.59146,-19.245913,-18.189505,-17.83905,-15.543274,-15.590466,-18.373096,-21.699627,-19.38569,-15.207333,-17.403454,-25.98133,-27.17898,-17.385588,-17.430681,-25.064259,-22.837612,-20.846203,-17.149866,-14.551123,-15.965496,-15.834679,-18.440197,-28.459003,-27.956644,-21.160784,-19.828676,-23.650711,-21.7833,-25.287916,-26.595913,-19.913418,-21.728315,-25.56117,-17.28252,-16.684116,-22.656673,-25.01196,-28.392906,-23.412003,-18.839436,-18.334381,-19.17737,-22.303185,-19.006397,-23.71877,-23.896261,-20.645592,-22.7757,-22.802876,-19.996744,-21.145802,-19.08627,-18.800392,-22.277035,-22.224514,-22.816706,-28.494896,-23.941044,-19.818457,-25.193407,-29.935713,-25.207848,-22.05647,-19.115295,-22.40551,-22.61122,-24.013817,-24.809124,-30.014236,-25.190067,-22.16372,-24.976824,-25.694794,-28.43179,-31.075481,-24.211227,-23.822784,-30.003963,-28.297642,-26.964472,-19.281883,-21.347307,-26.577988,-29.5372,-33.035538,-26.499386,-26.368319,-26.167423,-21.576847,-21.568497,-22.965794,-24.147512,-28.367085,-29.39637,-32.078365,-34.80141,-34.22132,-34.168407,-34.286697,-34.525845,-34.582962,-34.32905,-31.295856,-31.809052,-44.387108,-80.0,-80.0,-80.0,-80.0,-80.0,-80.0,-80.0,-80.0,-80.0,-80.0,-80.0,-80.0,-80.0,-80.0,-80.0,-80.0,-80.0,-80.0,-80.0,-80.0,-80.0,-80.0,-80.0,-80.0,-80.0,-80.0,-80.0,-80.0,-80.0,-80.0,-80.0,-80.0,-80.0,-80.0,-80.0,-80.0,-80.0,-80.0,-80.0,-80.0,-80.0,-80.0,-80.0,-80.0,-80.0,-80.0,-80.0,-80.0,-80.0,-80.0,-80.0,-80.0,-80.0,-80.0,-80.0,-80.0,-80.0,-80.0,-80.0,-80.0,-80.0,-80.0,-80.0,-80.0,-80.0,-80.0,-80.0,-80.0,-80.0,-80.0,-80.0,-80.0,-80.0,-80.0,-80.0,-80.0,-80.0,-80.0,-80.0,-80.0,-80.0,-80.0,-80.0,-80.0,-80.0,-80.0,-80.0,-80.0,-80.0,-80.0,-80.0,-80.0,-80.0,-80.0
-31.242914,-29.365873,-43.50006,-37.40821,-27.673351,-23.284418,-18.63324,-18.432066,-33.853947,-19.557997,-22.023775,-26.353676,-25.280924,-24.899181,-25.220013,-21.30207,-20.829872,-40.92831,-21.649021,-25.640114,-37.54854,-36.011032,-37.27232,-37.528755,-28.012638,-30.784393,-21.100605,-23.6893,-24.663239,-24.734943,-19.526218,-21.874954,-33.16114,-35.45868,-26.402208,-27.976786,-32.519405,-19.885416,-14.610565,-18.592583,-28.8111,-21.876148,-26.957314,-17.815855,-20.120306,-20.236252,-18.016207,-13.8267975,-13.46121,-23.337908,-35.892025,-26.820175,-25.777874,-24.54799,-23.262718,-12.487724,-8.305895,-7.511444,-9.277767,-16.544067,-19.041784,-9.094923,-8.522474,-15.424881,-10.0478325,-8.767269,-16.186623,-18.728144,-10.484653,-11.126539,-12.306343,-10.074123,-11.78425,-27.771334,-21.178219,-16.479872,-13.285255,-15.980375,-18.851852,-16.073986,-18.63113,-7.7178802,-5.518301,-7.128027,-12.335506,-20.132019,-14.011326,-10.121738,-18.33868,-11.769087,-6.5749283,-6.212225,-14.251268,-8.834438,-9.349468,-10.774832,-13.342802,-17.681091,-22.005638,-21.236149,-18.174307,-18.409801,-16.888655,-16.380081,-21.193884,-15.420893,-12.1078205,-11.385679,-15.088238,-25.09737,-17.265242,-17.823425,-17.791689,-19.072327,-20.801414,-15.114094,-18.337944,-24.864931,-22.548147,-13.983585,-13.206339,-15.611507,-12.497232,-11.880951,-16.382954,-18.92595,-16.415833,-15.634096,-17.254307,-35.255936,-18.120962,-19.189907,-26.245804,-24.540243,-27.274948,-27.725391,-24.121532,-27.65175,-39.28994,-34.39903,-28.427315,-28.63556,-26.621792,-24.64746,-22.802288,-20.978653,-26.741278,-29.453201,-16.986393,-12.725384,-28.42866,-13.957071,-16.725407,-27.172646,-22.617277,-16.314701,-17.226244,-17.609411,-19.287083,-22.571915,-34.976795,-18.351246,-17.979351,-14.913557,-22.221575,-20.375015,-30.035099,-25.25393,-24.225554,-17.024454,-12.858534,-16.2285,-18.39185,-21.065254,-12.735853,-8.971607,-23.095703,-22.95813,-33.849983,-15.313795,-16.371826,-21.491066,-21.101206,-21.865692,-24.331175,-26.554821,-24.465649,-15.341553,-14.55118,-15.910526,-16.34609,-18.95731,-19.00523,-21.394775,-21.578648,-14.177036,-11.659906,-15.201466,-20.041945,-16.026438,-16.821947,-39.22999,-25.444157,-22.907509,-27.579351,-23.857819,-23.3396,-30.925718,-22.605291,-18.558208,-24.240627,-20.322739,-25.755323,-25.726088,-19.97484,-20.67134,-18.979244,-18.93723,-22.856232,-28.897303,-44.673843,-18.246695,-11.821806,-11.850206,-21.875477,-25.975851,-30.883453,-24.82996,-19.300983,-23.147789,-16.421198,-17.462933,-16.08932,-17.276894,-10.084534,-8.553141,-10.320539,-10.626116,-9.292019,-14.798601,-18.794313,-22.617756,-22.71135,-29.310783,-16.516273,-8.89118,-6.342472,-5.4209805,-5.758646,-7.447506,-11.707228,-13.830128,-15.459778,-10.701141,-7.727669,-12.492437,-19.1616,-16.034035,-10.847889,-10.240488,-12.079725,-19.150448,-16.988087,-14.650135,-15.722519,-18.130077,-21.491543,-20.788454,-30.206142,-32.13398,-19.832552,-16.519112,-19.502031,-21.646444,-22.178604,-37.2416,-34.010147,-31.937525,-26.140415,-26.385208,-18.004557,-20.450668,-38.190926,-23.20206,-18.862854,-19.086967,-21.810436,-21.812088,-17.684742,-22.180077,-15.623539,-18.726358,-15.520632,-21.13135,-24.540703,-15.087429,-17.216309,-16.080523,-20.520754,-16.906498,-15.625813,-17.583286,-15.949591,-21.029882,-17.177382,-23.008827,-13.743944,-9.534565,-14.664871,-13.435755,-8.762051,-13.169319,-23.604437,-10.545086,-5.1466007,-9.159983,-15.370018,-9.431629,-19.44439,-9.792366,-17.434265,-20.995125,-13.998907,-16.64036,-7.1284637,-16.15789,-9.686302,-11.235268,-16.19643,-15.662561,-11.764965,-11.955959,-15.497135,-15.428808,-11.326063,-9.760092,-12.704739,-12.276463,-11.653578,-11.248226,-9.533501,-10.468723,-14.684507,-23.100452,-16.10587,-13.814791,-18.973577,-22.291458,-19.35143,-21.647497,-23.974459,-29.092018,-19.898853,-14.647144,-17.041128,-15.233553,-13.4709,-12.830322,-9.958982,-12.255131,-9.883425,-15.921919,-17.80092,-9.720455,-12.08939,-14.709753,-16.127174,-11.689892,-15.241913,-23.779205,-16.297115,-16.267216,-25.439415,-34.795532,-38.690216,-28.503119,-29.173498,-25.693253,-23.388092,-18.47314,-11.351025,-10.419651,-20.104187,-18.409906,-18.123856,-17.49536,-17.141365,-19.297964,-11.027079,-14.248756,-13.5531845,-14.837393,-16.994633,-13.84243,-13.877432,-23.844746,-16.708225,-25.69346,-23.463379,-18.819258,-21.465473,-29.977207,-42.151207,-28.086815,-26.041618,-20.738792,-18.104055,-17.753939,-18.63055,-21.345367,-25.354164,-29.584078,-23.691433,-21.583405,-18.067034,-14.212313,-15.007288,-15.398859,-16.110924,-14.82959,-14.0841255,-16.428864,-30.254862,-18.035238,-22.40203,-19.38325,-15.960463,-14.116106,-18.124493,-31.232235,-24.306095,-26.893068,-20.275532,-28.162136,-28.416504,-17.151348,-13.519001,-11.039825,-22.271091,-11.9935875,-14.080555,-14.111349,-8.917093,-10.624477,-13.249199,-16.942131,-14.502037,-14.69652,-17.541597,-19.496056,-17.47089,-18.626833,-33.58051,-17.393967,-16.396158,-18.906034,-26.765898,-19.155464,-18.8451,-18.510391,-21.0444,-27.038488,-24.038174,-23.531078,-30.629066,-33.769405,-25.08228,-26.478569,-25.57954,-20.613766,-17.785168,-13.503244,-20.801367,-31.21141,-22.491724,-19.991169,-20.284222,-20.04876,-15.40583,-21.118736,-23.035542,-60.47811,-18.358475,-16.945274,-19.21865,-21.691847,-22.833239,-14.862711,-13.552427,-22.079443,-16.77502,-16.494215,-20.770493,-13.996162,-18.071936,-15.74502,-30.538984,-19.530506,-31.728321,-14.602755,-13.4084015,-23.93839,-17.182888,-16.78709,-23.023005,-24.436203,-28.93953,-25.665983,-21.053562,-23.286388,-26.992481,-37.011066,-25.504532,-25.193775,-38.428062,-17.55986,-18.109604,-25.300854,-25.024704,-25.673016,-34.489384,-27.334023,-19.352413,-15.08017,-15.119873,-15.499481,-12.999386,-11.326229,-14.897953,-23.49814,-20.393175,-17.994774,-12.891193,-14.957623,-24.22465,-28.420124,-15.544411,-16.18457,-22.532036,-20.293491,-17.110714,-14.782789,-11.523762,-15.504969,-15.026947,-20.956152,-26.71722,-28.053242,-20.969515,-19.98145,-23.84717,-19.686466,-23.979694,-23.842215,-19.094076,-19.305832,-21.15185,-14.774721,-14.156986,-18.069887,-20.36007,-25.283367,-33.000595,-22.29652,-17.945517,-16.661896,-22.214973,-19.590229,-23.74988,-23.608458,-17.438076,-18.883852,-19.993176,-16.779236,-21.134403,-22.718346,-21.795286,-35.607323,-23.458004,-24.672325,-26.190529,-20.941833,-17.977045,-24.996813,-29.743633,-35.646297,-19.524479,-17.9159,-20.875687,-22.145706,-26.277796,-23.72017,-24.539303,-50.87969,-26.650206,-24.707293,-23.94217,-25.585472,-28.414621,-29.0147,-22.706549,-27.50999,-29.71426,-31.07882,-19.94019,-23.406096,-30.553593,-24.714867,-28.835016,-25.311907,-26.346828,-30.790607,-22.533306,-29.924908,-33.456966,-25.025356,-35.273415,-31.022097,-32.99183,-47.29132,-45.113503,-41.85739,-54.10346,-42.596004,-43.215393,-48.783195,-36.848656,-32.842896,-43.97444,-80.0,-80.0,-80.0,-80.0,-80.0,-80.0,-80.0,-80.0,-80.0,-80.0,-80.0,-80.0,-80.0,-80.0,-80.0,-80.0,-80.0,-80.0,-80.0,-80.0,-80.0,-80.0,-80.0,-80.0,-80.0,-80.0,-80.0,-80.0,-80.0,-80.0,-80.0,-80.0,-80.0,-80.0,-80.0,-80.0,-80.0,-80.0,-80.0,-80.0,-80.0,-80.0,-80.0,-80.0,-80.0,-80.0,-80.0,-80.0,-80.0,-80.0,-80.0,-80.0,-80.0,-80.0,-80.0,-80.0,-80.0,-80.0,-80.0,-80.0,-80.0,-80.0,-80.0,-80.0,-80.0,-80.0,-80.0,-80.0,-80.0,-80.0,-80.0,-80.0,-80.0,-80.0,-80.0,-80.0,-80.0,-80.0,-80.0,-80.0,-80.0,-80.0,-80.0,-80.0,-80.0,-80.0,-80.0,-80.0,-80.0,-80.0,-80.0,-80.0,-80.0,-80.0
-29.788944,-29.142681,-42.46447,-34.215874,-26.184181,-27.563334,-21.016674,-19.708042,-22.7131,-25.614326,-24.83881,-26.887043,-24.17925,-21.343027,-32.92647,-24.720388,-20.54651,-20.389345,-19.556625,-19.147522,-21.875303,-24.180569,-26.618343,-28.599417,-23.484451,-22.065853,-20.693356,-28.190048,-31.515512,-32.42293,-27.572956,-21.413761,-28.918545,-25.403755,-19.744946,-19.858873,-21.559168,-20.66493,-19.56491,-17.600525,-20.785225,-26.944077,-14.838125,-9.912418,-10.8755,-13.174519,-17.927876,-15.960711,-14.446022,-22.324957,-26.381367,-25.978804,-36.256256,-29.09839,-27.191092,-15.275589,-14.613209,-13.314911,-12.237406,-12.377317,-11.407707,-9.452549,-11.22299,-16.359165,-13.830622,-9.922916,-15.111565,-12.837502,-8.485271,-15.472782,-21.28703,-20.590454,-15.018789,-16.0005,-19.639706,-16.89921,-14.387091,-16.695946,-14.542215,-11.4263115,-12.51498,-8.16988,-10.815693,-11.530613,-15.878349,-11.085602,-7.1504517,-13.589138,-26.297388,-14.006073,-8.344242,-7.9090786,-13.124275,-11.543934,-19.687693,-17.805008,-29.2635,-18.22688,-22.248013,-24.681738,-24.851822,-30.808933,-40.956802,-25.852953,-21.37542,-22.661507,-17.675892,-20.352144,-22.941055,-17.299236,-19.815132,-34.589287,-21.463322,-20.38647,-20.492481,-16.168877,-12.873966,-16.29381,-20.312225,-16.050592,-11.751553,-34.095623,-15.463505,-11.886282,-15.611555,-35.503498,-21.268387,-30.75602,-22.077614,-20.963886,-26.338558,-30.2817,-26.973806,-23.79759,-27.579493,-31.829275,-26.101027,-30.836988,-35.172726,-31.462402,-28.324627,-31.677559,-26.056465,-33.35622,-35.063946,-26.75736,-30.065084,-24.278032,-12.111586,-9.642033,-13.137173,-12.728884,-13.934992,-17.882524,-16.769403,-20.733814,-30.112783,-22.398159,-21.287344,-15.326698,-14.723757,-10.687063,-9.098339,-10.753159,-14.129087,-18.643677,-15.680372,-15.996563,-21.447351,-18.237427,-16.740255,-20.285957,-18.335495,-30.679104,-15.7814045,-11.455887,-18.231579,-28.233112,-28.276863,-13.987181,-22.00708,-28.662273,-22.860126,-21.020699,-24.025688,-18.870213,-17.128237,-19.919125,-16.763,-11.839495,-19.541292,-39.875225,-27.264645,-22.718351,-17.857357,-23.813644,-13.095993,-12.681648,-26.121094,-18.058079,-16.018042,-22.490664,-38.64556,-28.102993,-19.928602,-27.058868,-29.372835,-24.552896,-20.361761,-19.599892,-28.21437,-21.749115,-17.70364,-19.891953,-25.76944,-14.417139,-14.593636,-26.544056,-18.953419,-19.188501,-23.527534,-21.46846,-10.42828,-11.960356,-23.850082,-23.726248,-25.795208,-17.71985,-18.403976,-24.878565,-18.062721,-20.235432,-19.129904,-20.590511,-21.60439,-21.06498,-13.128309,-21.337585,-11.319405,-13.419264,-37.040157,-21.886915,-21.519442,-47.766335,-16.984013,-12.755569,-7.44405,-8.182415,-13.352068,-7.645418,-19.425499,-11.063635,-35.552807,-8.312695,-18.127533,-10.331406,-13.461266,-13.198385,-8.648727,-30.99444,-18.139183,-15.165899,-13.288258,-29.506638,-18.81721,-27.743126,-17.662573,-20.874878,-31.530918,-30.549454,-20.136608,-18.631107,-25.185045,-18.615627,-26.78004,-34.685307,-26.52378,-23.845009,-24.815052,-20.27828,-17.890194,-22.821938,-25.424065,-23.402607,-20.199858,-14.852928,-16.23802,-19.504166,-19.09288,-16.590622,-13.886353,-13.139742,-14.506882,-20.25563,-18.107428,-16.050898,-12.219866,-9.933527,-10.3961525,-10.641539,-10.702442,-15.130083,-12.919861,-13.744194,-17.278618,-15.565931,-15.598988,-11.087166,-13.057751,-19.470009,-9.027065,-7.795618,-9.519398,-6.6757755,-4.813858,-5.2536316,-6.6417465,-6.9055576,-8.240015,-8.635004,-11.604147,-12.785988,-11.587946,-10.814287,-8.672195,-8.016565,-10.030819,-7.078583,-9.560282,-12.837383,-12.47929,-9.798916,-17.33836,-16.425402,-11.6156845,-13.642708,-23.288439,-23.69149,-14.405453,-21.44417,-20.53105,-23.119507,-16.197794,-17.41686,-15.372051,-24.747719,-20.481153,-26.401176,-22.750427,-14.012011,-17.86733,-21.439058,-17.477169,-14.928982,-18.981789,-19.434952,-13.742542,-12.6757965,-10.622709,-11.823589,-10.694786,-11.925816,-14.288664,-12.811302,-11.180946,-9.97896,-16.192926,-15.390818,-11.446924,-12.79446,-12.006561,-11.776012,-17.111814,-23.857054,-26.83096,-27.785683,-21.9762,-38.21651,-36.407402,-14.44368,-10.043758,-14.934351,-22.658268,-20.199345,-18.895908,-15.488792,-11.922653,-13.64916,-24.431976,-19.743578,-17.374578,-23.15926,-35.452904,-15.9674225,-16.287016,-21.297714,-17.719065,-18.529362,-21.252945,-18.348719,-22.56235,-30.924332,-27.988354,-40.147945,-28.731056,-42.347473,-20.288017,-23.26327,-28.862186,-25.321255,-30.91505,-23.568048,-24.724508,-18.912992,-14.595671,-14.819153,-20.76353,-17.556059,-13.704144,-21.82546,-22.522667,-17.322014,-16.409458,-17.149162,-24.48215,-20.100342,-15.642336,-14.584772,-20.228672,-25.87412,-21.738369,-20.849,-15.514324,-15.693119,-13.694334,-12.20809,-16.714565,-12.144859,-14.48513,-12.419188,-13.979158,-12.550114,-9.804073,-10.646097,-14.727346,-17.44735,-19.741724,-20.613026,-18.902151,-32.73802,-21.8325,-19.421545,-20.262012,-18.391071,-17.487572,-15.811712,-20.488638,-17.428709,-32.22432,-17.486969,-28.584547,-22.082123,-43.124287,-26.291721,-25.865372,-28.829811,-25.006248,-26.015724,-19.015717,-18.841486,-20.469872,-12.18092,-13.919872,-18.915442,-20.565687,-20.548553,-17.400833,-15.541857,-14.084145,-18.24565,-21.98811,-19.855808,-23.885303,-26.588223,-20.690437,-13.872345,-12.699577,-13.099497,-12.569544,-13.581226,-20.609728,-19.15109,-12.854536,-11.565943,-14.356966,-17.42524,-21.324398,-22.39399,-19.070368,-16.258938,-15.58849,-19.186855,-17.270416,-18.110678,-18.748207,-19.318707,-31.029802,-23.899254,-28.956432,-37.227898,-33.33761,-29.12194,-21.987133,-20.185513,-20.60386,-16.228024,-19.994469,-26.995413,-21.94567,-27.544798,-30.491432,-22.174255,-33.050694,-16.239056,-19.253674,-19.447384,-17.442822,-13.317673,-12.838461,-16.92757,-22.805738,-20.856697,-16.165522,-20.63094,-22.250633,-25.066978,-18.615574,-14.578247,-29.023533,-18.440678,-17.376472,-29.031765,-14.414848,-9.7865505,-11.583416,-16.78343,-27.08655,-27.369127,-20.167881,-22.099052,-21.57964,-19.304316,-26.985703,-17.495707,-16.774637,-28.916683,-16.001293,-13.111341,-19.319223,-21.921028,-17.597944,-17.296888,-16.575893,-19.036293,-17.687107,-19.265522,-17.035435,-24.754112,-28.589424,-25.039188,-20.62741,-20.250292,-32.640236,-18.610132,-19.230097,-20.024855,-21.779858,-36.390934,-30.075409,-26.730076,-27.161911,-26.262474,-19.943638,-20.40823,-25.409046,-29.09068,-23.861904,-20.039877,-32.37673,-30.68788,-21.590816,-17.380722,-20.031015,-27.978083,-22.950006,-18.999653,-21.925112,-37.120705,-31.444511,-26.571123,-23.123684,-32.976475,-29.054277,-41.656715,-20.470778,-20.737852,-30.804976,-21.1767,-22.248907,-35.87224,-24.782436,-29.121304,-28.06595,-33.85222,-30.864159,-32.965733,-32.167698,-32.024334,-36.38324,-41.69419,-41.73314,-42.67388,-41.075584,-42.443398,-42.292526,-42.93966,-39.321133,-34.354618,-44.0736,-80.0,-80.0,-80.0,-80.0,-80.0,-80.0,-80.0,-80.0,-80.0,-80.0,-80.0,-80.0,-80.0,-80.0,-80.0,-80.0,-80.0,-80.0,-80.0,-80.0,-80.0,-80.0,-80.0,-80.0,-80.0,-80.0,-80.0,-80.0,-80.0,-80.0,-80.0,-80.0,-80.0,-80.0,-80.0,-80.0,-80.0,-80.0,-80.0,-80.0,-80.0,-80.0,-80.0,-80.0,-80.0,-80.0,-80.0,-80.0,-80.0,-80.0,-80.0,-80.0,-80.0,-80.0,-80.0,-80.0,-80.0,-80.0,-80.0,-80.0,-80.0,-80.0,-80.0,-80.0,-80.0,-80.0,-80.0,-80.0,-80.0,-80.0,-80.0,-80.0,-80.0,-80.0,-80.0,-80.0,-80.0,-80.0,-80.0,-80.0,-80.0,-80.0,-80.0,-80.0,-80.0,-80.0,-80.0,-80.0,-80.0,-80.0,-80.0,-80.0,-80.0,-80.0
-32.921818,-31.297356,-36.501682,-35.457077,-27.461344,-25.386597,-23.92525,-22.43269,-19.110628,-20.042751,-22.017263,-25.879711,-23.940617,-24.61266,-29.404097,-29.810444,-26.006329,-23.705011,-25.849945,-22.820927,-22.521065,-26.185753,-29.399986,-26.041824,-23.927164,-23.278225,-26.413746,-28.561882,-30.073631,-34.652016,-30.205132,-21.255852,-20.227734,-20.733074,-20.872345,-22.241278,-23.709118,-28.107487,-26.605997,-23.636993,-20.046518,-21.621769,-13.933336,-10.616543,-12.335417,-14.626543,-22.041985,-18.73524,-18.743206,-30.42331,-31.991726,-29.623558,-28.295362,-37.24715,-26.360046,-21.793272,-22.233595,-21.036064,-20.234222,-18.201122,-12.490942,-15.412495,-17.626717,-17.228096,-20.815952,-13.937096,-18.828754,-13.627506,-11.217754,-17.987696,-24.535694,-22.220814,-18.811054,-23.638327,-21.335728,-19.635258,-20.698578,-23.980082,-19.899147,-12.166798,-13.176458,-13.602255,-17.15903,-18.083206,-11.481564,-7.5788765,-6.9057636,-11.6042595,-18.507618,-20.189325,-15.423645,-13.653416,-15.786045,-16.939981,-20.023016,-18.990965,-16.227568,-17.855854,-24.428158,-20.503193,-24.433388,-31.484293,-25.097334,-27.114056,-20.394974,-20.449686,-20.7285,-18.241165,-28.348797,-20.66779,-25.258923,-31.660582,-28.160172,-28.462055,-27.975143,-21.221504,-17.520481,-14.439762,-14.628216,-13.500269,-13.768528,-19.675655,-22.705158,-15.829052,-17.889685,-24.722992,-24.175396,-28.74027,-20.969099,-26.455168,-26.676144,-28.95459,-28.339859,-24.52068,-25.828777,-31.095066,-26.175005,-27.75064,-34.736027,-31.610327,-27.702711,-29.970724,-27.095078,-29.981232,-26.393894,-30.805248,-26.40575,-18.21431,-11.785337,-11.897095,-21.096764,-15.718758,-21.016434,-18.53001,-16.63739,-24.254543,-25.915434,-27.619244,-22.30149,-16.539127,-16.463236,-11.557606,-11.301979,-18.729742,-13.575455,-17.758295,-11.839922,-12.031755,-14.729221,-25.939688,-15.254311,-13.407927,-14.907948,-21.434212,-19.712471,-15.424728,-12.508747,-14.049692,-11.942059,-11.907312,-18.783157,-27.92381,-22.807432,-21.343344,-21.33277,-21.493404,-20.978699,-20.62595,-14.476963,-14.275156,-25.254747,-39.58316,-27.603596,-20.330557,-18.196674,-22.27504,-19.850649,-16.423033,-20.023098,-22.085648,-20.739725,-19.863249,-22.439701,-20.703075,-21.301737,-28.941631,-31.582762,-28.968685,-24.614517,-23.317833,-30.017464,-27.261335,-19.849136,-19.222933,-18.367981,-16.723057,-19.433506,-19.530941,-19.001892,-18.31835,-24.679588,-19.573143,-13.205753,-16.47472,-21.291618,-27.337414,-25.628326,-16.673956,-18.513561,-22.960327,-20.38576,-20.596182,-16.949675,-16.810001,-16.11443,-16.20974,-14.46862,-14.714087,-19.08329,-14.862043,-16.618975,-18.239296,-18.148453,-18.73896,-16.316677,-17.20202,-14.371593,-14.024668,-15.587143,-11.709978,-9.848385,-9.140633,-10.042473,-9.71298,-11.838377,-10.4869995,-12.762564,-12.377823,-9.420933,-11.2500305,-12.382694,-11.237255,-13.370415,-19.712265,-19.8908,-23.828499,-22.417658,-24.05915,-24.950096,-23.312662,-26.145489,-22.3563,-20.556755,-17.97928,-27.530952,-37.239967,-23.69614,-25.899052,-26.237488,-27.572346,-21.57464,-28.233208,-25.26942,-22.382809,-21.656246,-19.517197,-20.377724,-26.068722,-22.464193,-21.370014,-19.227016,-19.79357,-18.58863,-23.293804,-19.458488,-23.07155,-16.56283,-14.280846,-12.993528,-14.119534,-15.580605,-16.049368,-13.181339,-14.984737,-18.539196,-14.262636,-13.760571,-17.331856,-18.299294,-16.232382,-13.061935,-13.896996,-10.407839,-12.591522,-11.791561,-9.899513,-12.372772,-11.183208,-10.336609,-16.249002,-13.810848,-16.834501,-15.713963,-16.313192,-14.765938,-11.738945,-17.251657,-10.848213,-11.51519,-16.421228,-18.504501,-13.699436,-13.443071,-19.475594,-15.20569,-14.695389,-18.195196,-16.536442,-14.926472,-15.966978,-18.658592,-21.918856,-16.636887,-13.760422,-15.404449,-18.489845,-16.79817,-19.158981,-21.989204,-14.74827,-13.334759,-17.110884,-20.234573,-22.418285,-20.385365,-19.897036,-15.311001,-13.467869,-16.762877,-19.2346,-18.678745,-13.223476,-13.677788,-16.1959,-14.611389,-13.301476,-16.23194,-23.21187,-15.458172,-17.028244,-17.409447,-15.964455,-15.718353,-18.758564,-29.455032,-21.908749,-17.784515,-20.323164,-20.787548,-16.793655,-14.310268,-20.627428,-29.547165,-25.169315,-25.546894,-15.736502,-12.416752,-14.513151,-18.148907,-15.182026,-16.015022,-23.447754,-26.704216,-22.043346,-20.503635,-29.357048,-20.528528,-16.756914,-17.574938,-21.8076,-22.850048,-24.195766,-27.228842,-30.992676,-24.153366,-21.58331,-21.179047,-25.474464,-23.939548,-23.186733,-23.199627,-23.977371,-30.782337,-22.72863,-20.343477,-21.368233,-26.271734,-21.647463,-18.269056,-22.807238,-28.451061,-22.950264,-18.304234,-21.467857,-28.871906,-22.958565,-23.455551,-21.085754,-21.134907,-21.401539,-20.05526,-21.355457,-16.581182,-16.501638,-14.031431,-11.342772,-11.054867,-14.498299,-18.665327,-16.744347,-18.98292,-14.545658,-17.34257,-17.514545,-21.99664,-25.073147,-25.76755,-28.71664,-21.61314,-25.545334,-25.891417,-21.42367,-24.671156,-19.879883,-19.946846,-16.29027,-22.062809,-16.91047,-18.207401,-19.672272,-17.383144,-18.374645,-31.201061,-28.119564,-32.472775,-25.164507,-27.68378,-31.686548,-21.42672,-18.12499,-20.118944,-16.271389,-15.269148,-24.194012,-26.481491,-28.150932,-22.63443,-23.295473,-18.183413,-20.238132,-29.473257,-20.914875,-22.97985,-27.73927,-21.129005,-15.40049,-16.783276,-18.81873,-18.007755,-17.679628,-24.769943,-22.548622,-18.358852,-14.873564,-20.272923,-22.151943,-24.658577,-24.831318,-23.017136,-23.4112,-22.295135,-24.95001,-21.55595,-22.8095,-22.396729,-20.852192,-25.882345,-24.874779,-26.522818,-29.2733,-29.097015,-35.306423,-21.746872,-23.864388,-23.859621,-19.868301,-22.266197,-31.812641,-25.628109,-24.909317,-29.877687,-25.051474,-21.154503,-17.506435,-18.019066,-19.651356,-23.513824,-20.527233,-16.096306,-16.925896,-26.346783,-25.253994,-21.605225,-28.300484,-26.200043,-22.803001,-19.156895,-16.65545,-21.029646,-22.470129,-22.55464,-28.885124,-16.785692,-14.618603,-16.642782,-18.63667,-22.529034,-28.658443,-23.100843,-28.692875,-19.541044,-21.275402,-30.757948,-17.862865,-16.643951,-22.977573,-20.936413,-18.754107,-19.211088,-21.408276,-24.12316,-20.168856,-18.327513,-14.747452,-19.55347,-26.540403,-21.172367,-21.83122,-25.662724,-26.329176,-28.035824,-22.738888,-21.253046,-26.718618,-22.451382,-26.365543,-22.771229,-33.55565,-30.942383,-27.753616,-26.277096,-28.239523,-26.50807,-22.828308,-31.92596,-28.57572,-25.902027,-21.523254,-23.418125,-24.864117,-21.883142,-20.074795,-22.049858,-24.851173,-25.995817,-22.193663,-23.371777,-33.61773,-31.817142,-23.240969,-26.871025,-30.918734,-33.602913,-26.877422,-18.592377,-19.427206,-26.200348,-22.9427,-24.30673,-23.059587,-22.615965,-31.760166,-30.811014,-29.246456,-30.987999,-39.120323,-39.13314,-33.51615,-42.00194,-48.950436,-46.708317,-46.288067,-47.002735,-47.573147,-47.86827,-46.14439,-37.16437,-34.998642,-45.637184,-80.0,-80.0,-80.0,-80.0,-80.0,-80.0,-80.0,-80.0,-80.0,-80.0,-80.0,-80.0,-80.0,-80.0,-80.0,-80.0,-80.0,-80.0,-80.0,-80.0,-80.0,-80.0,-80.0,-80.0,-80.0,-80.0,-80.0,-80.0,-80.0,-80.0,-80.0,-80.0,-80.0,-80.0,-80.0,-80.0,-80.0,-80.0,-80.0,-80.0,-80.0,-80.0,-80.0,-80.0,-80.0,-80.0,-80.0,-80.0,-80.0,-80.0,-80.0,-80.0,-80.0,-80.0,-80.0,-80.0,-80.0,-80.0,-80.0,-80.0,-80.0,-80.0,-80.0,-80.0,-80.0,-80.0,-80.0,-80.0,-80.0,-80.0,-80.0,-80.0,-80.0,-80.0,-80.0,-80.0,-80.0,-80.0,-80.0,-80.0,-80.0,-80.0,-80.0,-80.0,-80.0,-80.0,-80.0,-80.0,-80.0,-80.0,-80.0,-80.0,-80.0,-80.0
-34.47168,-32.812767,-35.248573,-35.584457,-28.613482,-22.637419,-22.17611,-23.45876,-17.882256,-17.895618,-22.47788,-26.511631,-24.910723,-26.424551,-29.73384,-31.33633,-27.610285,-24.540897,-29.59404,-24.85092,-23.729399,-27.268759,-30.691505,-26.5956,-25.035992,-24.544538,-29.911451,-28.164227,-30.572304,-33.175083,-29.60273,-20.826046,-20.179153,-21.028288,-22.21784,-23.861132,-25.281406,-30.14318,-31.715923,-26.86639,-19.592842,-21.618307,-14.368151,-11.5281315,-13.831577,-16.045017,-21.662233,-19.102589,-20.650635,-38.68578,-34.78007,-28.775646,-25.832355,-34.66102,-27.273518,-27.135246,-30.718613,-27.408867,-28.371151,-21.201126,-13.593796,-18.008669,-22.066313,-17.925776,-22.90163,-16.183393,-18.830894,-14.205084,-12.913935,-18.693485,-24.872105,-22.101912,-19.886696,-23.169384,-18.572603,-19.413223,-25.601292,-27.222862,-19.619247,-12.73694,-14.4713,-17.33772,-21.33453,-22.725513,-11.026512,-7.825281,-7.593296,-11.92835,-17.465698,-24.01879,-21.838577,-17.602962,-17.557262,-20.348927,-20.88364,-19.918076,-15.35766,-17.97683,-25.11419,-19.775574,-22.76268,-26.215559,-22.418053,-22.732683,-19.014694,-20.558071,-22.353956,-17.420383,-21.342098,-20.690859,-27.65388,-32.070507,-33.33803,-36.633694,-33.312572,-23.948677,-20.19822,-14.399872,-13.597116,-12.70669,-14.780613,-19.97057,-24.187199,-16.882107,-17.248037,-19.87498,-20.906506,-23.163376,-20.156109,-25.448101,-24.659237,-27.511072,-28.477928,-25.424404,-26.440395,-30.080112,-25.975843,-25.598785,-31.892477,-29.620577,-26.679932,-30.298386,-27.966282,-26.002249,-23.58749,-30.278856,-25.813013,-17.707561,-12.558878,-13.231842,-24.928997,-16.562654,-23.081217,-19.064526,-17.65871,-19.803724,-19.16389,-21.086796,-17.818245,-15.708349,-16.670345,-12.926563,-12.038876,-22.497978,-13.399334,-13.169558,-11.356998,-12.556753,-13.805178,-18.3671,-13.155148,-11.323845,-13.200863,-21.06476,-19.435753,-14.638702,-10.135731,-10.609667,-10.013397,-12.202976,-18.296616,-27.83949,-22.861137,-22.464813,-21.821245,-23.053715,-22.902931,-21.399096,-13.393696,-14.963709,-28.989407,-39.28553,-25.453737,-20.124321,-18.353336,-20.775482,-22.980793,-18.63697,-20.159758,-23.503891,-22.839684,-19.791735,-22.291641,-19.140472,-22.197313,-30.228113,-32.754112,-31.44751,-26.979235,-25.691914,-29.974588,-31.023743,-20.9748,-20.046703,-18.55082,-17.488468,-21.849554,-19.734554,-20.081123,-18.735,-24.04506,-18.766052,-14.209789,-19.148327,-21.73409,-28.713043,-22.355389,-16.242594,-18.711163,-18.39901,-17.52185,-17.79078,-17.460941,-15.612627,-13.744305,-15.586233,-15.387728,-14.528843,-21.660622,-14.535028,-15.293058,-19.019482,-17.252592,-18.73891,-15.588621,-15.919556,-18.301998,-16.219048,-15.976807,-13.637299,-10.048037,-9.380135,-9.491861,-11.03233,-11.841412,-10.80513,-13.582506,-13.199814,-10.059557,-11.449226,-11.389046,-11.140705,-13.490459,-19.98751,-19.26445,-23.595848,-22.280762,-21.49468,-21.129253,-22.571665,-25.09224,-22.663637,-20.02315,-17.538326,-21.409681,-24.029156,-19.635168,-22.056318,-25.041054,-24.785301,-21.579887,-28.84581,-22.643366,-20.710644,-21.43158,-22.365414,-22.834652,-23.213844,-20.388931,-22.706024,-20.998638,-23.8933,-20.689276,-21.81176,-18.970474,-26.746939,-18.691061,-16.65876,-14.525282,-16.008541,-17.552689,-16.717127,-14.376453,-15.326618,-18.10617,-14.410025,-14.475086,-19.184193,-21.281635,-15.464897,-14.711451,-17.831905,-11.379671,-16.565937,-18.207703,-12.668982,-16.274488,-13.804783,-11.557049,-20.606558,-14.98428,-19.347546,-18.278126,-18.90017,-18.035103,-13.909954,-17.874298,-13.060759,-13.083706,-17.551453,-22.242569,-15.89576,-13.755648,-18.666573,-16.300013,-15.967222,-17.54452,-15.96377,-16.051476,-14.810259,-17.859562,-22.003256,-16.742422,-14.396128,-15.486935,-18.885595,-15.962751,-17.76045,-22.184677,-14.82687,-13.274525,-17.358295,-22.158188,-28.574617,-20.617893,-19.838821,-15.633598,-13.497566,-19.79007,-18.379017,-17.956234,-14.067036,-14.584906,-16.49731,-15.590307,-15.469078,-16.76505,-27.083723,-17.201506,-19.684536,-20.846806,-18.600372,-16.316843,-17.333454,-24.845139,-20.85667,-16.921303,-18.487934,-20.428226,-18.55965,-16.675125,-22.239376,-29.1643,-28.296022,-27.87315,-16.285612,-13.605463,-15.01062,-18.472267,-13.777954,-16.140617,-23.374508,-23.961649,-24.52861,-22.117249,-41.707966,-21.723627,-17.387787,-17.651844,-22.825483,-22.230515,-23.096924,-24.765745,-28.496565,-20.716228,-20.68171,-21.263103,-22.936142,-24.465809,-21.560564,-20.733345,-24.555082,-32.618946,-24.369118,-24.450773,-26.62877,-28.751049,-23.28972,-21.08738,-24.14449,-31.084572,-25.42109,-19.419641,-24.100777,-28.18056,-24.683043,-30.927412,-25.888584,-21.230314,-21.670113,-19.03735,-19.192038,-17.224604,-17.422255,-15.28348,-11.72076,-11.103098,-15.666042,-19.041851,-17.767584,-19.185028,-15.986822,-25.12439,-23.368391,-29.017288,-30.742918,-24.321201,-25.566048,-20.725887,-23.211067,-26.207207,-21.07257,-22.314247,-19.795942,-20.585758,-16.488485,-19.220423,-17.708946,-17.29761,-20.316362,-15.532476,-16.560513,-23.638815,-24.796179,-28.219145,-23.880674,-26.12969,-33.58585,-22.432156,-18.729034,-20.715208,-18.0085,-15.855425,-26.282888,-28.939606,-36.484383,-25.341406,-28.538456,-20.663477,-21.408844,-33.092964,-21.50698,-21.448784,-26.98133,-21.480417,-16.085611,-19.217396,-21.73003,-19.47843,-19.34061,-26.010908,-23.608974,-21.508226,-16.761196,-23.337936,-23.400455,-26.767115,-24.360636,-24.321333,-29.798405,-28.031181,-28.956297,-23.366735,-23.46979,-24.084396,-22.139986,-25.461569,-26.009136,-26.026966,-27.040867,-27.033957,-31.116917,-21.659758,-23.442965,-23.941315,-22.093561,-21.844,-28.110909,-25.439293,-24.728138,-30.80177,-26.931038,-20.63413,-18.558903,-18.680319,-20.16362,-25.676163,-26.475637,-17.63777,-17.5721,-27.395947,-27.66259,-24.508072,-30.468859,-23.48689,-20.404404,-20.082043,-17.924355,-21.145458,-24.945816,-24.743965,-24.115257,-17.968353,-17.756727,-19.862373,-19.814795,-22.054375,-28.50822,-23.374088,-25.821436,-19.226915,-22.02099,-29.681458,-18.50285,-17.074919,-22.930555,-23.56807,-22.432903,-19.326656,-19.526272,-22.712643,-19.497332,-17.362062,-14.750954,-19.929085,-30.270355,-22.436832,-22.026594,-25.843128,-27.057304,-29.656094,-21.171532,-19.888031,-26.198715,-22.511932,-26.857082,-23.235828,-30.638374,-28.439827,-27.540058,-25.07228,-24.648287,-27.5392,-23.133476,-29.736599,-26.922459,-26.674337,-22.064495,-23.92664,-24.259148,-23.081055,-21.753881,-23.718683,-24.880527,-27.878117,-24.239595,-24.44839,-30.380499,-28.593044,-22.8183,-25.930412,-28.812717,-34.3326,-24.198391,-16.898289,-19.110031,-26.783482,-23.73249,-25.49497,-21.617687,-22.189243,-30.885723,-31.977654,-29.488861,-30.171494,-35.331627,-37.464,-33.67971,-43.25042,-51.27734,-48.822212,-47.763184,-50.004673,-48.970924,-49.374302,-47.47606,-36.102364,-34.637455,-45.834694,-80.0,-80.0,-80.0,-80.0,-80.0,-80.0,-80.0,-80.0,-80.0,-80.0,-80.0,-80.0,-80.0,-80.0,-80.0,-80.0,-80.0,-80.0,-80.0,-80.0,-80.0,-80.0,-80.0,-80.0,-80.0,-80.0,-80.0,-80.0,-80.0,-80.0,-80.0,-80.0,-80.0,-80.0,-80.0,-80.0,-80.0,-80.0,-80.0,-80.0,-80.0,-80.0,-80.0,-80.0,-80.0,-80.0,-80.0,-80.0,-80.0,-80.0,-80.0,-80.0,-80.0,-80.0,-80.0,-80.0,-80.0,-80.0,-80.0,-80.0,-80.0,-80.0,-80.0,-80.0,-80.0,-80.0,-80.0,-80.0,-80.0,-80.0,-80.0,-80.0,-80.0,-80.0,-80.0,-80.0,-80.0,-80.0,-80.0,-80.0,-80.0,-80.0,-80.0,-80.0,-80.0,-80.0,-80.0,-80.0,-80.0,-80.0,-80.0,-80.0,-80.0,-80.0
-37.31289,-39.637238,-33.365154,-34.987255,-33.69672,-18.7237,-18.189022,-24.34091,-15.821503,-14.738085,-26.784613,-30.555702,-32.181854,-31.092941,-33.304386,-29.549265,-25.307137,-23.899912,-29.3732,-29.689484,-32.995037,-29.814524,-32.80695,-31.726261,-32.63291,-31.80746,-32.528046,-26.762077,-33.91099,-29.615744,-26.830492,-19.565178,-22.502085,-24.943382,-32.609596,-31.254747,-33.463226,-24.937027,-30.403957,-26.379633,-18.487007,-23.564734,-16.728779,-15.426823,-29.578552,-26.011257,-18.312038,-17.884823,-21.818384,-33.098045,-34.722107,-25.239697,-22.430872,-28.335363,-35.386997,-40.491425,-31.565468,-23.40509,-23.49182,-20.94452,-18.658136,-16.307693,-23.863686,-19.954138,-18.45676,-21.274086,-16.199287,-15.6736145,-19.227339,-18.670986,-23.162659,-20.66176,-19.224072,-17.268314,-14.199961,-17.120792,-36.37703,-22.8315,-15.505484,-14.22282,-28.778769,-39.897675,-22.38332,-24.008945,-10.858871,-10.712948,-11.088478,-14.4242935,-16.116049,-24.789276,-25.553219,-25.478693,-26.225182,-25.857735,-25.02567,-22.99086,-14.604641,-18.40929,-25.429035,-18.81194,-19.629837,-20.927006,-18.895775,-17.679813,-16.334204,-21.949162,-26.109339,-15.879463,-15.366829,-18.348783,-27.002136,-35.956417,-35.8031,-31.185284,-29.753267,-26.30228,-25.200983,-14.972504,-12.121243,-11.310987,-16.852142,-26.619408,-19.09322,-15.934513,-14.59239,-14.994122,-16.075283,-17.903402,-18.40173,-20.827806,-21.053066,-24.806799,-27.822523,-29.20977,-31.270187,-27.883436,-25.172192,-22.279854,-27.754879,-26.071058,-24.44423,-32.619152,-30.884602,-21.396639,-19.888695,-26.82613,-25.108906,-17.62892,-17.02736,-17.147732,-19.147707,-16.37719,-18.46497,-20.471632,-25.736225,-14.477026,-13.654129,-15.179155,-12.750826,-13.223066,-15.924877,-33.34633,-12.5145645,-16.668951,-12.945286,-8.189255,-10.997828,-18.891376,-12.649347,-12.084007,-9.732372,-8.291788,-10.418133,-21.804487,-16.312258,-10.993729,-6.750963,-6.482027,-7.3233795,-14.5770855,-17.79792,-27.750902,-22.865887,-31.032831,-26.30997,-27.99051,-25.808544,-24.148817,-11.393635,-14.979612,-33.83815,-38.391453,-21.732962,-20.282707,-18.461498,-18.031485,-19.85364,-25.82903,-23.265873,-23.447937,-23.477486,-20.545956,-24.45345,-16.822493,-24.700283,-34.89825,-35.451454,-36.129948,-31.646378,-42.11118,-28.590126,-42.676533,-23.504343,-25.868113,-22.428804,-17.940586,-23.491884,-23.702566,-28.92765,-20.950094,-21.883144,-17.206972,-14.911867,-25.611683,-25.622692,-29.364311,-17.927963,-15.294376,-19.121885,-13.477861,-12.984982,-13.586195,-21.67502,-13.626007,-10.352486,-14.99436,-18.111593,-15.7926445,-16.060577,-12.782303,-13.577421,-41.18785,-15.784237,-22.056808,-13.878193,-11.675022,-15.579382,-14.09934,-15.304663,-15.708565,-14.599928,-11.311451,-9.825346,-18.406433,-14.066027,-11.664387,-19.412651,-19.348549,-11.872938,-16.820168,-9.998596,-12.218847,-13.639149,-25.55511,-17.147135,-24.100752,-18.72116,-16.935131,-16.694208,-21.915281,-20.154545,-20.477512,-19.654701,-16.426872,-15.906265,-17.806425,-14.968365,-17.119055,-22.014914,-18.83541,-18.976994,-25.403648,-18.624062,-17.675415,-19.87165,-30.088596,-30.142822,-17.541891,-16.050648,-21.082926,-19.200504,-22.67402,-23.882202,-17.98541,-16.970356,-23.409348,-20.869246,-20.767721,-19.23444,-20.400738,-17.285172,-18.509178,-26.899569,-15.386036,-16.244503,-15.502398,-20.97457,-15.828527,-24.124859,-14.253899,-15.49231,-19.76956,-15.470291,-21.018549,-27.311195,-19.051985,-23.435574,-23.197834,-14.917309,-15.897303,-17.70395,-30.533478,-29.596312,-18.622025,-17.409546,-20.45345,-12.545811,-19.897526,-23.285091,-17.380327,-23.755198,-21.229519,-17.401283,-15.453213,-16.00757,-24.343624,-16.91081,-15.793264,-23.655985,-13.067217,-16.311796,-22.764622,-16.615814,-22.729122,-15.537685,-24.94745,-14.672249,-15.699564,-23.164402,-14.427292,-14.699669,-20.673477,-38.442932,-25.87114,-20.201347,-19.213432,-15.353598,-12.922819,-18.398277,-12.595814,-11.772388,-16.358068,-21.768057,-14.60232,-15.19648,-31.27954,-18.809013,-21.640377,-18.46656,-32.495193,-26.668169,-32.269634,-20.528366,-15.095081,-19.584576,-19.353941,-15.642336,-15.931622,-21.472805,-33.903107,-21.237461,-19.548439,-23.858501,-36.56997,-24.204956,-18.198519,-23.31466,-16.020359,-23.500538,-11.528553,-17.16623,-22.801996,-20.318975,-22.32425,-22.31518,-38.824863,-23.240393,-22.490088,-19.522957,-22.505512,-20.42025,-21.562366,-20.940548,-25.087877,-16.45522,-19.91678,-20.779442,-18.601759,-31.932259,-18.738258,-17.32259,-26.452171,-29.574383,-25.695147,-43.10501,-33.859097,-28.129889,-23.897354,-30.162727,-35.97762,-29.54822,-24.409336,-22.44503,-32.924297,-24.385078,-30.623642,-27.116823,-28.766943,-20.769367,-25.23771,-17.04019,-15.432404,-18.704763,-21.190512,-33.796024,-13.69949,-13.455795,-18.008997,-16.545856,-16.205393,-15.740797,-22.37627,-25.259499,-27.85626,-31.943047,-26.748138,-19.231544,-19.255499,-17.579628,-19.917595,-23.735052,-18.989147,-17.521683,-18.515583,-20.412868,-16.644775,-14.821903,-22.844593,-16.458103,-20.475492,-12.900656,-13.6688,-18.010212,-20.110573,-22.335682,-21.734905,-22.364586,-31.352455,-23.756723,-22.139812,-23.61763,-19.017645,-16.740551,-25.299528,-27.099503,-37.19975,-26.609594,-23.745253,-29.233465,-24.632391,-28.4018,-22.744186,-18.562382,-24.625982,-22.250286,-17.198698,-26.820084,-21.62949,-17.012012,-20.005577,-25.196976,-23.516865,-23.577827,-22.167324,-22.89163,-21.691048,-37.235878,-21.86509,-24.059269,-31.546698,-39.31092,-37.74367,-24.143482,-20.846436,-26.162493,-28.218504,-25.53663,-31.88266,-25.316092,-23.876747,-23.89352,-25.347988,-21.320671,-20.317741,-21.776237,-31.048168,-19.50584,-22.756565,-22.584316,-25.05785,-38.378956,-36.351868,-20.929556,-22.548397,-23.364801,-21.916557,-23.009768,-25.76512,-20.025808,-20.406834,-27.044268,-31.727087,-25.667007,-24.942047,-18.670164,-16.783596,-24.469744,-21.772087,-24.560045,-34.900543,-24.29838,-19.029451,-20.368309,-34.706863,-28.45504,-23.466301,-21.853794,-27.196865,-21.815895,-20.135834,-18.921753,-22.83247,-25.889053,-20.82533,-18.713108,-24.780102,-25.994625,-27.707296,-19.578297,-16.186634,-17.366879,-16.522833,-14.502876,-16.433535,-19.550016,-26.211739,-21.724052,-24.260414,-27.986713,-28.691645,-24.378098,-17.454226,-18.021538,-19.925678,-20.338589,-22.373564,-23.979115,-26.645357,-24.366285,-26.232592,-22.617912,-19.822788,-23.106678,-22.082928,-24.210938,-23.825783,-27.507025,-22.619595,-35.55701,-23.84785,-35.373314,-28.031662,-41.53907,-26.283405,-35.313046,-34.863907,-28.223671,-26.20342,-24.138004,-22.531975,-22.262611,-25.44566,-31.976551,-20.671907,-13.959587,-18.553223,-35.296444,-25.021797,-28.693268,-19.638407,-21.595676,-27.784527,-33.48058,-32.894566,-28.069466,-29.632414,-31.821772,-33.00308,-40.22409,-46.485367,-48.731842,-48.83235,-49.33651,-46.890007,-46.734936,-48.822502,-34.11689,-33.19493,-45.197147,-80.0,-80.0,-80.0,-80.0,-80.0,-80.0,-80.0,-80.0,-80.0,-80.0,-80.0,-80.0,-80.0,-80.0,-80.0,-80.0,-80.0,-80.0,-80.0,-80.0,-80.0,-80.0,-80.0,-80.0,-80.0,-80.0,-80.0,-80.0,-80.0,-80.0,-80.0,-80.0,-80.0,-80.0,-80.0,-80.0,-80.0,-80.0,-80.0,-80.0,-80.0,-80.0,-80.0,-80.0,-80.0,-80.0,-80.0,-80.0,-80.0,-80.0,-80.0,-80.0,-80.0,-80.0,-80.0,-80.0,-80.0,-80.0,-80.0,-80.0,-80.0,-80.0,-80.0,-80.0,-80.0,-80.0,-80.0,-80.0,-80.0,-80.0,-80.0,-80.0,-80.0,-80.0,-80.0,-80.0,-80.0,-80.0,-80.0,-80.0,-80.0,-80.0,-80.0,-80.0,-80.0,-80.0,-80.0,-80.0,-80.0,-80.0,-80.0,-80.0,-80.0,-80.0
-40.544895,-32.04634,-25.887163,-28.42236,-27.791946,-18.179636,-17.61799,-27.012596,-19.068201,-14.07402,-20.583344,-41.23194,-30.368116,-29.587334,-37.036774,-32.02897,-31.463211,-22.376389,-21.907602,-22.727924,-24.246252,-25.418545,-31.192148,-32.480564,-27.033718,-26.920353,-24.713905,-23.495106,-28.000809,-22.989391,-17.78288,-19.04662,-26.878958,-26.42535,-22.937279,-24.960041,-36.721264,-24.563898,-26.684343,-24.91098,-18.685204,-23.166138,-20.507175,-18.474632,-22.847744,-23.144985,-23.17443,-24.233852,-29.006115,-30.995115,-23.152794,-19.05857,-23.004799,-29.547014,-32.7299,-31.439487,-31.716896,-19.038181,-18.501705,-32.33943,-23.262672,-18.654232,-15.30629,-16.451847,-24.318138,-33.28332,-28.024946,-22.326717,-25.721806,-21.827227,-28.089962,-34.24056,-26.872507,-20.944386,-15.363516,-14.158291,-19.019466,-21.2572,-20.04515,-14.052107,-24.196758,-30.002487,-27.190308,-18.981752,-13.899475,-19.64101,-20.170403,-29.067421,-19.784172,-22.397207,-23.421959,-24.706861,-25.747442,-19.630764,-18.721085,-20.371521,-20.809507,-18.920786,-20.900146,-19.523968,-25.7495,-22.060032,-22.173586,-28.833048,-17.614075,-22.21344,-33.704327,-17.228142,-16.121136,-24.166344,-21.828705,-31.350527,-29.540535,-33.78229,-21.128813,-17.651777,-14.822281,-18.213665,-26.851765,-17.505268,-17.952518,-25.89692,-23.94234,-21.59722,-23.840878,-16.467884,-16.775234,-19.157934,-24.981905,-26.535427,-26.204124,-23.56954,-26.613007,-35.905327,-30.130814,-26.737617,-24.049406,-21.407623,-34.168686,-21.65407,-22.511995,-32.266987,-27.920847,-22.552517,-22.333223,-21.246067,-20.203527,-25.85947,-31.361567,-19.97652,-20.08189,-17.324207,-29.00299,-23.931099,-17.713161,-11.773098,-11.141012,-13.255951,-11.135904,-9.5647335,-11.401396,-12.50602,-11.272957,-17.010395,-13.656715,-13.044884,-11.093391,-16.559082,-30.231926,-12.69257,-13.348259,-16.827015,-10.3713455,-11.361919,-21.176334,-11.340801,-8.897167,-16.543818,-10.170483,-17.288084,-19.399446,-19.144226,-28.26486,-30.055086,-24.898817,-31.511705,-22.288221,-13.514168,-9.172924,-11.003956,-16.71179,-17.692318,-17.465982,-25.89676,-24.908276,-19.144451,-21.822548,-26.419312,-21.543076,-22.724308,-27.10934,-20.262089,-21.462269,-18.318497,-19.248623,-25.935217,-36.86111,-30.631306,-29.540537,-33.57101,-26.876488,-21.316948,-20.796654,-25.840418,-19.318735,-16.734814,-21.560076,-35.965706,-33.675667,-23.76543,-19.510939,-23.856085,-14.452431,-16.558302,-34.84847,-25.67204,-17.223623,-19.439388,-25.03717,-13.603222,-9.059019,-10.254364,-13.514114,-15.400755,-14.251215,-15.022083,-15.81469,-22.778927,-20.639196,-16.094603,-17.965708,-16.02071,-19.830608,-18.772415,-14.226587,-13.698988,-26.698872,-16.47719,-11.77,-11.765266,-17.083813,-24.048561,-16.049944,-16.103216,-45.042057,-19.10685,-18.39574,-30.124342,-15.908365,-14.389069,-11.967237,-20.410389,-15.253387,-16.51272,-18.15569,-19.540613,-15.355776,-12.059355,-13.255867,-19.239426,-16.496723,-32.25757,-77.68341,-22.089153,-18.270489,-12.592306,-12.600649,-20.51693,-25.717615,-19.425764,-14.655386,-18.420366,-18.664797,-31.234888,-20.623953,-19.827595,-18.490889,-13.884369,-13.282093,-19.141048,-13.992281,-12.397362,-14.642288,-22.25919,-12.582588,-13.470747,-12.074213,-14.047642,-16.813509,-10.434547,-14.033867,-25.052353,-15.114128,-14.042503,-18.097427,-15.07074,-16.732958,-15.694735,-20.062336,-15.651794,-12.668926,-18.471596,-14.946779,-25.453327,-24.48602,-17.782852,-18.951956,-18.670393,-22.026909,-21.664562,-20.46941,-20.542244,-21.454556,-26.715425,-18.999615,-17.210129,-14.201309,-21.288338,-25.967106,-30.591997,-21.796812,-23.904661,-25.708214,-20.973171,-19.691355,-29.545387,-26.313564,-19.238998,-18.448277,-14.654633,-20.71641,-30.91283,-19.179375,-14.891626,-12.846058,-14.796883,-19.03312,-22.54195,-23.64491,-14.911026,-16.965462,-21.247692,-24.470024,-27.064667,-19.261995,-25.977226,-11.6468315,-11.17668,-12.370735,-10.049746,-10.4423485,-16.002651,-19.737545,-34.489044,-19.428278,-19.855566,-19.637344,-25.571125,-17.41152,-15.654861,-16.126556,-20.137268,-27.605322,-15.696178,-19.549433,-20.742132,-24.767418,-23.991615,-20.427113,-24.16105,-20.517076,-17.732311,-17.989466,-22.960472,-21.171442,-22.433006,-22.058262,-16.607702,-13.799219,-13.029919,-16.075432,-19.985043,-21.250584,-19.29126,-18.575308,-22.060051,-27.212013,-31.671396,-26.304943,-17.29792,-20.203773,-34.401985,-19.572392,-14.7267685,-14.01499,-18.647577,-18.849035,-17.165882,-23.018814,-21.964235,-18.104202,-24.507587,-33.00996,-24.833794,-23.982464,-20.804518,-18.776161,-20.533455,-24.841919,-25.983257,-28.15971,-23.771925,-20.9291,-22.4153,-20.370861,-21.711365,-19.471027,-17.830679,-19.640717,-20.676834,-20.164454,-24.49567,-18.98222,-16.866896,-15.353151,-22.181513,-22.64306,-27.067152,-28.231972,-21.25159,-18.992188,-23.288641,-24.61148,-23.173206,-28.600937,-21.586464,-16.322624,-15.230192,-29.136032,-20.127634,-26.766357,-20.448563,-23.434467,-28.394314,-28.002762,-19.904583,-17.583158,-24.45873,-18.64714,-11.643723,-12.252195,-27.0568,-18.422194,-22.066555,-25.105291,-25.199636,-25.158585,-25.15171,-27.942163,-34.91049,-31.022938,-19.355228,-16.482155,-31.68928,-23.714802,-23.704773,-34.569096,-25.964798,-26.380495,-22.012396,-22.333878,-20.31517,-22.438463,-27.42363,-18.848276,-15.749508,-23.196068,-26.226044,-20.99332,-18.750565,-28.243723,-24.935715,-23.576096,-29.967993,-25.648485,-18.363058,-20.96926,-24.111584,-25.148403,-37.100704,-34.216324,-40.940536,-22.209604,-21.38579,-28.36683,-26.746595,-24.967194,-24.402102,-28.836115,-30.519846,-32.679703,-31.954855,-23.990616,-27.731985,-19.952408,-19.085325,-22.641647,-21.697128,-26.965242,-30.463379,-35.060425,-31.63389,-21.51104,-20.740479,-28.932634,-24.010742,-21.742414,-18.3721,-30.53334,-25.78389,-20.602476,-18.868166,-22.78651,-18.801012,-14.754698,-25.789345,-21.830408,-21.615223,-40.493244,-26.247808,-29.05612,-16.542202,-17.197521,-24.392723,-24.042812,-19.535643,-25.263767,-22.772312,-18.929468,-39.873394,-23.023624,-28.109606,-29.5891,-37.859123,-21.127108,-29.802156,-21.873005,-35.21671,-18.240679,-16.658356,-33.54835,-12.980108,-12.233715,-19.822731,-22.78113,-19.580957,-22.214565,-18.102907,-20.337074,-38.95531,-19.19057,-16.831013,-25.825686,-22.89246,-20.368685,-28.953474,-31.624912,-34.693726,-22.597647,-24.082716,-19.06857,-17.646826,-25.056145,-21.036053,-30.989344,-22.049204,-22.050722,-20.436806,-20.575686,-22.940636,-24.308014,-28.791067,-33.83541,-23.298998,-21.553614,-21.188606,-23.60043,-23.17257,-27.164913,-27.282684,-17.357462,-19.175993,-28.077238,-18.559097,-12.999552,-18.032654,-33.931293,-30.31506,-20.825142,-20.650484,-40.8179,-23.137255,-23.76829,-27.479118,-25.215462,-24.29515,-35.252365,-32.88214,-37.7613,-51.82899,-47.23848,-47.3049,-46.934383,-50.12366,-50.51367,-45.14309,-33.76457,-33.00358,-45.25991,-80.0,-80.0,-80.0,-80.0,-80.0,-80.0,-80.0,-80.0,-80.0,-80.0,-80.0,-80.0,-80.0,-80.0,-80.0,-80.0,-80.0,-80.0,-80.0,-80.0,-80.0,-80.0,-80.0,-80.0,-80.0,-80.0,-80.0,-80.0,-80.0,-80.0,-80.0,-80.0,-80.0,-80.0,-80.0,-80.0,-80.0,-80.0,-80.0,-80.0,-80.0,-80.0,-80.0,-80.0,-80.0,-80.0,-80.0,-80.0,-80.0,-80.0,-80.0,-80.0,-80.0,-80.0,-80.0,-80.0,-80.0,-80.0,-80.0,-80.0,-80.0,-80.0,-80.0,-80.0,-80.0,-80.0,-80.0,-80.0,-80.0,-80.0,-80.0,-80.0,-80.0,-80.0,-80.0,-80.0,-80.0,-80.0,-80.0,-80.0,-80.0,-80.0,-80.0,-80.0,-80.0,-80.0,-80.0,-80.0,-80.0,-80.0,-80.0,-80.0,-80.0,-80.0
-42.638866,-33.514965,-24.114561,-24.648972,-27.718307,-22.58838,-19.263336,-23.389763,-20.068878,-18.120426,-19.635164,-25.226227,-24.259262,-26.95468,-33.29957,-35.694614,-30.458992,-26.110413,-26.839237,-24.950443,-28.048735,-25.041882,-30.948765,-27.410826,-27.028505,-26.094208,-21.389687,-28.367693,-27.248306,-27.776857,-17.508085,-19.626184,-24.71435,-18.382175,-18.37156,-23.553955,-28.403368,-24.103909,-26.913464,-27.031256,-20.765018,-24.715727,-21.54828,-25.817846,-22.936224,-26.858221,-22.768375,-25.261696,-33.449482,-31.916708,-22.122807,-19.978882,-26.904652,-32.489685,-26.38773,-27.17699,-26.920921,-19.23238,-18.697714,-23.53491,-18.68943,-15.03174,-15.987942,-17.51153,-25.920532,-31.717674,-31.411678,-26.52439,-27.240807,-26.67063,-27.590303,-27.739927,-32.831993,-26.465544,-19.989613,-17.118153,-21.178503,-24.02543,-16.641718,-14.047529,-18.591671,-23.730743,-25.870697,-26.302784,-17.959452,-14.891775,-19.76201,-26.291958,-21.92487,-28.275589,-27.698906,-24.589348,-23.223083,-22.210823,-21.872204,-18.89956,-20.3066,-18.237577,-16.053532,-18.898914,-23.925995,-23.085804,-21.498238,-18.311916,-18.106869,-29.10258,-26.026093,-20.827188,-17.218258,-24.115017,-26.88741,-26.064781,-22.464466,-19.92413,-21.330578,-15.723164,-15.481331,-24.760937,-29.350784,-21.41721,-19.515785,-22.044214,-21.151394,-21.54776,-23.006042,-19.217499,-21.822956,-24.439863,-23.371874,-28.179358,-29.46094,-26.74881,-32.33048,-28.811367,-25.548565,-23.64764,-28.350239,-24.498829,-23.722672,-22.139668,-22.62289,-27.095377,-31.645834,-23.914635,-26.808226,-24.771542,-19.364103,-20.546703,-24.692165,-19.088654,-19.017607,-22.837135,-27.883509,-28.453243,-19.40894,-15.158161,-16.996689,-20.49401,-16.694138,-14.538944,-15.60552,-18.290451,-14.480204,-14.09428,-17.177261,-18.239286,-12.861912,-16.039534,-24.569103,-18.030043,-16.165823,-19.096018,-16.69532,-13.9772835,-15.814379,-13.536776,-12.799416,-15.994385,-14.856918,-19.954048,-23.197317,-23.572922,-26.025478,-30.507515,-24.955933,-25.919445,-25.400265,-15.744549,-12.330854,-15.511816,-16.711575,-17.112043,-21.642756,-25.180414,-30.350302,-23.538551,-21.346127,-21.999516,-22.173512,-25.615335,-19.708328,-23.129358,-25.410078,-24.287956,-20.522938,-20.708199,-30.228485,-33.781418,-29.82622,-35.592182,-28.034409,-21.688148,-19.021038,-19.652863,-18.459534,-21.412731,-26.115911,-33.637577,-32.90303,-29.240564,-22.127308,-21.338503,-17.959167,-16.24669,-18.006098,-18.507385,-14.313242,-19.501905,-18.32948,-19.864305,-11.820187,-15.920134,-15.757015,-20.394077,-18.917942,-19.699617,-13.120993,-16.500416,-19.440441,-14.397057,-14.11278,-14.180298,-19.227455,-18.670622,-18.44619,-16.448858,-33.59299,-19.425594,-17.453247,-13.706711,-17.04616,-19.150005,-15.158783,-14.437508,-20.72728,-26.462845,-22.814247,-24.280167,-19.787819,-16.091726,-15.571407,-14.825775,-19.986542,-23.05542,-22.237696,-23.591843,-20.070484,-16.680239,-14.386293,-15.785624,-19.463772,-22.528507,-21.81297,-20.654928,-19.060614,-17.726082,-16.324955,-18.510738,-19.073353,-15.340282,-15.675009,-25.09373,-21.305494,-27.863556,-23.19524,-23.779442,-21.003143,-18.334162,-16.70859,-19.75366,-15.443611,-11.996252,-17.787321,-16.498411,-10.152418,-11.595455,-14.913404,-11.583012,-12.512758,-11.239998,-11.9748535,-16.727642,-16.261475,-13.185036,-14.632025,-20.500603,-18.551786,-22.079567,-20.673225,-20.86345,-16.253828,-12.958542,-15.795576,-30.612402,-23.293026,-20.725807,-25.37542,-20.652447,-25.852552,-25.705559,-24.92435,-21.804256,-22.40203,-21.776587,-23.834171,-15.987419,-16.32448,-27.238052,-28.6324,-24.49447,-23.541058,-29.156792,-26.031662,-21.782843,-23.689486,-33.75182,-27.312492,-22.849163,-25.725574,-16.134308,-20.188929,-25.67122,-21.173649,-16.226124,-12.11871,-15.150812,-25.080708,-28.620834,-30.165388,-18.197235,-16.14957,-19.07043,-19.124416,-18.877655,-19.634104,-18.749712,-13.034443,-16.485874,-18.846512,-15.068062,-15.700531,-21.072544,-22.68038,-22.260876,-22.962038,-25.842875,-20.55598,-26.542845,-19.005577,-13.280586,-15.766394,-22.287033,-21.645498,-18.57294,-19.395657,-20.872478,-27.966637,-27.380032,-19.132505,-18.74842,-24.804745,-20.357296,-20.962273,-25.14515,-25.248661,-25.044502,-24.652512,-20.994205,-16.576036,-20.076822,-19.161097,-26.0217,-24.597431,-21.466516,-21.98434,-25.0732,-29.677158,-24.556011,-21.242788,-21.70385,-22.87989,-28.255295,-23.012033,-16.327656,-18.82454,-23.425909,-22.533737,-19.248686,-25.655888,-26.169127,-20.885395,-28.372765,-34.285706,-29.743763,-19.942633,-21.403135,-22.681332,-19.17418,-21.21025,-27.098135,-26.924538,-22.71575,-25.11795,-29.086185,-21.823444,-21.674278,-17.52487,-20.302843,-24.52925,-21.524197,-23.924389,-24.011627,-25.751179,-18.579414,-20.04219,-18.597073,-19.70096,-26.966246,-31.64141,-22.318508,-22.965137,-24.38019,-28.56496,-21.464256,-19.40798,-27.175392,-19.024103,-16.982063,-21.877823,-20.852097,-25.206663,-25.708368,-27.688818,-33.914547,-29.42922,-23.765614,-20.685701,-30.46428,-22.014114,-15.172682,-14.0949135,-20.697021,-21.427593,-24.350483,-22.05624,-23.940489,-27.377674,-27.517439,-27.94473,-28.081533,-30.322613,-19.031239,-16.626896,-28.254597,-22.89199,-22.399565,-28.364777,-31.223011,-32.159725,-20.614649,-20.562145,-25.967735,-23.554554,-27.63416,-24.39445,-16.290949,-20.22637,-32.03184,-27.364952,-23.13444,-23.027325,-24.633331,-29.834225,-25.965017,-19.014492,-20.934498,-22.779062,-26.647703,-27.035522,-27.635397,-27.730902,-34.188198,-24.644772,-22.406494,-29.936176,-26.344223,-28.701632,-22.794384,-21.59404,-25.052525,-29.661104,-28.966633,-22.81153,-22.926834,-20.16035,-20.619358,-28.581009,-25.651602,-32.911488,-32.283123,-35.42152,-29.566862,-23.993706,-23.207714,-24.499977,-20.61221,-15.338396,-16.67596,-20.532635,-18.807203,-15.830023,-15.408152,-20.541931,-19.484985,-14.382523,-17.035004,-17.62405,-24.513632,-24.038744,-22.691563,-24.373762,-18.993732,-19.59639,-23.153381,-19.574911,-19.998749,-31.367199,-18.146748,-16.00505,-22.824375,-29.477978,-29.767334,-26.927086,-20.889708,-20.772278,-23.620714,-20.045313,-21.936436,-21.39582,-19.4082,-22.115917,-15.888424,-14.495529,-27.076958,-20.100538,-23.955975,-27.89418,-16.819027,-15.475498,-19.61381,-21.28164,-19.587784,-27.299574,-26.762953,-24.103554,-34.824738,-35.45309,-24.613607,-20.68473,-26.380362,-22.184942,-20.2872,-24.345222,-22.5921,-23.035965,-20.776814,-22.892967,-22.658909,-22.18711,-27.629494,-26.70988,-25.78196,-31.206905,-24.938204,-20.615797,-21.175835,-21.270973,-25.04411,-31.825346,-24.047974,-17.630194,-20.853586,-25.262325,-25.149181,-14.909328,-16.246277,-24.779121,-29.637468,-23.621326,-24.161213,-27.82876,-22.486782,-25.697903,-29.920689,-29.831114,-24.525879,-27.91442,-32.26806,-40.7023,-52.17013,-53.068657,-51.79934,-54.25406,-51.39431,-51.507847,-51.21144,-36.054226,-34.521816,-46.43851,-80.0,-80.0,-80.0,-80.0,-80.0,-80.0,-80.0,-80.0,-80.0,-80.0,-80.0,-80.0,-80.0,-80.0,-80.0,-80.0,-80.0,-80.0,-80.0,-80.0,-80.0,-80.0,-80.0,-80.0,-80.0,-80.0,-80.0,-80.0,-80.0,-80.0,-80.0,-80.0,-80.0,-80.0,-80.0,-80.0,-80.0,-80.0,-80.0,-80.0,-80.0,-80.0,-80.0,-80.0,-80.0,-80.0,-80.0,-80.0,-80.0,-80.0,-80.0,-80.0,-80.0,-80.0,-80.0,-80.0,-80.0,-80.0,-80.0,-80.0,-80.0,-80.0,-80.0,-80.0,-80.0,-80.0,-80.0,-80.0,-80.0,-80.0,-80.0,-80.0,-80.0,-80.0,-80.0,-80.0,-80.0,-80.0,-80.0,-80.0,-80.0,-80.0,-80.0,-80.0,-80.0,-80.0,-80.0,-80.0,-80.0,-80.0,-80.0,-80.0,-80.0,-80.0
-39.47352,-34.006256,-23.995115,-22.807446,-25.15032,-25.141476,-19.975098,-20.721256,-19.906216,-20.67274,-19.988913,-23.891037,-22.566477,-26.571651,-32.172585,-34.77808,-28.305391,-25.53238,-27.94028,-26.595163,-28.982391,-23.67267,-28.200531,-25.185707,-26.704578,-25.175022,-20.05685,-25.932892,-25.77241,-28.00087,-17.302649,-18.646177,-21.99195,-17.050074,-17.686111,-23.886253,-27.265244,-24.302185,-26.60366,-25.41743,-22.210217,-24.344679,-20.466465,-21.830368,-18.816757,-19.508522,-18.814213,-23.75507,-31.701557,-30.998081,-22.578293,-20.132275,-28.649635,-30.196222,-25.848701,-26.790228,-27.269737,-19.68214,-18.659182,-23.651953,-17.597382,-14.336182,-16.967495,-17.679363,-24.887411,-30.148384,-33.468372,-28.616459,-28.427893,-28.674345,-26.262085,-25.81356,-25.87305,-24.765266,-21.50961,-19.0311,-22.255775,-22.828587,-15.178179,-14.562141,-18.346107,-22.87421,-26.109123,-39.06624,-19.69937,-14.587442,-17.969948,-21.533566,-23.224083,-31.712307,-30.56835,-23.86692,-23.047562,-22.699038,-20.118235,-17.039036,-20.289394,-18.539467,-15.238976,-18.589111,-24.331844,-22.996809,-20.931631,-16.396069,-16.358137,-21.83222,-22.369312,-20.66344,-17.368591,-21.580143,-26.228416,-21.516586,-17.459534,-17.29604,-21.616585,-15.669645,-15.607889,-26.188248,-30.189861,-23.791523,-20.120026,-21.915035,-19.639502,-21.783627,-22.865982,-20.520554,-25.374065,-27.245733,-22.89732,-28.085762,-30.592985,-25.978569,-29.55133,-28.388885,-24.53909,-22.68405,-29.623554,-26.412056,-23.21302,-22.85424,-23.13879,-26.378235,-32.681488,-22.997183,-22.265429,-23.68624,-18.43848,-19.675114,-23.773716,-18.656635,-19.659819,-26.787643,-26.434381,-28.290354,-20.828289,-16.98423,-22.164953,-31.923712,-21.086018,-18.222883,-18.378933,-23.331472,-16.170818,-14.383663,-19.22685,-21.389412,-13.832909,-16.282652,-24.561596,-21.74151,-17.457502,-19.891205,-22.471268,-15.738108,-15.579363,-15.174286,-15.16588,-16.578154,-17.962282,-21.784836,-25.265621,-25.997522,-25.630814,-31.221321,-24.916367,-25.875534,-27.3605,-16.79446,-13.92515,-18.588753,-17.600206,-17.566635,-24.231264,-25.143677,-29.854439,-25.79285,-20.266115,-21.8007,-20.934109,-19.84715,-16.805882,-23.118511,-26.651619,-26.547092,-19.118038,-17.881348,-27.617777,-35.727932,-29.597197,-33.7968,-28.920479,-22.684345,-19.039692,-19.750671,-18.791042,-23.195086,-28.142311,-31.326698,-24.919582,-23.307701,-20.813,-21.73496,-19.46642,-16.004644,-15.568096,-15.514214,-12.31715,-14.477224,-14.96138,-21.440208,-13.492298,-15.989502,-14.741556,-19.736217,-21.867401,-19.63436,-12.593641,-15.2518215,-16.973322,-12.819569,-12.445229,-13.23122,-17.070154,-17.502996,-18.33965,-16.721783,-25.375908,-20.042122,-20.782372,-14.728779,-17.950586,-18.862028,-15.589468,-14.269087,-18.716253,-28.782763,-25.78646,-24.179287,-22.132011,-17.359768,-17.986443,-14.513338,-18.750282,-23.044195,-20.480076,-22.061544,-23.010124,-19.458204,-15.599838,-15.778011,-21.067427,-21.244263,-19.93442,-19.355537,-18.240477,-20.750385,-18.577843,-17.563784,-16.97922,-14.965321,-16.330992,-26.10196,-22.48963,-27.466969,-23.572582,-22.863008,-21.488262,-21.093779,-18.391174,-20.407349,-16.580654,-12.269915,-17.58485,-14.814709,-9.686888,-11.6590805,-15.804127,-11.194881,-12.760056,-12.32206,-11.512564,-15.88438,-17.337423,-13.515131,-14.527866,-21.735065,-18.46098,-22.561771,-19.562553,-21.651876,-18.09409,-12.139084,-15.31916,-26.063265,-22.536016,-22.481255,-29.034378,-21.167294,-26.987091,-25.56318,-21.061333,-18.50527,-18.05637,-16.29551,-20.404682,-15.25412,-17.297632,-32.105095,-28.456528,-22.92413,-23.645113,-27.754677,-26.354681,-22.85542,-25.122084,-31.92977,-27.420568,-24.96112,-23.051073,-15.595516,-19.75146,-24.09153,-21.536175,-16.714035,-12.666178,-15.373045,-29.599087,-29.37852,-28.10725,-19.319235,-16.682951,-19.592442,-18.860783,-17.645908,-20.621593,-18.298365,-13.787804,-19.399807,-24.94205,-18.730263,-19.770237,-23.72007,-21.32988,-21.135067,-24.910671,-24.456028,-21.642344,-24.443161,-17.976395,-13.287243,-16.227655,-23.904463,-21.591175,-20.238388,-20.100834,-21.007347,-29.40221,-26.423115,-18.53215,-18.710218,-24.508945,-20.635117,-22.098303,-23.995955,-22.66932,-23.129337,-25.605717,-23.925762,-17.872616,-24.126522,-19.889412,-27.072304,-26.618076,-20.319954,-19.870594,-21.903376,-25.175005,-22.056507,-20.384283,-24.168179,-24.299015,-25.206955,-20.824825,-17.343338,-22.236631,-26.792845,-24.087116,-20.158134,-27.082047,-25.689322,-21.702827,-29.56205,-29.67645,-26.254894,-18.40081,-20.856056,-24.109167,-19.79609,-20.531017,-28.014881,-22.680191,-20.143192,-24.667988,-25.687792,-22.215572,-22.054558,-16.971153,-21.483528,-26.963259,-22.245909,-26.417274,-22.51786,-22.376652,-18.500212,-21.398909,-16.74406,-18.034155,-24.95759,-32.140514,-22.43657,-22.74734,-23.557594,-25.396637,-19.107513,-16.904472,-24.694042,-20.749268,-17.537035,-22.080462,-21.167276,-24.556107,-28.16045,-29.240671,-36.242054,-29.111166,-25.506691,-22.485626,-29.936176,-24.042316,-17.08749,-15.067646,-20.684528,-22.654852,-23.268528,-20.970324,-24.272963,-26.947296,-26.277122,-27.328573,-23.27921,-22.006453,-16.858547,-15.951134,-24.898888,-22.147423,-22.749832,-26.535837,-32.588905,-35.686573,-19.613379,-18.925781,-26.899065,-24.529844,-24.524784,-22.891644,-16.257408,-19.997046,-29.069118,-30.613173,-24.82404,-22.971838,-23.607145,-27.4127,-22.39664,-17.36843,-20.485039,-21.73745,-23.604061,-27.546394,-27.080463,-25.154478,-27.056774,-23.151264,-23.010063,-30.637253,-25.774155,-26.413393,-21.027878,-19.669632,-23.51918,-28.38567,-29.22695,-21.5882,-22.450214,-20.382183,-21.077337,-31.974234,-27.465567,-32.055763,-33.258305,-32.96815,-28.819908,-25.63844,-24.341602,-23.89022,-18.789244,-15.012873,-15.829565,-20.596743,-17.332672,-15.94005,-14.742443,-19.842865,-19.795353,-14.934021,-14.887699,-16.40985,-25.109806,-22.098484,-21.41109,-24.652798,-20.37271,-21.165905,-23.771317,-19.058483,-20.333645,-26.646759,-16.358608,-14.755283,-21.301563,-28.696695,-24.768187,-22.324907,-18.649395,-20.567116,-23.4575,-20.294125,-20.356937,-23.20867,-20.831535,-22.022514,-17.358086,-15.110292,-26.233597,-19.304089,-23.078896,-22.722874,-16.195686,-15.170788,-17.496664,-22.041624,-20.709045,-24.92424,-24.639076,-25.070692,-37.15406,-32.792366,-22.940079,-19.885426,-24.198513,-24.163506,-21.834673,-22.346191,-23.766226,-22.27325,-20.99402,-23.523655,-23.75184,-23.478115,-30.41377,-27.802582,-25.251152,-29.99117,-24.88473,-20.76366,-22.077826,-21.21626,-26.388973,-31.567873,-21.941442,-17.961838,-22.159151,-25.538937,-27.420828,-15.67614,-15.873474,-23.592434,-27.912569,-25.49038,-25.300804,-26.706013,-22.425028,-26.152134,-30.497871,-31.43319,-24.548212,-26.191555,-32.367683,-42.557312,-51.845753,-54.07974,-52.6893,-55.68393,-51.45388,-51.491776,-54.803314,-36.83342,-34.805283,-46.470863,-80.0,-80.0,-80.0,-80.0,-80.0,-80.0,-80.0,-80.0,-80.0,-80.0,-80.0,-80.0,-80.0,-80.0,-80.0,-80.0,-80.0,-80.0,-80.0,-80.0,-80.0,-80.0,-80.0,-80.0,-80.0,-80.0,-80.0,-80.0,-80.0,-80.0,-80.0,-80.0,-80.0,-80.0,-80.0,-80.0,-80.0,-80.0,-80.0,-80.0,-80.0,-80.0,-80.0,-80.0,-80.0,-80.0,-80.0,-80.0,-80.0,-80.0,-80.0,-80.0,-80.0,-80.0,-80.0,-80.0,-80.0,-80.0,-80.0,-80.0,-80.0,-80.0,-80.0,-80.0,-80.0,-80.0,-80.0,-80.0,-80.0,-80.0,-80.0,-80.0,-80.0,-80.0,-80.0,-80.0,-80.0,-80.0,-80.0,-80.0,-80.0,-80.0,-80.0,-80.0,-80.0,-80.0,-80.0,-80.0,-80.0,-80.0,-80.0,-80.0,-80.0,-80.0
-34.21845,-34.318176,-24.781418,-19.659435,-20.684898,-27.35873,-21.065042,-16.596882,-18.50351,-26.694431,-23.130686,-22.300474,-19.87844,-26.638962,-30.304932,-30.425259,-24.376856,-21.43898,-24.400253,-42.135384,-26.985104,-20.56632,-23.623245,-21.649471,-25.5626,-22.9873,-17.685953,-20.159397,-22.614225,-23.7346,-16.706535,-15.80323,-17.683645,-15.21623,-17.238054,-27.54358,-25.933025,-25.650417,-25.351612,-21.198503,-29.517277,-22.067183,-17.276606,-14.855539,-13.402885,-12.970299,-13.525774,-20.03324,-26.393696,-28.104042,-26.981964,-19.777756,-28.877655,-25.194,-26.389637,-27.494751,-41.441082,-21.755154,-18.287952,-32.997475,-15.958902,-13.611631,-24.26377,-17.230345,-21.516224,-27.043915,-39.356567,-29.27797,-34.6582,-26.819448,-23.252197,-22.779667,-19.114626,-18.917109,-19.168465,-27.795078,-24.383858,-18.716976,-12.580559,-17.50632,-20.35867,-22.163958,-28.764305,-34.98031,-19.384865,-15.909523,-14.320051,-16.037882,-27.506891,-29.241085,-39.606506,-21.803406,-24.02455,-21.435623,-15.383692,-13.525017,-20.590065,-20.854237,-14.420544,-17.872437,-29.737097,-21.773945,-19.493664,-13.547647,-12.530613,-14.915907,-17.62528,-17.124424,-16.8195,-17.13741,-21.108093,-16.20255,-11.977098,-13.543873,-22.667057,-16.920015,-15.422005,-20.431646,-30.226929,-28.690887,-20.804646,-23.942904,-16.85809,-22.868587,-22.904282,-22.308315,-30.16539,-25.87762,-22.165644,-26.33495,-30.185596,-22.06313,-23.338724,-29.692678,-23.11104,-21.065382,-27.450275,-33.070324,-24.50106,-26.631783,-25.87078,-25.952108,-31.054192,-19.899433,-16.059128,-19.275002,-16.242397,-18.76511,-22.919434,-17.703224,-27.853273,-28.512093,-23.40694,-23.945236,-34.071995,-19.967003,-31.690186,-29.000397,-26.355366,-29.450829,-26.405365,-34.475872,-18.943932,-19.982952,-23.638247,-21.630478,-16.326284,-17.97588,-28.783897,-23.866894,-18.949373,-20.183916,-23.243061,-25.665905,-17.574282,-31.533215,-20.063408,-21.578419,-22.790276,-34.750526,-27.839802,-27.253958,-25.472569,-35.082993,-24.657703,-29.633547,-34.878067,-18.527573,-16.168346,-26.911674,-27.49489,-21.052883,-28.994602,-25.533857,-24.519058,-26.3451,-17.653107,-23.642467,-17.684877,-13.631756,-12.658384,-20.453796,-25.107206,-22.294497,-15.425787,-13.714142,-23.73126,-42.35698,-28.537231,-29.454504,-32.52339,-33.754818,-20.597538,-26.016453,-21.596596,-21.278936,-27.210201,-27.428642,-18.520668,-16.707466,-16.662937,-28.62995,-19.920958,-15.31143,-12.058685,-11.276285,-8.854862,-8.716364,-10.400486,-16.18364,-18.987856,-10.72798,-11.082418,-14.6653385,-25.133503,-15.230038,-12.137527,-13.463335,-12.771454,-9.730398,-9.569805,-11.311588,-13.06596,-14.617056,-14.316494,-14.724518,-18.44012,-18.611294,-18.955181,-17.104958,-29.18909,-20.337126,-19.416325,-14.748638,-15.823114,-21.908794,-33.672405,-27.481445,-26.968624,-23.923851,-34.95772,-16.07866,-13.541279,-16.899971,-15.33806,-17.062319,-25.700602,-21.703922,-27.326183,-18.478394,-24.31511,-19.620228,-17.26436,-16.644787,-15.569651,-20.832447,-23.822487,-15.697802,-13.713512,-15.663372,-18.330671,-20.050806,-23.878468,-27.789288,-22.028112,-18.333376,-20.30703,-24.775862,-20.083242,-23.270609,-22.300987,-14.012306,-14.379429,-12.113562,-9.347416,-13.597029,-15.389227,-11.165737,-19.951921,-21.943287,-11.024935,-15.465414,-23.766747,-16.305994,-16.502716,-17.55689,-16.568525,-16.710354,-16.504839,-17.385107,-20.122507,-11.429062,-13.275291,-19.704357,-20.84222,-27.753586,-24.790846,-20.81958,-25.41645,-21.662838,-15.012642,-13.336485,-12.458012,-10.590275,-14.35899,-13.629345,-18.83292,-33.85054,-25.689697,-20.45235,-22.299936,-22.163448,-27.449512,-32.02183,-23.980158,-26.696915,-26.827244,-29.373865,-16.123474,-13.047478,-18.590261,-21.522903,-20.660192,-17.211603,-17.614914,-15.919992,-28.702744,-23.989014,-21.628788,-18.812145,-21.656189,-29.23973,-20.655725,-16.06171,-31.161242,-19.465494,-15.666746,-18.21087,-24.666145,-26.531372,-30.026474,-22.785912,-16.996067,-20.032448,-28.109533,-18.419086,-30.17243,-20.149052,-14.614248,-15.260431,-19.363756,-40.15356,-25.437796,-24.73132,-25.787264,-21.394993,-30.482315,-22.200674,-17.283318,-22.425747,-20.24979,-18.78888,-22.362112,-20.213587,-17.1438,-18.486874,-25.932907,-31.550116,-19.52753,-18.15667,-18.549116,-21.879791,-32.31868,-16.54491,-14.810436,-16.440752,-19.329763,-18.311056,-19.469986,-25.799164,-27.26012,-20.88451,-15.712456,-20.776737,-30.499516,-34.804607,-24.197067,-21.414799,-30.2873,-21.337032,-21.138561,-28.052078,-23.946066,-20.171913,-15.758663,-18.805988,-23.176308,-28.934254,-19.862585,-32.108067,-17.32318,-15.827656,-20.353472,-19.001402,-22.137543,-24.005753,-16.132769,-23.363056,-26.105577,-25.147087,-38.57776,-19.264812,-15.65217,-16.72498,-18.639633,-13.557165,-15.032314,-21.00222,-29.821012,-21.808943,-18.827316,-20.73727,-19.687534,-15.082104,-13.2221775,-18.601696,-27.96243,-17.691635,-33.589355,-21.703901,-23.277956,-26.039646,-27.81167,-33.14858,-27.027441,-25.851295,-27.084496,-24.13002,-29.64942,-20.00662,-17.359028,-25.267017,-23.2504,-19.513182,-19.0555,-27.699219,-24.102676,-22.314152,-25.44069,-17.880995,-15.557486,-12.786119,-13.86375,-20.200893,-20.33728,-26.435284,-23.631784,-28.824059,-33.855522,-17.447704,-15.766174,-22.1563,-29.382465,-19.630846,-17.091276,-15.6106205,-20.93937,-22.785263,-26.183079,-23.43308,-26.392546,-21.028463,-21.019493,-17.585896,-14.801645,-17.365644,-18.258286,-18.31221,-27.321808,-28.019644,-21.297846,-20.914331,-18.916346,-24.659275,-31.816597,-24.195374,-21.141048,-17.658789,-16.681934,-21.057457,-26.069387,-34.46641,-18.940332,-22.903328,-21.094484,-21.152431,-29.176266,-27.803053,-26.193727,-35.63451,-28.51466,-27.466005,-33.578533,-25.932331,-23.685932,-15.621801,-16.742594,-14.100931,-28.91394,-15.116493,-21.072987,-14.069557,-18.681665,-20.360622,-19.047163,-11.641567,-14.429443,-23.697323,-19.295252,-19.183228,-33.648075,-23.9969,-28.126972,-32.089996,-19.238075,-21.307564,-20.030136,-13.382969,-12.470814,-19.286325,-22.46801,-18.87304,-16.890858,-15.398926,-20.026936,-26.33174,-23.707361,-18.17754,-27.570961,-23.506279,-27.297764,-19.733149,-14.702553,-19.369045,-18.010033,-18.30597,-16.162138,-14.879324,-16.532324,-14.4316025,-22.515383,-21.440708,-20.285362,-19.396828,-23.262638,-33.19136,-27.317202,-20.497988,-18.343807,-19.470575,-32.1373,-26.381603,-18.527397,-29.508596,-22.113184,-23.42052,-25.707123,-25.800072,-31.47622,-32.1762,-29.325205,-24.899193,-27.712412,-23.23412,-22.331,-32.82701,-22.754732,-33.261536,-27.026178,-18.381561,-19.171974,-29.886808,-30.756857,-21.906216,-16.535599,-15.578934,-22.185848,-24.404915,-36.307743,-24.374302,-25.634487,-22.652498,-25.662186,-29.691616,-29.278551,-24.373117,-23.536348,-33.330296,-49.85852,-50.481438,-49.147305,-49.534607,-48.833717,-50.442566,-50.50709,-51.798584,-37.01818,-34.24692,-45.464653,-80.0,-80.0,-80.0,-80.0,-80.0,-80.0,-80.0,-80.0,-80.0,-80.0,-80.0,-80.0,-80.0,-80.0,-80.0,-80.0,-80.0,-80.0,-80.0,-80.0,-80.0,-80.0,-80.0,-80.0,-80.0,-80.0,-80.0,-80.0,-80.0,-80.0,-80.0,-80.0,-80.0,-80.0,-80.0,-80.0,-80.0,-80.0,-80.0,-80.0,-80.0,-80.0,-80.0,-80.0,-80.0,-80.0,-80.0,-80.0,-80.0,-80.0,-80.0,-80.0,-80.0,-80.0,-80.0,-80.0,-80.0,-80.0,-80.0,-80.0,-80.0,-80.0,-80.0,-80.0,-80.0,-80.0,-80.0,-80.0,-80.0,-80.0,-80.0,-80.0,-80.0,-80.0,-80.0,-80.0,-80.0,-80.0,-80.0,-80.0,-80.0,-80.0,-80.0,-80.0,-80.0,-80.0,-80.0,-80.0,-80.0,-80.0,-80.0,-80.0,-80.0,-80.0
-29.576721,-30.115265,-27.096033,-24.767792,-23.565384,-29.368538,-25.697342,-26.43625,-17.085302,-18.6834,-32.192352,-26.551102,-19.806091,-26.762962,-31.171543,-31.14867,-20.694225,-18.662834,-19.978195,-22.76433,-22.62621,-21.34657,-17.45924,-20.471783,-32.794456,-19.597006,-23.092026,-21.700264,-28.269066,-25.968052,-22.884876,-17.030357,-16.508717,-25.525835,-23.434462,-25.366478,-29.508846,-26.755623,-22.241255,-18.971294,-25.919308,-27.504307,-18.331318,-19.262812,-10.024359,-9.855385,-14.992849,-21.846006,-29.451395,-20.168552,-19.506762,-21.271366,-29.031675,-24.625422,-24.818096,-24.412695,-22.503914,-35.374535,-20.720171,-18.923323,-22.141254,-20.38087,-16.751177,-19.57446,-19.671774,-20.873928,-18.208557,-19.841385,-21.351051,-20.353603,-28.084303,-29.060764,-19.157452,-16.275137,-31.4402,-21.800285,-19.781132,-20.758821,-14.026077,-17.325523,-19.441519,-20.600643,-24.779915,-21.068062,-17.88293,-26.15047,-18.491516,-14.2463875,-20.556025,-28.394133,-26.991154,-22.538963,-21.33593,-18.135014,-14.765194,-15.427462,-23.370022,-20.216198,-20.75728,-24.089302,-18.628357,-21.07375,-19.40222,-23.613007,-13.780878,-14.076462,-24.581417,-19.88538,-28.662474,-14.80747,-20.68606,-16.094065,-10.437967,-15.163139,-20.12699,-19.07582,-17.614428,-14.707504,-22.982658,-26.613104,-21.897724,-24.075714,-17.731817,-17.258694,-23.872456,-29.36421,-36.880352,-35.131386,-28.0578,-27.364939,-23.64889,-22.257381,-23.596355,-30.011333,-27.315619,-24.214703,-25.445625,-40.255615,-23.396297,-20.17294,-26.032652,-29.40392,-33.124096,-18.5859,-14.149765,-14.861282,-23.67815,-19.22938,-23.029808,-28.701744,-16.390018,-15.840998,-18.72676,-19.560707,-14.520348,-13.173239,-20.586525,-25.66584,-32.284378,-26.274418,-17.414381,-18.258934,-29.46886,-26.837048,-42.53258,-38.3425,-20.642391,-23.036335,-35.480682,-25.53264,-36.52258,-24.412579,-23.911285,-22.158394,-24.975264,-24.866673,-24.689291,-28.140362,-28.988174,-34.39993,-33.519276,-26.19583,-34.34946,-32.471134,-27.097067,-23.439873,-29.033316,-19.741243,-14.341677,-15.998909,-15.643259,-19.78284,-26.52264,-26.159798,-17.426172,-16.846083,-19.64338,-22.301159,-16.712626,-12.912085,-11.866224,-14.230497,-18.44311,-22.10848,-12.242657,-10.888321,-18.475811,-30.814974,-32.010105,-26.968155,-25.028439,-23.02813,-24.587612,-30.512129,-23.348717,-21.182938,-19.083954,-15.377407,-11.355904,-9.985468,-12.074905,-14.750809,-13.834347,-12.170296,-15.83651,-15.5023575,-15.174614,-11.995205,-10.752279,-11.11042,-12.558109,-13.320169,-10.271387,-15.082485,-21.232014,-19.814823,-20.410822,-21.130009,-18.527073,-15.320284,-19.817587,-20.562473,-24.094282,-19.040825,-21.551361,-16.610466,-35.108326,-19.923395,-21.84029,-22.070282,-21.216085,-35.98683,-34.175945,-21.502941,-19.600498,-26.78658,-25.39566,-23.569174,-22.999184,-31.14742,-31.214462,-20.487572,-11.982704,-9.325737,-10.1171875,-16.849213,-25.484554,-21.326462,-24.63668,-27.014858,-23.153873,-18.49913,-29.31799,-25.195984,-20.562952,-19.790764,-30.558424,-20.10638,-18.763885,-37.31372,-30.481136,-27.17339,-28.84914,-28.134453,-16.929382,-15.760738,-26.017122,-22.050522,-23.116356,-18.679848,-19.12408,-15.339491,-23.503792,-15.74848,-14.355938,-28.36401,-12.132463,-12.7690525,-22.350483,-17.022505,-14.366833,-22.614187,-18.882217,-23.050804,-24.367321,-18.284971,-17.444323,-19.045618,-19.107613,-15.574726,-13.458479,-16.881031,-18.81813,-19.3568,-23.142723,-34.444244,-29.06023,-20.077227,-24.200193,-21.72557,-16.695654,-11.67391,-8.18144,-8.03933,-15.403269,-15.750734,-16.437134,-21.260185,-17.634182,-21.103012,-26.229578,-18.818785,-17.29661,-17.454329,-15.724777,-18.80914,-22.306652,-17.387335,-12.731283,-12.902214,-25.184135,-19.657967,-19.55946,-17.243198,-23.7303,-18.086246,-15.546593,-16.167793,-15.1383095,-22.665947,-23.948967,-33.464146,-20.508226,-19.537537,-20.72385,-34.2683,-22.531292,-17.90545,-16.466717,-15.006311,-14.687378,-12.685116,-18.073076,-17.811691,-12.69492,-14.293892,-30.101595,-17.800385,-14.207077,-27.83436,-20.466125,-32.69981,-32.62418,-26.772629,-22.34131,-25.041842,-36.15894,-22.876062,-21.192413,-24.740688,-21.9269,-31.853062,-18.45131,-16.816374,-19.412504,-18.511772,-23.448658,-24.879297,-21.73843,-21.2602,-21.600199,-16.852762,-18.499035,-13.727043,-12.936699,-15.137445,-14.360048,-21.561378,-21.66077,-16.522251,-17.262651,-17.296103,-15.278845,-15.589012,-20.082867,-22.912468,-25.689777,-29.59707,-20.991722,-21.624765,-27.353767,-25.608295,-23.126493,-19.093868,-16.657656,-25.454166,-20.827103,-18.89931,-15.823315,-16.086668,-12.903721,-11.213013,-12.810394,-18.616684,-25.061169,-24.876192,-15.56646,-17.52323,-19.793056,-21.542805,-31.180126,-17.521278,-15.604614,-22.856318,-18.103397,-15.002581,-21.821163,-20.927692,-20.39931,-19.441341,-29.65197,-23.107536,-23.377487,-15.668404,-19.123455,-14.546484,-17.709234,-18.496058,-19.91394,-27.900051,-25.491144,-22.509447,-38.00053,-30.73061,-24.155394,-17.265026,-22.588612,-24.876715,-28.9701,-20.575964,-28.635262,-21.815952,-19.599556,-34.54279,-20.207634,-24.361427,-22.626514,-22.252178,-21.84869,-17.204407,-16.024788,-18.769379,-16.753448,-20.574318,-21.183233,-27.271832,-25.598795,-30.462221,-26.1935,-15.24865,-13.834717,-19.042055,-23.480576,-18.57325,-16.924322,-19.774662,-30.74112,-23.105587,-20.891266,-29.899208,-27.934208,-17.90765,-15.811518,-30.379047,-18.316395,-18.924442,-20.51963,-16.870352,-25.892094,-25.51382,-30.059444,-17.343805,-14.686459,-20.699333,-21.925583,-20.954823,-22.952435,-17.864403,-22.370888,-29.225864,-38.580418,-24.406307,-16.564058,-15.6804695,-17.152805,-26.253534,-30.034117,-27.193556,-21.59681,-21.996986,-23.29607,-21.561277,-19.41996,-17.259735,-15.612509,-17.934448,-19.679564,-13.669741,-15.1120205,-16.26145,-17.84666,-16.197393,-18.496105,-26.081131,-20.750654,-12.172651,-17.06884,-27.209946,-18.787655,-22.066538,-28.872864,-30.460003,-36.20935,-30.099125,-19.773375,-26.926746,-23.578407,-17.218481,-14.818747,-27.028526,-26.432207,-18.53825,-16.001265,-25.416866,-17.078798,-20.255964,-25.497505,-20.987553,-19.37687,-32.187237,-34.247402,-20.199966,-16.446198,-24.848797,-20.079102,-13.372017,-11.997412,-16.953627,-20.185772,-18.016323,-18.72086,-21.275816,-19.965649,-15.353989,-21.50282,-28.78254,-25.54108,-28.76704,-28.997189,-21.541584,-25.21744,-27.381891,-19.721506,-18.155571,-21.367138,-31.078386,-27.458889,-24.569677,-25.76028,-29.152498,-39.247044,-28.66792,-40.337593,-24.541412,-22.978178,-27.7644,-28.695347,-27.36399,-33.595093,-17.87871,-18.656979,-26.37913,-23.473291,-26.85986,-23.71687,-23.500622,-25.827427,-23.799461,-17.985062,-17.86617,-21.865234,-33.91048,-33.99545,-24.501812,-28.220291,-28.50674,-26.459255,-37.78897,-52.474903,-56.905064,-52.63129,-52.04831,-53.308434,-53.901764,-54.39935,-50.02599,-36.40999,-34.16332,-45.47458,-80.0,-80.0,-80.0,-80.0,-80.0,-80.0,-80.0,-80.0,-80.0,-80.0,-80.0,-80.0,-80.0,-80.0,-80.0,-80.0,-80.0,-80.0,-80.0,-80.0,-80.0,-80.0,-80.0,-80.0,-80.0,-80.0,-80.0,-80.0,-80.0,-80.0,-80.0,-80.0,-80.0,-80.0,-80.0,-80.0,-80.0,-80.0,-80.0,-80.0,-80.0,-80.0,-80.0,-80.0,-80.0,-80.0,-80.0,-80.0,-80.0,-80.0,-80.0,-80.0,-80.0,-80.0,-80.0,-80.0,-80.0,-80.0,-80.0,-80.0,-80.0,-80.0,-80.0,-80.0,-80.0,-80.0,-80.0,-80.0,-80.0,-80.0,-80.0,-80.0,-80.0,-80.0,-80.0,-80.0,-80.0,-80.0,-80.0,-80.0,-80.0,-80.0,-80.0,-80.0,-80.0,-80.0,-80.0,-80.0,-80.0,-80.0,-80.0,-80.0,-80.0,-80.0
-28.335535,-26.160984,-33.242912,-30.703003,-29.04723,-27.497433,-26.089798,-27.9597,-21.214407,-17.034407,-23.45375,-24.180323,-22.690546,-24.399326,-27.942705,-30.420218,-24.176018,-22.507484,-24.263412,-21.084404,-26.777924,-26.583782,-20.751778,-21.66915,-27.181293,-21.394485,-23.833738,-23.216469,-26.843046,-27.838543,-25.758091,-22.585976,-21.761284,-22.968788,-28.00047,-31.208084,-33.401306,-29.41052,-22.767702,-17.343658,-23.627247,-27.490238,-17.465492,-15.2653675,-11.802256,-16.10213,-16.034506,-19.743229,-17.65265,-21.578735,-20.564209,-23.95649,-34.750736,-27.87324,-30.327127,-21.127865,-19.53494,-27.40616,-23.351147,-23.463459,-28.073666,-24.778572,-18.378336,-21.461174,-15.701273,-16.71551,-18.33435,-17.222454,-21.031193,-23.64294,-24.233372,-26.65531,-19.765167,-17.31066,-27.178997,-23.255573,-17.856812,-19.04834,-15.701925,-22.75755,-19.944824,-22.373524,-26.476585,-22.42572,-19.711727,-25.587303,-21.178282,-18.738579,-16.165104,-23.759027,-23.646011,-28.992186,-20.85858,-20.939638,-19.87135,-20.437284,-20.388363,-21.312908,-24.360645,-21.07556,-19.145031,-24.439854,-20.109997,-18.407026,-13.938183,-16.90158,-30.85236,-23.854713,-17.021606,-14.007477,-16.750067,-16.705662,-14.459658,-17.395979,-21.95234,-16.252428,-12.627153,-15.031488,-29.401665,-25.364828,-24.596775,-26.700165,-20.930103,-17.870352,-25.908352,-33.27577,-34.009575,-38.248154,-30.933428,-29.904457,-24.749731,-28.219252,-28.317524,-31.076344,-32.05221,-30.383842,-28.391685,-27.699333,-20.804567,-19.21648,-26.65327,-31.585459,-30.849686,-21.035198,-18.781242,-18.96569,-20.828007,-17.24245,-16.84406,-16.487577,-12.712955,-12.987648,-19.247812,-20.262388,-13.186819,-11.509199,-14.382256,-23.151293,-25.139496,-21.025993,-14.648987,-14.071596,-20.074127,-21.885672,-23.101215,-21.923088,-22.502155,-25.501781,-41.29721,-29.692486,-30.129383,-30.50544,-30.3026,-20.827345,-20.328852,-21.252487,-21.774834,-34.403534,-30.515024,-32.413773,-29.113213,-26.5672,-29.630733,-27.500465,-25.501282,-26.125174,-26.440466,-19.595377,-15.570972,-22.26511,-14.956657,-15.2091255,-20.070505,-20.68923,-18.333889,-17.979797,-24.640543,-21.809362,-20.5253,-19.169094,-16.778124,-18.564678,-21.178062,-22.193308,-13.533466,-13.021486,-20.40518,-35.527683,-38.32819,-30.560886,-21.701824,-20.629993,-28.465555,-34.00702,-23.467888,-25.555733,-19.807468,-15.923153,-14.286764,-13.013859,-15.684576,-16.896093,-17.685926,-17.217606,-15.277437,-14.023472,-16.47137,-15.736425,-17.389732,-12.084606,-13.555199,-18.484768,-14.703342,-18.534277,-21.961945,-21.080238,-24.29823,-23.830334,-20.381851,-19.858173,-25.91639,-24.889233,-30.598698,-22.650986,-20.720469,-18.63432,-24.266546,-25.419044,-25.834572,-23.710945,-23.826935,-38.687675,-30.365656,-26.852575,-25.133316,-28.699955,-26.649187,-28.798359,-23.725342,-29.400242,-28.954308,-23.327282,-16.667397,-12.82778,-12.654907,-19.411049,-24.231945,-22.256035,-29.242172,-27.194153,-24.686852,-21.5368,-24.648735,-31.227325,-25.473967,-23.644547,-28.77148,-26.058332,-21.795387,-24.541359,-25.510042,-27.86409,-31.802612,-24.809696,-17.66061,-19.141602,-25.527203,-21.051514,-19.902996,-16.53983,-13.3521,-15.985006,-25.509062,-20.068096,-18.453213,-20.463963,-15.147617,-16.893843,-18.513807,-21.188972,-18.725945,-19.403477,-18.043577,-21.824337,-28.768745,-24.58454,-23.075506,-25.749277,-25.806807,-20.367916,-16.188763,-22.207384,-23.011662,-23.068521,-24.879642,-27.275425,-23.04314,-21.044811,-26.375977,-27.214718,-22.165565,-17.133808,-13.043882,-11.317497,-15.965668,-17.146332,-18.026096,-19.740847,-16.113977,-21.24339,-29.761217,-22.300907,-20.034626,-17.760323,-15.039406,-15.73955,-17.459934,-19.59074,-16.820835,-13.274593,-18.365582,-20.863668,-22.750044,-22.238617,-24.227793,-21.747478,-14.866558,-19.2455,-16.495174,-14.506048,-19.453049,-24.578157,-22.306536,-26.207796,-25.174606,-24.99057,-25.894892,-23.101704,-19.742863,-17.353064,-13.62738,-12.7842865,-13.192957,-12.746927,-11.553242,-12.979708,-18.062513,-16.09603,-16.913282,-20.46237,-19.262476,-21.01502,-25.815395,-29.053806,-27.5858,-24.999123,-31.12067,-23.303616,-27.418861,-27.076399,-21.154781,-21.36361,-22.822514,-20.752937,-23.0527,-20.653519,-20.343464,-27.30179,-28.1082,-23.291206,-21.791077,-21.702753,-19.010527,-17.749441,-16.760004,-21.474274,-16.487942,-21.131546,-22.986008,-17.179134,-21.999453,-20.741457,-21.268974,-16.148327,-20.172146,-28.537344,-27.72193,-28.238947,-25.606493,-23.175144,-28.08257,-29.520107,-25.556877,-25.423988,-18.410542,-20.946928,-23.245565,-21.85683,-16.330435,-16.830097,-17.984425,-14.630154,-15.662241,-21.862543,-27.59061,-23.556969,-17.643,-18.282581,-22.834858,-21.294937,-20.950336,-22.92493,-17.389862,-22.942814,-24.618647,-19.529964,-21.353128,-21.080095,-18.580086,-16.809212,-19.142616,-22.26351,-25.499107,-16.517984,-18.48969,-14.149076,-19.209423,-19.916018,-17.801085,-28.929893,-23.571167,-21.97754,-24.736105,-20.371078,-20.44908,-16.15172,-15.2119255,-24.241747,-27.91838,-21.656733,-22.854107,-18.958553,-20.664024,-22.44548,-22.007975,-26.3988,-21.41107,-24.747955,-26.1778,-22.283337,-22.492939,-23.62093,-19.304922,-21.796204,-20.546719,-32.47407,-24.910452,-33.99576,-24.601513,-16.150911,-18.99962,-20.979498,-29.725702,-18.93634,-21.794022,-18.30195,-24.08422,-18.523106,-24.193314,-26.492188,-22.089808,-15.5479355,-13.622646,-17.141186,-22.611319,-20.608034,-21.487986,-18.015652,-24.722363,-21.92448,-17.51048,-13.410816,-15.779583,-27.112503,-22.681202,-24.879768,-28.761496,-20.98551,-24.589512,-34.501137,-33.74743,-26.167446,-18.747318,-18.30541,-17.350517,-20.63451,-27.563568,-32.25559,-23.051052,-23.237507,-29.565556,-24.752266,-22.685684,-18.343754,-16.509678,-24.259829,-16.725452,-14.183735,-21.821342,-19.284327,-21.075573,-18.446262,-24.644299,-21.060886,-14.67635,-13.9619465,-20.78005,-24.328777,-22.96293,-26.716688,-34.591084,-32.937393,-33.839554,-26.890745,-23.257065,-18.50752,-22.40292,-21.801277,-18.826033,-21.936733,-20.81537,-16.469065,-19.615196,-24.32069,-18.331947,-20.941303,-22.882107,-23.481834,-19.788597,-27.506054,-33.930645,-25.740253,-19.341087,-23.017756,-24.722086,-17.060617,-15.116955,-20.878582,-21.074846,-20.42316,-20.811024,-17.609478,-17.981527,-17.014683,-23.735504,-34.505722,-26.965492,-28.003809,-27.014246,-22.075878,-24.838093,-27.736256,-24.49323,-20.516321,-20.797237,-32.466114,-31.539116,-26.907768,-25.057076,-31.491875,-30.320316,-30.326061,-35.17923,-29.453259,-26.211174,-32.83156,-32.105164,-30.108522,-30.000784,-19.352211,-19.165222,-24.60704,-26.668036,-29.806301,-24.73669,-24.870935,-25.126223,-19.389294,-17.651693,-19.773874,-24.67894,-28.717285,-26.822636,-21.981041,-25.257126,-30.608477,-30.77682,-36.95266,-47.490273,-52.483078,-54.60578,-53.906845,-55.463436,-52.4935,-52.476254,-55.125603,-36.40278,-34.729862,-46.410427,-80.0,-80.0,-80.0,-80.0,-80.0,-80.0,-80.0,-80.0,-80.0,-80.0,-80.0,-80.0,-80.0,-80.0,-80.0,-80.0,-80.0,-80.0,-80.0,-80.0,-80.0,-80.0,-80.0,-80.0,-80.0,-80.0,-80.0,-80.0,-80.0,-80.0,-80.0,-80.0,-80.0,-80.0,-80.0,-80.0,-80.0,-80.0,-80.0,-80.0,-80.0,-80.0,-80.0,-80.0,-80.0,-80.0,-80.0,-80.0,-80.0,-80.0,-80.0,-80.0,-80.0,-80.0,-80.0,-80.0,-80.0,-80.0,-80.0,-80.0,-80.0,-80.0,-80.0,-80.0,-80.0,-80.0,-80.0,-80.0,-80.0,-80.0,-80.0,-80.0,-80.0,-80.0,-80.0,-80.0,-80.0,-80.0,-80.0,-80.0,-80.0,-80.0,-80.0,-80.0,-80.0,-80.0,-80.0,-80.0,-80.0,-80.0,-80.0,-80.0,-80.0,-80.0
-27.494053,-24.069109,-31.751312,-37.311638,-31.813362,-26.866377,-24.960262,-25.09261,-21.53897,-16.222155,-21.473532,-24.162794,-24.658188,-24.302647,-28.077692,-29.798319,-25.535387,-24.513752,-26.383163,-20.685991,-28.638464,-31.300554,-22.984749,-22.311588,-27.097517,-22.501225,-22.508614,-24.027256,-25.277214,-26.46717,-27.712307,-26.52978,-24.387264,-22.565468,-29.273258,-33.959938,-34.96584,-29.282207,-22.124937,-16.469954,-21.418985,-24.710651,-16.59404,-14.2466545,-12.592094,-19.9852,-15.704628,-17.356945,-15.220707,-21.204657,-21.05228,-24.387678,-35.280937,-29.536022,-33.32382,-19.546026,-17.974476,-26.36279,-22.643051,-22.760765,-27.455856,-26.960817,-19.32288,-17.833172,-14.145918,-16.573559,-18.95257,-16.09549,-20.739374,-25.823359,-23.915054,-25.34271,-19.100697,-17.495392,-26.824345,-23.962671,-16.91013,-17.840263,-16.688847,-23.584229,-20.346958,-22.439293,-23.2793,-22.203236,-19.26907,-22.72213,-20.192268,-18.227728,-13.834803,-18.57748,-22.158836,-39.233185,-20.481224,-21.14271,-22.195667,-20.238018,-16.983372,-18.93406,-22.200706,-19.305565,-18.983126,-24.905836,-20.990906,-17.06688,-13.670464,-18.437004,-33.44562,-24.568533,-16.116426,-13.972223,-16.640507,-17.447163,-17.492096,-18.381577,-23.311573,-15.809881,-11.684242,-14.568478,-27.72761,-25.497421,-26.289791,-27.51757,-21.928207,-18.28802,-26.420609,-34.765915,-31.714775,-30.447742,-26.76926,-24.850811,-25.390743,-31.894129,-31.195189,-31.473299,-32.69217,-35.271156,-29.943245,-26.21957,-20.10891,-19.209957,-26.488613,-32.252148,-31.098574,-22.568151,-22.440155,-21.904636,-19.514412,-17.163181,-15.846594,-15.737497,-12.096731,-12.542728,-19.979942,-19.815044,-13.333229,-11.678169,-13.096266,-18.726835,-20.433743,-20.424397,-14.0011425,-12.575436,-18.548883,-21.685637,-20.128035,-19.302458,-23.325916,-25.231297,-31.053194,-29.900415,-25.987698,-29.432192,-29.547289,-20.098686,-18.564384,-19.954033,-21.528984,-27.73409,-26.81419,-28.904266,-27.618069,-27.340073,-27.085943,-26.479324,-24.848923,-27.595081,-25.628582,-18.36372,-15.837099,-25.308147,-14.978052,-14.525778,-19.208275,-20.127897,-19.015423,-18.558414,-21.969383,-21.560276,-23.045902,-26.137747,-21.045616,-21.417297,-21.70438,-20.383898,-14.475903,-14.385468,-21.609589,-39.448105,-43.47233,-32.21089,-21.257801,-19.479116,-29.024408,-34.215675,-23.262953,-25.054329,-20.00518,-16.793316,-16.34963,-15.070971,-18.253681,-18.293184,-19.897305,-21.403627,-15.711731,-13.704775,-17.237137,-17.85993,-24.56117,-12.738888,-13.656536,-21.638815,-18.212902,-19.933935,-20.849926,-19.619755,-24.795837,-23.684292,-21.036001,-21.93978,-31.955173,-26.138197,-28.046707,-23.23602,-19.83815,-19.903309,-23.608582,-30.919493,-27.842403,-23.195599,-23.757114,-32.264565,-27.16653,-30.228674,-30.78326,-27.90923,-26.295574,-30.570728,-23.757793,-27.822325,-28.339619,-25.225964,-20.450108,-15.315767,-14.248501,-20.104729,-23.84945,-23.230495,-26.745375,-22.915447,-22.91666,-22.844524,-22.80041,-34.134785,-27.60503,-25.95805,-29.038254,-31.748547,-23.13132,-24.03461,-25.370146,-26.186897,-28.135902,-24.471584,-17.838455,-21.295738,-26.016743,-21.144108,-18.884794,-15.331001,-12.874098,-16.274359,-25.434671,-20.977898,-19.438936,-18.398956,-16.30134,-19.337494,-17.895493,-24.055243,-22.151089,-18.908897,-17.6323,-21.17279,-31.033346,-32.114822,-28.595291,-37.36922,-39.27511,-23.651405,-17.574827,-24.346653,-25.120733,-24.0181,-25.262684,-25.117523,-22.725956,-21.562164,-25.038443,-27.228806,-26.429394,-22.336222,-17.172169,-13.493107,-16.672628,-17.792465,-19.115837,-19.676437,-15.404081,-20.81628,-31.829588,-24.264435,-21.942524,-18.546879,-15.431353,-15.5089855,-17.42212,-19.537819,-18.195435,-13.809311,-16.45779,-20.16504,-24.16863,-25.394243,-22.759886,-20.77971,-14.98127,-19.606112,-14.925741,-12.950613,-18.777054,-24.183138,-21.6535,-27.100393,-27.180614,-23.853785,-27.30277,-25.359194,-21.918098,-19.032894,-13.504551,-13.549599,-12.47971,-11.994835,-12.021259,-12.723053,-17.521004,-15.39584,-18.454079,-19.409431,-19.085587,-18.556305,-25.144218,-29.577492,-30.35374,-25.129845,-29.29271,-23.169579,-27.01952,-26.840973,-19.528696,-19.032103,-25.738407,-23.316544,-23.722816,-21.801205,-19.936514,-26.832188,-31.12046,-21.580091,-20.28994,-23.759235,-19.035076,-20.358284,-19.275843,-28.066639,-17.564178,-21.053322,-23.550457,-17.33502,-22.876652,-22.305908,-26.219393,-16.46015,-20.419167,-34.53193,-28.599312,-26.931862,-28.376633,-23.689434,-26.555069,-29.514156,-26.741753,-28.289589,-18.39623,-20.133614,-24.06572,-23.24192,-17.00693,-17.694376,-22.200165,-16.958614,-17.610134,-23.325596,-25.870958,-23.87412,-18.967377,-18.9501,-24.849201,-21.869257,-19.293587,-23.500362,-17.056644,-20.873676,-27.954815,-22.721659,-21.085987,-21.428442,-18.614042,-16.567009,-16.848219,-19.267717,-22.467945,-16.471869,-17.899174,-14.31275,-17.513338,-20.803919,-17.014523,-20.214577,-18.056324,-19.772682,-21.240688,-17.348503,-19.08371,-15.278189,-12.843529,-17.97403,-19.712246,-19.713207,-20.397823,-16.97042,-20.993204,-20.557354,-23.275614,-23.745667,-19.936989,-23.327503,-28.601017,-26.437243,-33.9336,-26.001156,-19.39489,-20.12612,-19.979553,-28.932243,-22.832008,-26.585398,-22.962008,-16.77107,-21.95295,-21.379814,-26.166697,-18.392303,-20.614697,-16.225193,-18.146574,-17.193836,-22.10797,-22.11863,-19.781914,-15.730968,-13.0551605,-14.444416,-19.847832,-20.616669,-22.068533,-18.663342,-23.531868,-19.855011,-14.579807,-12.465971,-15.835842,-29.506685,-23.343296,-26.006184,-29.365946,-22.548794,-25.501625,-36.77652,-32.521378,-27.376106,-19.912704,-20.054457,-17.81012,-19.914764,-26.234493,-34.43802,-24.056961,-23.7922,-33.807014,-27.00444,-24.954346,-19.117496,-16.737724,-28.035954,-16.271097,-14.119339,-21.01246,-20.047369,-22.423058,-19.310898,-23.591461,-17.576439,-13.456512,-15.122314,-23.081924,-23.468452,-25.015232,-29.625256,-40.027016,-34.22285,-28.40409,-23.377937,-22.834377,-15.935745,-18.366734,-22.78284,-19.998585,-19.860596,-16.097982,-14.170757,-19.493204,-21.59483,-18.284744,-21.171268,-20.214813,-21.613924,-20.495998,-25.456476,-28.860367,-29.110569,-20.947208,-22.92993,-26.562845,-19.35852,-16.597956,-20.926018,-21.941488,-20.195618,-20.067461,-17.566282,-17.593342,-17.66075,-21.423246,-28.977667,-25.536745,-27.72824,-25.956587,-21.763458,-24.887993,-28.18442,-28.046883,-21.366642,-20.098206,-30.902851,-32.157597,-26.410107,-24.807915,-33.05897,-29.758429,-30.824265,-34.88519,-31.623178,-27.03131,-35.19127,-32.248615,-31.856117,-29.519928,-20.108475,-19.66609,-24.964376,-28.726923,-31.221127,-24.97622,-25.741705,-24.957603,-18.837189,-18.185555,-21.13161,-26.624287,-27.744268,-23.478453,-20.950066,-24.796402,-31.986391,-34.131527,-36.29992,-45.51397,-52.435402,-53.984573,-53.623146,-54.40219,-52.53563,-52.50319,-53.26951,-35.88369,-34.512096,-46.384068,-80.0,-80.0,-80.0,-80.0,-80.0,-80.0,-80.0,-80.0,-80.0,-80.0,-80.0,-80.0,-80.0,-80.0,-80.0,-80.0,-80.0,-80.0,-80.0,-80.0,-80.0,-80.0,-80.0,-80.0,-80.0,-80.0,-80.0,-80.0,-80.0,-80.0,-80.0,-80.0,-80.0,-80.0,-80.0,-80.0,-80.0,-80.0,-80.0,-80.0,-80.0,-80.0,-80.0,-80.0,-80.0,-80.0,-80.0,-80.0,-80.0,-80.0,-80.0,-80.0,-80.0,-80.0,-80.0,-80.0,-80.0,-80.0,-80.0,-80.0,-80.0,-80.0,-80.0,-80.0,-80.0,-80.0,-80.0,-80.0,-80.0,-80.0,-80.0,-80.0,-80.0,-80.0,-80.0,-80.0,-80.0,-80.0,-80.0,-80.0,-80.0,-80.0,-80.0,-80.0,-80.0,-80.0,-80.0,-80.0,-80.0,-80.0,-80.0,-80.0,-80.0,-80.0
-25.549454,-20.32015,-24.45821,-37.222412,-27.150135,-25.965405,-21.538486,-19.46213,-16.974562,-14.576616,-18.354853,-27.906147,-35.076813,-27.115988,-38.93273,-28.193659,-24.14243,-24.270695,-24.647337,-20.655024,-26.64492,-34.737404,-31.226248,-24.11575,-36.817703,-26.470327,-18.610523,-26.152681,-21.838354,-21.944065,-37.785122,-23.12788,-20.274849,-23.212654,-25.123678,-28.273037,-32.976814,-25.858967,-19.584793,-14.630806,-17.242943,-19.510056,-14.369484,-12.889788,-13.672947,-13.685879,-13.500168,-12.932968,-11.449535,-18.550547,-22.120548,-22.07175,-28.80962,-30.40204,-28.81947,-16.560724,-14.959724,-25.786385,-18.402092,-16.962374,-20.463036,-24.968018,-22.269815,-11.710875,-11.357521,-21.448605,-25.0457,-13.966761,-19.960136,-32.477566,-26.252733,-22.694698,-16.4528,-17.000055,-29.170238,-25.464905,-15.00119,-15.189823,-19.862112,-17.622784,-22.157534,-20.4819,-17.413048,-19.960655,-16.097782,-17.5617,-15.592487,-12.584763,-9.801369,-12.383484,-19.381924,-37.183254,-19.51736,-18.146437,-18.130568,-14.269608,-11.715994,-13.772324,-16.222128,-15.915375,-17.822187,-21.604145,-29.771753,-15.031309,-12.512314,-20.69512,-26.676836,-20.721725,-16.63183,-15.055712,-21.730976,-23.054398,-33.09374,-19.240662,-33.90211,-16.427788,-10.8960495,-12.642813,-20.224566,-28.83583,-31.681364,-26.482016,-20.15187,-19.950935,-25.495031,-32.525215,-27.526138,-23.168562,-20.226582,-18.116034,-27.4881,-26.440178,-29.804867,-31.96849,-27.600277,-29.80216,-31.63115,-24.454323,-19.364483,-20.723667,-25.203117,-31.636675,-41.470615,-27.860949,-27.808214,-27.418402,-16.996405,-19.60142,-15.13892,-17.31781,-12.282141,-13.168438,-26.007072,-17.613686,-17.038786,-16.593143,-11.387899,-12.783661,-14.53512,-21.447964,-13.549641,-9.9592495,-16.497955,-26.656971,-15.714773,-15.318739,-24.374535,-21.76544,-23.401794,-25.176083,-20.39598,-22.230215,-22.125568,-18.538235,-15.470688,-17.67957,-23.613548,-20.103514,-20.733765,-23.461746,-25.046545,-36.034607,-22.811424,-25.390709,-23.701262,-30.106972,-24.44833,-15.02457,-15.376373,-18.670952,-16.279858,-14.779289,-19.16198,-21.526861,-22.20723,-20.05929,-15.150377,-21.12989,-27.008436,-21.987604,-29.828962,-22.653158,-19.547953,-16.111198,-19.288864,-19.832165,-26.080284,-48.631428,-37.44494,-31.50974,-22.225561,-17.21195,-25.099058,-30.32597,-22.375862,-19.526237,-20.07778,-27.96103,-38.558594,-24.67657,-29.54461,-24.305511,-20.705767,-23.740711,-21.558178,-13.901329,-19.781502,-18.830025,-17.457363,-15.389385,-12.875082,-18.721146,-28.64146,-18.769974,-17.279953,-15.297138,-20.772133,-20.182293,-21.123339,-19.205608,-28.093737,-22.436586,-20.450949,-19.76281,-17.567318,-24.653454,-25.768105,-35.617073,-26.922422,-20.050556,-20.484812,-25.21763,-22.139248,-26.875309,-36.12368,-24.095654,-23.833485,-25.59981,-23.078264,-24.457478,-27.739395,-33.711082,-26.620493,-28.353237,-19.685516,-18.771389,-23.535652,-32.85317,-20.159378,-16.786606,-18.140228,-22.67021,-19.553942,-28.039051,-23.827084,-27.436798,-36.795975,-28.667236,-23.114582,-28.188652,-31.60268,-21.853426,-21.74311,-26.187145,-17.79974,-25.85264,-32.822758,-23.55302,-17.272724,-12.833014,-15.086395,-16.991655,-22.841873,-16.815384,-15.7787895,-15.075933,-15.533379,-19.704224,-18.151852,-27.329659,-33.85514,-19.490337,-16.847368,-19.798473,-29.260311,-28.215984,-29.306725,-30.319035,-32.774906,-23.350765,-19.129314,-19.490166,-23.71986,-21.029274,-24.398167,-21.588625,-26.911098,-23.06329,-20.385971,-20.846163,-24.250107,-24.688633,-24.288849,-20.264277,-21.909462,-19.036556,-24.332085,-21.569675,-14.013935,-19.150047,-33.871426,-25.826096,-36.23673,-28.970478,-20.983265,-17.894836,-26.823444,-16.764057,-15.237934,-17.324892,-13.34206,-17.015745,-23.965517,-23.326561,-18.772614,-15.503305,-16.988523,-16.536545,-10.435335,-10.726307,-19.036343,-28.96268,-18.139574,-19.461967,-24.562786,-23.057365,-26.452011,-20.95938,-28.724249,-35.833065,-14.369408,-27.55602,-12.699577,-12.083235,-24.878216,-13.091404,-21.086872,-14.144928,-21.557743,-18.70125,-19.791042,-14.743092,-26.286602,-28.22604,-26.461414,-26.119076,-26.134224,-22.21087,-19.785084,-23.566597,-15.788033,-15.381063,-27.064096,-26.204912,-20.345564,-24.276424,-20.983555,-23.090334,-24.225117,-16.639698,-16.383318,-20.040333,-18.615292,-22.740688,-23.02597,-22.810165,-19.473333,-21.382288,-24.44497,-17.308996,-17.993834,-21.80594,-21.76382,-17.491394,-21.968437,-40.861847,-29.445116,-23.944126,-27.212355,-23.771719,-22.390406,-24.86393,-28.187996,-21.454199,-16.247704,-19.733498,-23.53653,-23.770855,-22.004663,-25.379503,-24.178787,-24.835052,-28.217888,-23.124048,-20.68689,-30.682915,-24.22112,-22.58865,-32.30098,-29.47002,-16.952156,-17.45468,-14.138157,-16.303308,-20.764204,-24.42902,-20.553734,-23.661837,-21.96613,-18.386839,-13.256382,-14.052246,-16.579298,-15.332825,-16.327171,-16.187263,-12.824787,-24.11363,-15.689037,-12.957981,-11.61578,-15.224005,-16.266214,-12.796608,-16.667362,-13.179071,-9.003529,-11.234911,-12.600704,-14.944511,-16.327164,-13.20056,-21.124866,-17.75847,-30.403162,-18.09844,-16.588829,-18.417126,-27.690952,-27.958551,-36.88063,-22.82122,-16.499712,-15.58416,-18.483543,-21.854048,-18.46552,-19.310839,-19.44897,-19.337967,-18.652554,-20.224773,-18.657455,-16.216331,-14.329887,-12.050358,-11.709129,-15.064434,-16.309814,-16.258549,-15.921474,-23.589962,-12.612129,-10.32843,-13.318024,-18.614853,-24.065205,-20.674501,-20.709879,-16.086319,-10.168381,-11.344187,-14.749683,-22.40374,-26.929146,-22.929466,-22.80353,-23.416561,-25.971874,-32.18566,-30.732655,-33.444942,-22.345701,-28.216454,-21.038553,-20.369713,-23.56974,-30.31104,-28.813084,-24.840279,-27.574848,-45.661488,-36.346146,-22.644672,-16.666567,-21.454792,-16.913347,-13.326157,-13.307682,-17.986519,-21.774944,-19.43798,-16.347168,-12.395405,-11.93084,-19.974384,-25.698612,-22.24678,-23.503866,-28.764345,-38.914932,-36.238922,-22.015514,-18.049137,-18.189547,-11.865105,-12.514145,-18.257391,-16.835196,-16.279158,-10.15254,-9.843624,-15.044411,-16.650011,-16.648727,-21.477404,-15.563347,-16.330927,-26.732552,-21.869057,-22.46525,-24.934616,-23.412487,-25.06789,-23.06432,-22.15945,-16.990532,-16.316591,-28.263199,-16.86258,-16.192822,-23.462444,-17.864752,-18.188866,-15.92952,-21.521275,-21.175367,-27.451654,-23.772152,-20.090578,-25.904406,-30.806211,-29.507711,-21.11913,-18.161972,-26.405293,-28.007145,-22.699638,-24.592873,-40.83394,-32.41398,-30.598635,-38.65193,-27.901295,-24.700502,-31.289888,-28.37291,-37.762512,-30.432861,-21.930323,-22.345207,-38.03739,-34.327724,-31.97157,-24.751154,-29.090511,-25.135853,-19.774876,-25.188545,-29.59319,-39.210365,-26.894728,-18.517277,-19.048054,-25.407703,-38.08513,-44.742443,-34.671482,-42.08457,-60.068977,-50.383835,-50.734756,-50.06839,-55.212692,-55.96994,-46.604683,-34.064,-33.106503,-45.207645,-80.0,-80.0,-80.0,-80.0,-80.0,-80.0,-80.0,-80.0,-80.0,-80.0,-80.0,-80.0,-80.0,-80.0,-80.0,-80.0,-80.0,-80.0,-80.0,-80.0,-80.0,-80.0,-80.0,-80.0,-80.0,-80.0,-80.0,-80.0,-80.0,-80.0,-80.0,-80.0,-80.0,-80.0,-80.0,-80.0,-80.0,-80.0,-80.0,-80.0,-80.0,-80.0,-80.0,-80.0,-80.0,-80.0,-80.0,-80.0,-80.0,-80.0,-80.0,-80.0,-80.0,-80.0,-80.0,-80.0,-80.0,-80.0,-80.0,-80.0,-80.0,-80.0,-80.0,-80.0,-80.0,-80.0,-80.0,-80.0,-80.0,-80.0,-80.0,-80.0,-80.0,-80.0,-80.0,-80.0,-80.0,-80.0,-80.0,-80.0,-80.0,-80.0,-80.0,-80.0,-80.0,-80.0,-80.0,-80.0,-80.0,-80.0,-80.0,-80.0,-80.0,-80.0
-26.884676,-20.535507,-20.682745,-25.377596,-25.839865,-26.241905,-20.842216,-16.494722,-21.288757,-16.994043,-28.636814,-29.94616,-36.300213,-30.693945,-30.998638,-25.630901,-26.65957,-27.998287,-37.712646,-24.031704,-23.03344,-26.205696,-24.965416,-33.07489,-25.837236,-23.472332,-17.213278,-20.034657,-22.177652,-21.883305,-26.490505,-25.569038,-16.582073,-20.688423,-19.960087,-27.53563,-24.944695,-19.223091,-23.34538,-17.997139,-18.646135,-26.046593,-18.246265,-29.190956,-34.732212,-13.487007,-16.964134,-19.561485,-11.544714,-14.726923,-32.29443,-22.966269,-26.252663,-27.781698,-24.52769,-14.019978,-13.936241,-19.153215,-12.547195,-10.076843,-12.201996,-14.723417,-16.168594,-9.66317,-11.199089,-19.015589,-14.622362,-11.584089,-14.921028,-24.139545,-36.569305,-37.757816,-20.951946,-21.598682,-27.587713,-24.436033,-17.257397,-18.074247,-22.300385,-19.186356,-31.203573,-37.160988,-15.416933,-12.525377,-15.793846,-17.957209,-14.034321,-11.774944,-13.178644,-14.587645,-19.921902,-23.657799,-20.655811,-20.162766,-13.148968,-14.402939,-15.335405,-15.488323,-25.606283,-21.935057,-23.016426,-21.394821,-19.262337,-14.462259,-17.746443,-24.510569,-22.042236,-19.789448,-22.97445,-23.684912,-28.707703,-26.623144,-25.864658,-24.406939,-21.33032,-25.58855,-18.545967,-17.205286,-22.076662,-29.74858,-29.862274,-37.537266,-21.203838,-23.88058,-31.5652,-25.612783,-24.991188,-18.197771,-17.71512,-18.714237,-15.86668,-18.003052,-25.602863,-30.599298,-27.710392,-32.56389,-39.891586,-37.11073,-26.926847,-28.107828,-35.035007,-36.582867,-32.71513,-26.183704,-29.718952,-31.962147,-22.139252,-16.419075,-13.156616,-14.730335,-16.20138,-22.528633,-20.570606,-24.184029,-31.961363,-22.416058,-17.792946,-18.187183,-18.313179,-15.816572,-10.796371,-13.221775,-27.308945,-22.623268,-16.988897,-17.50047,-22.124046,-19.051353,-18.79335,-19.165867,-18.380894,-18.963156,-19.416601,-27.399998,-20.466848,-18.44939,-23.491539,-19.650139,-18.965178,-32.84941,-23.67622,-22.749922,-24.683613,-33.257473,-26.099453,-24.235088,-30.163887,-16.514841,-20.303143,-28.241453,-32.48558,-22.955809,-26.389393,-42.393093,-19.711674,-14.669462,-15.626261,-22.00319,-21.849133,-18.869068,-20.80366,-21.915928,-16.177475,-19.299927,-25.475056,-27.754002,-62.43872,-29.001034,-29.566418,-33.63538,-24.484905,-17.142088,-19.298122,-23.236706,-20.7817,-24.146214,-18.482544,-26.591255,-30.11796,-26.840618,-32.87471,-27.347153,-17.71736,-30.219223,-19.898293,-13.119305,-17.324812,-21.08648,-19.284748,-25.20138,-16.414377,-21.828167,-26.7106,-23.326504,-29.721415,-16.37031,-14.541613,-14.11517,-14.105055,-18.144709,-36.16993,-19.807688,-20.782906,-37.56393,-19.50584,-21.47158,-25.449245,-30.373503,-26.575054,-28.081215,-23.27322,-21.442425,-22.157373,-21.392292,-22.275309,-21.403135,-36.0054,-27.21878,-30.92092,-24.67118,-24.75338,-22.843498,-21.492794,-21.378086,-28.193663,-14.816666,-17.689238,-35.73826,-19.209953,-19.109161,-14.077806,-12.107555,-17.513813,-19.590761,-13.575214,-16.839643,-25.83889,-23.260683,-20.881954,-28.477345,-27.44315,-24.335278,-21.607779,-18.451414,-20.35041,-25.232903,-23.261513,-21.843231,-18.179504,-22.136318,-25.821,-20.02266,-21.733555,-14.552448,-20.872196,-14.505987,-16.96332,-22.29084,-22.453602,-20.233738,-19.21377,-34.755104,-24.599522,-20.226921,-18.365585,-25.817942,-26.722881,-23.998402,-25.303925,-43.40701,-25.378502,-25.830025,-44.788517,-24.609936,-23.09029,-18.851807,-19.998962,-24.958702,-27.592249,-22.400087,-21.94271,-21.194807,-29.796684,-24.228588,-24.94963,-21.680267,-23.115314,-17.701946,-18.279749,-17.890736,-19.478144,-19.838066,-25.136608,-32.50149,-31.322983,-24.92213,-23.232527,-17.989944,-16.583235,-21.458565,-16.589664,-21.787601,-23.23728,-16.447975,-16.6244,-16.334345,-17.90409,-15.21521,-10.2216835,-12.942163,-21.566645,-15.57416,-16.142807,-17.92002,-14.985516,-19.153198,-23.254108,-20.338785,-16.124912,-16.379469,-16.908188,-13.555038,-18.152813,-18.278873,-12.723141,-14.660242,-21.16438,-17.160088,-12.603758,-12.52269,-11.908897,-15.014307,-25.218613,-24.504047,-29.190186,-30.736498,-36.941353,-25.327286,-16.159874,-14.972513,-16.57609,-15.90473,-19.50637,-18.582247,-19.76778,-24.534336,-33.9758,-22.73133,-16.173952,-13.716307,-23.90036,-15.743673,-14.914335,-23.0602,-29.069153,-29.073338,-31.245728,-23.542154,-29.495369,-19.51316,-15.222946,-21.52767,-24.763344,-22.927547,-25.71871,-31.430496,-40.415134,-23.090734,-22.832067,-39.311813,-25.635138,-38.947227,-36.679314,-24.76653,-18.14678,-20.27863,-19.402534,-19.510517,-20.865757,-19.756628,-18.111418,-19.019978,-26.285133,-25.19838,-20.879574,-21.629654,-25.00956,-22.179949,-18.449646,-17.155205,-18.138096,-22.75163,-13.974445,-17.99294,-23.825836,-19.802294,-15.660858,-17.024881,-34.835953,-36.049313,-15.61624,-16.478582,-17.619806,-31.640402,-15.174582,-12.347792,-9.845551,-16.032148,-25.887056,-12.535028,-9.246618,-11.174612,-14.795523,-19.197618,-13.486853,-13.185711,-12.833866,-13.861856,-14.264549,-11.6465,-13.786449,-14.347979,-13.754257,-16.04046,-18.924974,-22.211905,-20.218128,-22.621998,-19.975452,-24.55689,-26.02031,-21.195988,-21.60424,-25.248959,-21.816036,-32.816284,-20.845497,-14.7739525,-21.033806,-23.683966,-19.746765,-27.435778,-27.018959,-21.035816,-23.907333,-14.7464695,-13.21353,-24.638824,-20.1076,-16.264688,-33.837353,-18.426281,-15.072144,-16.395283,-15.704037,-24.530926,-41.060394,-28.89634,-19.477001,-15.375111,-11.627739,-22.06945,-18.539066,-22.373873,-19.037159,-16.5607,-19.127165,-25.525381,-28.126905,-29.939705,-28.169548,-32.06428,-23.263065,-24.890766,-26.165699,-30.169481,-22.93742,-35.519463,-37.9753,-28.914375,-22.655087,-25.181105,-24.826044,-17.553576,-17.38632,-23.365868,-23.241081,-18.960537,-13.506676,-18.22242,-30.075245,-35.655415,-16.584797,-17.777685,-17.12455,-22.028814,-24.588303,-17.97243,-18.869886,-21.923351,-23.90974,-20.728203,-20.194736,-19.016771,-13.658642,-14.407761,-13.005966,-13.905392,-18.855984,-13.543646,-10.376686,-14.199245,-14.871735,-21.979733,-18.00678,-16.158714,-17.819145,-20.009212,-20.35656,-19.18415,-27.75436,-21.207022,-22.803663,-20.059383,-18.677902,-12.8572445,-12.3479805,-12.721464,-14.022018,-15.052864,-16.454142,-15.608725,-13.501228,-11.658451,-13.537815,-22.429005,-20.822004,-24.702202,-25.22858,-28.17427,-26.41231,-37.11715,-31.609417,-22.683487,-18.508492,-22.874846,-32.040092,-21.887154,-26.662144,-33.585342,-35.652557,-25.480822,-24.140219,-23.119251,-24.47305,-25.317719,-30.885431,-37.011177,-34.73479,-26.957571,-21.23192,-27.138945,-35.36493,-28.352636,-31.556093,-36.47258,-26.475742,-28.439926,-31.3068,-30.82843,-30.179201,-24.095886,-20.357876,-23.860455,-47.646797,-34.8637,-38.431633,-36.674294,-41.22574,-51.74887,-58.65477,-55.43267,-66.933815,-52.065094,-51.912792,-59.55135,-34.9118,-33.4451,-45.41029,-80.0,-80.0,-80.0,-80.0,-80.0,-80.0,-80.0,-80.0,-80.0,-80.0,-80.0,-80.0,-80.0,-80.0,-80.0,-80.0,-80.0,-80.0,-80.0,-80.0,-80.0,-80.0,-80.0,-80.0,-80.0,-80.0,-80.0,-80.0,-80.0,-80.0,-80.0,-80.0,-80.0,-80.0,-80.0,-80.0,-80.0,-80.0,-80.0,-80.0,-80.0,-80.0,-80.0,-80.0,-80.0,-80.0,-80.0,-80.0,-80.0,-80.0,-80.0,-80.0,-80.0,-80.0,-80.0,-80.0,-80.0,-80.0,-80.0,-80.0,-80.0,-80.0,-80.0,-80.0,-80.0,-80.0,-80.0,-80.0,-80.0,-80.0,-80.0,-80.0,-80.0,-80.0,-80.0,-80.0,-80.0,-80.0,-80.0,-80.0,-80.0,-80.0,-80.0,-80.0,-80.0,-80.0,-80.0,-80.0,-80.0,-80.0,-80.0,-80.0,-80.0,-80.0
-30.45048,-25.220764,-23.179966,-29.728958,-31.6085,-27.164389,-20.874956,-17.674116,-20.9558,-19.290012,-24.408195,-24.604107,-24.961327,-27.30523,-28.51897,-28.455917,-32.320805,-32.43026,-30.650618,-29.578636,-25.772614,-24.49516,-24.847666,-26.972889,-23.633614,-20.82373,-18.40152,-21.89579,-26.87544,-24.373638,-28.362438,-26.629103,-15.345123,-14.941687,-19.418114,-26.6216,-20.582767,-16.641077,-21.616848,-21.121998,-21.796392,-25.41809,-20.639755,-21.946655,-18.77519,-15.69729,-20.46211,-19.140953,-15.265783,-17.33294,-21.741508,-24.829758,-31.698889,-33.566307,-22.78935,-16.091082,-16.635868,-21.342052,-12.691336,-11.641958,-15.595203,-16.338907,-15.111462,-11.184406,-14.534014,-20.531858,-17.838585,-14.544502,-14.824806,-27.792381,-27.72625,-27.894104,-23.090435,-22.349098,-21.196423,-18.274971,-22.617744,-19.99412,-24.498722,-21.713825,-24.08934,-23.254177,-15.875343,-14.806335,-20.689825,-23.979698,-18.52956,-17.078278,-19.004963,-19.950686,-24.000334,-27.255531,-19.207249,-17.758095,-14.163128,-19.46098,-20.004528,-19.427464,-18.526468,-20.644247,-23.810856,-26.78118,-21.645243,-17.971512,-21.271667,-28.257229,-23.373564,-18.188646,-16.51609,-19.882278,-25.142715,-31.13543,-24.923203,-21.386597,-19.192455,-22.61501,-22.295477,-19.569227,-23.432472,-22.110538,-23.743969,-22.910595,-23.712921,-28.321308,-27.759674,-28.778076,-30.011074,-18.7444,-18.907198,-20.85294,-16.160648,-17.373003,-25.042473,-32.24464,-29.071808,-36.392265,-35.14588,-41.938995,-30.218922,-28.066242,-31.357754,-33.29698,-28.243444,-23.856285,-24.820652,-28.525555,-22.236069,-14.86027,-12.161022,-14.558451,-18.370686,-23.202927,-23.37912,-26.022745,-25.422447,-25.369217,-22.764053,-22.009548,-20.050756,-15.859251,-11.88011,-17.4646,-24.877895,-22.863829,-21.933384,-21.440502,-27.58633,-22.438808,-22.063948,-22.799112,-23.883352,-22.324486,-24.627821,-26.474304,-23.88836,-19.20642,-23.602802,-24.295984,-19.348568,-26.19328,-25.501297,-21.539438,-26.541014,-31.814022,-22.850853,-27.042494,-25.350323,-19.082756,-20.414125,-28.123074,-32.129974,-23.03969,-23.300858,-24.652554,-21.585388,-17.192394,-19.163603,-27.976984,-27.754267,-21.202848,-21.020979,-22.75912,-18.327816,-24.269283,-22.165985,-24.17091,-30.588404,-29.143528,-28.508823,-36.897186,-26.081078,-20.664253,-19.85424,-24.037285,-18.692055,-17.2591,-15.663845,-18.357225,-20.459387,-18.713404,-19.472477,-18.744427,-19.34312,-18.813683,-14.415499,-13.095682,-15.923002,-17.849188,-16.617714,-19.767014,-19.007977,-22.146025,-25.268995,-23.57354,-20.688255,-18.583355,-19.942017,-16.332565,-17.601078,-19.837952,-27.96708,-17.143675,-19.668922,-22.96268,-17.749523,-20.101019,-24.711475,-35.561543,-27.182735,-29.234514,-29.075874,-24.70314,-28.08813,-22.936144,-27.177406,-21.052507,-19.362682,-19.810839,-26.874975,-25.260042,-21.926382,-19.140064,-15.660599,-17.35369,-19.74653,-15.307442,-15.988817,-20.091951,-16.877083,-18.414654,-13.932421,-13.033604,-14.892136,-12.879133,-10.56134,-12.799904,-19.662327,-17.47299,-17.787111,-31.782097,-22.592812,-24.644318,-21.788937,-22.911951,-19.792175,-24.358442,-20.091385,-15.534618,-13.758085,-16.325672,-15.885281,-22.736914,-18.497414,-14.9144745,-19.880928,-15.410877,-15.338566,-18.946869,-22.934048,-20.663029,-22.263058,-18.868416,-19.2715,-17.803333,-19.127838,-25.03894,-30.626812,-26.212444,-27.488895,-31.616856,-28.844643,-26.347412,-30.609669,-26.525995,-28.547613,-19.897213,-19.485851,-25.04158,-23.987133,-26.06003,-25.673996,-20.36905,-21.355295,-21.65123,-29.26671,-21.101627,-19.210016,-22.107672,-23.898912,-23.510677,-21.139925,-20.678764,-23.246153,-25.82273,-31.547113,-25.980078,-25.697897,-18.975082,-22.23272,-17.138866,-18.1805,-24.588692,-18.372272,-16.416845,-21.680412,-18.963882,-22.849005,-12.399179,-14.032921,-15.53466,-17.537682,-17.167809,-17.065426,-20.986311,-16.148003,-15.846416,-22.545307,-22.12108,-15.454966,-16.767982,-21.784208,-15.591934,-16.734226,-16.703491,-13.825199,-17.195704,-25.320423,-21.057564,-15.421158,-15.747913,-14.012444,-15.943205,-23.139935,-18.172441,-21.26145,-31.151457,-39.280117,-26.248035,-19.456326,-16.429985,-22.191647,-20.193077,-21.181145,-20.23773,-17.010738,-28.034653,-24.496555,-21.99429,-20.466022,-15.657791,-17.18655,-15.6928215,-16.036465,-25.93814,-32.727818,-27.682495,-26.107311,-26.618938,-27.016315,-19.5252,-18.038116,-24.653185,-24.867533,-23.922766,-25.896545,-26.498852,-30.956703,-25.750965,-23.4753,-27.522242,-28.49502,-33.272198,-31.664892,-28.818213,-22.656595,-17.760574,-19.532742,-20.343468,-17.464607,-21.000751,-18.05656,-16.729942,-21.237011,-28.619646,-24.156082,-21.783459,-21.089287,-21.687351,-19.967342,-17.527985,-19.647923,-25.310919,-17.598906,-14.991598,-18.325932,-23.530245,-15.642229,-15.984983,-20.81413,-20.10311,-17.51488,-20.992172,-19.803295,-17.872938,-16.824533,-13.069355,-11.17935,-13.411255,-21.437532,-15.883444,-12.900368,-16.38204,-17.93104,-20.60044,-17.748018,-18.664925,-18.557142,-18.140585,-18.009884,-15.378445,-18.51272,-19.127605,-16.470676,-21.138062,-20.290028,-25.829163,-22.190744,-20.850273,-19.294518,-26.903248,-20.717793,-21.911568,-24.403318,-22.795029,-21.51357,-26.128664,-20.90242,-14.849859,-19.671482,-28.185566,-22.049694,-28.238455,-28.859491,-24.11007,-29.803236,-17.142643,-16.292025,-28.721802,-21.388504,-19.646847,-22.253334,-15.921513,-17.057537,-20.917446,-21.088436,-27.289742,-42.95143,-26.514328,-20.408062,-19.780512,-15.483356,-17.640446,-19.766579,-21.965368,-16.533455,-21.314003,-19.261124,-29.33751,-23.564363,-23.194717,-22.530632,-24.966475,-23.147173,-26.019741,-24.427734,-23.065102,-25.350346,-28.56216,-31.114754,-34.421024,-22.370117,-20.27489,-19.590176,-18.404732,-21.371174,-21.456848,-17.732225,-17.336601,-19.102573,-18.070553,-25.843601,-21.533398,-17.733639,-22.341547,-22.617403,-26.400047,-26.736687,-19.905329,-21.710012,-24.42263,-19.367638,-19.269289,-21.418007,-21.009365,-16.805965,-20.315577,-18.049494,-17.207586,-22.556854,-17.529943,-15.195377,-17.137815,-17.181114,-19.25971,-18.901989,-22.110214,-22.005207,-25.660065,-22.932327,-19.46027,-20.68377,-18.770658,-19.219522,-16.903034,-13.655163,-13.028954,-16.389917,-18.003649,-13.378504,-18.315079,-18.897747,-17.792118,-17.55695,-13.880669,-14.456112,-24.373749,-24.581326,-26.951351,-26.999239,-31.956657,-27.523113,-28.036093,-25.601269,-20.939878,-21.813988,-28.485346,-23.445229,-21.544237,-29.071539,-29.699621,-25.364132,-24.628319,-25.003473,-26.991352,-29.991426,-28.6581,-33.198364,-41.286076,-33.879658,-24.787727,-21.971058,-27.560745,-32.39805,-32.247913,-35.942375,-40.398506,-27.553688,-25.299732,-25.07904,-22.62822,-26.025343,-27.806477,-25.252663,-28.251543,-33.79495,-32.589558,-37.909885,-40.671474,-43.02481,-54.94083,-53.871193,-53.72759,-53.99639,-54.3301,-54.48333,-53.337013,-36.435425,-34.51173,-46.182976,-80.0,-80.0,-80.0,-80.0,-80.0,-80.0,-80.0,-80.0,-80.0,-80.0,-80.0,-80.0,-80.0,-80.0,-80.0,-80.0,-80.0,-80.0,-80.0,-80.0,-80.0,-80.0,-80.0,-80.0,-80.0,-80.0,-80.0,-80.0,-80.0,-80.0,-80.0,-80.0,-80.0,-80.0,-80.0,-80.0,-80.0,-80.0,-80.0,-80.0,-80.0,-80.0,-80.0,-80.0,-80.0,-80.0,-80.0,-80.0,-80.0,-80.0,-80.0,-80.0,-80.0,-80.0,-80.0,-80.0,-80.0,-80.0,-80.0,-80.0,-80.0,-80.0,-80.0,-80.0,-80.0,-80.0,-80.0,-80.0,-80.0,-80.0,-80.0,-80.0,-80.0,-80.0,-80.0,-80.0,-80.0,-80.0,-80.0,-80.0,-80.0,-80.0,-80.0,-80.0,-80.0,-80.0,-80.0,-80.0,-80.0,-80.0,-80.0,-80.0,-80.0,-80.0
-32.571766,-29.345844,-24.819519,-32.648003,-36.55386,-27.188396,-21.277298,-18.45344,-19.958513,-19.90574,-23.523443,-22.617191,-23.318422,-25.85629,-26.164097,-27.590239,-34.51301,-33.809772,-30.08641,-36.89484,-27.013554,-24.630545,-25.019852,-25.84624,-22.375158,-20.794601,-18.943651,-23.102894,-30.28282,-24.874641,-25.297522,-23.064508,-14.456427,-14.223022,-19.308105,-26.40862,-19.057598,-15.988991,-20.372126,-23.40016,-23.72507,-25.614922,-22.06855,-20.735435,-17.14855,-16.634262,-22.835333,-19.563702,-18.261286,-19.238625,-20.97482,-24.829498,-33.130997,-36.134766,-22.334652,-17.59613,-17.844984,-21.699104,-13.135426,-12.547657,-18.016869,-17.402779,-15.155075,-12.05826,-17.00392,-21.478354,-19.945156,-16.635702,-14.62266,-23.43732,-21.866417,-21.158854,-21.888943,-20.447517,-16.952744,-15.834499,-22.320747,-20.34469,-24.716076,-23.46674,-23.198643,-22.030945,-16.253632,-16.388275,-25.215115,-34.29508,-22.494442,-23.889044,-30.101105,-26.405802,-27.381573,-28.21902,-18.020535,-16.145031,-14.766563,-23.693003,-21.19313,-19.208534,-16.76697,-18.866835,-23.537142,-31.391619,-22.264877,-20.742588,-23.330389,-31.283707,-24.423393,-17.838352,-15.280052,-18.093582,-22.724539,-25.791992,-23.080877,-20.549774,-17.04708,-20.147125,-23.224049,-20.6296,-22.548124,-20.7123,-22.446589,-22.120075,-23.269701,-26.47048,-26.465502,-30.53916,-30.746468,-18.605179,-18.65273,-21.99588,-16.630575,-17.416876,-25.201746,-30.952267,-28.147291,-32.348145,-32.268196,-42.31784,-32.4567,-27.897297,-31.126934,-31.38117,-27.836332,-23.533611,-23.293491,-28.022066,-22.302563,-14.841303,-12.004011,-14.998915,-19.80421,-22.5494,-23.4973,-24.791483,-23.425808,-26.043907,-26.827366,-24.57552,-19.202908,-14.950878,-12.544554,-20.536259,-23.17826,-23.311356,-26.796333,-24.544796,-32.62166,-25.087708,-23.464853,-22.073437,-22.337196,-21.825531,-27.177982,-26.242023,-25.959007,-19.666653,-23.620173,-28.074806,-19.411303,-23.399048,-24.420267,-21.166155,-27.911407,-28.228514,-21.026485,-25.289618,-22.745018,-20.411676,-20.055311,-22.72731,-24.549187,-22.39265,-23.029045,-21.89486,-22.200045,-18.37041,-21.932735,-27.473299,-27.865995,-22.30117,-20.995834,-19.545458,-18.850657,-28.92516,-20.461163,-21.050884,-28.299957,-29.641722,-27.409622,-30.20459,-26.308075,-22.871702,-19.815826,-23.642305,-18.245129,-16.422285,-15.367472,-16.761667,-18.819557,-17.108818,-17.814428,-17.179205,-19.711025,-16.718452,-12.694237,-13.576817,-15.716696,-17.687248,-15.676115,-18.506222,-19.734814,-19.75216,-22.59559,-22.740627,-19.232407,-19.343899,-25.051975,-17.657953,-19.913298,-20.165695,-25.063606,-15.580423,-16.70286,-18.409086,-16.840385,-20.307394,-24.278679,-35.49789,-26.509705,-25.730774,-28.689297,-26.89494,-34.570473,-23.670197,-30.338892,-20.292707,-16.887434,-17.134338,-21.50734,-22.124792,-21.19272,-18.048073,-14.452654,-16.38696,-19.132729,-15.714806,-15.924633,-19.1422,-16.270071,-17.028872,-13.793127,-13.919197,-14.77062,-11.744125,-10.125702,-12.158888,-16.509478,-15.26149,-16.463037,-25.55589,-19.884932,-20.868603,-19.941431,-22.208876,-18.681107,-21.997099,-19.968267,-14.243612,-12.323257,-14.18428,-13.632116,-19.95821,-16.77563,-15.1426735,-20.052395,-15.936134,-14.532354,-17.308645,-21.29182,-21.099392,-23.73052,-16.360472,-15.873772,-16.412235,-19.571487,-25.09475,-29.012691,-25.502594,-27.826439,-26.252174,-24.81612,-23.746567,-27.027033,-27.689125,-34.59939,-19.797428,-19.33979,-25.279839,-23.589224,-26.422348,-28.335493,-19.808256,-19.244743,-19.911118,-29.41155,-21.072187,-18.338097,-26.159657,-29.887777,-32.23569,-21.828701,-20.934355,-22.65889,-23.10508,-29.718044,-25.719051,-20.493427,-16.223991,-20.954023,-16.375286,-18.718624,-26.308348,-17.623434,-16.167873,-27.537296,-18.940374,-18.129833,-11.394522,-15.888985,-15.4264965,-15.805401,-16.880033,-16.068464,-21.93552,-16.784674,-15.226608,-21.746887,-23.210253,-15.338188,-16.691805,-25.107328,-17.050999,-16.434399,-16.68681,-14.729807,-18.456554,-27.331396,-22.383999,-17.510721,-18.147669,-15.237476,-16.861164,-19.01771,-15.429279,-19.380487,-31.024006,-37.458878,-26.406033,-21.803108,-16.618702,-23.068676,-23.406067,-21.37724,-19.831581,-15.262945,-21.767601,-21.382824,-21.588783,-24.165218,-16.866505,-16.553387,-15.962902,-16.791683,-25.603203,-31.391483,-25.902899,-23.713503,-26.471685,-25.10722,-19.705301,-20.065079,-24.990784,-24.270084,-24.104324,-25.168247,-25.290422,-30.387094,-27.697151,-23.63021,-26.406136,-30.135006,-32.358986,-30.035103,-30.952429,-25.946497,-16.326616,-19.28492,-20.964832,-16.619545,-19.22976,-16.260248,-16.422054,-16.395357,-18.386444,-20.299362,-19.9015,-20.72779,-21.357586,-20.89785,-18.136522,-20.06322,-25.200333,-19.859262,-14.137283,-16.740383,-23.285234,-15.747072,-16.024893,-19.389172,-18.243431,-18.795078,-24.209686,-20.89072,-16.036674,-17.631609,-13.505449,-12.167986,-11.961407,-19.51244,-17.572037,-15.784119,-20.520187,-19.376965,-21.07489,-20.32103,-24.965908,-26.918396,-21.912106,-20.286072,-18.34742,-23.419321,-22.07025,-17.597395,-23.917503,-20.694235,-28.214077,-23.209846,-19.282658,-18.526459,-26.959763,-19.145489,-21.2542,-23.275219,-21.340126,-21.438213,-25.443417,-20.08184,-14.18726,-19.535046,-27.86612,-22.308437,-28.735086,-28.48648,-23.676617,-25.959772,-17.634066,-16.897896,-23.528246,-21.678858,-20.573048,-20.365635,-14.750835,-18.023407,-23.69299,-27.039911,-28.094473,-39.02435,-23.681335,-18.714716,-20.453457,-18.473904,-16.292152,-20.402428,-18.129831,-14.619007,-23.124672,-19.065172,-22.036499,-19.296188,-20.109253,-21.007027,-23.48236,-23.214693,-26.456602,-22.649693,-21.711998,-26.961027,-27.392673,-30.303701,-31.482029,-22.257862,-19.512314,-19.214123,-18.606262,-24.18708,-21.348793,-16.083065,-15.827461,-21.305988,-18.064404,-25.305182,-20.270344,-17.23104,-24.107323,-29.50423,-29.576063,-27.984076,-21.18933,-22.980007,-24.125278,-18.491936,-19.425615,-21.170095,-21.510553,-19.019405,-25.80325,-23.643715,-19.454613,-24.719982,-20.585566,-19.797327,-18.299356,-18.053991,-18.963915,-18.948135,-25.298622,-23.328873,-29.26839,-23.456165,-19.992432,-19.347237,-17.942997,-18.98397,-16.559586,-12.8622265,-13.413303,-19.7844,-22.94792,-13.001438,-17.921564,-19.948395,-19.321888,-20.720081,-14.990091,-14.674112,-24.922716,-27.00568,-27.417648,-27.223898,-34.999874,-27.46195,-26.84385,-24.596996,-20.210522,-23.68046,-37.324474,-22.036085,-20.667038,-29.308887,-27.868242,-23.9911,-24.499027,-25.642376,-29.248335,-36.17172,-29.952505,-32.1927,-37.91872,-32.92212,-24.485477,-22.397066,-27.993038,-31.742502,-35.401783,-37.09466,-35.451073,-27.411602,-24.828808,-23.138603,-20.961351,-24.975872,-30.430698,-30.484783,-32.307983,-33.144154,-31.94318,-35.107254,-39.080956,-42.908913,-56.289017,-52.92494,-53.133713,-52.789745,-55.01997,-55.326843,-52.343513,-36.78476,-34.58401,-46.106762,-80.0,-80.0,-80.0,-80.0,-80.0,-80.0,-80.0,-80.0,-80.0,-80.0,-80.0,-80.0,-80.0,-80.0,-80.0,-80.0,-80.0,-80.0,-80.0,-80.0,-80.0,-80.0,-80.0,-80.0,-80.0,-80.0,-80.0,-80.0,-80.0,-80.0,-80.0,-80.0,-80.0,-80.0,-80.0,-80.0,-80.0,-80.0,-80.0,-80.0,-80.0,-80.0,-80.0,-80.0,-80.0,-80.0,-80.0,-80.0,-80.0,-80.0,-80.0,-80.0,-80.0,-80.0,-80.0,-80.0,-80.0,-80.0,-80.0,-80.0,-80.0,-80.0,-80.0,-80.0,-80.0,-80.0,-80.0,-80.0,-80.0,-80.0,-80.0,-80.0,-80.0,-80.0,-80.0,-80.0,-80.0,-80.0,-80.0,-80.0,-80.0,-80.0,-80.0,-80.0,-80.0,-80.0,-80.0,-80.0,-80.0,-80.0,-80.0,-80.0,-80.0,-80.0
-31.972502,-28.810957,-29.923414,-30.269806,-29.417423,-25.931526,-26.617441,-22.327988,-16.82575,-17.96831,-23.471497,-19.031029,-21.345201,-23.113644,-21.387375,-22.086376,-26.877327,-28.37214,-36.73582,-34.70661,-26.26971,-49.608913,-27.422962,-25.28431,-19.67514,-43.91456,-20.047377,-28.206215,-27.081825,-22.119228,-18.658672,-16.38479,-12.311028,-16.592426,-20.220371,-27.27462,-16.407578,-16.086258,-17.468132,-31.059881,-24.967405,-30.737202,-24.947037,-20.064087,-15.426006,-16.432697,-24.613037,-34.00958,-26.8167,-36.908848,-25.559633,-21.868954,-25.712406,-28.304504,-22.760649,-31.571865,-17.108725,-19.157343,-18.587822,-15.424673,-21.980858,-22.460567,-19.376392,-14.828909,-23.558605,-25.328037,-22.257914,-23.308144,-14.093594,-15.763168,-14.803469,-13.7909355,-16.58896,-15.178717,-10.70142,-11.504086,-14.588186,-18.34684,-21.76362,-31.292007,-24.646873,-22.223938,-18.764992,-24.736105,-23.780563,-27.095007,-23.973745,-28.439915,-36.34131,-25.2337,-31.56329,-24.067219,-15.118708,-12.641584,-17.255632,-19.886686,-15.094482,-13.129608,-14.00301,-14.632738,-21.352009,-26.014874,-20.122488,-32.833916,-22.666935,-39.64045,-34.599518,-18.837313,-14.280794,-14.624624,-18.073023,-17.713585,-18.607729,-19.953999,-12.490898,-15.317047,-18.686016,-20.515747,-18.310131,-19.26247,-21.080956,-27.430904,-18.59539,-19.118416,-24.357035,-30.46892,-23.779028,-17.305239,-15.980024,-23.684673,-21.496532,-20.056833,-29.230606,-25.898945,-23.836996,-24.689919,-27.168135,-35.46635,-35.373047,-27.454254,-40.749897,-27.516907,-33.73162,-26.111105,-20.78373,-30.362255,-23.082436,-20.037811,-13.508766,-23.95266,-25.638992,-19.412916,-19.323448,-19.676683,-19.993637,-22.730434,-23.29652,-24.54776,-14.692003,-11.750429,-15.3961525,-19.543945,-19.498898,-28.101725,-26.227253,-27.844429,-27.229137,-40.824783,-21.29126,-15.937403,-14.270994,-16.15637,-20.786667,-26.98262,-26.07223,-21.785675,-24.011179,-26.415867,-19.476204,-18.581928,-19.50512,-21.390217,-41.67946,-22.028131,-17.335976,-19.046295,-18.009933,-21.0495,-18.49172,-15.448317,-16.731512,-19.86187,-28.33817,-17.451239,-21.426552,-18.245028,-31.103687,-19.062529,-19.560608,-22.563791,-20.883362,-13.127697,-16.9402,-27.08476,-17.046574,-15.546198,-24.756504,-36.682312,-24.507135,-22.199541,-24.54348,-23.093195,-18.962519,-21.0676,-19.21587,-18.271103,-19.421724,-14.661438,-16.725424,-14.963848,-15.894228,-15.232365,-18.452927,-13.439283,-9.766787,-22.214947,-17.638966,-28.354694,-14.340607,-17.095282,-17.41405,-14.140558,-17.196476,-19.555563,-17.760057,-18.2244,-20.182789,-20.830462,-21.154377,-18.582823,-20.196022,-12.283928,-10.943825,-12.091682,-15.008066,-46.865086,-23.505735,-28.019104,-23.390263,-19.060766,-20.464901,-29.657503,-27.072353,-24.88034,-25.61321,-17.830029,-12.921362,-12.540007,-14.526407,-15.826771,-21.01757,-16.661509,-13.399776,-15.753916,-26.113949,-18.431126,-20.759476,-21.89673,-16.39848,-13.252617,-13.70837,-26.391949,-22.661945,-11.332668,-12.605717,-13.797634,-11.213667,-11.290298,-13.973137,-17.61119,-15.0133095,-14.238977,-14.996868,-15.279987,-15.426411,-16.800629,-34.31875,-12.955986,-9.964582,-10.35084,-9.933779,-13.154045,-13.301628,-16.490171,-27.029045,-18.085499,-12.997131,-14.05978,-16.477825,-24.518318,-22.716246,-12.325533,-10.261023,-13.449976,-21.495203,-28.40974,-22.125116,-20.754494,-25.234482,-19.444777,-17.279015,-17.878874,-21.51099,-31.354818,-30.709658,-17.837349,-19.920956,-27.699915,-27.688183,-21.282549,-30.00281,-18.542953,-15.753534,-16.196304,-23.12222,-22.77052,-18.157732,-31.639688,-24.330507,-35.584724,-22.204626,-21.08487,-22.430374,-18.396664,-24.778206,-23.210588,-12.898455,-10.082687,-12.796259,-17.214718,-18.4016,-28.745895,-19.00287,-15.294363,-34.023033,-14.7825775,-9.992912,-9.888819,-13.061539,-11.174126,-12.523413,-13.588142,-11.987347,-19.039066,-18.886028,-16.294983,-19.474976,-26.972336,-16.475191,-15.96331,-20.748577,-28.06435,-17.53444,-22.014847,-22.86346,-18.795216,-23.585028,-18.144133,-39.166805,-26.614285,-18.09231,-39.560726,-12.542189,-10.656622,-16.392834,-29.999062,-31.443188,-25.793045,-26.374174,-14.991379,-15.240423,-22.686153,-19.342339,-16.199377,-11.58886,-13.783857,-16.29993,-20.95411,-27.343481,-21.030807,-21.053246,-19.36118,-20.71074,-20.655533,-24.830029,-21.702656,-19.339806,-21.524132,-21.036865,-21.742115,-29.802382,-20.683285,-21.870697,-23.444036,-22.31464,-23.930435,-41.578106,-44.087357,-23.654432,-27.155878,-31.283083,-32.934925,-27.256027,-27.887493,-23.68572,-13.292442,-18.16737,-24.782589,-16.252106,-13.862175,-11.489235,-19.102924,-9.716858,-10.054249,-12.87096,-14.924517,-26.337114,-20.774597,-24.481548,-26.379045,-19.321863,-20.988842,-19.615698,-13.437178,-14.199411,-17.434494,-17.152985,-20.108383,-18.46457,-15.729187,-25.203823,-21.695099,-21.834267,-13.539621,-18.971882,-15.522528,-19.221952,-8.927753,-15.894062,-16.153343,-23.355438,-15.611542,-17.89325,-20.964462,-17.442652,-21.303669,-23.439648,-26.745121,-19.286175,-25.205841,-32.809322,-17.551071,-16.403595,-18.037455,-20.289368,-28.837872,-24.743587,-15.634249,-16.33031,-23.377934,-16.599346,-18.06729,-17.539642,-18.226822,-22.094877,-29.024858,-17.09061,-11.617874,-22.13587,-21.077953,-19.274107,-31.045895,-24.703072,-18.386757,-17.505417,-15.055115,-13.170671,-15.580338,-20.895037,-16.842129,-17.631445,-12.469677,-19.029966,-20.024052,-23.842655,-25.590218,-31.966373,-18.300156,-13.600494,-14.422409,-21.96209,-14.222204,-22.180082,-11.5979595,-10.546091,-17.359251,-18.18552,-13.8822365,-12.934858,-14.928991,-18.689507,-21.600151,-24.563229,-26.968826,-18.578505,-20.34634,-32.921432,-26.865017,-32.40352,-23.272682,-22.61724,-20.802563,-29.210127,-18.398523,-24.192234,-26.106636,-13.358686,-12.240917,-13.814489,-18.899254,-28.316605,-20.225792,-13.962494,-18.770977,-27.114685,-27.962654,-30.74493,-27.105335,-21.95182,-19.682865,-18.690056,-32.14927,-18.473526,-19.906471,-24.090317,-18.175995,-26.125736,-22.347244,-23.481083,-22.445183,-19.936245,-16.452047,-17.14489,-22.782389,-17.84272,-17.15133,-18.383415,-22.082523,-20.58024,-26.624416,-18.045218,-16.956211,-27.690786,-20.61821,-13.97884,-17.461296,-25.538048,-18.747711,-12.386534,-12.465534,-19.44443,-28.476856,-22.535706,-15.89835,-14.395363,-23.640755,-26.66851,-25.085499,-25.098698,-42.00825,-25.533321,-26.672564,-24.710342,-19.106693,-23.355219,-45.275074,-20.698515,-17.856354,-26.030901,-24.325855,-23.036257,-25.93547,-29.537708,-27.415123,-31.814642,-27.216156,-26.978664,-30.24674,-30.276772,-26.986305,-24.23851,-31.392725,-32.19586,-40.87066,-31.522018,-27.583426,-25.253708,-27.103594,-19.792614,-18.621302,-24.000103,-32.01157,-34.882935,-38.728893,-44.04977,-31.769436,-29.359837,-32.137913,-39.75132,-54.219673,-52.81967,-52.66702,-53.01976,-53.44597,-53.469543,-52.61222,-35.691128,-33.259068,-44.692284,-80.0,-80.0,-80.0,-80.0,-80.0,-80.0,-80.0,-80.0,-80.0,-80.0,-80.0,-80.0,-80.0,-80.0,-80.0,-80.0,-80.0,-80.0,-80.0,-80.0,-80.0,-80.0,-80.0,-80.0,-80.0,-80.0,-80.0,-80.0,-80.0,-80.0,-80.0,-80.0,-80.0,-80.0,-80.0,-80.0,-80.0,-80.0,-80.0,-80.0,-80.0,-80.0,-80.0,-80.0,-80.0,-80.0,-80.0,-80.0,-80.0,-80.0,-80.0,-80.0,-80.0,-80.0,-80.0,-80.0,-80.0,-80.0,-80.0,-80.0,-80.0,-80.0,-80.0,-80.0,-80.0,-80.0,-80.0,-80.0,-80.0,-80.0,-80.0,-80.0,-80.0,-80.0,-80.0,-80.0,-80.0,-80.0,-80.0,-80.0,-80.0,-80.0,-80.0,-80.0,-80.0,-80.0,-80.0,-80.0,-80.0,-80.0,-80.0,-80.0,-80.0,-80.0
-27.952116,-28.877142,-42.66236,-31.103193,-26.37816,-24.178967,-19.524982,-21.209505,-17.692959,-18.392683,-18.016115,-20.569374,-26.167164,-28.166956,-22.816372,-19.211258,-21.729809,-34.38592,-35.403996,-29.169508,-25.016544,-24.011848,-22.810535,-20.078135,-21.385742,-27.548609,-19.371773,-19.813637,-31.492207,-24.066477,-16.565588,-17.847979,-15.978092,-19.825813,-20.219864,-19.288445,-18.655647,-28.754494,-18.079416,-21.212454,-24.310665,-29.011978,-42.79268,-30.455612,-23.62925,-23.767946,-19.165104,-24.845654,-38.543213,-31.161337,-33.23466,-24.885666,-26.398216,-37.71915,-28.426483,-18.797112,-15.212118,-18.67709,-21.083107,-19.503078,-27.913954,-20.073385,-25.458218,-20.045849,-19.68974,-29.734196,-19.12907,-14.636805,-18.36076,-21.965021,-13.962437,-14.337288,-19.221441,-12.524271,-13.450047,-15.769777,-18.173197,-20.822184,-17.18272,-19.404942,-27.455063,-33.06629,-24.134413,-28.523857,-39.17631,-23.389187,-22.49004,-19.34185,-18.516594,-17.735874,-21.263506,-24.183632,-15.2486725,-21.759806,-23.804367,-22.57592,-14.038139,-13.59306,-29.40569,-16.066645,-19.44212,-16.63147,-27.030819,-19.039452,-18.008804,-29.381447,-22.095093,-26.779781,-20.160202,-18.542374,-24.878532,-12.654999,-15.304697,-14.628098,-11.475336,-21.79252,-22.0428,-31.811834,-23.573345,-27.867083,-24.647133,-21.799679,-18.128023,-17.518538,-22.053589,-39.74259,-27.920738,-24.951077,-20.324547,-23.654514,-36.2264,-26.378408,-30.455853,-33.26827,-26.861078,-27.253304,-28.897388,-27.204525,-25.741951,-24.977924,-29.601109,-29.574892,-31.93455,-52.99937,-22.1517,-20.222555,-22.513487,-21.9827,-18.482454,-21.15178,-35.63819,-25.816204,-17.59083,-17.292612,-26.375862,-22.178383,-22.074917,-22.91528,-14.825457,-17.5259,-34.571835,-16.85773,-16.671396,-21.59272,-18.429707,-20.668118,-21.47253,-21.577772,-33.523136,-12.397146,-11.307613,-15.041487,-17.397148,-28.379974,-24.259285,-27.74945,-32.33477,-24.893606,-19.449574,-25.745945,-17.149916,-24.342148,-32.324207,-24.381302,-19.196918,-22.628305,-19.81468,-16.68394,-16.435452,-16.784504,-17.826212,-20.72976,-20.811888,-20.788094,-16.414558,-14.503496,-17.338509,-20.783434,-14.967421,-19.501682,-20.098724,-10.7236,-12.903656,-16.336395,-13.243908,-15.173777,-25.433084,-39.300667,-27.37546,-23.308731,-26.07087,-26.91947,-21.909554,-15.512625,-22.492044,-22.74529,-21.809025,-19.316938,-31.315096,-20.15523,-32.310337,-24.510252,-15.2612915,-13.019112,-14.9281845,-12.734688,-16.812908,-20.259762,-19.269703,-20.314304,-17.308878,-16.394457,-21.806934,-39.588764,-26.57534,-23.971748,-23.734589,-23.652996,-15.749449,-16.879082,-23.704033,-12.390266,-16.219902,-16.7612,-15.493078,-27.279081,-25.423439,-25.820465,-21.629295,-20.063171,-19.691986,-21.77236,-25.861088,-34.908268,-34.016323,-21.01505,-17.061356,-18.703918,-17.916548,-17.02512,-17.460257,-17.703327,-22.119122,-25.845074,-18.430023,-22.118752,-25.476181,-19.313389,-16.086065,-23.333767,-19.82699,-16.2398,-19.982296,-15.177029,-15.266987,-18.131218,-22.826239,-15.355564,-25.405062,-18.754223,-16.449091,-23.038448,-16.278097,-19.685871,-22.953045,-20.003002,-22.501951,-15.431519,-18.089085,-19.907442,-15.055922,-15.701799,-18.10532,-16.319407,-27.68312,-22.41852,-20.607569,-28.672861,-19.712664,-24.19963,-18.357056,-11.914274,-13.632782,-20.93084,-23.625431,-22.047462,-18.892143,-23.126722,-18.038364,-17.155424,-18.781996,-19.369843,-25.481602,-30.341312,-27.816957,-17.380709,-18.126053,-22.524391,-22.684824,-18.520401,-17.908258,-23.500656,-22.558712,-21.630976,-19.635221,-18.275497,-17.497149,-19.007797,-19.11027,-19.030264,-15.705439,-18.9789,-23.100473,-23.256521,-19.719593,-15.12006,-10.273935,-9.181515,-11.669743,-25.507442,-22.298088,-31.04521,-23.388914,-19.182743,-14.088972,-12.032557,-11.604128,-14.358162,-29.537777,-12.813185,-12.937977,-17.416147,-13.770676,-16.324734,-18.443197,-23.832058,-22.316963,-29.066399,-20.21417,-18.22271,-21.254232,-19.835638,-22.447895,-22.10654,-21.419783,-18.509764,-17.93649,-19.468445,-18.761766,-19.080606,-21.369946,-15.496147,-11.517555,-12.746685,-19.228638,-31.697407,-26.389751,-20.760822,-18.971733,-15.071804,-15.275127,-18.69202,-18.812601,-18.731812,-14.894981,-12.233955,-21.45452,-20.449886,-19.706007,-18.362417,-22.051363,-27.881714,-25.44577,-21.265017,-29.349339,-19.5666,-28.571892,-25.209055,-19.624596,-29.416534,-20.120447,-16.58897,-25.144375,-31.469387,-23.409513,-26.244886,-21.397987,-22.856308,-24.057112,-27.325483,-26.796165,-33.132355,-24.5854,-18.827091,-16.118052,-12.671333,-13.312302,-18.58451,-15.030148,-9.173351,-7.266367,-7.286318,-6.7260094,-8.063581,-12.644205,-16.267656,-16.968124,-16.289745,-16.295383,-21.091953,-25.01623,-17.344753,-23.380804,-14.746878,-19.013374,-26.137268,-25.050947,-28.012291,-31.241156,-17.50042,-18.32136,-18.78607,-18.138924,-13.087223,-12.34724,-17.496593,-15.590193,-8.576624,-8.283489,-15.033148,-15.714277,-11.57892,-12.959293,-12.763676,-12.461773,-18.619324,-31.864428,-29.847425,-19.789894,-22.386755,-21.216206,-20.10633,-23.881746,-18.343388,-52.814003,-24.262669,-27.86,-20.569916,-15.764528,-18.873943,-15.963457,-25.32304,-16.776747,-23.358469,-30.545376,-26.16328,-20.385056,-11.795843,-10.593548,-12.881039,-23.198105,-31.473236,-27.845697,-19.540321,-17.153658,-21.364449,-15.468414,-9.870026,-11.139011,-14.319166,-13.193649,-14.01157,-23.277075,-20.82025,-20.875107,-23.792004,-20.801287,-15.236555,-13.228958,-19.615036,-13.639877,-13.823528,-14.403622,-9.907429,-10.578463,-20.225155,-22.990223,-11.743185,-10.620287,-25.766298,-21.981632,-32.280216,-24.355442,-23.749456,-24.37769,-21.68718,-24.025091,-32.635735,-22.04257,-19.078922,-28.179674,-26.671295,-20.192196,-16.854588,-15.249832,-14.692795,-17.718937,-17.67247,-12.169191,-17.072042,-21.263035,-15.942604,-17.22118,-19.215822,-28.367908,-26.697508,-27.783613,-33.741035,-24.53598,-29.938042,-25.795584,-26.2957,-19.183847,-17.00792,-19.572731,-17.689646,-19.844952,-33.0312,-26.99015,-22.002117,-20.67698,-27.310825,-22.950958,-28.458416,-19.12033,-16.174095,-27.67239,-16.088087,-18.671486,-27.207191,-17.73634,-15.605598,-20.112595,-16.123783,-18.629238,-25.382162,-18.37107,-17.629702,-18.405367,-16.149635,-21.560549,-26.121311,-26.780106,-18.832748,-19.19331,-28.781715,-28.437948,-26.283699,-26.946611,-28.811207,-32.022636,-27.006506,-25.256659,-23.416992,-34.47896,-26.697197,-19.966707,-17.587807,-23.66958,-30.549911,-47.958057,-24.816685,-25.544641,-26.487709,-26.34751,-33.124645,-29.306023,-35.696117,-38.2489,-35.387238,-33.638287,-25.5704,-34.788654,-34.64614,-32.084053,-28.555183,-25.745895,-29.931816,-28.644419,-23.52344,-28.462927,-29.9096,-40.278427,-32.062763,-34.211945,-36.824257,-25.152761,-25.984348,-36.50958,-52.506516,-56.635727,-55.149925,-58.364937,-52.646103,-52.73725,-67.466,-35.0184,-33.18907,-44.876194,-80.0,-80.0,-80.0,-80.0,-80.0,-80.0,-80.0,-80.0,-80.0,-80.0,-80.0,-80.0,-80.0,-80.0,-80.0,-80.0,-80.0,-80.0,-80.0,-80.0,-80.0,-80.0,-80.0,-80.0,-80.0,-80.0,-80.0,-80.0,-80.0,-80.0,-80.0,-80.0,-80.0,-80.0,-80.0,-80.0,-80.0,-80.0,-80.0,-80.0,-80.0,-80.0,-80.0,-80.0,-80.0,-80.0,-80.0,-80.0,-80.0,-80.0,-80.0,-80.0,-80.0,-80.0,-80.0,-80.0,-80.0,-80.0,-80.0,-80.0,-80.0,-80.0,-80.0,-80.0,-80.0,-80.0,-80.0,-80.0,-80.0,-80.0,-80.0,-80.0,-80.0,-80.0,-80.0,-80.0,-80.0,-80.0,-80.0,-80.0,-80.0,-80.0,-80.0,-80.0,-80.0,-80.0,-80.0,-80.0,-80.0,-80.0,-80.0,-80.0,-80.0,-80.0
-28.756538,-29.070515,-38.06224,-35.52659,-29.35972,-29.234938,-20.198814,-17.912186,-20.772728,-22.586601,-21.315481,-18.87621,-21.337458,-24.470121,-26.847279,-22.456379,-23.592648,-31.23479,-36.38587,-29.467855,-27.136072,-27.653006,-22.743532,-21.773586,-22.309662,-25.173388,-19.969713,-20.552145,-26.681068,-28.491894,-17.65615,-20.011944,-18.094786,-19.717562,-20.689098,-22.338427,-21.227943,-19.273026,-20.248037,-26.049953,-26.744488,-34.08882,-37.128628,-33.73625,-28.22034,-27.140701,-19.16084,-20.380268,-25.822746,-27.549126,-32.428333,-28.645538,-25.975842,-31.712936,-25.746712,-17.681421,-18.945036,-19.4345,-23.143772,-22.399765,-21.81357,-18.855959,-21.637241,-22.0403,-22.800869,-30.374943,-20.153244,-14.6637,-20.1651,-24.403034,-16.293274,-18.918789,-21.842632,-15.210402,-15.952833,-17.447903,-15.838686,-18.442986,-22.176567,-19.165907,-21.204058,-25.58779,-23.135006,-27.165405,-30.836552,-22.815298,-24.651402,-18.16808,-17.067736,-19.558584,-17.92125,-17.048737,-17.44545,-25.080215,-29.184696,-21.59009,-18.472874,-17.26907,-18.525148,-14.801027,-18.88662,-12.987497,-12.548182,-11.70141,-14.335125,-22.285099,-16.897038,-14.801146,-16.906029,-18.065205,-13.144339,-11.732187,-18.214098,-15.996313,-12.196739,-18.885492,-25.047953,-25.204447,-29.083794,-23.782776,-22.763218,-23.968712,-21.924873,-21.59733,-24.521736,-28.34732,-32.21486,-28.594204,-24.972782,-24.60181,-25.299675,-25.898806,-31.447859,-36.99371,-32.18257,-30.427343,-32.035957,-29.683218,-25.513012,-24.753954,-33.373707,-32.6994,-29.88576,-36.317528,-23.026112,-19.651527,-22.37389,-26.644548,-21.777443,-21.107471,-35.213707,-28.848166,-20.721363,-21.677351,-22.33229,-20.427586,-25.799965,-20.602379,-16.81501,-22.805563,-22.248388,-19.942295,-19.35481,-18.05431,-19.483097,-20.169884,-25.15076,-19.306087,-16.637207,-12.412157,-13.889664,-20.364471,-16.859726,-19.474407,-22.914059,-24.073513,-19.592012,-18.416416,-19.045177,-20.264387,-17.410107,-23.565882,-29.46657,-29.717632,-22.300089,-25.031387,-22.355965,-20.719177,-20.066477,-22.31226,-22.08303,-25.79793,-24.671646,-26.19654,-20.041458,-16.949429,-17.625734,-21.93717,-15.538351,-15.851229,-14.285437,-11.094009,-16.297585,-20.296272,-15.572264,-18.265862,-28.634188,-37.38448,-28.096836,-26.18161,-30.656635,-27.138138,-19.618101,-15.752111,-20.541283,-24.660069,-23.394619,-21.334293,-32.02277,-21.899296,-25.486649,-29.514637,-17.918274,-15.904982,-18.438963,-13.636026,-16.866978,-22.680882,-21.632536,-24.26125,-22.780113,-20.307903,-26.074024,-25.768047,-20.9584,-20.724224,-25.613297,-24.282108,-18.155859,-18.82811,-17.542072,-14.368723,-19.752731,-20.930344,-17.266426,-21.115852,-22.480278,-23.686882,-21.952858,-24.23037,-23.14949,-19.740505,-23.181438,-28.412294,-25.18414,-17.387424,-13.900448,-14.651802,-17.898792,-19.551584,-21.177748,-21.054148,-23.329159,-24.89473,-14.762085,-15.09359,-17.350159,-12.645494,-15.920376,-24.94109,-16.555454,-14.898132,-20.166786,-20.009747,-15.90872,-16.849958,-19.71834,-18.535507,-28.477682,-23.307108,-21.075386,-23.972149,-18.038801,-18.703537,-24.52874,-22.462158,-22.072268,-16.542864,-17.104559,-20.85566,-17.218826,-15.637032,-16.379534,-16.311548,-24.907932,-24.6726,-26.092033,-25.042976,-20.77239,-25.615469,-21.15251,-16.013687,-15.455872,-21.007725,-20.5639,-18.938023,-19.636524,-26.833012,-21.502886,-18.913467,-23.279932,-21.623272,-29.158875,-26.726517,-23.943237,-18.302355,-21.784893,-25.343073,-20.939606,-21.411304,-20.043652,-21.275394,-24.181648,-26.164452,-21.305899,-18.20927,-22.349585,-15.583544,-18.872698,-18.18337,-12.379303,-17.194721,-22.445423,-27.054878,-22.468796,-16.946898,-13.398567,-14.267004,-13.4098835,-16.486687,-21.977936,-25.776913,-18.903896,-16.078716,-12.854271,-16.241074,-16.452381,-19.64726,-18.653408,-16.858536,-16.551003,-20.84082,-18.298706,-18.362854,-20.597351,-20.06503,-21.891212,-20.149416,-16.126453,-14.759151,-15.471237,-15.646713,-20.223412,-15.365446,-16.916162,-24.011623,-20.43219,-24.3549,-20.321953,-17.430912,-19.840921,-15.700569,-15.532114,-17.049974,-21.831388,-32.22641,-25.411516,-22.491222,-24.022655,-18.0431,-18.939302,-23.784998,-22.994331,-23.95853,-19.501749,-14.681721,-20.117737,-22.186565,-15.260641,-15.922373,-26.726254,-24.382965,-28.13984,-16.760387,-16.048698,-20.592949,-33.082485,-30.310427,-20.30528,-18.613012,-15.947668,-15.211596,-23.136986,-23.213167,-20.646679,-18.609577,-18.126038,-23.162418,-28.103699,-32.302105,-26.379152,-25.145302,-20.76794,-19.067553,-20.521292,-15.802433,-16.85027,-19.938564,-20.086864,-11.836443,-10.409481,-10.859135,-9.943609,-12.563601,-17.011621,-19.878222,-21.842527,-17.177246,-18.659838,-20.76147,-28.22419,-18.282824,-16.809275,-16.005548,-19.26339,-31.358034,-27.264423,-28.42341,-19.650173,-16.853653,-23.156036,-19.04483,-16.089087,-17.615736,-15.453102,-19.58416,-17.276443,-11.959057,-10.048973,-14.804852,-14.975737,-12.497435,-17.936117,-12.65139,-13.05665,-23.303795,-22.939415,-21.620214,-17.74349,-17.94954,-21.506626,-19.829319,-19.948473,-20.383865,-28.234337,-24.02262,-24.68042,-21.472328,-19.040293,-18.124245,-18.777428,-18.916111,-17.380959,-22.220028,-35.923763,-27.65193,-25.105179,-13.793125,-8.929642,-11.372536,-20.675283,-25.975945,-26.288172,-21.524204,-21.80212,-20.084335,-15.2310295,-11.862745,-13.597498,-18.46,-16.519299,-16.039637,-28.54579,-20.981333,-22.393085,-25.484093,-24.36665,-18.112116,-16.570837,-20.58767,-14.222023,-15.764412,-17.498045,-12.29108,-15.339199,-17.974625,-25.507854,-13.437157,-11.669838,-18.695889,-24.151972,-27.431227,-25.935413,-27.746508,-28.114796,-24.044453,-23.817226,-24.927195,-18.462425,-18.264229,-29.738636,-28.244598,-21.215305,-19.316124,-18.58868,-15.786304,-19.849098,-20.267292,-15.111753,-17.76436,-22.4732,-16.07822,-19.681498,-21.446333,-21.704847,-21.898096,-24.529097,-24.584885,-23.129364,-26.699839,-29.242626,-29.964321,-21.820465,-16.542501,-23.099075,-18.30428,-21.558697,-28.120476,-22.578445,-21.07903,-21.334362,-18.299444,-19.787416,-26.42975,-19.14025,-15.994307,-17.678972,-16.683784,-22.512993,-26.292927,-17.824156,-16.854183,-18.963528,-14.605026,-17.599834,-29.881504,-19.603386,-22.714504,-23.698841,-20.36124,-24.474136,-26.92989,-27.124329,-23.99427,-21.934578,-32.19435,-28.733826,-30.53661,-30.429523,-30.300768,-33.29363,-28.107916,-28.373161,-26.867981,-25.863081,-25.231098,-25.00367,-19.278845,-24.59068,-35.678673,-29.98721,-23.925638,-29.497505,-30.97028,-27.59694,-30.140196,-28.428436,-34.36221,-36.819637,-32.5527,-27.024776,-26.25425,-33.50467,-34.749344,-34.185852,-29.864643,-25.403698,-29.809885,-32.552494,-26.783834,-28.082752,-26.611046,-33.198997,-31.84857,-33.125504,-32.44355,-24.41018,-25.521456,-37.148262,-56.5756,-52.89821,-52.936943,-52.87726,-55.239075,-55.558846,-49.295948,-34.811707,-33.45666,-45.345963,-80.0,-80.0,-80.0,-80.0,-80.0,-80.0,-80.0,-80.0,-80.0,-80.0,-80.0,-80.0,-80.0,-80.0,-80.0,-80.0,-80.0,-80.0,-80.0,-80.0,-80.0,-80.0,-80.0,-80.0,-80.0,-80.0,-80.0,-80.0,-80.0,-80.0,-80.0,-80.0,-80.0,-80.0,-80.0,-80.0,-80.0,-80.0,-80.0,-80.0,-80.0,-80.0,-80.0,-80.0,-80.0,-80.0,-80.0,-80.0,-80.0,-80.0,-80.0,-80.0,-80.0,-80.0,-80.0,-80.0,-80.0,-80.0,-80.0,-80.0,-80.0,-80.0,-80.0,-80.0,-80.0,-80.0,-80.0,-80.0,-80.0,-80.0,-80.0,-80.0,-80.0,-80.0,-80.0,-80.0,-80.0,-80.0,-80.0,-80.0,-80.0,-80.0,-80.0,-80.0,-80.0,-80.0,-80.0,-80.0,-80.0,-80.0,-80.0,-80.0,-80.0,-80.0
-29.16028,-29.333405,-36.692657,-40.59294,-31.55921,-34.213665,-20.702389,-17.112019,-22.277803,-25.640276,-22.806026,-18.36974,-20.52892,-23.391508,-31.041641,-25.169857,-24.864664,-30.653948,-35.983635,-29.374512,-27.937939,-29.540043,-22.98981,-23.036678,-23.020632,-23.895048,-20.484879,-21.190308,-25.346802,-31.242996,-18.071064,-20.109165,-19.552277,-19.925314,-21.127884,-23.9067,-22.712063,-17.862078,-21.51837,-31.60336,-26.723398,-34.19305,-35.794094,-34.467316,-33.27186,-28.77652,-19.241714,-18.403446,-22.644854,-26.89423,-31.970991,-30.280994,-24.842123,-29.843483,-24.958267,-17.192665,-21.134403,-19.36973,-23.851171,-23.549208,-19.986568,-18.690397,-20.318373,-23.315182,-25.220161,-30.622307,-20.535374,-14.580475,-19.890564,-21.237103,-16.906342,-23.984615,-23.414104,-17.133026,-17.851944,-17.823809,-15.16102,-17.157516,-26.283466,-19.212257,-19.49518,-23.726728,-22.81672,-26.737984,-29.234804,-22.02335,-23.33056,-17.243399,-16.887068,-20.830471,-16.867252,-15.89839,-19.008043,-26.693243,-31.485062,-20.865353,-22.275564,-19.590403,-16.493893,-13.714699,-17.912899,-11.964554,-10.248976,-9.679029,-13.315496,-20.413136,-14.9879875,-12.989309,-14.904875,-16.498734,-11.689795,-11.36426,-19.838123,-16.586468,-12.539841,-18.013752,-27.292095,-23.710531,-30.991673,-22.70551,-22.06897,-25.439053,-25.510849,-25.824015,-26.28555,-26.437658,-32.25155,-29.501762,-28.907143,-24.493397,-23.437778,-25.400944,-32.205296,-36.337852,-38.021164,-32.056705,-33.90882,-31.583128,-25.53266,-24.42864,-35.77415,-34.039124,-28.248177,-32.910267,-23.052523,-19.631725,-22.601807,-32.270676,-24.195019,-20.57913,-30.687449,-30.870914,-23.040041,-26.543957,-21.377964,-19.764366,-26.628035,-19.702469,-18.042747,-29.133505,-20.891027,-22.019056,-21.178349,-17.363,-20.221163,-19.943798,-25.044056,-17.831266,-15.234512,-12.572769,-15.769764,-28.541512,-16.63277,-18.050098,-22.670607,-21.742353,-17.807276,-17.049953,-19.29205,-18.270988,-17.353699,-23.611109,-28.171412,-37.93602,-24.49272,-26.653252,-24.04526,-24.243732,-22.883703,-28.993965,-25.538767,-33.91363,-28.410892,-37.943794,-23.254969,-18.826536,-17.674328,-21.732819,-16.033037,-15.146761,-13.11116,-11.29771,-18.952904,-24.126478,-17.056086,-20.875889,-29.99209,-35.091312,-28.719566,-28.028912,-35.03447,-27.357132,-18.50193,-15.972046,-20.247791,-25.635998,-23.672684,-22.239733,-32.078484,-22.28342,-23.703968,-33.92628,-19.373528,-18.196842,-20.285198,-14.304258,-16.85823,-22.700064,-22.715385,-27.596355,-30.897547,-23.328331,-29.848461,-22.061024,-18.132532,-19.366322,-26.71768,-24.847681,-19.869434,-20.156242,-16.38675,-15.590422,-22.956884,-25.5358,-18.403172,-19.331087,-21.528175,-23.36717,-22.3526,-28.327667,-25.7671,-19.370481,-21.427267,-25.58569,-22.661743,-15.81926,-12.383556,-12.948921,-17.138847,-21.47982,-23.424614,-22.420866,-22.658905,-21.449574,-13.386776,-12.934952,-14.457773,-11.116522,-14.275816,-21.688107,-15.867613,-14.37343,-20.24892,-26.85002,-16.123953,-16.475588,-19.169708,-20.762115,-29.594732,-28.70423,-27.063923,-24.739307,-18.803196,-17.969204,-23.327396,-22.611217,-20.859125,-16.937225,-17.032993,-20.460882,-17.900812,-15.517479,-16.070034,-16.134945,-24.435713,-26.315933,-33.2842,-23.421967,-21.105925,-25.698235,-23.018028,-20.168493,-16.312393,-20.749636,-19.962559,-18.306635,-19.626902,-27.243166,-24.074678,-20.000822,-24.610916,-22.771149,-31.188936,-26.009556,-23.331875,-18.871675,-23.897144,-27.477123,-20.439825,-22.549994,-20.623983,-20.395454,-25.398857,-29.838154,-22.283455,-17.510492,-22.738585,-14.5433655,-17.99451,-16.756592,-11.106779,-15.381435,-21.223032,-30.75825,-24.2271,-18.17527,-15.760601,-22.362114,-14.658924,-15.164377,-20.639017,-22.87421,-16.046864,-13.724394,-12.615074,-20.535961,-22.870691,-28.337673,-17.128983,-19.285025,-18.031008,-20.327969,-22.20964,-18.571184,-19.957733,-19.193321,-22.036581,-18.238127,-14.223572,-13.931889,-14.496353,-13.642263,-16.726974,-14.151447,-15.444948,-22.71899,-20.337784,-28.624767,-21.125862,-16.572535,-17.94399,-15.554895,-19.278507,-20.71928,-22.016998,-25.43416,-24.226376,-23.207533,-27.195816,-20.138903,-22.376633,-29.750484,-26.484814,-33.220425,-24.640184,-16.426054,-19.39344,-22.38822,-14.040396,-14.738958,-25.77755,-22.39954,-23.19922,-14.653761,-13.807432,-19.903103,-32.509663,-31.206905,-20.183847,-17.087831,-15.171101,-14.663601,-21.046284,-21.668514,-20.142756,-17.338703,-16.841032,-23.338297,-30.075394,-32.932533,-24.70297,-22.250938,-19.692593,-19.336245,-25.659245,-18.312237,-19.805475,-20.717213,-25.630402,-13.69154,-13.094772,-14.146473,-12.619419,-17.823648,-20.773552,-21.4315,-23.44475,-17.407845,-20.062202,-20.13348,-30.417501,-18.052608,-15.656761,-16.79147,-19.244709,-39.74287,-27.631172,-24.324825,-16.709919,-16.597172,-27.641016,-18.710281,-15.669388,-22.053452,-17.755203,-21.073761,-17.71581,-14.910219,-11.095972,-14.576775,-14.484764,-12.68712,-22.82117,-12.819651,-13.5105095,-23.457603,-20.516094,-20.648663,-17.233181,-16.71053,-21.74706,-19.508293,-18.477272,-21.551596,-27.08094,-24.056734,-23.938826,-21.845825,-21.7483,-18.019352,-21.004566,-17.958626,-17.847136,-21.866419,-36.478474,-28.715363,-28.985815,-14.644283,-8.495979,-10.936333,-19.846016,-24.39151,-24.262754,-21.887941,-25.4509,-20.00227,-15.285856,-13.255875,-15.497023,-21.81877,-19.1428,-17.34124,-28.667274,-21.05838,-23.082848,-24.886765,-25.722834,-19.98748,-19.53915,-20.688457,-14.35157,-16.78857,-19.494972,-13.697411,-20.046803,-16.339245,-22.833597,-14.687256,-12.205978,-17.425358,-25.714632,-26.781618,-26.950338,-30.927559,-28.675863,-25.009148,-24.077473,-23.487041,-17.50417,-17.756254,-28.405228,-29.302181,-21.861187,-21.160812,-21.08732,-16.404606,-21.437157,-22.298292,-17.26932,-18.437113,-22.852213,-15.678833,-19.929827,-23.111448,-19.376202,-19.609047,-23.964931,-22.938187,-22.469933,-25.57105,-30.308046,-30.560509,-22.776379,-16.33942,-21.899801,-18.281494,-22.765465,-26.935078,-21.568321,-20.436033,-20.170841,-16.356112,-18.361021,-24.965591,-19.41563,-16.007088,-16.201464,-16.88889,-25.412413,-23.931652,-17.965933,-17.685705,-18.881334,-14.043943,-16.658003,-29.991156,-20.170263,-26.926697,-27.157612,-23.747412,-25.16285,-24.04077,-25.329128,-30.35576,-23.448696,-33.03113,-28.746796,-34.23366,-33.48711,-30.818626,-34.222282,-28.783894,-30.55834,-28.166315,-23.832968,-24.656301,-31.388845,-20.068066,-24.29319,-35.19264,-26.550583,-22.892185,-32.18441,-36.46539,-27.956837,-27.615723,-28.262703,-31.418016,-33.368996,-29.394972,-25.173859,-26.787844,-33.250713,-34.87599,-35.450455,-30.36708,-25.107502,-29.888283,-36.09313,-29.529514,-26.46593,-24.167639,-29.902588,-29.950321,-32.568405,-31.530016,-24.099438,-25.288872,-37.373737,-57.554962,-52.25049,-52.421646,-52.133965,-55.579792,-55.9088,-48.226967,-34.365578,-33.174088,-45.152428,-80.0,-80.0,-80.0,-80.0,-80.0,-80.0,-80.0,-80.0,-80.0,-80.0,-80.0,-80.0,-80.0,-80.0,-80.0,-80.0,-80.0,-80.0,-80.0,-80.0,-80.0,-80.0,-80.0,-80.0,-80.0,-80.0,-80.0,-80.0,-80.0,-80.0,-80.0,-80.0,-80.0,-80.0,-80.0,-80.0,-80.0,-80.0,-80.0,-80.0,-80.0,-80.0,-80.0,-80.0,-80.0,-80.0,-80.0,-80.0,-80.0,-80.0,-80.0,-80.0,-80.0,-80.0,-80.0,-80.0,-80.0,-80.0,-80.0,-80.0,-80.0,-80.0,-80.0,-80.0,-80.0,-80.0,-80.0,-80.0,-80.0,-80.0,-80.0,-80.0,-80.0,-80.0,-80.0,-80.0,-80.0,-80.0,-80.0,-80.0,-80.0,-80.0,-80.0,-80.0,-80.0,-80.0,-80.0,-80.0,-80.0,-80.0,-80.0,-80.0,-80.0,-80.0
-30.787617,-33.104813,-34.995518,-42.169888,-33.97805,-27.062996,-25.038177,-18.3578,-19.23565,-21.09824,-18.81187,-19.525497,-24.503033,-22.75322,-37.89596,-31.092182,-30.574291,-34.9697,-32.496044,-28.689322,-26.131557,-25.148691,-29.041645,-36.97638,-29.862774,-21.183592,-26.117168,-29.079174,-23.95181,-25.099186,-18.28524,-15.821573,-24.791748,-25.239605,-26.253075,-21.235258,-22.504765,-17.805056,-22.78307,-27.027502,-21.692366,-25.284716,-34.852695,-29.016869,-30.650196,-24.871563,-21.31976,-14.467028,-17.110058,-31.068466,-31.515366,-24.97417,-20.98808,-26.635338,-25.332739,-17.168913,-17.05116,-17.631338,-21.826176,-20.097633,-16.94457,-23.41512,-18.416023,-26.653982,-28.493069,-31.428833,-20.78295,-14.798391,-15.404829,-13.341856,-13.62565,-21.57733,-23.495491,-20.639244,-27.222948,-15.605253,-15.966066,-14.421997,-18.878054,-22.074223,-16.929247,-20.868649,-24.071108,-27.863304,-27.685436,-19.440233,-16.868711,-14.842611,-22.947933,-27.632046,-16.060007,-17.334103,-25.489014,-22.942322,-22.316528,-19.137257,-17.749897,-16.172005,-13.46554,-10.787037,-14.660379,-11.6672535,-6.5606327,-6.2571335,-13.072861,-17.44088,-11.446545,-10.919954,-10.525066,-11.695156,-11.737106,-11.902124,-18.188328,-16.899614,-13.942684,-18.019241,-29.937485,-22.24651,-21.530273,-22.42862,-21.922981,-29.859787,-29.6066,-30.07046,-31.24204,-23.902977,-24.398516,-23.475296,-23.174595,-22.109821,-21.056297,-24.044071,-39.497093,-28.8393,-29.684076,-29.00558,-32.043015,-43.41021,-27.9278,-23.569069,-32.042225,-30.301453,-24.220974,-27.104454,-21.476212,-23.345488,-28.976326,-30.909374,-24.35741,-18.314167,-22.931396,-30.767233,-24.500542,-27.362082,-22.09019,-19.626469,-20.329838,-18.756163,-20.657118,-21.265694,-21.918938,-21.80666,-23.168907,-20.603752,-25.556318,-20.571861,-17.97365,-14.383587,-16.276672,-15.761005,-20.797056,-21.281357,-17.375032,-17.73978,-26.39245,-16.807928,-15.923716,-16.289536,-55.8709,-14.559042,-17.03905,-31.383064,-25.737686,-30.526957,-25.03658,-29.875153,-26.217571,-22.557745,-21.969307,-19.546375,-21.520508,-32.49153,-33.04632,-32.03579,-26.420565,-32.078934,-18.114536,-18.56892,-21.424747,-18.430994,-13.426025,-12.975521,-19.916245,-26.375889,-19.208916,-35.066574,-26.02098,-29.695553,-36.246986,-28.08296,-30.529284,-30.149143,-16.393269,-18.641752,-26.45597,-26.025894,-21.306759,-21.489761,-31.148184,-19.900902,-20.998663,-26.668318,-18.373495,-26.147003,-16.34892,-20.009167,-17.653728,-17.765556,-21.253063,-25.995903,-21.976639,-20.658527,-26.666683,-15.852211,-12.706932,-16.931986,-28.791512,-31.796606,-25.075256,-25.562134,-17.113777,-18.246643,-30.56574,-36.167267,-22.318333,-16.45431,-20.98293,-30.053835,-28.253736,-28.091278,-25.522232,-23.840355,-17.414259,-20.263596,-18.131544,-12.79958,-9.304878,-9.664938,-13.962038,-31.302433,-19.567123,-17.94897,-18.159344,-14.483994,-11.134779,-9.071768,-9.175064,-9.488306,-9.126856,-14.085781,-18.517513,-14.546682,-21.437527,-28.286877,-16.623905,-17.967205,-24.12063,-20.711716,-25.455051,-28.872295,-30.956295,-34.58662,-18.422363,-16.188354,-17.526104,-17.857262,-16.80492,-16.889523,-22.590553,-17.050915,-15.399363,-15.726839,-20.369534,-15.733429,-30.007792,-34.19561,-24.14633,-20.224953,-20.814972,-22.994368,-24.05559,-22.263502,-16.2827,-19.604897,-23.543587,-21.473608,-18.210415,-20.560463,-23.424911,-23.178707,-17.07888,-22.319654,-26.975056,-28.990805,-29.788567,-22.012323,-19.975155,-32.431545,-21.800968,-19.086687,-17.820007,-19.465157,-40.422485,-24.415646,-24.693459,-14.608244,-14.203941,-13.906366,-14.699322,-12.504784,-9.096737,-10.81142,-17.335703,-38.6905,-24.729126,-23.373789,-17.861103,-20.09485,-23.397335,-15.72456,-16.19822,-17.28601,-10.410891,-8.595991,-15.868565,-20.989103,-20.743101,-22.05862,-16.527273,-14.263905,-12.929258,-13.28141,-17.225555,-14.832539,-14.332535,-20.383608,-29.194977,-15.429943,-10.366468,-15.148918,-17.031557,-9.554119,-9.97863,-14.695372,-13.221424,-13.235342,-15.075157,-21.887856,-22.307426,-15.045979,-13.083294,-14.785233,-19.312675,-16.89952,-17.056711,-16.784885,-20.718454,-22.641386,-19.103922,-21.408215,-29.986588,-23.149675,-23.16536,-29.612633,-22.105738,-21.389103,-18.180906,-19.335747,-13.082655,-12.460724,-17.140835,-18.144016,-14.62332,-10.405235,-10.246834,-15.59297,-24.149855,-22.391205,-18.351938,-16.46811,-18.362522,-14.721088,-16.027618,-20.412262,-24.770428,-17.82483,-14.736643,-25.015913,-24.32879,-24.265472,-19.65517,-16.9545,-19.186708,-22.83686,-29.368351,-22.930262,-21.485357,-23.25326,-18.935064,-16.452103,-29.315456,-22.545986,-18.594978,-18.56455,-16.673267,-16.470367,-15.234959,-17.040941,-20.889301,-17.889673,-29.837149,-15.212776,-16.693138,-20.446949,-19.250923,-34.411873,-23.92503,-16.621483,-11.524933,-17.394732,-21.431997,-16.771269,-19.160606,-18.24173,-19.410357,-28.367695,-15.75926,-22.114594,-13.538797,-14.402584,-13.663837,-11.928062,-16.095837,-17.14301,-17.575542,-15.099873,-16.215435,-26.440807,-19.277258,-15.6331215,-24.401241,-18.799397,-15.9708805,-22.857182,-32.882786,-26.7296,-25.654743,-22.604815,-26.24583,-21.194355,-30.15708,-21.580631,-22.088522,-23.159481,-27.193491,-36.60015,-22.769718,-13.652145,-10.426903,-12.380569,-19.656805,-22.095818,-19.177437,-18.755917,-19.348621,-28.6662,-18.278381,-19.704794,-31.322727,-18.429604,-20.927332,-20.678211,-19.504648,-22.295757,-23.431585,-19.914074,-20.551777,-20.247711,-34.974884,-19.2319,-14.3638,-17.43374,-18.641174,-14.389914,-14.675024,-12.424871,-15.1399,-26.567162,-13.867413,-17.647745,-33.18557,-37.874138,-31.15036,-28.146992,-22.07936,-22.98344,-33.490578,-22.711185,-17.64167,-16.975313,-22.44545,-34.728634,-25.406357,-29.57292,-21.379929,-18.834543,-33.783955,-36.756287,-19.779888,-31.816246,-22.276255,-13.674295,-15.378651,-34.27581,-15.036608,-15.022415,-29.114965,-21.319435,-21.768307,-24.222918,-24.982094,-24.128775,-19.636677,-17.081944,-14.296076,-17.147272,-30.181713,-26.53448,-22.164272,-19.04171,-15.265482,-13.444101,-15.6071,-21.400593,-25.318436,-18.057867,-15.765017,-17.496496,-22.872902,-18.069847,-20.391096,-22.511866,-25.717398,-14.285578,-14.027954,-21.879522,-21.027184,-19.16256,-18.36948,-19.88427,-20.508492,-16.98034,-19.62659,-23.491253,-22.255613,-27.43683,-28.851753,-30.935024,-38.72097,-30.02158,-42.1496,-32.08044,-30.87796,-23.236034,-20.57486,-24.678112,-25.87839,-20.26392,-21.246683,-26.142048,-20.714352,-19.78579,-28.194088,-42.228153,-27.10242,-22.17482,-31.062962,-25.006802,-26.505081,-23.09377,-22.171879,-31.755333,-36.4731,-37.0009,-37.311,-30.258398,-24.72775,-32.577774,-36.438683,-35.81244,-21.503593,-18.937836,-23.955734,-24.41996,-31.983679,-33.099525,-24.666424,-25.749737,-37.980988,-50.680264,-57.006573,-54.87773,-60.44294,-50.944023,-50.81379,-57.38166,-32.776352,-31.470797,-43.45272,-80.0,-80.0,-80.0,-80.0,-80.0,-80.0,-80.0,-80.0,-80.0,-80.0,-80.0,-80.0,-80.0,-80.0,-80.0,-80.0,-80.0,-80.0,-80.0,-80.0,-80.0,-80.0,-80.0,-80.0,-80.0,-80.0,-80.0,-80.0,-80.0,-80.0,-80.0,-80.0,-80.0,-80.0,-80.0,-80.0,-80.0,-80.0,-80.0,-80.0,-80.0,-80.0,-80.0,-80.0,-80.0,-80.0,-80.0,-80.0,-80.0,-80.0,-80.0,-80.0,-80.0,-80.0,-80.0,-80.0,-80.0,-80.0,-80.0,-80.0,-80.0,-80.0,-80.0,-80.0,-80.0,-80.0,-80.0,-80.0,-80.0,-80.0,-80.0,-80.0,-80.0,-80.0,-80.0,-80.0,-80.0,-80.0,-80.0,-80.0,-80.0,-80.0,-80.0,-80.0,-80.0,-80.0,-80.0,-80.0,-80.0,-80.0,-80.0,-80.0,-80.0,-80.0
-29.912706,-29.444319,-27.900005,-30.91369,-39.450634,-28.863567,-34.63059,-22.82892,-17.018887,-20.29257,-31.474361,-21.376833,-21.5122,-20.251053,-26.04647,-31.59792,-39.59916,-31.132862,-29.557377,-33.312138,-34.567535,-25.278038,-34.859814,-31.240747,-28.962336,-23.695675,-33.285194,-33.416214,-32.171192,-33.242924,-22.279255,-19.332733,-26.815453,-27.728952,-21.77277,-20.868473,-32.537838,-21.301136,-19.35888,-20.7267,-19.511738,-22.138273,-26.802917,-28.712978,-22.99392,-20.26978,-23.593239,-17.105053,-16.35783,-25.387697,-32.889812,-23.808712,-24.110806,-26.524317,-27.829967,-25.470085,-16.800476,-17.807863,-31.284752,-24.892517,-18.70782,-22.151966,-20.880392,-27.772942,-26.297516,-23.8368,-31.232864,-17.565273,-28.748596,-11.845821,-11.27392,-18.611792,-29.321732,-24.498161,-19.180223,-18.934412,-25.638504,-21.190052,-18.776203,-21.284006,-17.511047,-27.151728,-27.095148,-31.410303,-20.741602,-29.315968,-23.981897,-18.134758,-21.077854,-19.883923,-15.981159,-24.085997,-23.499847,-21.598686,-22.438585,-26.561413,-14.963631,-12.742729,-13.8497715,-17.643631,-20.284534,-15.468887,-14.597744,-12.883083,-10.802439,-13.445503,-19.893402,-22.326946,-19.836931,-16.636187,-20.132547,-16.004528,-31.004768,-36.91299,-22.310297,-19.68077,-35.25195,-23.915829,-20.552944,-33.53893,-26.299673,-26.441751,-32.572224,-30.235954,-29.177925,-21.790068,-24.198072,-22.814648,-21.042946,-29.98572,-32.43762,-27.334337,-25.61147,-27.241486,-31.372923,-34.68172,-37.32197,-43.97648,-30.395004,-27.218168,-29.030643,-29.706673,-26.93146,-24.070026,-33.15029,-23.750898,-23.18446,-22.788143,-25.808937,-19.834969,-21.677654,-28.128609,-22.731026,-37.89532,-25.603737,-25.778866,-28.016806,-21.168568,-25.022839,-21.711246,-24.99469,-21.065266,-29.064178,-28.447155,-21.42674,-26.343052,-16.819244,-17.154066,-23.223492,-21.257795,-25.377619,-31.115576,-22.200504,-21.325747,-20.842575,-18.159246,-31.39772,-20.712181,-21.140385,-15.485931,-17.361414,-25.96251,-28.172535,-27.228487,-24.078094,-35.067158,-24.455627,-19.898289,-30.409357,-19.89608,-20.622606,-27.319113,-29.82871,-39.127934,-27.486105,-22.307465,-28.861431,-25.141827,-26.010857,-26.05795,-19.003256,-22.760067,-23.098183,-20.157516,-18.250322,-23.801565,-40.85701,-27.937288,-29.029188,-28.201426,-31.30813,-20.910223,-17.467587,-26.087883,-25.626291,-23.170738,-16.951334,-18.443424,-23.575928,-21.288681,-19.831295,-19.195904,-22.47353,-22.20671,-19.051815,-24.499489,-26.646406,-26.46698,-26.995605,-32.95202,-26.18522,-18.692152,-15.980467,-14.997917,-15.596785,-21.35933,-32.301434,-32.214554,-25.109335,-18.818079,-20.991978,-23.98299,-26.840767,-27.086134,-34.48675,-20.683762,-16.832134,-23.417614,-26.95403,-27.11963,-23.775446,-21.494421,-19.445784,-33.862095,-23.120031,-23.140827,-16.423626,-17.923439,-20.48691,-23.050459,-19.787348,-19.03288,-24.871252,-14.948456,-26.412212,-15.704805,-14.471825,-21.380524,-10.784853,-14.144653,-19.481194,-21.453308,-24.568958,-19.02187,-17.463844,-33.180504,-27.56757,-25.10953,-27.78085,-31.273722,-26.683132,-24.914017,-19.249111,-26.072418,-20.846111,-27.453426,-24.435719,-24.631004,-23.092375,-23.798662,-26.350784,-19.666454,-17.223133,-15.837391,-23.832483,-32.880836,-28.28558,-22.517303,-34.493786,-19.356157,-18.26764,-29.577883,-18.888546,-19.226606,-22.050543,-26.858326,-24.080887,-18.497108,-17.08164,-18.929718,-14.837364,-19.61031,-27.100863,-32.14804,-36.045902,-27.89117,-19.92766,-19.850027,-28.940752,-19.20115,-19.257946,-27.797771,-22.936201,-18.391409,-16.53245,-18.279892,-20.336367,-25.778854,-24.698994,-22.777885,-13.795805,-20.753212,-17.791765,-22.503777,-23.857449,-21.08508,-26.221422,-21.994783,-27.800692,-26.13927,-16.651016,-15.688122,-13.678429,-12.256668,-15.064133,-18.061506,-19.139221,-27.603313,-20.308283,-18.80677,-11.914637,-12.086802,-16.762337,-22.659172,-17.296757,-19.261272,-33.727352,-18.24682,-14.10858,-16.856049,-17.886497,-15.13608,-12.3660755,-21.489223,-19.149673,-13.418583,-14.267462,-21.589535,-23.817432,-20.81083,-26.761078,-16.17641,-18.586197,-22.707386,-19.12206,-19.987988,-19.679771,-18.254263,-20.623116,-33.459213,-23.03833,-20.697657,-24.121784,-41.73066,-26.880827,-29.133293,-20.688564,-19.613163,-22.49483,-19.314003,-17.550772,-33.037804,-15.930527,-15.908592,-17.411081,-16.185108,-20.710178,-26.010815,-30.771202,-22.53488,-28.195196,-23.36348,-26.045874,-26.0966,-38.179695,-23.06101,-16.282581,-18.368538,-20.745789,-22.22263,-24.076916,-23.006147,-22.28322,-23.58213,-24.55372,-24.467033,-20.038967,-25.236374,-26.23322,-17.623102,-16.13504,-19.717564,-26.955881,-16.683752,-17.781122,-22.08447,-16.481695,-21.495056,-16.647326,-24.379194,-20.69068,-15.736101,-14.712351,-17.074482,-20.211582,-32.050564,-24.283524,-16.432068,-12.048388,-13.62401,-16.618813,-18.913631,-25.348764,-18.723522,-18.013798,-20.239155,-23.64161,-17.89731,-16.967484,-23.122784,-26.42387,-14.995834,-17.447006,-19.314072,-22.454113,-18.598957,-17.755487,-23.532635,-28.87462,-19.731815,-20.047752,-29.79451,-20.293114,-24.662079,-41.805584,-30.855177,-29.109522,-28.245344,-24.114933,-25.180378,-27.567726,-28.917088,-30.733553,-31.315008,-28.30943,-26.761791,-21.227467,-23.077482,-20.481955,-19.266727,-32.873405,-35.70651,-22.808464,-32.13596,-20.90745,-26.441845,-24.911394,-24.273441,-29.420935,-23.028141,-29.318068,-29.400023,-28.485004,-22.91739,-25.061508,-30.054596,-22.388424,-20.731224,-29.047728,-25.664375,-23.697073,-17.194813,-20.035166,-22.547379,-16.913855,-13.647203,-17.750769,-27.581676,-16.76675,-18.221775,-35.12338,-34.236645,-36.531284,-27.236649,-21.433582,-20.594446,-24.787926,-45.855263,-24.417442,-25.889473,-22.773058,-20.195816,-22.636145,-27.231686,-23.188835,-19.990974,-24.830114,-22.495354,-18.394115,-19.585936,-18.398876,-14.493439,-17.205893,-22.57246,-15.340361,-15.749279,-22.85269,-26.688494,-30.002525,-30.465527,-46.192757,-27.418139,-25.04945,-29.37442,-18.973915,-19.261175,-34.59614,-27.9253,-41.75573,-30.119423,-23.273842,-19.633797,-28.333801,-23.407898,-24.469435,-30.064606,-25.09994,-22.501213,-23.618086,-18.629704,-24.877472,-26.525385,-27.78509,-21.668434,-17.078455,-20.22876,-20.039806,-19.926846,-17.871964,-14.697016,-16.921787,-17.581955,-22.74957,-24.763596,-22.920477,-34.741886,-31.823626,-35.543625,-38.40487,-32.32638,-29.913168,-31.927862,-32.78494,-24.051601,-25.767563,-31.494925,-31.31985,-21.084766,-30.897696,-25.85273,-21.210632,-20.941965,-31.18729,-40.223564,-23.743591,-20.486938,-25.028877,-23.343422,-25.130016,-23.248447,-22.773521,-40.464638,-33.71196,-34.443676,-33.497276,-29.264456,-25.960163,-34.08168,-40.295715,-32.067276,-24.377535,-19.93705,-20.431005,-22.853691,-25.568005,-32.78042,-31.637224,-32.158833,-38.205,-59.201538,-52.213165,-51.849236,-51.977314,-55.628815,-56.472652,-48.31997,-33.803627,-32.12599,-43.783073,-80.0,-80.0,-80.0,-80.0,-80.0,-80.0,-80.0,-80.0,-80.0,-80.0,-80.0,-80.0,-80.0,-80.0,-80.0,-80.0,-80.0,-80.0,-80.0,-80.0,-80.0,-80.0,-80.0,-80.0,-80.0,-80.0,-80.0,-80.0,-80.0,-80.0,-80.0,-80.0,-80.0,-80.0,-80.0,-80.0,-80.0,-80.0,-80.0,-80.0,-80.0,-80.0,-80.0,-80.0,-80.0,-80.0,-80.0,-80.0,-80.0,-80.0,-80.0,-80.0,-80.0,-80.0,-80.0,-80.0,-80.0,-80.0,-80.0,-80.0,-80.0,-80.0,-80.0,-80.0,-80.0,-80.0,-80.0,-80.0,-80.0,-80.0,-80.0,-80.0,-80.0,-80.0,-80.0,-80.0,-80.0,-80.0,-80.0,-80.0,-80.0,-80.0,-80.0,-80.0,-80.0,-80.0,-80.0,-80.0,-80.0,-80.0,-80.0,-80.0,-80.0,-80.0
-30.013239,-27.042877,-26.024715,-32.13714,-31.547434,-29.662785,-39.53449,-24.18217,-20.58078,-20.986889,-24.74873,-25.233807,-22.449095,-21.885246,-26.88073,-33.215904,-33.61231,-29.949234,-34.124847,-34.6727,-35.72827,-26.53869,-25.53258,-26.406334,-27.418184,-24.328453,-26.061214,-27.946928,-31.268246,-31.015837,-23.745945,-22.305397,-28.854256,-30.847935,-24.80431,-24.435686,-26.936304,-24.685535,-18.395008,-22.465405,-21.839134,-25.268448,-25.445574,-28.953869,-23.227512,-19.38692,-20.011889,-21.575155,-17.879799,-22.552265,-29.003891,-25.316086,-26.818203,-25.493622,-26.988478,-25.62937,-21.204166,-19.378479,-28.066273,-24.947834,-18.664013,-25.593182,-21.974611,-24.343899,-24.885319,-21.767447,-23.000355,-19.829197,-19.06453,-13.401232,-13.47328,-21.884064,-32.46969,-26.5749,-20.552744,-18.890686,-23.010002,-25.547968,-20.97408,-18.52315,-17.69672,-25.20908,-27.799976,-21.28975,-18.837336,-23.169203,-26.798796,-19.567364,-18.944925,-23.970085,-16.23778,-18.69606,-20.75512,-24.065662,-25.436848,-24.538067,-18.285112,-15.296738,-18.728916,-21.450424,-21.451473,-17.633804,-18.948677,-16.533276,-12.823908,-15.660263,-21.495869,-26.858532,-24.65538,-19.132175,-15.497013,-16.256748,-28.525637,-35.258774,-25.484375,-21.88507,-33.10125,-25.545784,-21.636984,-26.820553,-30.653898,-30.462696,-32.083763,-29.054401,-29.113504,-21.541758,-23.631058,-23.037916,-24.599483,-29.364258,-30.943907,-28.514683,-29.07371,-29.923008,-36.3491,-36.528732,-32.599712,-37.409172,-30.385872,-32.167133,-31.586613,-33.999683,-31.65042,-26.217236,-26.920332,-23.819576,-24.653166,-22.850676,-22.727577,-18.216927,-17.818047,-21.666046,-21.143421,-28.227968,-28.336916,-27.720848,-27.230242,-21.349596,-22.739388,-21.303705,-20.764196,-25.016731,-31.128132,-27.75598,-20.581644,-22.943707,-18.74834,-22.035267,-23.074627,-22.485989,-24.873928,-28.882008,-22.208689,-23.802376,-22.028097,-18.510147,-21.834942,-22.96465,-23.639988,-17.137672,-20.205975,-30.039234,-31.58055,-26.828222,-20.86402,-23.451605,-27.152586,-20.782402,-22.026337,-20.587383,-22.089285,-30.457815,-27.419249,-31.764969,-23.701427,-22.269901,-30.50949,-27.732262,-26.719158,-27.342222,-19.360394,-21.66347,-26.077663,-23.47827,-19.28898,-23.119488,-33.858017,-27.031559,-31.942108,-26.752106,-24.131908,-21.640797,-19.597464,-22.630527,-24.390541,-26.044998,-17.698872,-18.919561,-26.164244,-24.072643,-23.492186,-20.445904,-27.132414,-23.063889,-20.77433,-24.99103,-31.164541,-30.487,-26.945112,-22.35234,-24.221083,-18.015692,-18.620491,-19.241451,-19.64221,-25.80265,-28.107498,-27.54696,-23.796364,-21.061262,-23.205072,-25.526852,-24.02086,-27.292957,-27.957504,-19.138748,-17.308365,-21.687449,-26.074158,-21.9573,-22.446995,-24.28424,-22.127838,-25.59263,-26.622683,-23.61419,-20.706161,-22.80604,-25.348337,-27.841166,-23.639263,-20.467665,-19.773827,-18.504185,-21.375568,-20.133705,-17.521734,-16.19847,-14.450884,-17.096464,-19.299404,-25.645996,-27.34306,-21.186981,-17.846277,-22.153877,-27.050095,-28.176704,-29.653198,-30.6646,-30.398739,-25.161432,-21.689846,-23.888386,-21.152073,-21.8706,-25.238445,-26.594128,-24.745598,-23.200111,-24.701672,-24.272593,-17.412014,-17.925375,-24.593937,-31.300688,-30.40342,-25.602741,-25.062008,-20.30304,-20.519495,-21.81873,-20.87899,-22.784225,-25.169777,-23.50792,-26.962273,-20.324266,-18.337784,-16.603891,-15.448715,-20.829628,-26.28284,-33.546978,-28.190157,-27.654123,-23.687698,-17.87164,-19.454933,-18.497438,-22.920336,-31.412745,-24.15843,-18.574581,-17.304672,-22.391409,-23.886261,-29.560858,-29.50663,-23.081963,-17.138374,-20.740574,-19.936932,-23.599585,-24.825327,-22.528883,-28.294214,-22.7392,-23.27784,-21.99686,-20.505781,-19.878498,-18.519049,-16.989248,-17.86,-21.211796,-19.586533,-26.429014,-21.74508,-20.006134,-15.9173355,-15.323605,-20.720388,-26.529415,-21.175476,-21.426685,-27.612373,-21.283213,-18.111195,-21.569244,-22.141857,-19.893196,-15.368385,-18.56039,-23.428944,-16.825615,-17.611176,-24.834568,-27.84496,-22.095913,-26.552551,-19.686197,-19.04688,-21.896873,-21.30204,-22.274519,-23.550741,-19.771906,-19.904692,-31.277454,-23.496208,-19.853851,-26.144184,-37.639175,-29.902096,-24.906603,-23.592018,-24.601665,-25.522701,-22.72242,-20.90726,-22.296103,-20.11179,-20.641922,-22.260954,-20.412092,-23.553787,-27.177444,-29.564194,-23.051662,-23.956963,-20.484331,-19.257347,-20.015182,-28.089804,-20.955902,-19.107222,-22.585743,-23.828615,-27.164875,-26.437592,-24.434391,-21.425503,-20.106976,-24.27763,-28.41171,-22.986618,-22.318243,-30.02667,-19.149666,-17.358305,-20.480385,-24.876148,-20.968807,-15.880169,-15.822889,-15.231903,-16.66898,-16.808867,-26.266798,-24.918015,-19.083813,-16.39138,-21.663815,-21.166714,-33.36813,-26.346134,-21.127586,-14.886206,-15.937597,-19.139547,-21.029861,-23.37386,-22.547745,-20.966286,-19.2633,-22.38099,-22.73885,-20.74501,-21.75832,-25.907639,-16.528723,-15.106369,-16.680655,-18.206833,-22.563456,-18.565292,-24.84985,-30.926147,-20.575193,-22.994732,-27.208359,-22.19688,-29.27334,-38.063866,-29.501406,-23.61617,-26.173265,-24.843964,-28.038633,-27.469837,-27.638107,-32.84623,-25.1184,-24.931538,-31.101921,-22.990633,-24.988136,-21.580235,-19.458294,-31.36284,-30.321133,-23.039532,-23.852093,-22.387657,-29.080898,-26.440254,-28.738451,-26.284107,-23.144402,-30.95678,-30.952076,-25.97721,-19.698048,-21.696953,-30.264566,-26.066156,-22.129414,-25.844395,-23.471727,-20.386524,-17.46141,-20.216516,-25.202866,-21.591825,-17.292778,-19.276646,-22.358963,-17.164173,-20.45925,-33.83491,-32.275185,-27.486362,-22.058628,-23.953793,-18.162157,-20.48441,-27.955944,-21.80255,-21.988716,-23.808075,-21.327152,-21.834888,-26.204653,-23.82574,-20.571423,-28.438623,-23.441332,-20.107967,-20.056583,-23.228931,-17.04543,-18.922138,-23.28226,-18.090488,-18.73314,-26.557732,-31.518429,-25.808125,-25.048904,-28.237629,-30.99293,-26.15432,-25.67664,-23.933338,-21.928612,-25.053963,-26.7073,-30.27361,-31.775185,-27.809475,-23.845608,-26.74976,-24.70314,-27.569035,-35.04722,-22.434845,-20.106045,-22.648987,-21.63225,-24.189558,-24.890755,-28.06249,-26.582333,-20.712883,-21.013527,-20.266478,-23.365477,-20.097271,-15.528023,-20.884218,-21.085659,-21.42283,-23.953787,-24.166412,-36.32201,-29.949762,-30.987732,-32.882862,-35.08212,-30.637957,-31.409704,-35.984104,-26.448177,-28.033264,-30.882778,-23.451088,-20.249596,-26.47363,-30.2756,-25.518856,-23.722878,-28.741062,-30.940462,-22.920855,-21.66249,-26.927437,-25.374683,-27.373837,-25.774708,-24.077648,-25.472387,-28.698006,-37.997364,-30.038918,-24.690285,-26.13573,-37.098343,-37.89964,-31.869633,-27.819967,-22.754705,-22.699238,-25.419514,-23.760464,-30.369122,-35.840416,-35.556915,-37.63957,-53.75628,-52.206272,-52.543213,-52.259888,-53.201073,-53.113956,-52.25148,-34.72772,-32.52584,-44.12417,-80.0,-80.0,-80.0,-80.0,-80.0,-80.0,-80.0,-80.0,-80.0,-80.0,-80.0,-80.0,-80.0,-80.0,-80.0,-80.0,-80.0,-80.0,-80.0,-80.0,-80.0,-80.0,-80.0,-80.0,-80.0,-80.0,-80.0,-80.0,-80.0,-80.0,-80.0,-80.0,-80.0,-80.0,-80.0,-80.0,-80.0,-80.0,-80.0,-80.0,-80.0,-80.0,-80.0,-80.0,-80.0,-80.0,-80.0,-80.0,-80.0,-80.0,-80.0,-80.0,-80.0,-80.0,-80.0,-80.0,-80.0,-80.0,-80.0,-80.0,-80.0,-80.0,-80.0,-80.0,-80.0,-80.0,-80.0,-80.0,-80.0,-80.0,-80.0,-80.0,-80.0,-80.0,-80.0,-80.0,-80.0,-80.0,-80.0,-80.0,-80.0,-80.0,-80.0,-80.0,-80.0,-80.0,-80.0,-80.0,-80.0,-80.0,-80.0,-80.0,-80.0,-80.0
-29.874496,-26.35993,-25.078186,-32.519093,-29.727837,-29.242945,-45.038925,-24.691095,-24.169193,-21.081982,-23.15858,-29.557365,-23.029797,-23.082558,-26.57864,-32.6202,-32.16913,-29.335537,-35.803932,-33.827854,-35.81158,-27.190395,-23.933117,-24.677755,-26.978302,-24.712599,-24.407608,-25.371967,-29.14571,-29.993809,-24.295877,-24.992031,-29.315657,-33.810673,-27.4947,-28.292158,-25.541368,-26.71257,-17.684084,-22.653442,-23.23595,-26.894962,-23.308199,-24.788328,-23.285362,-18.782812,-18.65158,-25.937063,-18.838041,-21.801323,-27.164234,-25.639603,-26.964285,-24.453266,-26.704834,-25.49937,-26.517439,-19.797121,-27.015892,-23.87075,-18.346323,-26.828775,-22.148737,-23.48882,-24.372488,-20.978374,-21.290237,-21.632633,-17.689455,-14.575258,-14.944059,-25.092247,-30.998123,-27.329678,-21.573492,-18.488361,-22.19542,-29.972874,-22.523752,-17.839342,-17.841713,-23.979443,-26.238304,-19.176485,-18.208763,-21.716215,-28.499851,-19.890244,-17.797934,-25.05286,-16.29108,-17.600546,-19.907478,-25.58666,-27.585693,-24.022034,-21.683071,-17.192337,-25.475105,-24.077745,-22.19391,-19.12373,-25.834105,-20.692142,-14.305399,-17.401207,-22.427086,-32.086525,-34.572853,-20.968842,-14.2613945,-16.28201,-27.56393,-34.107475,-27.490194,-22.92465,-31.83856,-26.753899,-22.218561,-25.328047,-37.426254,-35.313465,-30.513103,-27.262367,-28.288866,-21.443434,-22.54335,-22.471594,-28.010925,-28.098927,-28.866917,-28.782066,-32.80119,-32.328335,-41.182945,-34.48298,-29.869778,-33.18459,-29.465126,-36.85004,-33.0371,-38.26801,-41.506695,-26.626387,-24.936983,-24.039421,-25.201448,-22.48231,-21.090218,-17.121807,-16.478804,-20.423601,-20.456682,-24.685665,-27.23455,-28.053799,-26.3271,-21.510815,-22.158398,-21.258108,-19.127953,-27.357357,-30.702435,-26.284462,-19.981184,-21.44485,-20.112347,-30.981234,-23.012835,-23.345955,-24.758665,-28.362831,-22.031513,-25.236248,-22.5206,-18.647184,-20.449957,-24.723885,-24.623268,-18.122572,-22.854502,-33.6823,-32.824757,-25.426899,-19.578983,-21.548477,-27.524807,-20.771408,-20.687376,-20.876545,-23.213026,-28.811043,-26.190218,-29.480204,-21.951523,-22.005344,-31.637358,-29.874577,-26.872272,-26.944736,-19.48844,-21.172895,-26.96237,-26.669804,-19.739767,-22.221554,-31.817377,-26.377493,-32.106934,-25.323795,-22.35983,-22.14082,-21.192995,-21.707394,-23.424114,-26.719097,-18.150595,-19.332222,-27.536654,-25.399586,-24.809341,-21.003693,-35.804142,-23.477451,-22.101402,-24.660313,-33.268753,-32.824547,-25.485703,-20.522312,-22.434317,-17.463224,-20.413227,-25.584145,-25.092505,-30.058025,-25.139923,-25.630907,-22.307888,-22.193693,-23.760035,-24.81871,-23.360847,-25.473042,-24.229837,-18.576702,-17.73572,-20.9588,-25.667253,-20.561085,-21.726128,-26.499748,-24.481117,-23.937939,-29.721573,-23.254242,-26.168861,-36.447495,-38.186375,-39.63802,-28.31557,-21.529537,-18.515785,-22.30167,-19.87157,-24.944061,-19.745735,-15.157455,-18.546179,-19.469467,-19.066153,-30.952316,-28.718058,-22.922527,-18.020342,-20.147566,-26.817091,-30.331287,-29.916817,-26.939407,-29.023617,-25.335312,-23.744127,-23.392523,-21.234753,-20.685467,-24.72325,-26.574392,-25.714928,-22.59534,-24.08046,-29.853434,-17.3336,-19.570248,-25.221321,-30.606941,-31.466616,-28.487196,-23.385088,-20.997402,-22.366362,-20.392097,-22.171392,-26.711489,-27.978977,-22.430595,-27.235619,-21.639843,-19.228348,-15.894621,-15.686659,-21.731339,-25.800434,-33.05036,-26.486797,-26.967276,-27.477123,-17.122458,-17.284702,-18.082792,-26.847305,-33.286304,-24.68319,-18.856396,-17.72395,-27.297947,-27.348038,-30.106045,-33.61576,-23.410446,-20.590172,-20.659695,-21.514904,-24.148687,-23.974705,-23.14778,-29.869047,-22.823345,-22.265368,-20.689684,-23.934002,-24.27272,-27.411032,-27.066757,-20.253033,-23.641289,-19.457493,-24.837837,-21.543774,-20.581673,-21.267147,-18.505518,-25.12777,-30.13382,-26.119585,-22.972881,-26.4842,-24.24776,-23.479446,-31.867214,-28.637722,-30.294289,-18.0964,-17.760101,-27.17334,-20.201138,-21.000463,-27.167501,-31.910896,-22.227264,-24.339058,-21.940636,-19.15081,-21.700844,-22.026802,-23.419361,-28.021107,-20.220352,-19.443438,-29.89323,-23.23867,-19.361027,-27.315086,-35.96927,-31.492846,-23.796152,-26.26007,-46.151485,-27.52084,-25.211018,-23.589344,-20.58115,-26.244318,-31.233124,-34.8547,-26.70998,-24.857868,-24.931904,-25.517769,-21.417362,-20.3695,-18.239452,-16.155346,-17.177284,-23.403526,-19.70829,-21.32601,-28.686222,-26.87957,-35.874485,-27.038603,-25.251331,-21.192268,-18.982784,-23.523224,-30.434177,-23.807001,-19.849579,-26.212093,-20.187632,-18.150265,-21.086605,-22.798452,-23.953318,-14.76343,-14.486738,-14.729359,-14.974306,-16.545662,-26.748486,-30.891994,-21.974586,-17.235308,-25.499651,-21.436691,-34.26728,-27.396797,-29.720993,-17.358873,-17.52695,-20.780233,-22.392456,-22.774258,-26.938591,-22.760666,-18.193018,-20.445728,-31.003714,-25.329489,-21.395567,-25.15227,-17.519058,-14.44331,-15.951511,-17.185308,-24.225704,-18.541452,-23.932873,-27.644073,-20.719357,-24.955132,-25.438515,-22.97881,-35.40593,-36.404675,-28.499899,-21.746475,-23.185856,-23.937893,-28.028442,-25.933765,-25.785057,-30.37829,-23.305643,-23.453926,-32.767136,-24.153013,-26.413273,-22.190722,-19.360588,-27.669033,-27.892761,-23.293907,-22.11182,-23.398247,-30.433071,-26.199638,-29.062069,-23.949717,-22.870102,-31.248758,-31.816603,-25.069904,-18.383276,-20.019985,-28.252352,-29.35187,-22.96603,-24.927128,-21.838633,-19.365505,-17.760603,-19.898037,-26.41857,-30.493374,-21.537476,-20.400875,-20.570192,-17.381414,-22.17552,-33.55259,-31.78915,-24.943218,-19.785824,-20.884027,-16.162947,-18.994997,-26.01541,-20.712618,-20.514488,-24.195614,-21.888657,-21.414173,-25.490372,-23.341997,-20.924023,-30.922445,-23.901497,-21.440472,-20.459658,-29.323856,-18.762766,-20.234798,-22.59174,-20.108131,-21.009544,-26.875132,-31.428263,-24.308659,-23.576916,-25.587685,-31.94871,-26.751493,-23.900976,-37.872,-23.916695,-22.93208,-26.465412,-28.555515,-32.488422,-33.023872,-29.01401,-26.396881,-24.931368,-29.802284,-37.339,-21.114132,-18.680567,-22.30474,-24.336674,-23.984247,-23.51949,-27.304157,-40.744568,-24.383556,-21.483673,-19.89481,-26.62875,-20.833284,-15.886471,-25.770267,-24.576233,-20.743055,-23.618416,-25.018873,-31.66935,-28.569874,-28.544388,-28.538918,-33.354733,-31.055988,-31.287605,-34.720356,-27.308079,-29.2274,-29.842587,-22.042702,-19.605331,-24.82806,-37.42219,-32.102577,-26.276985,-27.399445,-28.727064,-22.634945,-22.495832,-28.264248,-26.671062,-28.536156,-27.503222,-24.985382,-23.304968,-26.104963,-38.138958,-28.697218,-23.302486,-25.878319,-37.585773,-35.657856,-30.3498,-30.625275,-24.753407,-23.576733,-26.489506,-23.246647,-28.627415,-37.94814,-35.903038,-37.128296,-52.354343,-52.2703,-52.754257,-52.536217,-52.20907,-52.014694,-56.766197,-34.754974,-32.31284,-43.90138,-80.0,-80.0,-80.0,-80.0,-80.0,-80.0,-80.0,-80.0,-80.0,-80.0,-80.0,-80.0,-80.0,-80.0,-80.0,-80.0,-80.0,-80.0,-80.0,-80.0,-80.0,-80.0,-80.0,-80.0,-80.0,-80.0,-80.0,-80.0,-80.0,-80.0,-80.0,-80.0,-80.0,-80.0,-80.0,-80.0,-80.0,-80.0,-80.0,-80.0,-80.0,-80.0,-80.0,-80.0,-80.0,-80.0,-80.0,-80.0,-80.0,-80.0,-80.0,-80.0,-80.0,-80.0,-80.0,-80.0,-80.0,-80.0,-80.0,-80.0,-80.0,-80.0,-80.0,-80.0,-80.0,-80.0,-80.0,-80.0,-80.0,-80.0,-80.0,-80.0,-80.0,-80.0,-80.0,-80.0,-80.0,-80.0,-80.0,-80.0,-80.0,-80.0,-80.0,-80.0,-80.0,-80.0,-80.0,-80.0,-80.0,-80.0,-80.0,-80.0,-80.0,-80.0
-29.535608,-30.680838,-23.796297,-31.003767,-27.717548,-25.128075,-34.86198,-23.407488,-23.214157,-20.013796,-22.299368,-27.708723,-26.602234,-30.551369,-22.822533,-26.538467,-32.158478,-29.265005,-26.056015,-27.66727,-32.795834,-28.022635,-24.383924,-21.782986,-32.229977,-28.008957,-23.30077,-19.869225,-22.794708,-28.79687,-22.664764,-28.305717,-24.862085,-37.608402,-28.955524,-30.4095,-25.67485,-21.073326,-16.145084,-18.242413,-21.71243,-21.51841,-17.192589,-15.995333,-24.510435,-17.861368,-16.905003,-17.741695,-21.361336,-26.887695,-23.248974,-22.522377,-20.129316,-21.174456,-29.970564,-24.97203,-19.883331,-16.890038,-27.507828,-18.950138,-17.039948,-19.668194,-19.866558,-28.715485,-26.685362,-21.740303,-20.186989,-28.264671,-23.011696,-26.45904,-15.468885,-27.680553,-22.135887,-23.807518,-32.223198,-16.582117,-24.532085,-22.560368,-24.176342,-25.488361,-21.114616,-21.058516,-19.611855,-16.066406,-20.914013,-21.74589,-25.036179,-17.062046,-15.586609,-16.158432,-17.288452,-23.491632,-22.072124,-23.745804,-24.855793,-31.886889,-26.58001,-17.680782,-15.6706505,-17.486889,-25.939674,-20.410324,-27.552055,-24.67538,-18.517813,-23.666843,-23.410862,-24.1956,-27.502005,-21.662151,-15.055679,-16.939335,-27.422258,-31.197315,-22.920017,-20.087185,-29.0088,-35.269367,-23.844528,-25.409584,-37.394073,-33.056644,-24.945011,-21.748035,-24.356823,-23.766407,-18.416597,-19.027214,-25.882355,-23.459694,-22.945364,-26.702347,-38.296783,-48.401947,-30.609407,-26.365759,-23.868458,-25.397556,-25.107437,-26.386623,-30.128822,-31.12763,-39.00391,-21.680809,-21.49157,-33.051456,-23.54748,-20.477142,-17.445091,-14.449848,-15.198465,-24.457531,-20.92054,-17.889883,-19.045357,-23.500229,-23.295626,-25.251135,-29.820381,-26.829086,-16.317513,-19.773048,-24.188934,-21.141628,-18.979614,-18.693876,-23.615751,-21.844633,-25.214598,-29.757324,-29.19891,-42.690517,-21.742397,-22.78556,-22.162853,-20.162605,-25.251732,-29.959969,-20.152027,-19.270744,-39.692307,-27.146025,-25.77224,-20.176704,-17.923698,-19.865122,-21.059082,-18.221607,-25.375599,-21.859453,-44.936237,-19.86856,-23.870087,-25.195236,-18.328201,-21.105429,-35.692738,-33.981102,-26.233013,-21.897676,-20.81708,-22.255722,-20.621796,-27.382156,-20.013382,-19.034954,-28.370731,-25.115215,-24.883339,-21.043514,-20.37891,-27.149267,-25.445852,-25.029167,-20.838593,-20.312437,-21.447895,-27.211721,-24.068802,-20.7709,-17.120766,-20.835594,-31.632313,-24.798676,-36.351093,-21.651907,-23.758991,-24.981907,-19.755575,-19.184568,-17.488503,-16.356085,-18.8721,-28.586395,-28.532845,-21.93639,-18.601107,-21.824097,-17.703709,-19.617443,-19.024326,-18.643024,-34.501057,-18.864532,-16.970705,-20.691818,-26.803843,-21.390282,-26.903835,-20.219452,-21.049208,-26.840698,-32.281204,-23.327766,-26.625578,-20.153225,-21.412052,-34.798817,-35.836628,-58.92436,-30.347607,-31.310389,-19.732224,-23.91282,-18.488796,-17.436474,-16.941383,-22.851192,-20.249462,-18.803139,-19.079075,-27.253735,-24.285748,-32.678017,-19.868946,-17.726496,-28.689816,-27.046272,-25.355942,-18.663786,-19.637419,-28.56485,-33.351936,-46.035408,-22.291368,-24.225891,-20.279621,-21.031319,-26.629772,-20.88021,-25.686321,-21.662266,-17.170204,-28.476887,-41.007675,-30.962713,-29.281075,-31.843462,-23.039324,-29.02494,-34.239803,-22.263947,-23.229523,-31.05127,-28.890419,-22.874794,-20.214329,-26.586058,-26.191875,-19.061394,-16.603924,-31.711823,-25.822674,-27.543865,-25.280588,-23.942074,-24.357794,-18.116308,-13.821009,-18.401243,-26.551256,-26.40068,-24.384647,-28.542593,-20.01564,-23.50314,-25.658596,-21.528934,-23.669443,-31.797983,-25.812267,-21.596134,-24.851429,-25.171757,-18.360634,-22.185429,-35.51759,-21.43622,-27.55491,-20.01664,-18.601452,-18.145966,-18.896336,-24.645885,-23.281967,-20.956469,-17.752436,-19.815802,-16.717405,-21.014017,-26.89478,-22.130758,-21.819916,-25.120163,-34.0341,-25.177689,-34.24086,-41.164043,-29.974312,-34.879086,-34.41969,-27.455439,-21.202568,-21.831419,-19.526745,-20.859459,-24.279934,-23.236816,-26.608532,-19.015352,-17.434118,-16.16431,-19.443518,-27.36764,-17.960535,-20.646366,-26.904821,-17.699472,-19.31015,-26.52322,-20.704702,-19.36913,-26.656435,-32.89725,-26.523678,-25.670532,-32.892548,-40.086617,-23.863333,-20.630825,-20.125347,-20.27503,-32.540813,-34.03401,-33.07553,-30.743338,-19.90078,-17.122213,-17.158892,-14.845478,-12.999945,-12.660065,-9.82395,-11.232845,-15.362316,-16.899694,-21.125988,-29.80052,-47.218884,-25.855946,-21.958336,-26.624924,-26.070206,-19.128475,-20.259455,-22.563507,-17.447222,-13.821293,-16.179197,-24.595097,-22.154816,-31.770834,-17.20339,-15.628452,-12.391016,-16.181143,-16.363333,-12.248604,-14.927643,-22.886839,-30.05357,-19.646584,-16.53586,-16.388226,-20.480366,-39.519306,-25.49723,-24.045406,-20.752907,-17.920187,-19.295193,-22.69927,-26.592865,-26.468843,-18.809017,-14.703037,-14.671644,-22.113098,-31.337307,-27.71274,-22.353785,-20.532768,-18.960903,-20.387646,-21.022419,-15.9944,-16.181095,-17.700844,-18.63702,-19.328602,-21.724178,-20.967094,-20.41619,-27.645098,-33.143135,-25.92032,-18.512754,-16.061035,-18.538807,-20.699835,-20.088074,-20.201492,-21.776524,-20.66641,-20.796017,-23.55294,-26.626211,-32.619034,-24.136139,-18.990707,-19.655056,-22.725647,-29.428837,-20.791512,-28.133083,-26.602737,-21.065836,-19.204102,-18.279545,-21.32949,-27.523212,-32.475506,-25.610073,-16.531494,-16.41801,-21.35808,-25.166279,-25.046421,-27.422132,-17.526913,-20.450285,-25.402782,-17.846367,-22.024395,-26.291513,-30.068787,-29.155453,-17.58932,-19.875004,-26.519474,-44.475853,-40.829746,-20.120647,-14.982958,-11.729965,-10.947838,-17.091732,-24.590351,-19.659101,-18.349861,-23.826283,-22.747435,-22.08716,-24.08239,-19.34463,-24.180202,-25.102253,-25.077675,-47.802086,-27.895237,-19.715096,-17.549026,-32.354458,-17.785818,-19.0909,-19.17833,-18.298698,-20.977291,-22.24639,-22.776264,-20.898266,-24.132622,-28.398773,-20.121233,-29.000484,-23.717735,-19.69083,-41.552547,-28.40564,-30.905836,-25.089066,-24.493498,-40.70078,-22.155151,-26.6099,-26.699442,-18.583103,-15.344561,-25.193108,-26.925776,-27.836857,-19.631388,-23.025803,-35.78615,-22.615576,-24.68351,-17.394463,-25.455048,-16.630386,-16.667683,-25.4926,-24.034111,-20.450508,-25.603079,-30.513119,-22.282337,-24.897999,-23.112082,-20.562443,-24.71495,-33.896812,-35.690655,-25.916735,-22.853737,-26.85482,-25.952278,-24.350466,-18.229797,-22.101974,-36.637276,-33.115498,-44.94341,-24.512398,-25.052448,-25.694063,-29.498985,-31.825157,-27.241215,-26.123142,-26.659286,-31.017113,-20.377712,-20.454926,-29.71398,-26.940403,-22.418308,-24.25275,-30.551607,-29.867617,-24.629938,-26.876884,-22.852192,-19.71117,-22.019115,-28.42848,-24.125347,-29.326271,-27.91941,-36.015575,-52.24929,-55.80841,-52.77185,-58.485863,-51.659637,-52.22036,-54.50662,-32.27635,-30.223175,-41.945374,-80.0,-80.0,-80.0,-80.0,-80.0,-80.0,-80.0,-80.0,-80.0,-80.0,-80.0,-80.0,-80.0,-80.0,-80.0,-80.0,-80.0,-80.0,-80.0,-80.0,-80.0,-80.0,-80.0,-80.0,-80.0,-80.0,-80.0,-80.0,-80.0,-80.0,-80.0,-80.0,-80.0,-80.0,-80.0,-80.0,-80.0,-80.0,-80.0,-80.0,-80.0,-80.0,-80.0,-80.0,-80.0,-80.0,-80.0,-80.0,-80.0,-80.0,-80.0,-80.0,-80.0,-80.0,-80.0,-80.0,-80.0,-80.0,-80.0,-80.0,-80.0,-80.0,-80.0,-80.0,-80.0,-80.0,-80.0,-80.0,-80.0,-80.0,-80.0,-80.0,-80.0,-80.0,-80.0,-80.0,-80.0,-80.0,-80.0,-80.0,-80.0,-80.0,-80.0,-80.0,-80.0,-80.0,-80.0,-80.0,-80.0,-80.0,-80.0,-80.0,-80.0,-80.0
-25.95543,-23.493443,-29.699066,-32.030235,-39.502068,-26.056873,-23.28159,-20.24229,-18.937378,-22.101547,-42.660797,-27.807495,-30.916735,-21.822344,-20.249277,-22.237448,-29.952156,-36.88963,-25.54863,-26.422434,-36.724617,-35.98484,-34.49775,-25.56799,-23.407415,-29.851402,-24.495838,-20.835678,-35.215862,-21.514751,-17.779015,-20.075493,-22.17317,-25.299913,-26.795305,-27.4103,-39.358856,-23.06594,-20.697418,-21.999168,-22.879799,-26.772848,-18.052666,-17.069084,-17.597881,-20.611357,-30.758492,-22.442045,-25.248909,-20.599558,-19.886505,-26.14814,-26.56722,-25.331814,-30.06075,-28.087357,-17.843164,-15.715469,-18.577358,-20.826206,-23.077091,-33.285732,-20.271084,-22.594213,-27.148767,-21.601677,-17.69889,-21.714626,-26.141922,-18.563816,-13.173069,-13.463371,-14.335358,-14.560732,-15.012552,-15.285952,-17.861088,-22.645676,-39.85313,-36.214565,-31.913612,-30.934593,-20.501053,-23.015726,-24.845676,-24.527185,-26.06834,-20.706959,-21.395882,-23.407635,-19.999477,-29.225967,-26.037954,-25.318014,-26.245403,-20.25236,-15.922396,-13.509462,-22.75256,-16.731604,-16.60879,-16.535408,-16.824705,-20.934431,-22.285326,-21.887903,-25.083183,-33.229206,-24.06628,-28.01117,-18.755165,-29.608551,-26.256634,-33.992043,-23.377703,-19.002762,-21.84801,-26.8437,-45.082287,-29.34132,-33.44839,-32.85133,-33.108746,-22.982763,-25.988594,-28.65193,-27.002615,-22.904327,-21.012276,-35.385117,-26.536617,-27.935522,-31.166748,-34.999756,-30.42138,-28.705454,-26.026268,-30.846214,-25.33936,-24.892326,-37.972435,-25.361862,-21.50022,-17.072693,-19.104801,-30.854248,-22.40122,-16.280352,-25.201435,-18.898172,-24.072208,-28.154123,-24.996988,-17.282724,-25.924402,-20.750713,-36.09949,-23.458237,-25.714151,-25.178959,-17.288313,-18.438314,-29.830704,-25.638649,-30.72977,-22.447779,-22.277962,-21.906479,-30.880018,-20.568485,-19.540869,-20.655607,-18.327831,-22.783997,-22.772766,-23.976624,-25.74442,-20.089554,-17.88318,-23.554535,-30.012575,-40.763836,-23.224615,-21.416195,-23.937122,-33.890972,-18.560755,-19.29689,-28.111553,-23.128927,-17.636282,-15.555412,-20.301212,-25.918287,-19.472815,-28.761562,-28.801964,-30.997646,-24.546356,-28.198334,-22.276623,-21.142319,-15.7441845,-15.111082,-16.281616,-22.507923,-23.218433,-32.724987,-29.90759,-29.29741,-22.660322,-19.421381,-20.395166,-30.077248,-29.050613,-29.048426,-36.84287,-26.2331,-22.10773,-21.366484,-21.50917,-18.401814,-23.456345,-35.371143,-23.61461,-21.760128,-26.88306,-19.059849,-20.140806,-26.545296,-26.173716,-22.028412,-22.431307,-24.576576,-24.721096,-20.289574,-20.910536,-23.027546,-16.678802,-14.138752,-18.205353,-25.164085,-17.505058,-17.305248,-24.552895,-24.81875,-43.96807,-21.70052,-22.331205,-26.625328,-24.063486,-28.629124,-23.22654,-20.247498,-20.970352,-24.530672,-23.185333,-28.367634,-26.511679,-24.672768,-22.439087,-22.9053,-24.678883,-21.97462,-21.715889,-22.124266,-23.978956,-24.056707,-23.858465,-19.423794,-24.582518,-24.54078,-22.505749,-28.563627,-27.23942,-17.728083,-20.87888,-17.46255,-13.876419,-12.301895,-17.01978,-47.58042,-28.881626,-25.962875,-23.470997,-31.45066,-29.139149,-22.235695,-26.261318,-24.234356,-27.655132,-21.618237,-17.498314,-23.235863,-26.94982,-29.857813,-30.403711,-27.912285,-21.897087,-22.674236,-24.280144,-23.445192,-28.53249,-26.76868,-30.348928,-31.852512,-24.892153,-23.562904,-22.275618,-18.089205,-19.65031,-26.007988,-28.708954,-30.134933,-36.8549,-23.680119,-27.699379,-23.181145,-21.317474,-22.32008,-34.316044,-32.794216,-26.33699,-27.217924,-30.086763,-23.910484,-26.706493,-20.441786,-21.667805,-35.73855,-23.60239,-24.425549,-26.245815,-20.876461,-16.809938,-22.922058,-27.737295,-20.381336,-21.323019,-23.368626,-24.049644,-14.413502,-16.708199,-27.35421,-22.695587,-19.809664,-27.916937,-16.698187,-18.277508,-27.677189,-26.701315,-21.906824,-29.716307,-24.833801,-24.550373,-28.807106,-26.684065,-27.53125,-34.013878,-31.075605,-25.208332,-24.211475,-20.562122,-21.126427,-20.240894,-21.288559,-20.131557,-23.099316,-28.870941,-29.713343,-16.427992,-19.966116,-20.857107,-23.715748,-24.871918,-21.742958,-25.975353,-19.899265,-23.696182,-31.68515,-21.492138,-27.248447,-26.893797,-35.117832,-25.513325,-24.598742,-33.225983,-36.361557,-22.300432,-18.091702,-18.120571,-22.11282,-37.282455,-29.048979,-31.659939,-28.194895,-22.04245,-18.162989,-18.342018,-13.250952,-17.31907,-21.254795,-13.452684,-13.28121,-29.317118,-20.782986,-35.969646,-24.50415,-28.816498,-25.54858,-18.539734,-24.909475,-31.671902,-29.660046,-23.825111,-24.888033,-14.548586,-13.910982,-22.016806,-18.859877,-18.056509,-17.225407,-19.08514,-18.713158,-19.198616,-20.154034,-17.854235,-21.277405,-25.73128,-19.644032,-19.19199,-26.523375,-19.899368,-16.035967,-21.829706,-28.405392,-27.707443,-32.092957,-38.493683,-17.95567,-15.590755,-17.6852,-19.243668,-19.469189,-30.248987,-19.29945,-15.692469,-19.00271,-25.29507,-34.711926,-33.327698,-28.556217,-26.400959,-23.350872,-22.556118,-27.143806,-20.600037,-31.17988,-20.032578,-29.021526,-21.446733,-21.69037,-24.227177,-25.654085,-36.564182,-29.741043,-26.346483,-17.147219,-25.274178,-21.464718,-30.698889,-17.934984,-18.732273,-30.160343,-26.830408,-32.43219,-33.16012,-30.159456,-25.473207,-30.840874,-18.82114,-20.189983,-23.681282,-27.775131,-30.386719,-30.339901,-27.20047,-18.102991,-22.856739,-25.391632,-27.411625,-35.08068,-23.787071,-23.040136,-24.226633,-23.902658,-36.655655,-32.217148,-25.208067,-18.294205,-21.159332,-43.032375,-22.27659,-21.4047,-28.701836,-30.949602,-30.308939,-23.698864,-27.536575,-41.65079,-27.742384,-23.778114,-18.119492,-34.43049,-11.962433,-11.740019,-25.730902,-28.947533,-25.773949,-26.662315,-24.52892,-27.774685,-20.71565,-17.430828,-18.874147,-25.32645,-29.09298,-27.449081,-27.727634,-32.262146,-22.328686,-18.871372,-21.315441,-24.29909,-17.798683,-18.361416,-19.620062,-22.682697,-27.387653,-28.819687,-33.12727,-18.439316,-17.181522,-20.082525,-21.986256,-18.195911,-19.919237,-24.804832,-23.26838,-22.829952,-23.072592,-29.904358,-23.346058,-17.778591,-20.433918,-30.114166,-24.792917,-16.438057,-20.073122,-38.30645,-22.252771,-22.897524,-27.42821,-25.578598,-18.778704,-16.399334,-18.184925,-16.163721,-21.62912,-22.484493,-19.572372,-26.529207,-26.253563,-28.266478,-24.510386,-18.655148,-22.536102,-21.017765,-18.393806,-23.455307,-31.385626,-24.621807,-37.213318,-20.309742,-20.219875,-36.55423,-35.039894,-21.202492,-22.185575,-29.946451,-46.689777,-29.695637,-23.635708,-29.505638,-30.98454,-28.645061,-30.53808,-28.253529,-32.451412,-24.317015,-22.662827,-36.8879,-20.293892,-19.492998,-20.010822,-27.462067,-27.537994,-26.996283,-25.901691,-23.726475,-33.459652,-27.817673,-26.159954,-22.70509,-25.874216,-24.529564,-22.85299,-25.164503,-38.934322,-52.16665,-48.71163,-49.22809,-48.744812,-52.323063,-52.26753,-44.88793,-31.35048,-29.987587,-42.027603,-80.0,-80.0,-80.0,-80.0,-80.0,-80.0,-80.0,-80.0,-80.0,-80.0,-80.0,-80.0,-80.0,-80.0,-80.0,-80.0,-80.0,-80.0,-80.0,-80.0,-80.0,-80.0,-80.0,-80.0,-80.0,-80.0,-80.0,-80.0,-80.0,-80.0,-80.0,-80.0,-80.0,-80.0,-80.0,-80.0,-80.0,-80.0,-80.0,-80.0,-80.0,-80.0,-80.0,-80.0,-80.0,-80.0,-80.0,-80.0,-80.0,-80.0,-80.0,-80.0,-80.0,-80.0,-80.0,-80.0,-80.0,-80.0,-80.0,-80.0,-80.0,-80.0,-80.0,-80.0,-80.0,-80.0,-80.0,-80.0,-80.0,-80.0,-80.0,-80.0,-80.0,-80.0,-80.0,-80.0,-80.0,-80.0,-80.0,-80.0,-80.0,-80.0,-80.0,-80.0,-80.0,-80.0,-80.0,-80.0,-80.0,-80.0,-80.0,-80.0,-80.0,-80.0
-25.57463,-24.176586,-29.435268,-32.351383,-31.410591,-27.05643,-26.253782,-21.968185,-22.215092,-24.51403,-26.343311,-25.291891,-24.398758,-22.883356,-23.14226,-23.78038,-30.736687,-33.112976,-26.348467,-27.969322,-34.177006,-30.831984,-34.403313,-26.910378,-24.746964,-31.841763,-23.595999,-23.121319,-28.729446,-19.993567,-18.117592,-23.216099,-23.852484,-24.702742,-27.75695,-25.973598,-37.46821,-24.539516,-22.748695,-23.252213,-21.690233,-29.940207,-20.505943,-21.449532,-20.66394,-22.993927,-28.574316,-24.0976,-25.001049,-20.80117,-22.31165,-28.434391,-30.36557,-27.740856,-32.695168,-30.865566,-20.094364,-18.37059,-22.09908,-23.999968,-27.29394,-26.129135,-21.348186,-24.124668,-30.000807,-20.922615,-18.998604,-22.613295,-24.818832,-17.66884,-14.138508,-15.345875,-16.648973,-15.667532,-16.604631,-18.063236,-21.362785,-23.32072,-28.720352,-32.485813,-30.69503,-24.273159,-24.13316,-27.496939,-24.76556,-23.63964,-27.416739,-23.7845,-25.540741,-22.184387,-18.257984,-22.275515,-23.256989,-21.813639,-21.645733,-18.810299,-16.550663,-13.877373,-17.144161,-18.115505,-17.217476,-19.338757,-17.833773,-19.54427,-25.234724,-25.073961,-22.0932,-23.646454,-27.729202,-23.491554,-18.553082,-23.144016,-27.041649,-38.114502,-25.43417,-20.870552,-23.976536,-26.578917,-35.44272,-32.449398,-35.01989,-34.586143,-34.40889,-23.83831,-23.458202,-29.377834,-26.429932,-23.189077,-22.20808,-30.12143,-29.307945,-31.829018,-28.92627,-32.857574,-29.336323,-29.282509,-26.87976,-27.877832,-24.303963,-24.892765,-33.821434,-26.760279,-21.155134,-18.439178,-19.513779,-23.666626,-19.56507,-16.111752,-18.030947,-19.177782,-24.096954,-24.65252,-23.767092,-17.73133,-20.604427,-18.889864,-18.551765,-18.317043,-22.851597,-27.564896,-18.15068,-18.854815,-28.063751,-27.440432,-22.303125,-18.838577,-18.228666,-18.6218,-21.422295,-21.51771,-20.427,-16.972948,-18.498322,-27.083885,-22.146406,-24.625828,-25.529886,-19.296541,-18.920242,-24.256481,-27.192577,-26.073767,-25.343061,-25.710926,-26.892126,-30.166002,-21.476444,-19.409014,-26.03438,-22.697163,-18.50413,-15.088694,-19.369831,-26.938305,-21.087818,-22.117817,-22.808163,-23.935486,-26.120426,-29.249916,-21.601635,-20.546717,-18.613167,-15.057682,-16.653564,-25.381414,-24.589106,-32.728455,-31.856844,-31.383568,-23.951445,-22.256508,-20.73574,-22.079796,-24.087454,-25.435804,-23.373747,-26.790539,-23.338444,-21.523027,-22.576088,-19.901535,-20.450687,-27.031874,-23.65564,-19.864109,-23.927116,-22.42693,-18.834148,-20.367588,-22.59703,-21.381388,-24.85967,-24.042402,-25.602554,-19.134033,-20.759476,-16.304625,-16.780937,-16.414053,-18.906233,-23.77821,-17.685677,-18.041368,-23.293045,-23.03442,-28.586607,-20.709248,-19.730999,-22.34602,-23.897236,-27.105083,-26.726974,-21.724064,-21.973516,-27.061136,-26.229458,-32.29691,-24.961159,-22.066456,-19.710213,-21.982761,-28.777565,-25.406773,-25.97892,-25.159035,-26.030542,-22.91897,-27.5619,-22.192122,-21.174955,-21.808033,-24.272114,-31.522152,-25.161129,-17.462465,-17.986374,-18.31129,-15.178274,-12.44437,-16.01708,-25.540373,-27.687708,-29.245388,-21.589108,-22.456589,-23.289146,-22.841604,-28.552673,-27.177029,-32.10265,-22.27983,-18.524025,-24.075497,-28.190964,-23.623348,-24.724361,-27.738325,-21.960451,-23.146324,-24.05248,-26.87942,-30.161331,-26.417671,-28.723618,-31.655552,-25.391796,-22.3914,-23.57972,-21.21358,-20.775932,-27.704811,-26.026009,-27.61948,-29.121624,-24.689877,-25.392353,-24.070375,-22.564686,-20.680841,-31.522627,-33.620594,-24.603498,-22.123116,-23.188591,-22.000633,-28.301636,-20.926018,-19.621946,-22.959743,-26.325092,-23.80769,-22.960785,-20.824244,-16.176449,-22.63739,-26.577188,-19.783504,-21.853159,-24.350567,-19.5873,-15.643951,-19.471546,-26.646881,-22.449253,-20.322117,-22.924725,-18.92983,-21.554647,-29.696802,-27.068594,-23.085539,-28.422798,-27.333454,-27.639423,-28.9655,-25.478308,-23.601402,-25.270111,-24.219051,-23.432983,-26.41421,-21.024857,-20.146069,-22.192059,-24.487484,-21.58692,-19.519184,-21.508347,-21.422215,-16.712702,-20.639965,-20.240028,-19.418055,-21.41969,-23.940777,-27.543993,-23.145226,-24.290714,-35.775936,-22.142128,-25.069899,-28.462784,-26.230606,-22.228065,-22.419466,-27.207117,-29.680347,-21.448729,-20.433521,-21.654482,-21.782438,-34.121784,-27.846424,-23.581064,-23.329964,-24.697336,-20.510403,-22.474985,-15.210451,-16.757526,-25.315544,-16.842508,-16.14175,-21.507904,-22.656038,-27.614574,-24.661713,-26.113256,-21.700687,-17.383526,-20.336544,-24.827648,-26.788559,-23.727169,-22.444979,-16.481352,-16.076738,-19.289219,-15.616158,-19.52602,-18.91142,-19.742075,-20.37026,-20.518919,-20.597446,-18.896631,-23.687147,-29.549665,-22.275913,-19.455944,-21.738718,-22.783007,-18.236326,-24.57313,-32.59492,-27.72626,-28.03593,-24.758762,-18.72438,-18.595528,-21.139114,-21.02878,-18.712984,-22.118187,-22.385263,-19.049679,-20.343212,-27.020794,-23.788221,-27.364416,-22.095926,-19.056347,-17.451199,-19.404003,-24.050772,-22.494091,-26.844275,-22.531803,-29.009134,-20.227251,-20.307026,-22.934864,-25.768562,-34.312923,-27.720022,-26.822119,-19.651644,-19.261822,-21.567745,-22.60486,-16.618378,-16.706644,-21.146664,-26.751554,-36.929245,-32.176815,-28.821419,-23.860973,-26.04548,-21.776394,-22.642794,-23.828726,-28.295744,-30.23222,-33.568733,-31.38429,-18.470585,-19.538277,-25.55635,-28.301664,-29.512573,-23.412952,-26.27808,-27.621672,-25.76202,-34.992596,-31.938215,-28.344383,-17.729742,-21.841984,-30.151834,-19.331821,-22.282387,-25.124939,-20.757107,-24.189535,-27.420912,-27.70905,-32.16962,-27.400072,-24.820004,-18.01173,-19.253597,-13.220072,-13.961603,-23.799175,-22.62955,-21.442137,-24.321556,-27.28959,-30.662138,-23.685934,-18.733788,-19.373808,-18.47922,-19.494223,-25.941875,-24.351625,-25.594673,-26.378956,-22.126133,-22.776714,-26.410337,-19.731958,-22.360203,-21.749805,-26.249352,-24.117775,-25.066488,-25.087627,-18.64466,-17.158606,-21.384838,-22.784039,-17.884672,-21.719772,-27.777897,-23.494587,-23.432976,-26.79038,-30.469738,-23.017382,-16.714722,-18.750216,-27.086279,-20.77301,-17.061327,-24.086569,-25.301163,-19.238022,-21.325108,-25.798452,-28.274342,-18.383844,-16.451874,-21.580288,-16.824015,-20.930058,-21.76102,-20.58501,-23.481602,-22.108181,-20.51932,-18.992222,-19.907242,-23.011547,-21.388756,-20.585691,-26.327827,-26.37722,-20.636402,-19.955624,-17.43007,-20.388426,-32.795086,-27.32948,-21.434587,-25.457249,-31.75812,-30.103361,-25.281506,-24.904854,-30.238281,-31.819492,-26.967361,-31.595154,-30.724714,-26.311886,-23.567911,-22.567158,-26.40379,-23.532303,-19.952229,-20.031649,-26.257042,-29.19027,-26.180122,-27.466152,-25.118536,-27.95208,-31.315071,-28.260054,-23.663885,-27.68259,-28.052673,-24.360582,-24.492743,-38.316055,-51.183804,-51.476974,-51.194283,-51.874138,-50.35595,-50.468292,-48.15497,-31.113789,-29.748652,-41.740932,-80.0,-80.0,-80.0,-80.0,-80.0,-80.0,-80.0,-80.0,-80.0,-80.0,-80.0,-80.0,-80.0,-80.0,-80.0,-80.0,-80.0,-80.0,-80.0,-80.0,-80.0,-80.0,-80.0,-80.0,-80.0,-80.0,-80.0,-80.0,-80.0,-80.0,-80.0,-80.0,-80.0,-80.0,-80.0,-80.0,-80.0,-80.0,-80.0,-80.0,-80.0,-80.0,-80.0,-80.0,-80.0,-80.0,-80.0,-80.0,-80.0,-80.0,-80.0,-80.0,-80.0,-80.0,-80.0,-80.0,-80.0,-80.0,-80.0,-80.0,-80.0,-80.0,-80.0,-80.0,-80.0,-80.0,-80.0,-80.0,-80.0,-80.0,-80.0,-80.0,-80.0,-80.0,-80.0,-80.0,-80.0,-80.0,-80.0,-80.0,-80.0,-80.0,-80.0,-80.0,-80.0,-80.0,-80.0,-80.0,-80.0,-80.0,-80.0,-80.0,-80.0,-80.0
-25.178402,-24.69656,-28.983095,-32.624157,-29.363617,-27.406994,-29.327873,-23.413267,-26.350428,-26.398832,-24.136423,-24.402275,-22.355574,-23.41196,-26.19316,-24.831135,-31.210297,-31.600782,-26.693008,-29.220272,-32.933098,-29.227646,-31.67104,-27.419615,-25.793213,-31.883337,-22.662872,-23.866909,-25.178776,-19.264938,-18.273327,-26.197302,-25.214714,-23.819016,-25.985706,-24.256466,-32.52634,-25.460117,-24.536385,-23.690006,-20.929157,-31.16986,-22.484863,-30.945671,-24.309568,-25.142033,-27.78071,-25.049454,-24.203934,-20.882631,-24.707123,-29.886837,-34.362137,-29.109295,-33.033028,-32.08253,-22.060791,-21.123116,-26.730433,-27.268677,-32.249374,-24.38911,-22.105284,-25.037868,-32.17756,-20.558376,-19.929073,-23.227993,-24.21385,-17.07617,-14.865791,-16.531395,-18.185934,-16.417048,-17.710278,-20.961775,-25.968153,-23.838291,-26.339884,-29.549488,-28.324924,-22.213776,-28.152943,-36.623966,-24.328335,-23.185415,-28.428001,-27.189102,-31.697588,-21.326384,-17.37089,-20.496288,-22.222527,-20.43465,-20.216908,-18.240349,-17.016443,-14.06657,-15.0844555,-18.786314,-17.238071,-21.715899,-18.499277,-18.9164,-27.964186,-28.377563,-20.61919,-21.494335,-29.340796,-21.761143,-18.421144,-21.374504,-27.25997,-35.965046,-26.233437,-22.360928,-25.897198,-26.45187,-32.624165,-34.64978,-34.707127,-35.91854,-35.35907,-24.002726,-22.38298,-28.426746,-25.034332,-23.291452,-23.049925,-28.363356,-32.004173,-34.552555,-27.408634,-31.472095,-28.504139,-28.549547,-27.029667,-26.884577,-23.54971,-24.898449,-32.482212,-27.81511,-20.978949,-19.515106,-19.800177,-22.054329,-18.467403,-16.011787,-16.468273,-19.129519,-23.410278,-22.910038,-23.290949,-17.82365,-18.676388,-18.16832,-16.320093,-16.493685,-21.852262,-28.961798,-18.650934,-18.842701,-27.056723,-27.921476,-19.74775,-17.392805,-17.05836,-17.051094,-19.453436,-22.061356,-20.732048,-15.570633,-18.60127,-33.800583,-21.501343,-24.425117,-25.091616,-18.9262,-19.6562,-24.413853,-24.831635,-23.771172,-27.130022,-37.11667,-30.266636,-29.045677,-24.790148,-19.261925,-23.709616,-22.345451,-19.012861,-14.857414,-18.598013,-27.352076,-22.348724,-20.307873,-21.171883,-22.107586,-27.269035,-29.726688,-20.876894,-20.168274,-21.766424,-15.038124,-16.76192,-27.574583,-25.588337,-32.468624,-33.064747,-32.974346,-24.066648,-24.80605,-20.843256,-19.926018,-21.884636,-21.838846,-20.499203,-27.095951,-23.739109,-20.867832,-22.80098,-20.909163,-19.262854,-24.776274,-23.32127,-18.068827,-21.062725,-25.463177,-17.989542,-18.834423,-21.442917,-20.981533,-25.497654,-23.649714,-24.875141,-17.986223,-19.602324,-14.267618,-16.548578,-18.330029,-19.181633,-23.14093,-17.739212,-18.57411,-21.805756,-21.616465,-26.64996,-20.110653,-18.65055,-21.03963,-23.707645,-25.915442,-31.073593,-22.838787,-22.34946,-27.307108,-28.948864,-32.682434,-24.246815,-21.058924,-18.698286,-21.098671,-35.009003,-28.804646,-33.264973,-28.694199,-26.762253,-22.376104,-31.619156,-24.966219,-19.771992,-19.96416,-25.5187,-32.521793,-23.705389,-17.193588,-17.022455,-18.91617,-16.170925,-12.503197,-15.5327015,-23.25338,-26.985115,-32.37382,-20.528673,-20.321236,-21.220654,-22.780659,-30.642138,-29.934816,-43.843555,-22.527758,-19.254192,-24.452126,-28.42365,-21.6147,-23.03917,-26.710072,-21.732475,-23.476238,-23.880066,-31.496965,-30.700108,-25.970915,-27.134739,-29.590595,-25.75686,-21.807667,-24.471823,-24.495075,-21.243355,-28.35165,-25.068619,-26.525167,-27.525908,-25.454771,-24.522253,-24.231232,-22.46223,-19.926014,-27.696926,-29.57492,-23.292717,-20.31373,-21.488773,-21.131575,-27.093233,-21.161623,-18.722492,-21.00701,-27.612406,-22.929672,-21.607985,-20.662436,-15.586966,-21.618431,-24.9701,-19.493217,-22.023447,-24.175312,-18.085602,-16.518608,-22.139187,-26.292225,-22.286015,-20.532396,-21.565098,-20.80875,-25.47905,-29.11102,-26.971987,-23.857145,-27.360474,-29.676798,-30.367779,-27.617954,-24.506073,-22.407494,-23.395897,-22.537466,-22.579807,-28.404839,-21.226532,-19.59306,-23.87481,-28.081463,-22.44645,-18.070566,-19.718342,-19.48044,-16.658838,-21.120766,-19.546116,-17.439724,-19.43655,-25.471355,-28.54092,-27.197964,-24.446602,-34.64417,-22.26508,-23.926437,-29.36385,-23.5907,-20.74963,-21.598583,-25.494888,-27.687866,-20.993376,-22.454823,-25.637545,-21.516293,-32.074177,-26.584694,-21.75866,-21.362652,-24.83023,-22.418518,-31.345581,-16.57591,-16.306862,-27.56286,-20.923176,-19.188465,-19.691704,-24.216394,-25.865961,-24.75263,-25.19387,-20.471407,-16.723202,-18.938175,-23.06074,-25.271225,-23.223242,-21.44329,-18.043095,-17.976562,-17.732304,-14.279076,-19.59224,-19.673916,-20.02914,-21.463316,-21.219614,-20.509323,-19.686821,-25.459602,-31.633568,-24.826355,-19.36127,-20.354477,-25.627064,-19.777197,-26.7438,-37.140434,-27.549368,-26.496572,-22.691128,-19.292023,-21.846869,-25.778545,-22.263311,-18.23352,-20.490099,-25.735718,-23.268194,-20.762379,-25.716766,-21.234495,-24.054474,-20.078487,-17.425959,-15.717514,-17.99659,-22.960068,-23.943012,-25.550016,-24.475277,-27.18454,-19.169706,-19.450937,-21.811502,-25.299154,-32.072475,-25.526722,-25.982616,-21.56425,-17.498522,-21.32383,-20.659697,-15.989172,-15.78829,-19.236578,-26.057384,-38.358944,-31.5327,-28.070597,-22.294617,-24.040516,-24.789122,-24.977148,-23.89937,-27.848696,-29.894268,-36.486855,-33.03949,-17.952988,-17.44641,-24.922762,-27.297884,-27.233624,-22.16255,-29.109013,-31.42445,-25.818897,-30.175537,-29.97129,-29.243088,-17.117016,-20.8268,-24.886374,-17.79029,-20.870235,-21.029999,-17.861439,-21.458023,-29.41457,-27.411509,-28.962595,-26.53056,-25.060871,-17.843172,-17.44616,-14.102055,-15.892918,-22.997053,-20.592287,-19.568787,-23.041447,-30.087263,-32.84569,-26.635191,-19.681952,-19.741886,-16.638468,-17.327803,-23.847088,-22.500612,-23.646542,-33.882183,-26.303326,-23.760265,-27.146118,-21.369957,-28.103313,-23.24113,-28.60175,-23.046795,-23.41026,-23.467625,-18.695034,-17.141998,-22.199993,-22.703285,-17.680775,-23.04576,-30.367336,-23.617653,-23.727795,-32.079514,-30.189213,-22.810253,-16.165049,-17.605404,-24.735092,-19.23998,-17.240416,-28.350302,-22.319908,-17.995155,-20.077461,-24.443754,-29.567507,-18.161047,-16.36929,-23.637478,-17.126356,-20.664207,-21.372208,-21.331749,-22.341991,-20.528337,-18.84931,-17.299994,-20.357609,-22.92564,-21.665,-22.451393,-29.53653,-24.8728,-19.162102,-17.740646,-16.165604,-20.322613,-31.47,-24.941849,-21.133972,-29.626915,-32.052933,-27.479973,-23.828022,-25.723354,-30.189426,-29.607906,-25.83884,-32.18842,-31.58672,-24.701189,-23.287678,-22.44346,-24.48931,-27.38623,-20.133001,-20.0901,-25.645378,-30.288815,-25.647778,-28.710339,-26.17248,-26.29404,-35.671345,-29.471016,-24.093796,-28.913046,-31.302683,-24.762886,-23.87419,-37.59963,-50.69329,-53.63109,-51.960995,-54.15225,-49.50209,-49.692448,-50.692062,-30.605312,-29.255058,-41.153923,-80.0,-80.0,-80.0,-80.0,-80.0,-80.0,-80.0,-80.0,-80.0,-80.0,-80.0,-80.0,-80.0,-80.0,-80.0,-80.0,-80.0,-80.0,-80.0,-80.0,-80.0,-80.0,-80.0,-80.0,-80.0,-80.0,-80.0,-80.0,-80.0,-80.0,-80.0,-80.0,-80.0,-80.0,-80.0,-80.0,-80.0,-80.0,-80.0,-80.0,-80.0,-80.0,-80.0,-80.0,-80.0,-80.0,-80.0,-80.0,-80.0,-80.0,-80.0,-80.0,-80.0,-80.0,-80.0,-80.0,-80.0,-80.0,-80.0,-80.0,-80.0,-80.0,-80.0,-80.0,-80.0,-80.0,-80.0,-80.0,-80.0,-80.0,-80.0,-80.0,-80.0,-80.0,-80.0,-80.0,-80.0,-80.0,-80.0,-80.0,-80.0,-80.0,-80.0,-80.0,-80.0,-80.0,-80.0,-80.0,-80.0,-80.0,-80.0,-80.0,-80.0,-80.0
-24.780418,-42.86788,-27.234436,-46.335827,-26.918682,-25.627893,-27.67366,-37.92194,-28.435448,-23.884314,-22.138924,-32.053696,-19.090004,-23.176682,-26.660322,-25.9398,-34.519566,-29.912216,-26.780529,-42.821953,-31.37639,-28.853569,-22.726059,-24.445908,-38.86959,-24.517536,-19.327818,-17.173203,-17.134832,-21.200678,-21.08937,-21.179714,-33.328762,-19.98505,-17.367455,-18.265888,-22.36177,-25.493397,-30.797102,-20.794918,-20.21671,-22.259117,-20.202473,-20.695038,-30.68365,-26.798195,-36.472122,-23.152111,-19.931103,-23.980751,-43.10898,-25.796007,-25.79159,-23.75867,-24.5166,-24.519012,-24.203903,-28.25222,-23.999931,-23.193464,-21.58445,-24.88629,-27.850653,-24.16372,-26.747635,-23.728987,-24.524849,-29.039389,-27.829157,-17.144148,-29.48319,-14.389099,-14.338175,-20.526733,-18.899199,-23.572414,-23.673706,-49.92824,-22.449001,-21.971842,-20.596802,-18.920399,-21.064499,-24.641266,-21.843483,-26.284538,-35.13715,-26.32876,-22.414692,-19.636765,-17.555353,-20.12813,-25.4392,-19.714108,-21.66215,-26.538696,-28.279343,-17.374332,-11.166584,-16.839523,-15.094631,-17.667002,-22.48059,-22.5557,-24.08232,-24.303574,-17.898071,-18.786442,-19.247887,-19.1577,-21.825254,-20.598127,-25.832916,-24.110317,-20.685001,-25.51275,-34.827747,-31.403503,-26.652815,-27.526466,-27.616888,-38.956615,-40.97162,-21.550907,-23.110563,-21.557293,-18.985153,-25.528711,-27.870598,-26.367056,-31.08535,-24.351791,-23.234932,-27.909931,-26.558088,-22.574306,-24.470112,-34.713207,-22.213177,-29.526445,-34.46473,-34.234047,-25.475756,-34.370644,-26.78091,-25.878567,-20.248589,-19.971031,-22.7899,-18.591846,-18.965511,-19.071526,-34.46612,-17.784498,-15.376474,-24.877968,-14.175228,-13.804243,-27.439568,-23.87287,-20.982183,-17.680847,-25.73176,-22.364964,-14.512167,-16.09711,-29.10345,-14.0616455,-18.488941,-23.779602,-19.4201,-14.975052,-23.265394,-23.262358,-19.538097,-20.492159,-23.233238,-23.836506,-26.20833,-22.981419,-18.11448,-20.832975,-29.523773,-38.9158,-36.70011,-39.925316,-34.220207,-18.725864,-16.62882,-23.060545,-21.463255,-19.494488,-16.653698,-26.069935,-27.952309,-19.21969,-21.755676,-21.20399,-29.997293,-28.889957,-18.39258,-21.905003,-26.641699,-19.864395,-17.876205,-22.03204,-30.305029,-31.281273,-30.411276,-32.44914,-19.146921,-21.389671,-22.361649,-16.63213,-16.88791,-13.203079,-14.674633,-30.152826,-20.717245,-16.213547,-19.533707,-22.033195,-19.939999,-20.962671,-21.155832,-12.303497,-13.336229,-18.484966,-16.773006,-22.490528,-26.521244,-22.752522,-18.056581,-24.49092,-18.277107,-13.949526,-13.660282,-11.164852,-15.049763,-18.668797,-19.318468,-26.391338,-20.35494,-28.10281,-16.395552,-17.277527,-28.507175,-20.731146,-19.605217,-24.62178,-25.031958,-22.40415,-27.021381,-28.213709,-20.80214,-18.92182,-23.892117,-21.469595,-26.828651,-23.81839,-22.284239,-18.175257,-26.371666,-22.159468,-23.491425,-33.274178,-20.999174,-25.79034,-23.92213,-25.255579,-18.532116,-14.841713,-25.781494,-23.983723,-19.625084,-17.94392,-26.335388,-27.016376,-25.37342,-16.01521,-19.18895,-20.778046,-27.146994,-26.387075,-19.001656,-17.543327,-17.398893,-19.97047,-34.884583,-26.316732,-32.972412,-22.671492,-26.073542,-24.575268,-24.292107,-18.413046,-22.376633,-21.256065,-20.527721,-30.682375,-26.411472,-32.6825,-26.193378,-24.745106,-21.813808,-21.623367,-34.75708,-24.323769,-27.439022,-21.340033,-19.589437,-24.016092,-30.685894,-26.848698,-34.24088,-41.151432,-29.761333,-21.539133,-16.844181,-22.184395,-18.60367,-19.184029,-19.45376,-17.690605,-22.366512,-22.636677,-18.454075,-23.586006,-20.437666,-21.73088,-20.41988,-19.184406,-20.679234,-21.338953,-14.229614,-16.417685,-19.01528,-24.17833,-22.376856,-19.145962,-17.866943,-21.447933,-21.070324,-30.265064,-25.389957,-21.876802,-27.31506,-21.641188,-24.11129,-20.638288,-25.231308,-26.570415,-24.167454,-31.378609,-24.893522,-20.681524,-21.74158,-28.85581,-23.276329,-23.714886,-23.561829,-34.290936,-23.128887,-21.040257,-32.224407,-25.751085,-21.853363,-16.683325,-19.637383,-18.170403,-16.003841,-29.68476,-17.106491,-13.052605,-14.366806,-22.737692,-28.268175,-29.655535,-23.91571,-22.923304,-20.858936,-22.419243,-27.886372,-18.12052,-18.506102,-27.73728,-24.932983,-24.889793,-23.602419,-22.859713,-19.553982,-22.97668,-26.52861,-22.048061,-21.887508,-17.466743,-16.008545,-21.130665,-31.619137,-15.29744,-16.357643,-16.575796,-17.721355,-21.045296,-19.661238,-30.306694,-27.765924,-29.208515,-34.675304,-24.330408,-17.37158,-21.021172,-22.750196,-22.038933,-20.287172,-23.266363,-20.937153,-21.942692,-14.030954,-13.4433365,-13.831432,-16.057076,-20.922733,-21.224873,-20.243898,-18.382244,-34.61983,-22.139666,-21.337467,-25.896927,-18.348425,-23.735287,-23.705883,-17.096058,-22.25937,-26.466488,-27.337126,-25.018866,-21.89945,-30.886015,-21.374193,-26.039894,-22.002829,-19.293446,-26.612091,-24.01987,-22.34489,-17.187927,-16.793663,-16.431824,-16.33805,-16.957281,-20.989513,-14.727533,-16.1649,-26.622667,-25.172977,-29.972103,-21.307034,-19.463255,-15.826496,-18.417694,-18.213295,-21.792252,-25.304836,-18.71773,-19.885956,-18.12721,-16.289118,-19.697323,-19.188318,-18.7186,-16.957584,-18.784515,-21.864304,-26.160767,-31.353333,-28.294458,-17.04531,-19.883835,-22.91954,-28.775387,-27.748617,-23.107502,-28.783455,-30.350039,-21.570377,-13.345047,-11.856445,-20.34823,-20.032448,-22.217216,-16.281414,-22.642511,-26.587505,-18.839931,-20.043947,-22.24466,-20.069891,-15.197981,-13.878489,-15.225061,-14.503813,-12.865221,-11.826775,-11.714718,-15.077808,-19.380123,-24.912567,-21.926168,-22.127193,-22.052345,-18.965275,-24.925419,-18.245361,-18.257,-26.599854,-17.247654,-15.7843895,-20.642124,-31.091236,-27.158974,-23.90021,-25.029163,-29.154274,-15.383518,-14.513563,-16.89199,-17.957355,-21.197197,-29.547422,-33.252617,-25.187069,-21.133724,-27.734009,-20.084814,-20.977285,-19.439035,-29.622265,-20.43825,-29.778639,-20.820087,-21.344177,-23.26991,-18.843334,-20.520782,-24.035568,-25.49826,-27.711544,-25.608028,-27.922117,-26.132738,-25.81894,-18.495132,-14.76973,-18.16247,-17.765335,-16.755856,-18.572218,-16.132767,-17.796265,-16.306725,-20.179996,-22.505146,-21.734688,-17.46312,-14.867109,-18.278297,-31.657784,-24.36729,-31.121601,-24.234388,-18.775665,-21.967485,-16.32511,-17.564909,-20.631058,-29.97396,-24.227127,-37.897324,-25.87344,-18.307306,-15.733406,-15.268732,-20.512428,-32.329166,-20.244946,-18.327675,-33.36461,-25.847933,-22.781313,-24.268219,-27.536373,-26.825417,-20.587124,-23.114666,-33.100113,-24.467482,-26.067183,-36.086376,-24.439201,-24.860138,-26.574038,-21.598701,-27.339222,-27.73879,-30.211088,-26.184103,-37.30349,-32.982185,-25.74588,-31.739363,-25.516857,-23.632687,-28.222113,-23.593842,-20.204786,-22.382706,-34.978214,-53.855995,-48.85937,-46.732574,-47.075714,-51.797485,-52.82172,-43.323742,-28.206982,-26.996258,-38.323345,-80.0,-80.0,-80.0,-80.0,-80.0,-80.0,-80.0,-80.0,-80.0,-80.0,-80.0,-80.0,-80.0,-80.0,-80.0,-80.0,-80.0,-80.0,-80.0,-80.0,-80.0,-80.0,-80.0,-80.0,-80.0,-80.0,-80.0,-80.0,-80.0,-80.0,-80.0,-80.0,-80.0,-80.0,-80.0,-80.0,-80.0,-80.0,-80.0,-80.0,-80.0,-80.0,-80.0,-80.0,-80.0,-80.0,-80.0,-80.0,-80.0,-80.0,-80.0,-80.0,-80.0,-80.0,-80.0,-80.0,-80.0,-80.0,-80.0,-80.0,-80.0,-80.0,-80.0,-80.0,-80.0,-80.0,-80.0,-80.0,-80.0,-80.0,-80.0,-80.0,-80.0,-80.0,-80.0,-80.0,-80.0,-80.0,-80.0,-80.0,-80.0,-80.0,-80.0,-80.0,-80.0,-80.0,-80.0,-80.0,-80.0,-80.0,-80.0,-80.0,-80.0,-80.0
-26.217752,-25.39051,-26.240189,-27.78846,-47.815674,-25.218254,-27.205256,-41.000328,-31.19609,-23.605766,-26.681921,-26.069664,-20.875072,-24.741728,-29.532156,-23.970528,-28.324398,-33.286354,-30.401907,-31.85674,-31.30108,-29.496391,-23.90993,-25.327185,-28.33888,-32.306942,-26.599487,-17.336931,-17.034119,-20.363945,-20.06947,-20.116394,-25.909252,-26.144783,-19.199762,-22.532194,-28.08894,-32.710743,-33.13127,-26.465883,-31.464653,-29.686749,-23.468113,-19.994377,-21.058111,-29.061214,-27.05772,-24.505264,-29.067207,-26.221449,-28.728718,-26.133865,-34.786816,-25.63968,-28.192333,-22.645088,-23.09307,-24.788723,-29.915869,-22.119064,-19.774837,-29.511583,-28.212576,-24.957216,-25.435123,-23.157982,-21.60374,-31.244814,-24.013653,-19.991493,-16.747936,-12.090427,-11.629534,-13.99296,-13.778334,-13.776604,-16.320967,-20.992535,-26.522083,-26.886051,-23.098322,-27.611404,-20.300598,-24.989954,-27.687822,-29.850979,-36.259357,-25.413399,-20.6362,-27.68685,-24.234135,-21.321503,-23.13738,-43.82874,-25.087456,-30.219877,-34.031574,-18.010983,-17.652456,-14.761627,-13.31469,-16.468777,-26.149689,-26.150295,-22.94358,-20.33904,-22.486553,-33.20129,-22.636932,-20.37259,-25.121466,-26.797249,-27.046627,-19.10931,-22.882545,-32.868378,-28.755634,-29.40425,-25.336025,-24.482462,-25.397572,-29.218151,-25.747347,-21.453312,-25.27573,-22.58893,-20.308743,-29.451607,-38.375797,-26.938778,-28.382477,-26.175747,-29.485207,-30.34301,-27.247858,-25.018042,-39.33884,-22.991623,-22.747814,-29.369396,-29.377626,-28.143053,-23.92081,-24.904472,-33.119404,-31.765696,-29.906464,-25.640938,-25.831493,-31.576082,-32.869797,-20.762367,-23.851913,-24.73558,-22.190014,-21.17358,-18.163317,-18.147186,-22.9405,-26.031372,-27.733803,-24.11373,-23.865786,-20.105076,-21.264847,-16.738068,-23.775387,-17.396236,-15.645142,-17.820827,-16.654512,-26.006403,-20.293812,-21.765684,-29.11056,-27.495005,-31.487196,-28.70794,-26.064655,-25.682062,-20.13707,-24.19447,-33.452644,-32.638027,-48.388306,-31.060223,-29.272629,-20.206184,-21.775932,-25.63847,-20.745842,-23.63242,-19.574755,-26.871817,-31.440523,-23.844864,-27.80878,-23.37294,-24.656925,-24.175808,-21.765541,-24.30193,-29.575645,-26.495165,-30.243984,-25.471739,-37.61935,-41.800983,-29.32743,-22.914928,-15.113789,-14.645538,-19.989899,-17.52724,-24.28152,-12.372425,-13.27548,-20.21893,-18.617588,-24.279675,-19.849373,-17.697147,-22.464516,-22.413485,-15.31707,-12.573149,-14.876732,-20.316744,-24.587273,-24.392502,-25.871609,-20.811916,-19.784065,-28.672667,-20.348143,-16.003254,-28.823647,-13.886631,-17.930237,-21.738968,-24.266129,-21.79514,-25.338959,-29.856117,-22.000986,-15.838682,-18.590567,-32.201176,-27.301384,-34.48181,-29.21445,-23.286804,-39.943607,-28.388424,-21.39438,-19.364567,-17.884825,-16.8312,-24.58873,-37.554173,-23.651531,-19.097546,-20.364552,-20.068974,-20.962696,-22.51974,-21.330837,-31.148878,-31.755915,-18.941704,-13.722225,-11.774017,-15.819878,-27.28991,-20.978882,-20.947151,-25.236988,-20.68839,-22.200092,-17.937204,-22.229462,-24.846918,-22.75316,-22.98872,-27.456808,-26.64813,-30.531042,-24.292692,-26.593634,-21.918266,-18.69588,-17.633461,-20.585503,-22.442778,-24.88449,-20.237661,-27.73015,-26.288666,-20.30837,-22.127932,-33.330482,-40.22655,-26.009052,-36.13858,-27.272738,-22.064646,-22.44441,-23.83617,-25.903984,-24.14968,-26.712896,-33.275208,-29.86845,-25.834908,-26.962812,-25.888603,-21.809914,-16.927565,-18.20154,-25.39306,-20.008244,-21.270046,-33.051086,-21.6623,-24.611181,-26.20063,-18.192085,-20.366327,-19.388222,-20.87193,-20.93498,-23.974218,-24.562412,-23.248259,-20.867691,-18.277271,-21.760414,-24.143005,-21.202744,-15.753483,-15.062584,-15.377169,-16.670538,-27.34105,-28.983286,-28.17268,-30.795042,-26.06076,-20.978369,-21.410505,-20.41919,-21.139912,-22.838955,-24.588997,-21.827492,-28.50937,-25.062233,-28.54662,-26.596395,-26.983936,-26.738064,-34.524208,-25.397224,-28.379839,-23.857231,-29.813057,-27.373562,-23.674364,-29.59615,-27.204863,-19.78194,-21.64172,-22.635345,-21.281834,-16.19644,-23.80874,-25.52671,-24.443638,-31.916334,-33.312893,-26.85796,-39.03702,-22.706566,-16.866,-19.907356,-28.423126,-32.584766,-35.574696,-31.686203,-27.461327,-19.257236,-23.410097,-26.591377,-35.114784,-23.052711,-17.334057,-13.908365,-21.521156,-15.9004135,-12.725668,-16.926706,-14.645798,-13.137135,-16.094019,-30.039024,-30.316519,-32.966415,-27.81685,-30.356834,-33.43405,-19.969372,-22.476677,-27.990074,-29.80696,-24.049625,-26.542854,-22.797916,-18.647734,-22.271055,-23.669336,-18.131157,-16.48919,-28.415478,-33.779877,-33.474243,-18.66462,-20.916271,-35.80253,-21.233671,-16.397377,-14.461487,-17.75505,-16.892292,-18.280605,-19.343067,-25.496515,-37.241894,-35.52124,-23.178526,-22.137802,-22.990978,-21.49458,-24.809216,-21.634483,-21.915386,-23.08145,-22.724485,-20.78862,-19.20766,-22.620163,-20.59082,-20.500889,-27.020903,-22.694557,-25.660551,-27.730145,-27.646101,-21.698217,-22.402115,-17.342808,-17.175388,-30.294146,-23.007793,-31.01249,-24.66895,-22.397247,-17.76936,-23.23176,-26.969013,-20.903183,-18.337072,-18.668518,-16.792469,-20.05222,-20.254078,-24.993492,-42.36387,-22.734224,-14.554235,-15.7247505,-30.65078,-25.144371,-28.52166,-22.92345,-20.022852,-21.556873,-30.240753,-15.207264,-12.669083,-14.06995,-15.934505,-15.843803,-14.346741,-17.754843,-19.827282,-18.453957,-23.032337,-24.16238,-26.346268,-21.819778,-19.346296,-15.354206,-29.738728,-12.168072,-11.014994,-19.266289,-19.16551,-19.111633,-32.451275,-23.258352,-20.798405,-35.58278,-25.50385,-29.06725,-23.874807,-25.37648,-22.542547,-27.968891,-21.814316,-21.891874,-25.59706,-25.14886,-31.582687,-28.024921,-21.07349,-18.294445,-24.30454,-27.236296,-19.742031,-27.332653,-25.988426,-28.401543,-18.787977,-17.134401,-19.755194,-24.786602,-30.96182,-20.848732,-21.04508,-20.388094,-22.939266,-31.234888,-21.412556,-20.41071,-20.565067,-20.100956,-16.102962,-15.820543,-16.67837,-20.717806,-37.416557,-27.457108,-32.25934,-23.055748,-24.072649,-22.742977,-23.316364,-29.193577,-21.359924,-19.062775,-22.212961,-16.591825,-23.171715,-24.570232,-30.684162,-32.820885,-20.205006,-20.893375,-38.267555,-30.393354,-25.435669,-38.843716,-24.900911,-24.734123,-21.203562,-17.658676,-19.691616,-23.273506,-23.440443,-25.14027,-23.060001,-26.378387,-24.151527,-26.287968,-23.37967,-34.926258,-21.307795,-17.89933,-20.789623,-25.70819,-28.619366,-35.789745,-24.900738,-22.34547,-19.864569,-20.70729,-24.928873,-29.261124,-40.477623,-31.806267,-26.90492,-28.632128,-21.05998,-24.906536,-30.897621,-30.124422,-30.866432,-25.775269,-34.874496,-39.69976,-27.785538,-27.432213,-36.616077,-28.829649,-26.518967,-27.435032,-21.604424,-27.90038,-41.53326,-45.280334,-45.09088,-47.658195,-47.31396,-45.26585,-44.9134,-51.30238,-29.197392,-26.831923,-38.112316,-80.0,-80.0,-80.0,-80.0,-80.0,-80.0,-80.0,-80.0,-80.0,-80.0,-80.0,-80.0,-80.0,-80.0,-80.0,-80.0,-80.0,-80.0,-80.0,-80.0,-80.0,-80.0,-80.0,-80.0,-80.0,-80.0,-80.0,-80.0,-80.0,-80.0,-80.0,-80.0,-80.0,-80.0,-80.0,-80.0,-80.0,-80.0,-80.0,-80.0,-80.0,-80.0,-80.0,-80.0,-80.0,-80.0,-80.0,-80.0,-80.0,-80.0,-80.0,-80.0,-80.0,-80.0,-80.0,-80.0,-80.0,-80.0,-80.0,-80.0,-80.0,-80.0,-80.0,-80.0,-80.0,-80.0,-80.0,-80.0,-80.0,-80.0,-80.0,-80.0,-80.0,-80.0,-80.0,-80.0,-80.0,-80.0,-80.0,-80.0,-80.0,-80.0,-80.0,-80.0,-80.0,-80.0,-80.0,-80.0,-80.0,-80.0,-80.0,-80.0,-80.0,-80.0
-26.547274,-28.825172,-25.597351,-29.694372,-30.18668,-24.594196,-27.138992,-36.767006,-34.401276,-25.525341,-28.02485,-26.713316,-22.765324,-26.41782,-26.929916,-24.686752,-31.072584,-29.25514,-30.469988,-32.118282,-32.878605,-29.34358,-26.481686,-28.766401,-29.81088,-35.364697,-27.679302,-19.703892,-20.197655,-23.147316,-22.799492,-20.73164,-25.229343,-29.236574,-21.998423,-23.91763,-30.392185,-36.384068,-34.83072,-25.969065,-27.130156,-27.66095,-25.755505,-22.938057,-20.923817,-26.167168,-22.815311,-20.124102,-21.484125,-23.690006,-25.227436,-22.19035,-24.46069,-28.338476,-31.905912,-25.357487,-24.736347,-28.04503,-24.688791,-20.320168,-19.167326,-25.657896,-26.328968,-25.788124,-28.886646,-22.809124,-22.207102,-27.334835,-22.800964,-22.621128,-18.889517,-14.549017,-13.334715,-18.00224,-14.601839,-14.725899,-17.870249,-20.035616,-28.322018,-25.92844,-21.601686,-23.594095,-22.987423,-28.024862,-30.257921,-31.863491,-37.568893,-27.726456,-22.970331,-26.234661,-25.968163,-25.06329,-24.776949,-28.93125,-24.533531,-22.65555,-21.878204,-19.670153,-21.64114,-18.41948,-15.330006,-18.56048,-29.878975,-28.196613,-26.548088,-22.392857,-23.843704,-33.310627,-25.890327,-19.691769,-21.769371,-27.96421,-23.312885,-17.749022,-22.368645,-34.263588,-30.201962,-26.068966,-28.178959,-27.500216,-26.190388,-29.805689,-22.68623,-22.882092,-27.810513,-22.712284,-22.807953,-28.035791,-28.079998,-25.996225,-31.11493,-27.704361,-32.714993,-31.413622,-29.084442,-24.888042,-28.218342,-24.290335,-24.444347,-30.136889,-31.3709,-28.059696,-23.915136,-22.446358,-26.056767,-27.69706,-28.993721,-23.878836,-23.615189,-29.50464,-26.062618,-22.14573,-26.908766,-28.461727,-26.188137,-22.576517,-21.29276,-21.863842,-24.192505,-24.979614,-20.820343,-24.609735,-24.420254,-18.149225,-18.973904,-14.962467,-17.542421,-15.734859,-16.949797,-18.849192,-16.965101,-20.239422,-17.67914,-21.137833,-26.179245,-25.366522,-28.964437,-24.694471,-24.983639,-27.511406,-23.151873,-25.288834,-27.644302,-29.762863,-34.565662,-29.298845,-28.163738,-22.6457,-22.967148,-24.804882,-22.294922,-21.489584,-20.766724,-28.784588,-27.564089,-25.364578,-28.414936,-22.293587,-23.487984,-19.894608,-21.955008,-25.17162,-27.48674,-23.996666,-23.770039,-25.823315,-34.436115,-38.409275,-32.189037,-25.751299,-15.164085,-12.930792,-16.769901,-19.202847,-20.310863,-13.348467,-14.991974,-22.680248,-18.755886,-24.679699,-22.05283,-18.699083,-24.165703,-22.022743,-18.299765,-15.389912,-18.111635,-24.324863,-27.59307,-24.883245,-25.255142,-20.619488,-21.623392,-32.262146,-21.28998,-17.192299,-23.507553,-14.771193,-17.53719,-21.63513,-25.613796,-22.629715,-28.563938,-33.110558,-24.584564,-17.37062,-18.712181,-33.294132,-26.189034,-29.540657,-29.307358,-23.809399,-24.776323,-24.660967,-21.015053,-20.762661,-18.795807,-14.839876,-19.695042,-26.063442,-19.386753,-17.784636,-21.02905,-20.38895,-20.092009,-19.876204,-22.76495,-20.059189,-20.409935,-18.713322,-16.204182,-12.197296,-16.5874,-24.522942,-19.729076,-23.414206,-27.372955,-23.103481,-17.885117,-16.777515,-25.699535,-25.866077,-23.827715,-22.614658,-29.669453,-27.649279,-26.013323,-23.952442,-27.667356,-21.161123,-19.375328,-17.373264,-19.026196,-20.528616,-19.935644,-22.034306,-28.744396,-29.466759,-21.40905,-21.274364,-31.372257,-29.263945,-24.741379,-29.281975,-29.818613,-23.355923,-25.106861,-21.442696,-25.209408,-27.001665,-29.587841,-30.01138,-26.253777,-26.824585,-29.534195,-25.930897,-23.569513,-17.360228,-19.129286,-27.37442,-19.959545,-24.090559,-22.217197,-21.553345,-27.236927,-29.854628,-18.92509,-17.15956,-20.050358,-18.047153,-18.20738,-20.169744,-23.337498,-26.91677,-24.72985,-21.480392,-24.47033,-25.426813,-23.383461,-18.29971,-17.102367,-14.36134,-15.947802,-29.675905,-30.731491,-29.300972,-33.08133,-29.543047,-23.534462,-24.618698,-20.201073,-17.912857,-26.282375,-21.854631,-22.794558,-25.555412,-26.10424,-31.174995,-26.664745,-24.121109,-26.737556,-28.85265,-23.859152,-27.27129,-24.248306,-31.66254,-27.803837,-27.447487,-25.440422,-26.091002,-21.524408,-25.200586,-26.216253,-23.04979,-17.968824,-23.841892,-25.738924,-25.217129,-33.953754,-33.628628,-29.003284,-37.066265,-23.696547,-18.397585,-21.5858,-31.081429,-33.602665,-28.939936,-25.185448,-20.273304,-22.420208,-22.590857,-23.566593,-27.040405,-20.556673,-15.413139,-14.433941,-18.364206,-14.524294,-14.34292,-17.007425,-14.357397,-14.907982,-18.413746,-19.009819,-20.824936,-22.521961,-23.622494,-24.534828,-20.150955,-17.245157,-20.994162,-30.362902,-28.221447,-24.305725,-29.804525,-22.691591,-21.118382,-18.985914,-24.043001,-21.387108,-17.764418,-21.204388,-23.007084,-20.981966,-18.592285,-18.996763,-24.31451,-24.71949,-17.749422,-15.179686,-16.60836,-16.877363,-22.017433,-22.112303,-21.831436,-29.748432,-26.302689,-18.048403,-20.153618,-24.39072,-22.96798,-26.306202,-22.162437,-23.727177,-20.484554,-22.189987,-22.964806,-20.994549,-19.09372,-18.945814,-22.98297,-30.354134,-24.507118,-26.173195,-27.070786,-26.670456,-24.40789,-24.694626,-18.708721,-18.33356,-26.461304,-26.014866,-28.016497,-26.20423,-25.189903,-20.603651,-21.953547,-26.409878,-23.350174,-22.033222,-18.451027,-15.514528,-17.309147,-20.54514,-26.143389,-41.893948,-22.420088,-14.875568,-15.83638,-25.388557,-26.982117,-28.513073,-21.496721,-17.63556,-19.258944,-22.904617,-17.658815,-16.005968,-16.929234,-19.020786,-18.814407,-16.590857,-17.415854,-22.606216,-19.940453,-26.575922,-27.279638,-29.165068,-25.653652,-22.657715,-16.85899,-19.349098,-13.772652,-13.3285885,-21.882725,-20.63955,-22.622986,-24.82563,-27.27172,-21.285309,-23.468964,-24.709753,-28.620493,-24.580076,-27.965395,-25.969082,-29.336994,-22.417274,-23.610153,-27.20677,-24.871899,-24.553984,-20.385265,-16.813314,-16.395584,-18.318539,-19.199186,-20.50417,-22.58955,-21.218838,-18.954712,-16.396534,-18.026403,-20.217045,-24.367659,-34.505386,-21.656742,-21.634884,-22.431702,-24.069836,-23.635647,-20.648727,-23.914589,-21.715733,-19.802872,-15.079206,-14.551447,-16.493042,-20.559317,-22.246479,-22.73581,-24.23006,-20.671495,-22.14914,-21.529732,-23.442354,-21.828375,-22.49025,-21.685982,-18.767384,-14.619822,-18.398132,-26.315102,-26.244896,-34.972343,-21.478653,-20.428558,-29.846424,-26.535067,-21.795149,-28.080341,-27.656021,-25.690128,-23.93006,-20.617344,-21.165915,-25.845654,-27.169523,-22.757513,-24.71167,-25.963173,-20.825659,-21.85298,-21.781347,-23.839684,-23.486916,-20.124344,-21.809965,-28.044445,-31.012423,-28.538645,-25.21487,-26.147163,-22.318333,-23.575752,-26.03298,-32.18425,-36.75214,-33.36289,-26.859745,-25.019875,-20.848515,-25.881355,-27.157316,-26.906971,-31.20367,-24.073204,-27.677595,-32.25983,-30.344112,-29.561998,-36.033215,-32.567703,-27.003777,-25.321028,-22.9538,-31.850006,-43.465607,-48.991608,-48.052853,-46.226192,-51.325516,-47.30957,-47.747974,-52.195953,-28.769331,-26.333864,-37.72667,-80.0,-80.0,-80.0,-80.0,-80.0,-80.0,-80.0,-80.0,-80.0,-80.0,-80.0,-80.0,-80.0,-80.0,-80.0,-80.0,-80.0,-80.0,-80.0,-80.0,-80.0,-80.0,-80.0,-80.0,-80.0,-80.0,-80.0,-80.0,-80.0,-80.0,-80.0,-80.0,-80.0,-80.0,-80.0,-80.0,-80.0,-80.0,-80.0,-80.0,-80.0,-80.0,-80.0,-80.0,-80.0,-80.0,-80.0,-80.0,-80.0,-80.0,-80.0,-80.0,-80.0,-80.0,-80.0,-80.0,-80.0,-80.0,-80.0,-80.0,-80.0,-80.0,-80.0,-80.0,-80.0,-80.0,-80.0,-80.0,-80.0,-80.0,-80.0,-80.0,-80.0,-80.0,-80.0,-80.0,-80.0,-80.0,-80.0,-80.0,-80.0,-80.0,-80.0,-80.0,-80.0,-80.0,-80.0,-80.0,-80.0,-80.0,-80.0,-80.0,-80.0,-80.0
-26.550152,-34.055244,-24.87171,-30.265537,-26.994884,-23.94386,-26.917068,-33.24619,-38.536964,-27.428135,-28.448263,-27.12693,-24.577585,-27.973377,-25.765034,-25.075619,-34.536243,-27.560936,-29.138817,-31.298122,-34.199417,-29.203463,-29.481802,-34.765816,-31.062767,-36.149868,-27.41333,-22.440865,-25.25936,-26.738,-26.14085,-20.953772,-24.515388,-33.7954,-25.675095,-24.948715,-32.480766,-43.317097,-35.642334,-25.212257,-25.181713,-26.1829,-27.999096,-27.10003,-20.693863,-24.88819,-20.97662,-18.342508,-19.41249,-22.363346,-23.747791,-20.482777,-22.159035,-31.425192,-39.47844,-28.961615,-26.006018,-31.18391,-22.92326,-19.34045,-18.674658,-24.185516,-25.37101,-26.125942,-35.27564,-22.455482,-22.618547,-25.725246,-21.948368,-25.402122,-21.076515,-17.532475,-14.877493,-28.001675,-15.182486,-15.419067,-19.254284,-19.368805,-28.764225,-24.748543,-20.688221,-21.983833,-26.503626,-32.734436,-32.65009,-32.89973,-36.29767,-29.655304,-25.565006,-25.31228,-27.57116,-34.231167,-26.053385,-26.704418,-23.980587,-20.653973,-19.477852,-21.109768,-36.88245,-26.681473,-17.420494,-20.750076,-35.7922,-29.903387,-33.63131,-24.153252,-24.7236,-32.883953,-30.298813,-19.14241,-20.257645,-28.837181,-21.543419,-16.85908,-21.83609,-34.966972,-30.601027,-24.480148,-32.048183,-32.021645,-26.64765,-29.989384,-21.179564,-23.692879,-30.688986,-22.733755,-25.66325,-26.844025,-25.583313,-25.3891,-32.41005,-28.9426,-37.800682,-32.172657,-30.804226,-24.5726,-26.008991,-25.278326,-26.02546,-30.459347,-33.00612,-27.97473,-23.854465,-21.210596,-23.951538,-26.147247,-27.70433,-22.76068,-22.179356,-27.557125,-24.22956,-23.198746,-31.332989,-37.0286,-42.011047,-23.73085,-26.348633,-29.955246,-24.413078,-23.673859,-18.626274,-24.189484,-24.807295,-16.995243,-17.207397,-13.889868,-15.615067,-14.699293,-17.963617,-19.609152,-17.096333,-18.261726,-16.26674,-20.716095,-24.482973,-23.996544,-27.829723,-23.057232,-23.914879,-28.622644,-27.790163,-26.135513,-25.713001,-28.490845,-32.286655,-28.337564,-27.41385,-25.45334,-23.899385,-24.13741,-23.572262,-20.26693,-21.673351,-30.692822,-25.913807,-25.91714,-27.128328,-21.605042,-22.834879,-18.08081,-21.336254,-25.424341,-26.424189,-22.662182,-21.68044,-25.980942,-32.93437,-36.37461,-35.732853,-29.28077,-15.101545,-11.949472,-15.3855,-20.689789,-18.725338,-14.011858,-16.624126,-25.249779,-18.529171,-24.229794,-23.911419,-19.199072,-25.04523,-21.459318,-22.51274,-19.259758,-23.609314,-35.400284,-30.474041,-25.190538,-24.873013,-20.39341,-23.285046,-39.78875,-21.764784,-18.005386,-21.632454,-15.285801,-17.073874,-21.24732,-26.114592,-23.134995,-33.31384,-38.434425,-27.793766,-18.697659,-18.535553,-31.973299,-25.264013,-27.632793,-29.335945,-24.096754,-22.419569,-23.20167,-20.70425,-21.768093,-19.082699,-13.730402,-17.881336,-23.700268,-17.777483,-16.516762,-19.949892,-19.572342,-18.812965,-18.105562,-22.023731,-17.184248,-17.992886,-18.500921,-19.075909,-12.366573,-17.01641,-22.990604,-18.682457,-26.034912,-29.656857,-25.877811,-16.185879,-15.90864,-29.571968,-26.139004,-24.300858,-22.223232,-32.06441,-28.174034,-24.097012,-23.42318,-27.787199,-20.560167,-19.845764,-17.133926,-18.1872,-19.585552,-18.131021,-23.462841,-28.932413,-32.684254,-22.116966,-20.546059,-29.863178,-27.004658,-23.860794,-27.277924,-32.316242,-24.180126,-27.741537,-20.060867,-24.495485,-30.615145,-32.81261,-28.150358,-24.61095,-27.451517,-32.792507,-25.809963,-25.152515,-17.535126,-19.67907,-28.682945,-19.557896,-25.773418,-19.975172,-21.316193,-30.480877,-38.456253,-19.262642,-15.627684,-20.423948,-16.769781,-16.699234,-18.23579,-22.150797,-32.20865,-33.31143,-26.495213,-27.998789,-26.268759,-25.732355,-21.404964,-19.226315,-13.671026,-15.195534,-30.529234,-31.988106,-28.694378,-30.32033,-31.340649,-26.599426,-29.456604,-19.597733,-16.05337,-25.713207,-20.49509,-23.446383,-24.00722,-25.744535,-31.700333,-26.41263,-22.719772,-26.407475,-25.699612,-22.749268,-26.457405,-24.242226,-33.398586,-27.481129,-31.046926,-23.44144,-24.700624,-22.769611,-32.05021,-32.803123,-24.626848,-19.594524,-23.740961,-25.797523,-25.509869,-35.580505,-33.42161,-30.91254,-36.10629,-24.335384,-19.737534,-23.13414,-34.34082,-34.372845,-26.604683,-22.244125,-17.991732,-26.410347,-21.833225,-22.174356,-25.04126,-19.171337,-14.466045,-14.71813,-17.07824,-13.734726,-15.632755,-16.848137,-14.153101,-16.547474,-20.85045,-16.49613,-18.030935,-19.66328,-21.734459,-22.51376,-17.638826,-15.925915,-20.141205,-32.858185,-27.296934,-24.117783,-31.02045,-22.164621,-22.986687,-17.268929,-23.591633,-27.088015,-18.735043,-19.05339,-20.625387,-18.564991,-18.503819,-17.816122,-21.814724,-31.313541,-18.867998,-15.658289,-15.960089,-16.724562,-29.874847,-25.627705,-19.90099,-24.971031,-22.34491,-15.9286785,-18.783485,-24.902084,-24.185587,-26.87408,-21.887608,-24.593891,-19.121372,-21.827864,-24.992931,-22.684174,-17.544296,-17.850708,-25.741383,-34.804817,-25.673357,-25.719282,-25.842785,-25.42484,-27.690317,-26.153395,-19.327887,-19.230358,-24.826244,-30.38507,-26.563412,-27.195358,-28.532295,-24.516638,-21.030151,-25.297636,-25.364758,-29.607523,-18.17205,-14.765648,-16.089806,-20.635317,-27.060877,-39.102486,-22.059914,-14.986927,-15.864971,-23.214626,-28.634949,-28.287043,-20.527359,-16.407005,-18.17314,-20.764452,-20.62304,-22.145248,-21.005035,-23.905052,-23.156204,-18.833939,-16.921917,-25.539755,-21.04849,-34.15313,-31.83826,-33.034084,-37.14227,-28.164238,-17.9911,-17.29399,-15.249689,-15.83017,-23.97263,-20.696215,-27.005522,-22.575222,-35.913242,-21.47543,-21.166325,-23.972595,-28.236254,-24.915453,-30.730818,-32.539467,-30.353863,-22.562487,-24.79438,-28.7038,-24.459711,-22.663704,-18.126371,-15.1688595,-15.393581,-16.240618,-17.077612,-21.040184,-20.861889,-19.484615,-16.815598,-15.188839,-18.677006,-20.493563,-23.928066,-37.20486,-21.91363,-21.926277,-24.137928,-24.368229,-21.455208,-20.054768,-28.895863,-22.498734,-19.541246,-14.424051,-13.841312,-16.329582,-20.405586,-19.958336,-20.324362,-21.763458,-19.449184,-20.507748,-20.47775,-23.08231,-19.33247,-22.652672,-24.725204,-17.414028,-13.415356,-16.353323,-26.74914,-23.684734,-31.374807,-22.173445,-20.08552,-26.996948,-23.721092,-19.762985,-25.565735,-31.088827,-26.402157,-27.387424,-24.746023,-22.058262,-27.772282,-33.44105,-21.389112,-24.931915,-24.879051,-19.434242,-20.106007,-20.893871,-21.623966,-25.797668,-22.52788,-22.573128,-30.666111,-33.277927,-26.657343,-25.196285,-35.101955,-25.248224,-27.568268,-26.423914,-33.265965,-33.7796,-34.076035,-26.730083,-23.60328,-20.56099,-26.123901,-25.153967,-25.089272,-30.781416,-22.890015,-25.16444,-29.892565,-33.546394,-31.67775,-35.018314,-41.92214,-27.155773,-23.497423,-23.526087,-38.79377,-44.573956,-51.062904,-49.48202,-45.261944,-50.339058,-48.452896,-49.83987,-48.07543,-27.855553,-25.50658,-37.18102,-80.0,-80.0,-80.0,-80.0,-80.0,-80.0,-80.0,-80.0,-80.0,-80.0,-80.0,-80.0,-80.0,-80.0,-80.0,-80.0,-80.0,-80.0,-80.0,-80.0,-80.0,-80.0,-80.0,-80.0,-80.0,-80.0,-80.0,-80.0,-80.0,-80.0,-80.0,-80.0,-80.0,-80.0,-80.0,-80.0,-80.0,-80.0,-80.0,-80.0,-80.0,-80.0,-80.0,-80.0,-80.0,-80.0,-80.0,-80.0,-80.0,-80.0,-80.0,-80.0,-80.0,-80.0,-80.0,-80.0,-80.0,-80.0,-80.0,-80.0,-80.0,-80.0,-80.0,-80.0,-80.0,-80.0,-80.0,-80.0,-80.0,-80.0,-80.0,-80.0,-80.0,-80.0,-80.0,-80.0,-80.0,-80.0,-80.0,-80.0,-80.0,-80.0,-80.0,-80.0,-80.0,-80.0,-80.0,-80.0,-80.0,-80.0,-80.0,-80.0,-80.0,-80.0
-25.36844,-24.868912,-21.769905,-21.559675,-19.402637,-21.757507,-26.849592,-23.14103,-29.937109,-32.274326,-22.092701,-32.017605,-26.787798,-34.61081,-34.05462,-25.693083,-32.14933,-26.093752,-20.436365,-23.8197,-34.936745,-36.93287,-27.354359,-28.02599,-34.74678,-23.933434,-19.374508,-27.438778,-24.299196,-24.69268,-22.832298,-19.633287,-21.818422,-30.057314,-24.32188,-24.394527,-27.218058,-33.230816,-28.922667,-20.938574,-21.063555,-21.31915,-24.399336,-25.860886,-21.657825,-29.130188,-17.890308,-16.42649,-19.033009,-21.317892,-25.061676,-18.492825,-20.161028,-26.519867,-29.6119,-35.17457,-23.725231,-20.270063,-24.615704,-21.770401,-19.927298,-30.320768,-31.395014,-23.574877,-30.403458,-23.589615,-31.685532,-25.608822,-21.174515,-19.66773,-21.356869,-30.35802,-17.445988,-13.78433,-20.806427,-20.44645,-25.852482,-20.5793,-20.154385,-19.015184,-21.355694,-22.408337,-31.194016,-45.8089,-25.660355,-25.09404,-25.617975,-23.277359,-26.72076,-25.228725,-31.18146,-28.14848,-23.958258,-29.933931,-22.86823,-22.398443,-16.840866,-22.116947,-24.726894,-21.954147,-25.850588,-25.19748,-23.756344,-25.477995,-25.714859,-20.109024,-22.070377,-28.247658,-21.788446,-19.775202,-19.701336,-31.185835,-18.13817,-16.660206,-20.699358,-30.019468,-23.521486,-22.37287,-31.87179,-32.944817,-27.267555,-28.383045,-19.369364,-19.305527,-28.115658,-28.158123,-24.100681,-22.53029,-21.217817,-29.0793,-21.718613,-29.127712,-33.076416,-33.975616,-32.62692,-23.30429,-26.682558,-26.375303,-32.279797,-28.564814,-28.755716,-38.169243,-29.727694,-21.938663,-22.065285,-29.391544,-21.220818,-21.006031,-18.245834,-20.15313,-51.363914,-23.255554,-27.691685,-29.25703,-29.312756,-26.684923,-31.034214,-21.133984,-17.562311,-17.448053,-15.308998,-17.709219,-41.313972,-15.832199,-10.984537,-13.121895,-15.893055,-13.83247,-19.772875,-23.738419,-20.692196,-16.3424,-14.098785,-26.902325,-19.988415,-20.469608,-37.875042,-22.737398,-19.432562,-22.475977,-49.733105,-31.880722,-24.75446,-32.889168,-32.759495,-31.013126,-28.15422,-26.024933,-28.144392,-23.641823,-24.121244,-18.960379,-24.33868,-37.174793,-24.727924,-19.116962,-17.576563,-24.242027,-34.11634,-15.412807,-15.025324,-21.429823,-29.661884,-21.27496,-19.19912,-29.321918,-31.756956,-30.25857,-30.550322,-24.62766,-18.09117,-13.091127,-18.0741,-22.616962,-19.648438,-15.794958,-26.904778,-21.114874,-15.824726,-17.994558,-18.430191,-16.622662,-18.659267,-18.687517,-19.789772,-22.053406,-25.29478,-21.26358,-20.914097,-32.157265,-40.407383,-22.952728,-23.111008,-34.909153,-19.701807,-17.598969,-20.575039,-15.132082,-15.980717,-18.528372,-20.167482,-24.068216,-26.618025,-34.77673,-30.472158,-22.310596,-16.784342,-21.5621,-22.497147,-25.119293,-38.898388,-27.226633,-21.437733,-28.168266,-24.735332,-20.357334,-15.039124,-13.892071,-16.875683,-21.34555,-19.816422,-11.2442,-10.742603,-11.942459,-12.279425,-12.47444,-11.92297,-10.501482,-14.84655,-23.276554,-18.718332,-13.724497,-17.472029,-19.741898,-15.149069,-22.28323,-35.32289,-27.172415,-15.673973,-14.34952,-18.027699,-21.061201,-20.500757,-22.61486,-35.22921,-25.978827,-20.638231,-20.722988,-21.390581,-20.808804,-27.813799,-21.30865,-24.325241,-30.068813,-17.499865,-20.343475,-23.292887,-22.421425,-21.452385,-18.990498,-24.592846,-26.239166,-22.985159,-27.109001,-26.166842,-21.829397,-20.753885,-17.40698,-21.903963,-26.258577,-25.615234,-22.975025,-22.609156,-27.57972,-47.156315,-26.61333,-26.173637,-18.832197,-19.374107,-22.28772,-16.216055,-15.25272,-19.50715,-21.57155,-30.47775,-40.02568,-18.221525,-13.984549,-22.148483,-19.973225,-13.619125,-13.386417,-17.21009,-20.302105,-21.33969,-22.305906,-29.753014,-24.333931,-29.843779,-23.603916,-26.268349,-15.014086,-12.276335,-20.692915,-27.780733,-19.559454,-17.40049,-18.440773,-26.58956,-23.710196,-15.261417,-10.827026,-12.176485,-19.956444,-25.119526,-21.169289,-17.527224,-20.432447,-24.02913,-21.997204,-23.569832,-16.790867,-19.861053,-25.5397,-22.07731,-35.078285,-21.8736,-17.66874,-18.60129,-18.17062,-18.533224,-24.889376,-24.069427,-25.072205,-21.515179,-25.480633,-29.322777,-23.063498,-30.615679,-29.454636,-26.716454,-47.358047,-24.794373,-24.278017,-28.616125,-32.76905,-40.28752,-21.686619,-14.21349,-13.977985,-17.963646,-19.512972,-22.749304,-28.691242,-16.90386,-24.44993,-17.54787,-36.054825,-17.866842,-14.307043,-15.972147,-26.639545,-19.201359,-18.964699,-12.212019,-11.443134,-12.951492,-17.981127,-20.018635,-13.933136,-16.372963,-23.00595,-30.14559,-28.755724,-20.839634,-18.50248,-17.896217,-14.909292,-13.385668,-17.461811,-38.042038,-20.17051,-16.638647,-17.694597,-15.8095665,-26.404678,-15.935238,-17.798897,-26.074638,-23.423939,-20.598223,-25.739084,-17.721756,-19.925053,-23.084127,-14.859156,-13.701284,-12.334806,-11.365215,-14.756044,-18.657728,-26.039722,-20.29151,-16.089819,-17.379053,-17.71741,-29.3465,-21.424706,-26.909184,-16.998383,-15.765745,-23.26181,-25.319199,-20.015936,-19.002342,-19.041805,-19.34315,-24.373995,-18.00919,-14.013409,-23.494038,-23.777067,-28.682037,-25.455372,-23.249706,-23.474699,-26.72399,-19.40052,-18.810398,-18.023924,-20.206741,-19.20614,-18.912523,-22.11681,-22.832615,-34.29718,-28.294655,-22.354826,-17.130402,-23.047382,-18.34996,-28.300901,-27.25642,-19.171682,-16.726547,-24.98717,-18.671103,-32.091896,-30.914919,-31.677515,-29.787197,-23.990805,-16.323847,-14.730034,-18.396103,-19.516998,-39.525467,-27.084393,-35.471554,-40.86603,-23.335114,-16.47579,-30.268312,-25.521118,-15.519928,-15.467388,-12.262087,-15.64805,-19.268675,-21.593464,-21.879648,-20.178528,-21.777718,-30.33791,-24.361128,-25.621395,-32.638157,-29.95308,-20.120722,-20.31969,-48.300373,-23.049303,-28.84365,-14.732187,-15.886133,-18.466887,-13.224466,-16.281685,-27.93364,-21.449453,-19.995995,-17.656895,-16.1952,-24.947353,-26.503084,-23.703697,-24.48551,-18.58408,-22.879097,-19.74993,-18.667984,-19.050732,-20.605387,-18.329773,-22.373707,-23.724148,-17.493498,-21.677456,-23.550941,-26.744509,-20.745417,-13.5285015,-16.686638,-19.924799,-14.321342,-16.71626,-18.944859,-13.7113,-16.169271,-21.329796,-33.68281,-11.433868,-11.99543,-18.350533,-16.067564,-18.240877,-18.442158,-25.365852,-19.881834,-14.96793,-13.98209,-21.191906,-28.001266,-32.658928,-25.950161,-22.072598,-17.905018,-19.127485,-21.687664,-18.880981,-16.297325,-18.137058,-23.091639,-18.994492,-24.320335,-22.071468,-27.96571,-24.901096,-27.580048,-32.693184,-27.91315,-38.34305,-23.818958,-25.154768,-30.198227,-28.569584,-21.58816,-21.667727,-24.567287,-27.856873,-29.48919,-30.621563,-21.199627,-21.151152,-19.69561,-20.162235,-24.99056,-19.849695,-19.346966,-25.274477,-40.81476,-30.744682,-29.15176,-37.597836,-26.609446,-16.694834,-18.021969,-25.007233,-37.592068,-37.54001,-38.083424,-44.04711,-35.94471,-40.84371,-39.90733,-35.411034,-22.093391,-20.631866,-34.616295,-80.0,-80.0,-80.0,-80.0,-80.0,-80.0,-80.0,-80.0,-80.0,-80.0,-80.0,-80.0,-80.0,-80.0,-80.0,-80.0,-80.0,-80.0,-80.0,-80.0,-80.0,-80.0,-80.0,-80.0,-80.0,-80.0,-80.0,-80.0,-80.0,-80.0,-80.0,-80.0,-80.0,-80.0,-80.0,-80.0,-80.0,-80.0,-80.0,-80.0,-80.0,-80.0,-80.0,-80.0,-80.0,-80.0,-80.0,-80.0,-80.0,-80.0,-80.0,-80.0,-80.0,-80.0,-80.0,-80.0,-80.0,-80.0,-80.0,-80.0,-80.0,-80.0,-80.0,-80.0,-80.0,-80.0,-80.0,-80.0,-80.0,-80.0,-80.0,-80.0,-80.0,-80.0,-80.0,-80.0,-80.0,-80.0,-80.0,-80.0,-80.0,-80.0,-80.0,-80.0,-80.0,-80.0,-80.0,-80.0,-80.0,-80.0,-80.0,-80.0,-80.0,-80.0
-27.901154,-31.588171,-25.762249,-21.409061,-22.175133,-19.238495,-20.134975,-21.053797,-23.151077,-24.807993,-23.024536,-23.031673,-24.62051,-27.254189,-29.350657,-25.713417,-31.006626,-26.758902,-22.147884,-20.713898,-23.634048,-24.967144,-35.09411,-25.72218,-23.445797,-22.576237,-17.14869,-18.004301,-25.61483,-37.163815,-20.463623,-16.650393,-24.27607,-20.100807,-33.04954,-27.822533,-36.634224,-29.394754,-31.114397,-22.721863,-26.52158,-25.01267,-22.80426,-26.070782,-23.741049,-32.580635,-17.517721,-20.406948,-25.466835,-22.29781,-22.995731,-31.884176,-25.984451,-39.94785,-25.014254,-21.050352,-20.748793,-28.688755,-24.071508,-21.172575,-25.883984,-32.71535,-24.017487,-22.700445,-27.01965,-22.841366,-22.769947,-28.675095,-24.22515,-21.801678,-30.454689,-23.790085,-24.743282,-14.879288,-17.743904,-21.22771,-19.54675,-29.536991,-18.629478,-16.76922,-25.963146,-25.613194,-35.575348,-28.681046,-22.446873,-17.446983,-21.51053,-32.884544,-22.553158,-22.01715,-23.652514,-27.32429,-28.434921,-21.992619,-20.622402,-18.772694,-17.225094,-28.725578,-29.795828,-23.279985,-26.467953,-27.63134,-29.181637,-18.061031,-18.147701,-21.745745,-23.642443,-25.66351,-23.075203,-33.158188,-20.714281,-20.715,-22.349892,-30.971907,-21.678677,-24.685171,-22.569065,-31.463196,-27.68617,-29.65429,-32.451637,-33.966908,-25.005116,-19.01392,-22.063757,-28.257511,-31.358831,-20.594284,-20.719511,-20.981232,-19.850292,-27.35643,-42.73043,-36.84512,-43.217552,-27.704067,-23.14595,-23.323994,-26.013102,-28.055183,-28.644106,-26.313168,-28.73566,-23.907013,-22.453882,-26.467411,-26.282063,-36.667713,-22.415066,-21.767853,-30.004557,-24.484089,-26.173504,-24.73354,-25.638788,-23.582077,-20.678833,-18.916975,-17.104738,-31.081947,-18.986988,-19.257687,-25.011139,-20.137798,-14.039001,-30.668177,-25.98228,-16.522926,-23.254845,-26.80332,-29.152058,-20.13844,-18.786419,-20.464989,-17.873714,-28.103462,-22.245312,-24.23412,-23.22544,-20.977901,-31.651905,-28.08353,-26.724995,-35.08124,-39.24325,-38.71168,-29.291643,-26.207943,-29.240574,-26.488491,-18.93591,-16.878523,-20.317575,-24.701279,-37.485138,-19.488123,-15.631706,-18.3405,-18.77632,-14.759205,-20.906776,-27.151552,-28.966066,-32.16861,-22.272701,-25.921871,-33.80678,-25.537745,-25.949657,-30.601538,-33.645046,-18.425117,-28.294569,-16.474987,-11.753914,-16.835201,-42.165485,-22.293015,-20.022554,-19.471958,-21.640001,-19.382904,-20.732119,-18.516655,-29.54395,-24.264603,-22.132856,-23.71127,-24.727928,-22.632734,-23.183205,-20.598333,-31.79272,-22.94915,-22.509932,-29.279427,-20.210983,-23.4281,-30.685497,-34.60783,-23.431633,-25.277046,-20.724659,-25.191898,-25.673454,-22.423042,-21.927132,-23.044315,-34.505245,-27.50824,-36.06174,-33.421455,-31.006258,-21.721535,-24.44421,-25.052458,-22.733366,-25.2136,-24.216349,-22.493944,-16.51041,-14.374174,-18.257996,-16.339085,-21.687162,-18.003668,-17.54402,-13.004559,-17.131006,-26.656277,-23.897799,-19.106892,-28.306667,-21.837622,-16.622879,-19.029236,-22.829433,-22.933636,-23.403465,-20.665867,-23.501434,-22.351322,-19.500704,-23.964485,-36.52373,-28.339222,-24.506416,-32.564743,-28.065472,-22.936657,-18.923191,-24.193687,-28.853233,-26.49628,-21.472683,-29.781452,-24.987686,-29.545908,-31.612606,-27.905857,-20.51745,-20.791096,-24.393723,-27.344713,-29.408607,-22.35999,-24.055706,-23.325703,-20.045774,-24.661207,-30.055647,-33.284588,-30.272758,-29.097157,-30.677235,-27.311789,-21.329144,-43.982883,-21.922604,-26.145641,-18.776615,-19.13744,-25.158798,-24.292793,-24.96495,-24.857155,-24.617725,-17.352188,-15.396568,-22.118286,-17.514921,-21.869995,-26.169598,-24.997818,-16.710741,-18.188307,-22.761032,-28.684566,-36.55379,-27.467562,-23.15046,-22.573204,-16.66429,-16.175467,-21.418938,-15.600546,-12.493767,-14.862675,-24.91718,-26.839327,-21.66275,-14.923471,-11.5413,-14.740942,-21.466599,-23.162395,-17.412159,-16.178654,-18.032568,-21.698618,-20.061249,-15.75271,-18.558598,-21.606112,-23.437939,-27.51543,-18.9972,-16.10625,-22.642384,-24.066826,-16.39095,-17.853048,-19.534403,-24.251442,-24.053684,-28.995663,-52.022903,-25.061523,-22.925777,-24.11405,-24.417122,-24.86314,-22.188442,-22.24411,-23.78711,-25.568707,-34.99776,-20.876808,-15.0992985,-20.392813,-23.69479,-22.365475,-29.474041,-18.837753,-15.53289,-17.547667,-18.18311,-21.82834,-19.06202,-13.405611,-13.23802,-17.388887,-29.799862,-21.829544,-17.492643,-20.309505,-17.067663,-20.641514,-18.020231,-16.753048,-31.736439,-22.586721,-26.03571,-28.868177,-21.222713,-16.8808,-36.65516,-17.589666,-19.864313,-23.089064,-21.090143,-26.980364,-23.889057,-24.74408,-17.980026,-14.710754,-17.92528,-32.46911,-21.016918,-19.92901,-20.570312,-31.157896,-25.526546,-19.624258,-19.117085,-19.512043,-16.241629,-18.155045,-15.80196,-25.508425,-22.823023,-23.043957,-22.277832,-15.736513,-14.590656,-23.538258,-24.129967,-17.853592,-18.999,-22.70705,-20.648115,-20.19089,-28.023355,-20.249758,-24.243196,-24.893324,-17.98509,-24.713266,-19.64251,-13.071783,-14.998144,-19.53015,-30.823372,-32.080612,-33.306217,-29.796787,-23.099083,-23.126469,-30.502934,-17.638315,-24.176989,-25.392124,-33.506195,-40.701813,-28.250607,-23.673325,-26.50087,-24.131508,-20.349789,-21.240852,-19.540691,-24.625484,-25.628395,-18.003914,-21.953983,-24.548553,-25.067122,-24.31226,-25.882462,-26.22253,-23.902668,-17.070635,-16.858576,-21.470009,-20.06185,-27.034595,-20.136019,-23.067785,-38.05792,-35.947407,-20.85718,-15.355099,-19.860422,-23.06454,-24.009335,-13.248714,-10.748461,-14.081093,-29.68237,-24.85226,-31.621098,-27.20968,-29.980274,-31.700365,-25.473705,-33.18405,-35.50007,-35.296963,-23.62406,-20.041885,-29.580038,-24.935661,-20.339773,-15.15753,-20.868662,-29.964996,-17.243258,-26.071873,-21.637947,-20.598587,-27.797737,-29.221928,-18.753706,-30.12229,-22.504019,-30.735476,-30.474586,-23.009659,-14.803297,-14.725779,-18.426966,-19.918379,-19.027748,-13.833706,-17.654385,-32.340355,-23.357492,-19.688278,-18.397524,-20.033447,-17.266125,-15.158579,-20.805836,-26.74201,-17.820747,-18.89152,-22.03139,-15.240322,-20.355999,-31.868622,-22.850384,-13.308228,-13.173256,-25.550632,-15.343269,-15.104696,-24.272243,-33.935184,-23.203907,-18.65578,-16.255846,-19.049713,-30.36343,-26.652075,-33.37373,-30.82526,-20.36599,-22.400913,-30.1232,-27.1909,-19.500698,-17.929136,-22.681932,-25.864689,-30.522392,-26.332092,-44.929825,-26.687075,-30.36006,-34.07109,-36.38159,-27.482513,-24.772835,-28.320374,-35.849075,-26.093807,-28.11842,-20.40248,-23.79877,-34.391537,-42.625957,-26.954845,-30.617445,-36.570633,-24.7341,-25.123045,-24.529778,-29.570906,-23.087124,-27.441065,-36.62959,-25.947727,-24.09742,-31.246782,-34.06949,-19.603222,-13.783737,-26.018211,-31.087557,-35.05385,-33.347878,-31.292168,-36.233513,-32.072613,-32.53784,-36.647396,-17.905313,-17.080126,-35.386353,-80.0,-80.0,-80.0,-80.0,-80.0,-80.0,-80.0,-80.0,-80.0,-80.0,-80.0,-80.0,-80.0,-80.0,-80.0,-80.0,-80.0,-80.0,-80.0,-80.0,-80.0,-80.0,-80.0,-80.0,-80.0,-80.0,-80.0,-80.0,-80.0,-80.0,-80.0,-80.0,-80.0,-80.0,-80.0,-80.0,-80.0,-80.0,-80.0,-80.0,-80.0,-80.0,-80.0,-80.0,-80.0,-80.0,-80.0,-80.0,-80.0,-80.0,-80.0,-80.0,-80.0,-80.0,-80.0,-80.0,-80.0,-80.0,-80.0,-80.0,-80.0,-80.0,-80.0,-80.0,-80.0,-80.0,-80.0,-80.0,-80.0,-80.0,-80.0,-80.0,-80.0,-80.0,-80.0,-80.0,-80.0,-80.0,-80.0,-80.0,-80.0,-80.0,-80.0,-80.0,-80.0,-80.0,-80.0,-80.0,-80.0,-80.0,-80.0,-80.0,-80.0,-80.0
-28.622467,-32.37983,-28.477001,-23.177525,-25.156261,-20.222155,-21.947334,-24.06948,-22.522219,-27.209736,-24.387896,-23.601383,-25.029366,-30.470871,-29.094002,-26.722008,-27.535906,-28.918646,-24.567225,-22.213459,-25.755142,-23.030651,-24.538311,-24.971897,-23.867495,-25.235008,-16.738857,-17.239285,-27.0382,-28.505754,-18.865294,-15.598848,-17.21688,-17.31321,-22.144058,-23.846958,-25.99593,-27.085352,-30.05981,-25.239813,-26.297066,-24.011936,-23.344402,-26.105505,-22.973488,-22.865189,-17.868282,-20.46307,-26.943804,-25.635626,-24.651466,-30.735352,-28.088514,-30.602934,-26.83165,-19.568892,-20.78136,-31.586548,-25.17104,-20.211605,-24.038984,-25.077412,-21.752441,-24.46167,-27.318005,-22.24247,-23.976402,-29.167511,-23.473373,-20.727335,-22.927595,-22.966728,-22.647018,-16.403116,-18.843079,-24.060024,-21.596077,-24.419193,-17.926207,-16.064404,-21.158813,-28.15429,-27.742573,-22.121239,-17.880146,-16.718586,-21.312025,-27.165337,-24.518032,-23.9637,-25.368408,-28.872738,-27.211718,-22.919836,-22.671625,-17.257948,-15.127327,-17.930662,-20.989113,-20.098686,-27.06872,-22.638134,-19.764954,-16.787334,-19.248062,-25.305603,-26.151035,-28.943087,-25.558893,-24.570807,-20.616522,-21.481209,-23.337507,-28.72547,-21.154232,-24.696114,-23.465042,-25.528978,-25.164928,-31.900932,-34.477253,-37.41558,-27.93016,-20.443329,-22.213335,-28.286366,-28.130592,-22.966835,-22.879528,-21.923183,-19.161911,-26.184647,-45.433586,-38.8503,-37.023285,-30.291275,-25.14937,-23.461605,-29.546862,-29.312212,-31.906301,-27.724802,-26.464886,-27.056541,-23.744186,-28.190493,-26.656925,-36.604225,-21.84945,-21.935848,-30.316063,-25.751265,-27.576872,-24.73819,-19.627054,-20.973679,-22.979177,-21.795248,-18.45185,-19.754261,-20.462887,-22.282215,-21.256817,-18.558994,-15.556923,-20.78999,-19.660479,-15.7435055,-18.778145,-25.49712,-27.479973,-19.656603,-19.411161,-20.875847,-17.429117,-20.484539,-19.776161,-19.602337,-18.491364,-19.628044,-30.975506,-27.166197,-27.644077,-32.454895,-41.201397,-37.970627,-30.898277,-28.473078,-32.521465,-29.440996,-20.440092,-18.252552,-21.777075,-22.743645,-22.807796,-19.860497,-18.226494,-16.953426,-16.231115,-16.06787,-22.18984,-29.131138,-29.86256,-34.718185,-22.392853,-21.933746,-28.442097,-26.890965,-26.964348,-33.667995,-28.745953,-17.520374,-17.972534,-13.785427,-11.242868,-14.597157,-21.230072,-20.649916,-21.78093,-19.54114,-21.814857,-21.377611,-23.45043,-20.839527,-24.142735,-23.054752,-25.3905,-24.80252,-26.463726,-23.100407,-23.022596,-20.407484,-20.228525,-20.816792,-25.764221,-28.39438,-20.69336,-24.02472,-24.798298,-26.405218,-21.448286,-19.982979,-19.362034,-22.729244,-24.619938,-25.934998,-23.006046,-23.817503,-23.514727,-25.42359,-35.73635,-31.747435,-25.176626,-20.819397,-24.95217,-24.809088,-22.63012,-25.336544,-22.482006,-19.620846,-18.049032,-17.126295,-21.115835,-18.364214,-22.177544,-21.489021,-20.773918,-15.424292,-17.447365,-24.688068,-25.336567,-21.630013,-26.078762,-24.952,-18.23842,-19.719963,-22.200998,-17.655914,-17.272762,-18.529987,-22.366581,-24.194792,-19.550804,-22.43206,-31.390724,-27.492891,-25.364738,-25.905128,-23.680367,-22.074362,-20.569399,-22.907558,-24.703333,-25.512537,-21.471714,-28.771439,-24.808754,-27.019878,-31.846743,-27.921383,-19.450703,-19.084095,-24.48968,-23.441517,-23.282814,-24.724758,-27.480354,-26.789429,-22.071024,-23.496357,-22.794945,-24.204819,-27.221825,-26.697758,-30.148243,-28.106354,-22.741802,-22.325943,-19.156086,-23.929464,-20.99455,-22.281395,-22.254038,-23.275866,-26.652054,-23.63303,-23.791735,-18.496864,-16.884876,-19.166716,-19.212582,-25.280289,-29.279488,-25.611313,-17.055687,-17.280289,-23.942375,-24.14976,-26.090954,-23.334671,-23.36769,-24.930325,-19.639523,-17.516134,-19.854485,-16.921307,-14.008026,-15.565374,-24.300957,-24.929998,-24.58836,-17.660118,-13.771351,-16.538946,-20.710752,-22.72012,-20.236092,-18.11825,-18.592598,-24.36557,-19.156815,-18.04518,-20.4925,-22.343618,-24.00852,-28.520796,-18.612446,-18.341152,-23.362198,-25.201061,-17.242458,-19.432018,-21.145226,-19.683344,-26.002035,-30.902206,-46.93776,-24.659512,-20.52227,-26.873274,-24.88727,-25.698635,-22.362865,-25.163364,-22.865143,-24.207912,-32.52378,-20.197887,-17.095673,-22.663612,-24.936338,-24.236061,-29.744167,-18.838234,-16.018663,-18.541183,-20.002117,-21.279318,-18.956139,-16.268944,-14.634739,-16.234692,-19.900019,-22.20788,-18.829947,-20.560284,-17.809607,-20.638332,-19.085524,-15.547298,-19.979687,-24.956347,-23.459146,-26.246195,-23.198399,-16.388357,-18.12183,-20.019398,-22.640917,-25.579678,-23.228497,-23.53576,-23.173897,-22.404232,-17.699812,-16.713808,-18.602283,-25.076437,-20.538303,-18.959364,-20.859453,-33.21806,-25.145905,-22.35691,-21.123207,-22.22043,-17.868353,-20.595257,-18.357414,-23.977896,-23.302273,-26.461937,-25.432552,-17.08494,-16.39595,-22.701866,-20.862785,-18.859703,-17.567875,-19.67147,-19.188377,-17.199636,-20.358887,-22.863283,-26.806461,-21.301338,-19.32974,-23.826954,-17.896975,-14.357229,-17.330133,-19.152514,-24.75682,-32.06167,-34.226532,-32.279682,-25.826729,-24.05238,-24.878044,-19.759727,-19.379118,-22.685925,-34.386368,-41.369007,-29.296371,-23.43431,-25.993832,-27.028255,-21.407902,-22.705967,-21.200726,-23.562092,-24.685555,-19.384241,-22.610054,-22.355179,-23.12432,-21.158068,-24.727402,-23.839352,-19.327112,-16.596172,-19.492905,-24.55618,-20.137617,-20.28624,-17.51765,-22.016987,-34.928513,-34.119396,-21.643198,-14.949381,-16.35323,-22.288727,-25.364363,-15.267647,-12.665478,-16.191961,-25.082783,-25.57685,-33.32673,-27.14969,-28.62478,-28.909214,-25.591679,-28.916283,-36.42796,-29.810705,-20.715103,-19.81303,-29.293934,-25.657732,-20.046562,-16.200176,-18.3694,-21.120203,-17.69348,-23.042007,-22.12301,-20.089329,-21.54326,-20.229393,-17.60776,-20.262106,-20.994976,-23.865198,-27.660551,-24.44561,-15.005228,-14.63434,-21.779175,-21.385233,-19.387833,-14.741213,-15.279785,-23.74314,-18.13213,-16.590837,-18.452972,-16.960243,-19.825407,-15.912642,-19.58574,-23.162659,-21.265005,-21.053753,-24.475311,-16.744442,-18.342705,-25.358322,-22.206528,-14.920937,-15.117319,-20.390886,-16.409714,-17.254726,-23.717625,-31.357878,-25.179218,-21.644283,-18.288404,-19.860731,-30.526402,-25.779299,-29.251999,-31.450073,-21.67006,-24.284365,-31.27356,-28.239876,-21.870537,-18.279062,-21.192707,-25.402782,-26.059088,-26.27676,-31.859947,-27.9777,-32.918938,-36.204216,-36.08245,-26.015377,-25.076088,-30.913437,-28.246374,-25.834465,-27.892986,-21.001263,-23.445845,-30.641472,-28.599337,-26.232723,-33.563652,-36.11738,-27.548218,-27.936287,-25.4453,-30.897709,-25.960188,-28.230364,-34.526283,-24.74149,-22.482643,-26.895836,-32.48416,-19.473864,-10.144993,-10.288673,-10.942284,-10.871349,-10.820036,-10.802214,-10.83577,-10.834679,-10.8423195,-10.788734,-10.531269,-15.392178,-35.4297,-80.0,-80.0,-80.0,-80.0,-80.0,-80.0,-80.0,-80.0,-80.0,-80.0,-80.0,-80.0,-80.0,-80.0,-80.0,-80.0,-80.0,-80.0,-80.0,-80.0,-80.0,-80.0,-80.0,-80.0,-80.0,-80.0,-80.0,-80.0,-80.0,-80.0,-80.0,-80.0,-80.0,-80.0,-80.0,-80.0,-80.0,-80.0,-80.0,-80.0,-80.0,-80.0,-80.0,-80.0,-80.0,-80.0,-80.0,-80.0,-80.0,-80.0,-80.0,-80.0,-80.0,-80.0,-80.0,-80.0,-80.0,-80.0,-80.0,-80.0,-80.0,-80.0,-80.0,-80.0,-80.0,-80.0,-80.0,-80.0,-80.0,-80.0,-80.0,-80.0,-80.0,-80.0,-80.0,-80.0,-80.0,-80.0,-80.0,-80.0,-80.0,-80.0,-80.0,-80.0,-80.0,-80.0,-80.0,-80.0,-80.0,-80.0,-80.0,-80.0,-80.0,-80.0
-29.106667,-32.818615,-33.275642,-25.211613,-31.177912,-21.077335,-24.04952,-30.701206,-21.89435,-30.432837,-25.709948,-23.99411,-25.141975,-38.150616,-28.77917,-27.59244,-25.87483,-31.695372,-28.243237,-23.791336,-28.56266,-21.813877,-21.975183,-24.306618,-24.087793,-28.896776,-16.24308,-16.587933,-28.372225,-26.025177,-17.780487,-14.803635,-14.972395,-15.781767,-19.62954,-22.007008,-23.392506,-25.757668,-29.13487,-29.213531,-26.023926,-23.227282,-23.721407,-26.02836,-22.293377,-20.38139,-18.060263,-20.363255,-28.449636,-35.453876,-26.441463,-29.809736,-30.837673,-28.13586,-28.944714,-18.50544,-20.55137,-36.543304,-26.118433,-19.44445,-22.732925,-22.597422,-20.40878,-26.511745,-27.325253,-21.645008,-25.130753,-29.427029,-22.833904,-19.887934,-20.65171,-22.262255,-21.395554,-18.03635,-19.809105,-29.214272,-24.222479,-22.36322,-17.339273,-15.453341,-19.160294,-32.201977,-25.384375,-19.860844,-15.956081,-16.083815,-21.064419,-25.013063,-26.999039,-26.381027,-27.288551,-30.398605,-26.021725,-23.612778,-25.308207,-16.238554,-13.847977,-15.408222,-18.466759,-18.402243,-26.829704,-20.527597,-17.334301,-15.875786,-20.193178,-45.838432,-30.013067,-36.326546,-29.438358,-22.171251,-20.413956,-22.096786,-24.187746,-27.376844,-20.552124,-24.296974,-24.03202,-23.330187,-23.630428,-34.19903,-36.894455,-50.549282,-33.947903,-21.882805,-22.171646,-28.124823,-26.50192,-26.544886,-25.84297,-22.69764,-18.501345,-25.209324,-48.421867,-41.037285,-34.8824,-34.30438,-27.504831,-23.420973,-45.929802,-30.35323,-39.43125,-29.161844,-25.09637,-34.240776,-24.947182,-30.17051,-26.595858,-33.206573,-21.153557,-21.849213,-30.458292,-26.893192,-28.944601,-24.305716,-17.442513,-19.475769,-26.051159,-26.973999,-19.702229,-17.25201,-21.973988,-28.586472,-19.45529,-17.508806,-17.185179,-18.350101,-17.471268,-15.100977,-16.841705,-24.392727,-26.336008,-19.198399,-19.760609,-21.021654,-17.003487,-18.136929,-18.40211,-17.620037,-16.542728,-18.601082,-29.885654,-26.398891,-28.408772,-30.708754,-39.68107,-35.526043,-32.15045,-31.282728,-39.104923,-35.16874,-22.043995,-19.625284,-23.292543,-21.55571,-20.148727,-20.030344,-22.562649,-15.995256,-14.807434,-17.373201,-23.387947,-31.616613,-30.357754,-36.182114,-22.288525,-20.087143,-26.21064,-28.089083,-27.69809,-39.28131,-26.39257,-16.74432,-15.475819,-12.304501,-10.768837,-13.27187,-18.571898,-19.5276,-23.413282,-19.335566,-21.775188,-23.860537,-28.308956,-24.261154,-22.08373,-22.047382,-31.245935,-25.381378,-28.427631,-23.37197,-22.737782,-20.078022,-17.647566,-19.520077,-33.955296,-27.465178,-20.905281,-24.146822,-22.409285,-23.619059,-20.23161,-17.920116,-18.400536,-21.34927,-23.832745,-39.179604,-23.727077,-24.055607,-20.88059,-24.135345,-35.160797,-30.388771,-22.943607,-20.090717,-25.26022,-24.476814,-22.425514,-25.21694,-21.285622,-18.05441,-19.708145,-22.118673,-26.5822,-20.7649,-22.33909,-35.683018,-29.135813,-19.14987,-17.603575,-23.396912,-26.832716,-25.716604,-24.780687,-31.445642,-19.888092,-20.11098,-21.365814,-15.52496,-15.039936,-17.221529,-21.502003,-26.220238,-19.420359,-21.355297,-29.295443,-26.615667,-26.070087,-23.638783,-21.80947,-21.364792,-22.417534,-21.997238,-22.823027,-24.471798,-21.232828,-27.79007,-24.466019,-25.601475,-31.670588,-27.775373,-18.586044,-17.957464,-24.446901,-21.594963,-21.047668,-28.211647,-38.56926,-39.188,-24.682991,-22.652855,-20.45547,-21.578201,-25.345976,-25.192888,-29.244572,-28.656536,-24.17963,-19.670187,-17.596859,-22.395224,-23.890305,-29.05944,-20.629622,-22.490902,-28.578981,-22.72562,-22.9538,-19.527405,-18.450603,-17.637712,-21.118942,-35.63051,-35.404354,-25.935629,-17.229395,-16.527708,-24.946323,-22.139225,-23.382975,-21.33987,-23.21864,-28.290644,-25.920385,-18.854742,-18.828726,-18.232725,-15.615852,-16.08567,-23.770699,-23.64502,-29.937773,-22.548244,-16.912453,-18.679152,-20.08755,-22.295366,-25.590984,-20.487074,-18.90754,-28.451332,-18.433617,-21.3824,-22.918074,-22.914642,-24.355644,-29.225647,-18.181252,-21.45533,-23.863956,-26.108093,-17.894766,-21.12475,-22.767714,-17.665796,-27.822239,-32.77088,-43.895294,-24.04816,-19.098366,-31.015667,-24.963667,-26.263489,-22.340948,-30.937317,-22.124096,-23.219143,-30.97273,-19.552582,-19.608124,-25.870697,-26.094477,-26.509123,-29.627554,-18.698908,-16.338915,-19.403843,-22.183575,-20.78627,-18.764664,-21.808897,-16.031868,-15.400482,-17.274075,-21.830788,-20.057625,-20.666473,-18.285748,-20.412071,-20.04731,-14.6077385,-17.348516,-28.15885,-21.944653,-24.785053,-25.671124,-15.886532,-15.429222,-23.598145,-27.606253,-29.111115,-26.079166,-21.766945,-22.548855,-21.045437,-17.337698,-19.276447,-19.095594,-22.815552,-20.081825,-18.20874,-20.978209,-33.856434,-24.435932,-27.254662,-23.597412,-26.18459,-19.657333,-24.1615,-22.53696,-22.939453,-23.586407,-35.654922,-32.139652,-18.339725,-18.49313,-21.96,-19.171618,-19.746494,-16.56551,-18.089264,-18.199448,-15.610157,-17.922283,-27.129189,-30.448717,-19.430264,-20.541939,-22.9485,-16.76213,-15.621216,-20.705994,-18.684628,-22.621181,-31.711937,-34.953445,-35.946705,-30.748367,-24.802816,-22.788105,-22.619068,-17.351881,-20.974363,-34.183914,-41.39586,-30.22355,-23.129406,-25.451534,-32.779377,-22.351032,-24.212746,-22.994656,-22.581371,-23.95949,-20.777643,-22.980232,-20.779036,-21.512596,-19.397308,-23.640083,-22.37871,-17.417944,-16.123138,-23.94428,-31.510769,-19.93966,-17.936193,-16.05678,-21.176758,-33.351734,-32.947945,-22.25619,-14.51646,-14.646246,-21.596073,-26.720634,-17.880243,-15.051001,-19.017921,-23.140884,-26.10182,-34.97223,-26.954489,-27.609123,-27.394592,-25.55614,-27.073679,-35.370045,-27.300028,-19.160511,-19.468498,-28.930431,-26.140957,-19.727757,-17.140862,-16.920467,-18.72205,-17.940834,-21.48901,-22.435804,-19.603033,-19.363127,-17.836637,-16.737389,-17.833504,-19.94984,-21.650595,-25.962679,-25.86131,-15.013042,-14.378321,-31.083778,-22.923866,-19.59277,-15.506632,-13.866154,-20.705606,-15.919989,-14.967556,-18.393764,-15.366238,-23.487885,-16.355953,-18.432472,-21.205235,-32.379223,-23.900108,-28.263922,-18.30606,-17.08536,-23.0301,-21.44197,-16.713503,-17.561596,-18.330683,-17.35101,-20.19265,-23.161077,-29.214848,-27.108833,-27.350788,-20.88831,-20.507412,-30.259443,-25.039476,-27.009151,-31.540974,-22.950298,-26.406078,-31.992128,-29.10698,-25.168938,-18.398228,-20.169147,-24.329414,-23.865866,-26.104662,-29.330257,-29.223724,-37.08789,-38.62664,-35.683426,-24.872707,-25.089565,-35.06572,-25.936195,-25.506939,-27.538935,-21.411133,-23.038586,-28.639236,-25.807426,-25.623951,-38.538208,-35.162376,-32.592014,-32.272938,-26.050629,-32.038593,-31.532782,-28.803596,-32.951603,-23.879711,-21.363468,-24.973845,-31.214943,-19.024199,-8.315758,-7.5208454,-8.110237,-8.036921,-7.9916725,-7.9807434,-8.001759,-8.008844,-8.014729,-7.958294,-8.13286,-14.212618,-35.279102,-80.0,-80.0,-80.0,-80.0,-80.0,-80.0,-80.0,-80.0,-80.0,-80.0,-80.0,-80.0,-80.0,-80.0,-80.0,-80.0,-80.0,-80.0,-80.0,-80.0,-80.0,-80.0,-80.0,-80.0,-80.0,-80.0,-80.0,-80.0,-80.0,-80.0,-80.0,-80.0,-80.0,-80.0,-80.0,-80.0,-80.0,-80.0,-80.0,-80.0,-80.0,-80.0,-80.0,-80.0,-80.0,-80.0,-80.0,-80.0,-80.0,-80.0,-80.0,-80.0,-80.0,-80.0,-80.0,-80.0,-80.0,-80.0,-80.0,-80.0,-80.0,-80.0,-80.0,-80.0,-80.0,-80.0,-80.0,-80.0,-80.0,-80.0,-80.0,-80.0,-80.0,-80.0,-80.0,-80.0,-80.0,-80.0,-80.0,-80.0,-80.0,-80.0,-80.0,-80.0,-80.0,-80.0,-80.0,-80.0,-80.0,-80.0,-80.0,-80.0,-80.0,-80.0
-27.552612,-27.40082,-31.43905,-25.724903,-23.294582,-26.80114,-23.218863,-38.572365,-19.888115,-21.725517,-25.085506,-29.36962,-21.356224,-26.924347,-32.32165,-30.294575,-39.941772,-26.566257,-28.284908,-27.206158,-28.266743,-23.706257,-18.943806,-24.382341,-25.197094,-17.10844,-13.868839,-18.827208,-24.371891,-22.500687,-18.814856,-19.574688,-19.321182,-15.719353,-19.815128,-21.531528,-19.194637,-33.164482,-25.148811,-26.72286,-35.248272,-25.327934,-36.6224,-35.130318,-22.028713,-19.230045,-26.966284,-21.298923,-28.209255,-26.269417,-24.878178,-27.518703,-29.589684,-26.851463,-28.158102,-17.321815,-16.264048,-25.08614,-25.30019,-21.08509,-18.310884,-17.194044,-21.815376,-30.791298,-23.408634,-20.226936,-33.94876,-28.425837,-25.620045,-20.41878,-27.9273,-22.586948,-28.540071,-25.14986,-20.354067,-21.901161,-23.6474,-21.487715,-26.630262,-18.319992,-18.677526,-29.240181,-24.698757,-18.10083,-18.471842,-17.743477,-46.4167,-23.61695,-32.56823,-28.128773,-26.8299,-26.064291,-18.676605,-20.912073,-25.467375,-21.421581,-15.638084,-14.749832,-14.00576,-15.588249,-16.46709,-16.58894,-19.150738,-19.92723,-19.174099,-28.071892,-25.142277,-21.943747,-28.368046,-22.352894,-23.325996,-38.449314,-27.787922,-27.73514,-17.019442,-17.161434,-18.790022,-21.043375,-19.692282,-22.692883,-31.216448,-50.33957,-46.14429,-22.376194,-21.669546,-26.407928,-29.114273,-38.07565,-35.108624,-23.776453,-16.66046,-21.52832,-34.276577,-32.8214,-42.75542,-26.92605,-21.638681,-23.715572,-30.67959,-25.241417,-25.821617,-32.556343,-24.632515,-24.340591,-23.691807,-35.12354,-19.849037,-17.238466,-15.864399,-18.538544,-34.698055,-24.333096,-27.420424,-16.80416,-16.344463,-18.052315,-19.212719,-17.407255,-16.796963,-20.31612,-22.253819,-20.358381,-18.341154,-22.17098,-26.746384,-22.12085,-18.789923,-20.309315,-16.610615,-19.111603,-25.35976,-24.742346,-16.791756,-18.313698,-25.609505,-17.055489,-31.996225,-16.306112,-19.805643,-16.21356,-20.564325,-25.997019,-31.618973,-23.396084,-23.133863,-21.388977,-22.766476,-22.612396,-23.588972,-26.300789,-30.623386,-22.094965,-27.159933,-42.09675,-17.49658,-20.728722,-24.65445,-21.83461,-18.10303,-31.01885,-22.454006,-32.748116,-23.798725,-20.739422,-19.811258,-19.356277,-20.731163,-23.349157,-22.96982,-26.063826,-18.155323,-15.395578,-15.263227,-14.082676,-17.21846,-15.690754,-18.674889,-19.130466,-14.882254,-14.916193,-20.164047,-22.393486,-29.338165,-33.581493,-24.719263,-17.982704,-15.3295,-16.904577,-28.38688,-25.269772,-22.262848,-18.32455,-15.337967,-20.828342,-22.88281,-21.342398,-18.119284,-16.95129,-15.479855,-14.7698765,-25.018648,-18.469166,-21.27271,-28.72424,-31.342733,-23.10845,-17.175117,-16.002863,-16.22998,-24.60305,-29.135096,-23.580227,-18.97692,-22.4457,-26.868172,-24.922634,-25.654938,-22.067987,-18.997877,-17.347178,-27.265186,-21.156307,-22.429,-14.80044,-17.758327,-25.546097,-21.806822,-27.017641,-24.355515,-21.090572,-34.415234,-33.283447,-32.5382,-19.718302,-15.766699,-16.2278,-14.364508,-12.353985,-12.348148,-17.591793,-22.583868,-20.715334,-18.466995,-20.753838,-26.628342,-21.050983,-31.737982,-22.113548,-28.22456,-23.325302,-30.781391,-27.71389,-22.093143,-17.461851,-17.450031,-21.95934,-21.751804,-28.746536,-25.087515,-27.598152,-17.180298,-19.483881,-28.617868,-19.853905,-18.242966,-27.381365,-25.700035,-26.047031,-28.53783,-30.743282,-18.233532,-15.302647,-17.987888,-20.946053,-20.738232,-26.407589,-27.44339,-20.152311,-15.571857,-16.166166,-18.013689,-17.346292,-17.618612,-25.741722,-39.877457,-24.026007,-17.97813,-20.442713,-23.038527,-25.995493,-22.288986,-21.953735,-22.55887,-22.495188,-21.72649,-16.823643,-21.721434,-18.864594,-16.884285,-16.34155,-17.338007,-23.616688,-25.065655,-24.273458,-34.025608,-24.332047,-20.079727,-19.33746,-36.518356,-20.666216,-19.602964,-20.113386,-21.94075,-30.372742,-26.95105,-30.560143,-24.353983,-19.57512,-17.289087,-18.679016,-21.75459,-41.50496,-36.13764,-28.971361,-23.99997,-24.09902,-18.555323,-21.427576,-23.432247,-21.862816,-17.706097,-22.212322,-18.148453,-14.359011,-17.703798,-23.654566,-31.777803,-18.322279,-18.047102,-19.301266,-18.995222,-22.81728,-21.765362,-25.42858,-24.30737,-23.231455,-26.186325,-18.198132,-19.761978,-25.231087,-26.508015,-31.261147,-23.50377,-20.095102,-25.935427,-23.981524,-32.970703,-29.433035,-25.427761,-19.038631,-17.311153,-25.936993,-11.795887,-11.959515,-16.862644,-32.11815,-15.396896,-17.090162,-27.00943,-13.011168,-13.465698,-20.283813,-19.296148,-26.407509,-26.441864,-16.303242,-12.988316,-18.540817,-21.899448,-20.453644,-25.71812,-18.789845,-24.416393,-23.76438,-17.485025,-23.595417,-22.410889,-31.762833,-25.528397,-23.145788,-24.573479,-19.300587,-16.979115,-26.22448,-20.600813,-14.736019,-22.151453,-18.151806,-24.306414,-25.875664,-25.649519,-19.931845,-19.770073,-15.526506,-18.261703,-20.38554,-17.593323,-26.682564,-18.328705,-19.955458,-24.99353,-15.661211,-13.583277,-22.248545,-20.550913,-14.527634,-16.510744,-17.829437,-19.225021,-23.26326,-19.330109,-16.583982,-27.34291,-25.7029,-34.354305,-29.1768,-34.157,-25.452543,-25.511301,-29.673725,-15.248421,-14.515329,-22.504745,-32.421574,-34.577366,-26.25109,-23.879053,-30.64432,-26.74392,-25.675777,-21.237358,-17.327602,-32.199085,-25.017666,-19.594494,-13.781445,-13.017607,-14.473997,-17.28307,-19.3444,-22.993692,-18.227783,-22.44741,-25.291542,-15.580221,-13.667772,-17.58545,-20.723507,-42.856617,-35.07709,-25.75863,-16.025932,-16.357605,-20.825016,-31.227404,-26.243824,-24.925156,-24.061224,-24.311142,-27.0873,-27.704536,-27.522783,-25.858345,-28.887957,-28.00484,-35.82895,-21.197535,-18.429455,-20.149529,-18.370682,-29.293118,-24.495705,-31.417225,-28.940676,-16.291048,-20.53577,-19.051857,-29.020226,-28.889046,-23.003246,-20.81533,-21.66172,-17.808578,-24.025517,-20.981588,-29.372147,-20.321133,-24.181463,-14.86804,-12.607164,-18.204075,-29.58968,-32.159798,-21.918423,-12.840187,-10.266182,-10.410051,-14.7194,-28.396275,-17.084263,-13.835268,-12.0161705,-11.565649,-14.618763,-18.098553,-20.460777,-31.488182,-18.949968,-17.886353,-18.671734,-15.747162,-27.978228,-27.098326,-17.596561,-19.72692,-29.810822,-22.50547,-18.535246,-17.312319,-16.661798,-21.283426,-25.065855,-23.236814,-24.817722,-18.445053,-23.61555,-27.394634,-21.16806,-24.157751,-27.459091,-18.537619,-17.051224,-22.588705,-14.18376,-16.590464,-28.7541,-37.767227,-31.372208,-36.793583,-29.694723,-34.319603,-20.473034,-21.228043,-29.517515,-27.691095,-27.532442,-25.80561,-24.404072,-23.605366,-21.976921,-19.554302,-30.848808,-26.01517,-25.796516,-25.118895,-20.243994,-21.147854,-26.890522,-27.944536,-28.054714,-25.535301,-33.43196,-20.39049,-24.131107,-25.230686,-12.744635,-4.8703156,-2.1840515,-2.1641464,-2.2537918,-2.2590866,-2.2572632,-2.2602158,-2.2539253,-2.253891,-2.2958355,-4.1737785,-11.807127,-33.531704,-80.0,-80.0,-80.0,-80.0,-80.0,-80.0,-80.0,-80.0,-80.0,-80.0,-80.0,-80.0,-80.0,-80.0,-80.0,-80.0,-80.0,-80.0,-80.0,-80.0,-80.0,-80.0,-80.0,-80.0,-80.0,-80.0,-80.0,-80.0,-80.0,-80.0,-80.0,-80.0,-80.0,-80.0,-80.0,-80.0,-80.0,-80.0,-80.0,-80.0,-80.0,-80.0,-80.0,-80.0,-80.0,-80.0,-80.0,-80.0,-80.0,-80.0,-80.0,-80.0,-80.0,-80.0,-80.0,-80.0,-80.0,-80.0,-80.0,-80.0,-80.0,-80.0,-80.0,-80.0,-80.0,-80.0,-80.0,-80.0,-80.0,-80.0,-80.0,-80.0,-80.0,-80.0,-80.0,-80.0,-80.0,-80.0,-80.0,-80.0,-80.0,-80.0,-80.0,-80.0,-80.0,-80.0,-80.0,-80.0,-80.0,-80.0,-80.0,-80.0,-80.0,-80.0
-29.815876,-28.729101,-29.81842,-25.753044,-23.376392,-24.292927,-22.44851,-23.345123,-19.08696,-20.715158,-22.320892,-18.665867,-20.84673,-29.159119,-28.795773,-24.125948,-25.322279,-26.706013,-37.11923,-33.530506,-32.928013,-40.488297,-25.531258,-22.891228,-38.31432,-21.961277,-18.863304,-25.202599,-35.04773,-32.968384,-30.853804,-29.234589,-24.70565,-35.75085,-18.113375,-17.281586,-17.968071,-22.77583,-23.037409,-23.669373,-26.161098,-44.976456,-29.046047,-25.304035,-24.16848,-33.463715,-24.123476,-23.795952,-25.966814,-27.675419,-32.7459,-28.023136,-26.927559,-38.19571,-27.305326,-22.751663,-20.94896,-20.240467,-27.036999,-28.025043,-25.684137,-22.035444,-36.4171,-34.158268,-24.901325,-22.298439,-22.310555,-20.874762,-24.082409,-21.248611,-22.125881,-23.554588,-26.550957,-20.641375,-20.17198,-22.121063,-19.041262,-22.334112,-23.981987,-34.501575,-23.761257,-26.203787,-24.453447,-27.354565,-41.56347,-24.486721,-20.273338,-21.14809,-23.769812,-22.655703,-36.80934,-25.920242,-24.888103,-18.855862,-25.096727,-30.831987,-23.880362,-30.642498,-18.998476,-49.00413,-23.059994,-24.689217,-29.60071,-42.658226,-26.485065,-21.516068,-19.84726,-21.30939,-24.16688,-43.524113,-25.1761,-31.345047,-38.121555,-24.68709,-18.333889,-17.550276,-19.696222,-29.402779,-24.335253,-23.460472,-27.479052,-32.822594,-28.364355,-21.250874,-21.414814,-25.391718,-28.188625,-35.04024,-31.712029,-20.465439,-18.906069,-28.842,-35.74066,-33.306,-28.653952,-24.825827,-22.435217,-28.540356,-32.2778,-24.609806,-24.120106,-29.89901,-30.036316,-28.844576,-25.818224,-23.317373,-18.550144,-19.919678,-21.60949,-21.771523,-22.856762,-18.653748,-18.866919,-20.522814,-27.254555,-26.007301,-19.546022,-16.665733,-21.0982,-43.538162,-43.283955,-28.244764,-32.04208,-29.535252,-34.302498,-25.677849,-20.73588,-19.26326,-18.579678,-32.03798,-34.7316,-27.768665,-23.032707,-23.831749,-22.807604,-26.20782,-18.813398,-18.19799,-23.030653,-20.066757,-28.147377,-30.995941,-28.159801,-24.39889,-22.85229,-22.135996,-22.143589,-23.72347,-21.592928,-23.056396,-26.978298,-22.35595,-19.751324,-19.259022,-18.791822,-30.004576,-28.242146,-34.119484,-31.710842,-21.626738,-21.502209,-25.219063,-35.067673,-20.54474,-23.406275,-23.043106,-24.728413,-23.313023,-27.467754,-29.24088,-18.493294,-18.55996,-21.01189,-22.862148,-42.522408,-26.360268,-32.992546,-30.031116,-18.227957,-22.302015,-28.481325,-29.138996,-27.026573,-39.623184,-40.317726,-23.450077,-15.55311,-16.384193,-27.080454,-30.129932,-21.357998,-19.029509,-22.413612,-39.90641,-28.471518,-35.366947,-24.70293,-30.817574,-21.566982,-17.105923,-18.056082,-22.16571,-28.723639,-27.538696,-21.467644,-17.237411,-18.845642,-26.45945,-20.47145,-22.940527,-21.356634,-23.614817,-24.010784,-23.472408,-25.431358,-23.10603,-21.626453,-16.664917,-16.453125,-23.0415,-26.457485,-19.856499,-19.94759,-16.990364,-18.211853,-25.243622,-19.083332,-22.956652,-43.005856,-25.32075,-29.010267,-38.551178,-25.412006,-17.060291,-17.09025,-30.600912,-16.184547,-25.363699,-19.210148,-20.608788,-24.34234,-27.358154,-22.777357,-20.40165,-22.50419,-23.19378,-22.724194,-26.732658,-32.690037,-24.646107,-20.198782,-22.079002,-23.58823,-25.899782,-24.994099,-17.327368,-19.494425,-26.012785,-43.127586,-22.651197,-23.263927,-28.675756,-30.56888,-23.67345,-24.03752,-21.027035,-22.218132,-35.064114,-28.550346,-29.483845,-25.629673,-18.076105,-27.25364,-40.628338,-22.91882,-23.38723,-33.95718,-31.896349,-25.033504,-17.738928,-23.030567,-23.904633,-22.746716,-27.421522,-36.94274,-27.74937,-30.380648,-21.4808,-19.516596,-20.360945,-23.066021,-30.255327,-19.928608,-28.949732,-31.21911,-21.780773,-22.778954,-26.369862,-27.090569,-24.237852,-24.786148,-23.850136,-27.512575,-39.70664,-23.801325,-23.148184,-21.623482,-29.002268,-27.751125,-26.579607,-21.296074,-16.352282,-16.543392,-21.051308,-22.036634,-22.340284,-25.014992,-27.807768,-24.00756,-31.756527,-22.588165,-24.715164,-24.028545,-22.002405,-26.785744,-31.67531,-24.732853,-26.63427,-24.287964,-22.220284,-22.469559,-29.96856,-20.805023,-18.442593,-23.55039,-19.815758,-18.25321,-15.664562,-20.282255,-20.300264,-16.676458,-22.783813,-27.905613,-27.770779,-30.947235,-33.657887,-23.08303,-25.051191,-23.206198,-23.978237,-26.878359,-31.26824,-23.321203,-23.194994,-24.70417,-24.742825,-32.451164,-30.689062,-21.561665,-16.882942,-17.017967,-17.937298,-19.374485,-14.391922,-21.402985,-25.114075,-18.37052,-21.673857,-24.365665,-16.578028,-18.862865,-24.409214,-22.663082,-27.113054,-28.96272,-25.85244,-17.450165,-22.819672,-20.778278,-27.04192,-20.462406,-20.83199,-27.318691,-37.783073,-16.335716,-17.25962,-33.06252,-31.548021,-36.603077,-26.998661,-22.817883,-17.85437,-15.304148,-14.718359,-13.166437,-13.387566,-19.591015,-19.880943,-19.056833,-17.892593,-16.751991,-21.155266,-21.2705,-19.52396,-26.868443,-21.267572,-28.654112,-21.30854,-22.1872,-30.388887,-24.932003,-20.75241,-16.712332,-17.163994,-17.66413,-17.809776,-21.03001,-19.353954,-21.106842,-27.51559,-20.490929,-15.249289,-16.986023,-21.198568,-27.993351,-32.575134,-36.637897,-27.95584,-34.22968,-43.290916,-17.459536,-15.567558,-27.245787,-33.56973,-37.047134,-40.17933,-26.271742,-23.661068,-25.35041,-41.447235,-23.20358,-19.517464,-20.460121,-23.247288,-19.85396,-17.718246,-20.387327,-22.570183,-26.125505,-33.007084,-25.328947,-21.969763,-33.076923,-29.035551,-20.349508,-18.6231,-30.456274,-23.622593,-34.53201,-45.10444,-29.761726,-23.424234,-35.928185,-25.872894,-25.316473,-28.224375,-43.801453,-22.485909,-22.46933,-29.573542,-24.552134,-32.579807,-31.604374,-29.412312,-28.127298,-25.024555,-18.899231,-19.989239,-30.05194,-22.57341,-23.669054,-26.762505,-25.360786,-21.069416,-16.699915,-19.292068,-18.732706,-21.62001,-19.144258,-21.289097,-21.393358,-20.57949,-19.33415,-21.77282,-24.572754,-27.838963,-24.233639,-20.94793,-26.388206,-19.140274,-18.572018,-21.719257,-27.911201,-32.97281,-20.337746,-15.289448,-18.816038,-19.892601,-22.485254,-24.279732,-18.822126,-20.260105,-16.737179,-20.70014,-19.313662,-24.574928,-27.568085,-26.900703,-25.923483,-26.946552,-18.558735,-20.48718,-25.71484,-19.430265,-16.474087,-21.890718,-21.713867,-19.10265,-19.102932,-20.320011,-24.90991,-26.718437,-20.747612,-17.809305,-17.705334,-24.229136,-30.870552,-27.810959,-24.236687,-25.546745,-21.747229,-21.882418,-15.771006,-14.279892,-18.000484,-31.482222,-43.54254,-29.611486,-27.133144,-25.229698,-23.974052,-20.27853,-24.176945,-38.56171,-28.521755,-23.913153,-23.192307,-26.544495,-25.487465,-24.021692,-18.35459,-22.368435,-24.904549,-25.11246,-21.51923,-20.490028,-31.012619,-28.975294,-31.874447,-36.488445,-30.117804,-23.414625,-19.072691,-20.499037,-25.0069,-17.744408,-11.448355,-10.927172,-11.986664,-11.891851,-11.991884,-12.058184,-11.93858,-11.992691,-11.971447,-11.854218,-10.600893,-15.207275,-35.540646,-80.0,-80.0,-80.0,-80.0,-80.0,-80.0,-80.0,-80.0,-80.0,-80.0,-80.0,-80.0,-80.0,-80.0,-80.0,-80.0,-80.0,-80.0,-80.0,-80.0,-80.0,-80.0,-80.0,-80.0,-80.0,-80.0,-80.0,-80.0,-80.0,-80.0,-80.0,-80.0,-80.0,-80.0,-80.0,-80.0,-80.0,-80.0,-80.0,-80.0,-80.0,-80.0,-80.0,-80.0,-80.0,-80.0,-80.0,-80.0,-80.0,-80.0,-80.0,-80.0,-80.0,-80.0,-80.0,-80.0,-80.0,-80.0,-80.0,-80.0,-80.0,-80.0,-80.0,-80.0,-80.0,-80.0,-80.0,-80.0,-80.0,-80.0,-80.0,-80.0,-80.0,-80.0,-80.0,-80.0,-80.0,-80.0,-80.0,-80.0,-80.0,-80.0,-80.0,-80.0,-80.0,-80.0,-80.0,-80.0,-80.0,-80.0,-80.0,-80.0,-80.0,-80.0
-29.736467,-30.559065,-26.709383,-22.619522,-24.044233,-25.795692,-22.97171,-26.372755,-19.983406,-20.040415,-19.088215,-18.57985,-23.624472,-26.045135,-25.12323,-23.77386,-25.995323,-27.389303,-33.896347,-35.749786,-31.808025,-35.02356,-24.69277,-23.741673,-33.34612,-24.512913,-21.547424,-24.122046,-31.424196,-35.082546,-28.118662,-22.955122,-19.35706,-19.766937,-18.717535,-18.443909,-18.76978,-25.384525,-25.083624,-25.55223,-27.245749,-30.103912,-27.526386,-24.576214,-24.913935,-28.078394,-21.634933,-22.866129,-25.857018,-25.672138,-31.045448,-30.91016,-27.03041,-30.288818,-29.80917,-25.16021,-23.50757,-19.904858,-22.513765,-25.936707,-26.681164,-23.828074,-29.731052,-29.456528,-27.15646,-22.068405,-24.080791,-18.781063,-22.489319,-21.172964,-21.476112,-26.042372,-21.425617,-18.422407,-17.829092,-17.3013,-20.29835,-24.036129,-23.876858,-28.971754,-23.384342,-23.492222,-26.834526,-28.746128,-40.45877,-25.319641,-21.256626,-20.962082,-20.66113,-22.12822,-23.91475,-25.716217,-26.219341,-19.888573,-20.591166,-24.636257,-24.949558,-21.89536,-18.27208,-22.884197,-24.53107,-25.875557,-25.164362,-29.359024,-29.461216,-22.494438,-21.515348,-23.509954,-25.625921,-26.268911,-26.149685,-31.243109,-39.25785,-26.298368,-20.242615,-20.439428,-20.763317,-24.920614,-27.101303,-25.6506,-27.33309,-35.63386,-26.562443,-21.407084,-23.833206,-27.902157,-30.394188,-31.00269,-31.110062,-20.270914,-19.688992,-29.483318,-34.79335,-32.15274,-27.69228,-27.447525,-22.428007,-29.374819,-29.215605,-26.38268,-26.304579,-27.268871,-26.952482,-29.055454,-28.210667,-23.389528,-20.27786,-21.2003,-21.93746,-22.727308,-23.645771,-18.022655,-19.190315,-23.019375,-24.086472,-28.65444,-21.88607,-19.052998,-21.398548,-27.848206,-34.88398,-30.318989,-30.129124,-26.503208,-26.472282,-24.247799,-20.743023,-17.871489,-16.946413,-22.429762,-25.546886,-23.39566,-23.300884,-23.742458,-21.418018,-24.596922,-17.544907,-18.458221,-24.311893,-21.709213,-27.266537,-30.746084,-31.108791,-26.800406,-25.096798,-24.806269,-23.69499,-26.338146,-23.760033,-24.378933,-28.448715,-24.43174,-20.682388,-20.017418,-18.893948,-27.407135,-27.837063,-30.066147,-29.398651,-21.3068,-22.353077,-26.789661,-31.7433,-21.48212,-20.514824,-21.185547,-25.055786,-23.770832,-29.395292,-30.6138,-19.247913,-18.29615,-20.65688,-23.120022,-24.292519,-20.814978,-23.407475,-24.204472,-18.740042,-23.664865,-25.727152,-31.659616,-25.901318,-23.897339,-24.201168,-26.155283,-16.568804,-16.833202,-28.623135,-27.72604,-21.41924,-21.91867,-22.083315,-32.131622,-26.611197,-33.16217,-26.39738,-27.753563,-24.256487,-19.021263,-17.778831,-24.009596,-31.402706,-28.366604,-19.617659,-16.206268,-18.530117,-25.322353,-23.479776,-22.181759,-19.521984,-18.804075,-18.38636,-19.05225,-25.47956,-23.723602,-17.829807,-16.716396,-18.340523,-23.711258,-27.578695,-20.702763,-21.313255,-17.760433,-17.487537,-22.161467,-19.300072,-22.053814,-25.673454,-25.579657,-28.407679,-27.442898,-25.944859,-17.72561,-17.601303,-22.823284,-18.28394,-22.727085,-20.306286,-22.025642,-24.458523,-22.771534,-25.13767,-21.617521,-25.068775,-25.591587,-24.844978,-27.920685,-33.027607,-23.65388,-20.501198,-23.112877,-26.123434,-29.025053,-26.613424,-18.415718,-17.955458,-21.506437,-24.763983,-22.787066,-26.37033,-29.675823,-30.574978,-26.48912,-26.357592,-21.125883,-22.602684,-30.228533,-27.628939,-31.424646,-24.91286,-17.754004,-23.180038,-25.329876,-24.299135,-25.33326,-27.106035,-28.629517,-24.576773,-20.512262,-22.446957,-23.149397,-25.606314,-27.46329,-35.235783,-28.03283,-29.715162,-23.07274,-21.506811,-21.453245,-22.9618,-25.277832,-18.452469,-21.130964,-23.256289,-23.594215,-25.569021,-28.81117,-29.297813,-25.118206,-23.83863,-21.553846,-21.767937,-23.832302,-24.0127,-25.358875,-23.555107,-24.067142,-26.44984,-28.538519,-24.202496,-17.420694,-16.776762,-21.386042,-22.878698,-23.870106,-26.773598,-28.782322,-27.007114,-25.561481,-19.802753,-18.989014,-23.922152,-21.984682,-24.456928,-33.541275,-26.825144,-28.602776,-25.690573,-24.775906,-22.11752,-28.441101,-19.627323,-19.683271,-25.836882,-21.920845,-19.031116,-16.789867,-19.337074,-21.395182,-17.045628,-22.235048,-29.165085,-28.112553,-28.839575,-25.213884,-20.504786,-23.687668,-24.19017,-26.555649,-25.59231,-27.06385,-22.353676,-26.318838,-23.89348,-26.30154,-35.036385,-27.9964,-22.625235,-17.975487,-20.113997,-17.777245,-19.276218,-15.7234535,-23.378193,-27.850563,-18.86687,-22.028976,-25.337284,-18.57759,-20.796555,-27.368927,-24.715965,-28.599306,-25.379227,-21.899372,-20.399467,-19.67782,-17.475307,-19.709923,-17.959988,-18.275253,-21.582064,-19.208117,-14.725327,-16.075792,-26.85452,-34.624825,-29.760696,-23.216845,-21.284506,-20.759308,-17.164515,-15.694363,-13.555309,-14.694822,-19.890089,-20.92487,-21.7239,-16.679865,-14.464743,-16.055471,-18.381302,-21.93027,-27.081032,-22.130457,-29.59965,-23.172157,-23.208096,-27.662624,-26.027822,-23.752312,-19.09235,-19.568346,-20.33152,-20.081331,-24.106686,-22.020496,-19.042446,-26.547607,-23.141743,-15.706856,-16.362831,-19.319275,-26.068079,-33.065678,-34.335884,-30.824272,-30.986168,-28.413462,-15.929798,-16.06201,-30.301725,-35.044327,-34.51232,-31.066484,-22.981886,-20.155157,-22.936949,-36.94789,-23.932865,-21.646288,-22.907066,-20.766174,-20.22375,-20.56204,-23.355392,-25.465046,-28.819706,-27.498436,-22.302773,-22.614712,-29.8345,-30.673632,-21.606012,-19.902191,-25.658371,-24.725025,-31.179121,-37.876743,-31.344658,-25.916756,-27.431469,-26.962324,-27.549961,-23.826082,-24.525375,-21.44482,-23.163551,-26.134766,-25.879976,-27.41403,-32.155567,-25.571697,-27.07929,-25.356228,-19.554604,-20.653343,-30.59764,-23.748959,-25.031216,-28.483372,-22.545164,-19.830603,-17.14609,-17.467525,-18.9702,-21.976383,-18.285004,-22.068584,-23.325089,-19.31894,-19.284142,-23.072208,-25.921955,-28.78447,-25.711884,-20.24258,-23.591368,-22.018679,-20.903862,-21.917503,-29.128208,-29.783525,-19.60903,-16.912107,-20.745829,-21.183386,-22.731466,-22.963043,-19.02005,-20.435768,-19.071217,-23.125933,-21.429462,-27.614626,-30.458813,-29.580328,-27.602106,-23.600595,-21.145388,-21.160069,-28.162832,-20.921389,-16.885836,-19.502245,-22.808784,-21.904917,-21.777405,-22.863897,-26.961973,-28.287182,-22.29154,-18.594223,-18.914055,-26.535355,-30.084248,-28.356949,-26.374264,-24.176306,-21.816177,-22.342468,-17.656567,-16.589472,-19.083769,-31.082245,-33.932236,-26.422031,-23.940369,-26.832968,-25.94426,-21.582684,-25.075455,-29.966368,-25.157099,-22.98061,-22.436474,-23.16833,-23.7892,-23.24624,-18.328634,-21.469517,-27.620209,-26.825424,-23.741447,-20.60392,-28.995817,-31.60143,-34.839638,-35.52782,-29.105415,-24.768139,-18.311731,-20.360554,-27.31751,-19.855297,-14.464045,-14.0400505,-15.052948,-15.010536,-15.104393,-15.156418,-15.062494,-15.096962,-15.078699,-14.9739685,-13.5205345,-16.89831,-35.9585,-80.0,-80.0,-80.0,-80.0,-80.0,-80.0,-80.0,-80.0,-80.0,-80.0,-80.0,-80.0,-80.0,-80.0,-80.0,-80.0,-80.0,-80.0,-80.0,-80.0,-80.0,-80.0,-80.0,-80.0,-80.0,-80.0,-80.0,-80.0,-80.0,-80.0,-80.0,-80.0,-80.0,-80.0,-80.0,-80.0,-80.0,-80.0,-80.0,-80.0,-80.0,-80.0,-80.0,-80.0,-80.0,-80.0,-80.0,-80.0,-80.0,-80.0,-80.0,-80.0,-80.0,-80.0,-80.0,-80.0,-80.0,-80.0,-80.0,-80.0,-80.0,-80.0,-80.0,-80.0,-80.0,-80.0,-80.0,-80.0,-80.0,-80.0,-80.0,-80.0,-80.0,-80.0,-80.0,-80.0,-80.0,-80.0,-80.0,-80.0,-80.0,-80.0,-80.0,-80.0,-80.0,-80.0,-80.0,-80.0,-80.0,-80.0,-80.0,-80.0,-80.0,-80.0
-29.410633,-32.490196,-24.778915,-20.767967,-24.583878,-27.739937,-23.421814,-37.886868,-20.90044,-19.404705,-17.205196,-18.360489,-31.496704,-24.205124,-23.104614,-23.377193,-26.637997,-28.008797,-32.006653,-39.75071,-30.757854,-31.814363,-23.745964,-24.576773,-31.053066,-30.515253,-28.687122,-23.181234,-29.122871,-37.381817,-26.323383,-20.442913,-16.846468,-16.760225,-19.279089,-19.84211,-19.577389,-31.744078,-28.670725,-28.534676,-28.369064,-27.096375,-26.350086,-23.881931,-25.678165,-25.70343,-19.988426,-21.86611,-25.43042,-24.163479,-29.482962,-40.095016,-26.984758,-27.605228,-35.323605,-30.18082,-29.002615,-19.475851,-20.3153,-24.472023,-27.806585,-26.58343,-27.214352,-27.020304,-30.06099,-21.555723,-26.186436,-17.215034,-21.159866,-20.894615,-20.837622,-31.141003,-18.925615,-16.908566,-16.25663,-14.997889,-21.663408,-26.489304,-23.663187,-26.611385,-22.84572,-21.816635,-31.269302,-30.01928,-38.461315,-25.907604,-22.330198,-20.65189,-18.744911,-21.565027,-20.835827,-25.231432,-27.941174,-21.066849,-18.38209,-22.057674,-26.149023,-19.14025,-17.536537,-19.84262,-26.499882,-27.174572,-22.935965,-26.285212,-36.27212,-23.498852,-23.979351,-27.619534,-27.28403,-23.105125,-27.057379,-30.478317,-35.900475,-28.276072,-23.258766,-29.456264,-21.915594,-22.74252,-35.02436,-29.701694,-27.072208,-43.045692,-25.203697,-21.452768,-28.928638,-33.50066,-34.408115,-28.871809,-30.088821,-19.992838,-20.453903,-30.025255,-33.826992,-31.17051,-26.77018,-32.574287,-22.135733,-29.871058,-27.410631,-29.10548,-30.381075,-25.41806,-24.891972,-28.752344,-32.868874,-23.272549,-22.887863,-22.768433,-22.019053,-23.413763,-24.443697,-17.313517,-19.335945,-28.516834,-22.11115,-33.21598,-26.666166,-24.068592,-21.523642,-24.632341,-31.978476,-33.590374,-28.741472,-24.495487,-23.54987,-23.130615,-20.645788,-16.777401,-15.656435,-19.55206,-22.668476,-21.135342,-23.389503,-23.507656,-20.244144,-23.246292,-16.467073,-18.504837,-25.477444,-23.971882,-26.31546,-30.35809,-41.4525,-31.870008,-29.387728,-31.059769,-25.570942,-31.78541,-27.374435,-25.838715,-30.288925,-28.061615,-21.66163,-20.735039,-18.780798,-25.704687,-27.215906,-27.936872,-27.807922,-20.842655,-23.227339,-29.002316,-29.865484,-22.491386,-18.767223,-19.784843,-25.210989,-23.986652,-32.12441,-32.198814,-19.933128,-17.969604,-20.24298,-23.289602,-21.137257,-18.229227,-20.548378,-21.788216,-19.135,-25.075298,-23.79065,-36.68631,-24.864836,-20.72408,-20.958754,-30.69324,-17.668608,-17.194698,-30.221497,-25.952972,-21.245592,-29.77005,-21.577969,-28.946096,-24.978178,-31.122353,-28.463428,-25.849953,-31.270468,-21.91385,-17.376877,-26.955997,-37.031975,-28.871859,-18.271551,-15.300268,-18.131836,-24.23917,-34.629654,-21.437683,-18.177023,-16.466314,-15.9605465,-16.798647,-25.249218,-24.21625,-15.7314,-16.629896,-21.390291,-24.358639,-28.909058,-21.572584,-22.885204,-18.438728,-16.781052,-20.37247,-19.410381,-21.250425,-22.649578,-25.408825,-27.229698,-24.29552,-26.34214,-18.3568,-18.041645,-20.18507,-22.048948,-20.996471,-21.582989,-23.637077,-24.220089,-20.531364,-29.649748,-23.023897,-30.753277,-30.50307,-28.509136,-29.218323,-32.770653,-22.721798,-20.720537,-24.171436,-31.58564,-41.101852,-28.91173,-19.643578,-16.777155,-19.285648,-21.740395,-22.676006,-43.651955,-30.806904,-30.376877,-33.916103,-30.139585,-21.041227,-22.862938,-27.863731,-26.672703,-34.64007,-24.141315,-17.262724,-20.735788,-22.21685,-26.088554,-28.453762,-24.42009,-26.577627,-24.09713,-28.38287,-21.67286,-22.189737,-33.337803,-27.393543,-33.655098,-27.982704,-28.962156,-25.331154,-24.831509,-22.67635,-22.7457,-22.959255,-17.261316,-18.31714,-20.490303,-26.371843,-33.337814,-33.887638,-33.096878,-25.85595,-22.918976,-20.030844,-19.277338,-20.688581,-24.125496,-29.424732,-26.603138,-21.672997,-25.03113,-31.168962,-33.240623,-18.632507,-16.920605,-21.46534,-23.52567,-25.652157,-29.12432,-29.541178,-35.8538,-22.878666,-18.08912,-16.458673,-23.132221,-21.558048,-22.73045,-36.13639,-30.489838,-31.703854,-27.509811,-30.209782,-21.511087,-26.429716,-18.632124,-21.15446,-29.899094,-25.538868,-19.79721,-18.078539,-18.452435,-22.66277,-17.288559,-21.608234,-30.701548,-28.30655,-27.355942,-22.41016,-18.682709,-22.476837,-25.28793,-32.539608,-24.358168,-24.378109,-21.27373,-36.37208,-23.109442,-28.474676,-40.360798,-26.254316,-23.855173,-19.240513,-32.337914,-17.312347,-18.869905,-17.446745,-26.057018,-31.474844,-19.169434,-22.30621,-26.395212,-21.965359,-23.948402,-38.349686,-28.200962,-30.3591,-23.212357,-19.67913,-29.878939,-17.759962,-15.545105,-17.089563,-16.319294,-16.586193,-18.924965,-16.14847,-13.495266,-15.053366,-24.191341,-40.025753,-27.171854,-21.160341,-19.992735,-30.608635,-20.134438,-16.798672,-13.852489,-16.35207,-20.104757,-22.11621,-27.86423,-15.666903,-12.925823,-13.693508,-16.592117,-26.780983,-26.665697,-22.807049,-30.555653,-26.09554,-24.28481,-25.871338,-27.229279,-35.511154,-24.07408,-24.736979,-27.338364,-24.568626,-36.827133,-28.001194,-17.421764,-24.586996,-28.50884,-16.02797,-15.764511,-17.903734,-24.643276,-33.389656,-32.81659,-38.953358,-28.425142,-24.654873,-14.617504,-16.355318,-40.92825,-36.188145,-32.09254,-28.170837,-21.01011,-18.190481,-21.301119,-32.97231,-24.518051,-25.529829,-28.206339,-19.076172,-20.490147,-29.11624,-33.70149,-34.663437,-35.215424,-24.88607,-20.440746,-23.238964,-27.990139,-32.479965,-23.106426,-21.526024,-23.438892,-26.034489,-29.137764,-34.29258,-33.010597,-31.327759,-24.707645,-28.06245,-31.366468,-21.591228,-21.394344,-20.50721,-23.857803,-24.198555,-27.591663,-25.01907,-31.254028,-23.338041,-25.76022,-25.18511,-20.162485,-21.25239,-30.106808,-25.08773,-26.791302,-30.827,-20.793005,-18.807493,-17.517052,-16.148188,-19.096066,-22.15239,-17.415075,-22.810085,-26.440962,-18.268955,-19.133331,-24.699451,-27.400177,-29.266249,-26.830286,-19.386734,-21.76384,-31.52634,-25.637297,-21.903791,-29.769522,-26.649723,-18.704126,-18.989628,-22.776882,-21.926216,-22.617262,-21.7295,-18.970875,-20.483126,-23.854284,-28.386383,-25.20836,-39.566727,-40.140587,-36.42102,-29.646065,-21.554203,-26.818913,-21.681767,-33.51662,-22.895958,-17.226885,-17.922323,-24.086178,-30.24051,-28.651548,-28.761425,-30.465847,-30.489538,-24.466957,-19.397282,-20.387117,-30.706068,-28.824041,-28.77316,-30.310713,-23.079552,-21.681637,-22.510803,-20.716152,-21.25288,-20.282822,-30.437006,-31.159817,-24.53519,-22.028034,-28.990244,-29.27412,-23.227737,-26.042183,-27.21347,-23.165375,-22.1664,-21.736443,-21.25505,-22.49936,-22.497581,-18.139011,-20.673306,-34.248558,-29.117403,-27.50151,-20.53915,-27.497953,-37.944973,-46.049923,-34.545254,-28.072012,-26.375742,-17.541105,-20.07022,-31.8288,-23.679672,-27.42238,-35.95075,-30.719175,-39.832043,-37.240097,-34.164867,-45.299614,-35.169273,-35.792095,-40.413086,-23.792084,-19.390907,-36.221394,-80.0,-80.0,-80.0,-80.0,-80.0,-80.0,-80.0,-80.0,-80.0,-80.0,-80.0,-80.0,-80.0,-80.0,-80.0,-80.0,-80.0,-80.0,-80.0,-80.0,-80.0,-80.0,-80.0,-80.0,-80.0,-80.0,-80.0,-80.0,-80.0,-80.0,-80.0,-80.0,-80.0,-80.0,-80.0,-80.0,-80.0,-80.0,-80.0,-80.0,-80.0,-80.0,-80.0,-80.0,-80.0,-80.0,-80.0,-80.0,-80.0,-80.0,-80.0,-80.0,-80.0,-80.0,-80.0,-80.0,-80.0,-80.0,-80.0,-80.0,-80.0,-80.0,-80.0,-80.0,-80.0,-80.0,-80.0,-80.0,-80.0,-80.0,-80.0,-80.0,-80.0,-80.0,-80.0,-80.0,-80.0,-80.0,-80.0,-80.0,-80.0,-80.0,-80.0,-80.0,-80.0,-80.0,-80.0,-80.0,-80.0,-80.0,-80.0,-80.0,-80.0,-80.0
-26.433699,-22.375088,-22.893858,-23.382875,-22.931751,-25.668596,-27.569572,-25.108566,-21.857166,-43.365097,-19.712337,-19.925446,-26.388601,-27.355993,-24.68401,-33.9015,-31.160782,-29.090332,-33.725464,-34.850372,-29.24052,-22.108519,-20.175987,-24.723286,-33.597084,-30.22456,-33.370487,-26.816853,-23.092857,-25.536905,-24.824429,-21.72314,-13.260393,-16.910242,-25.137272,-26.867777,-22.795519,-29.04408,-38.16359,-28.826044,-25.729511,-26.463148,-31.832241,-29.893627,-37.298363,-27.461658,-21.333872,-18.448368,-20.953491,-22.597984,-23.905758,-32.224476,-28.119913,-28.950954,-30.668537,-27.08769,-20.500683,-21.529907,-23.622267,-27.491997,-35.40059,-29.284798,-33.886143,-22.610138,-18.266573,-17.434193,-17.778881,-15.071503,-19.085375,-19.177711,-26.913042,-23.17175,-14.790216,-20.573277,-19.022175,-15.005222,-17.629463,-25.611412,-27.334423,-33.063625,-21.091211,-30.919584,-22.997164,-22.009228,-27.959337,-20.51737,-25.11468,-22.111244,-17.339195,-25.29245,-16.987038,-21.213497,-39.773758,-27.5888,-20.367716,-19.929884,-27.88936,-20.054363,-18.831406,-20.763245,-29.229338,-24.554564,-22.829657,-22.748512,-20.88498,-22.577599,-34.060024,-27.772013,-21.55624,-18.96869,-23.537289,-22.356293,-20.605356,-22.245026,-21.630291,-20.316505,-21.217947,-27.565302,-34.52731,-29.148544,-29.650742,-32.239174,-26.331491,-26.233198,-26.33413,-29.58321,-30.802872,-29.164743,-23.184849,-25.938784,-22.219746,-29.85455,-31.551386,-35.106544,-26.446087,-20.845215,-18.40089,-23.360703,-33.17475,-34.618725,-32.81033,-21.504494,-19.99154,-21.895922,-25.85168,-22.329601,-30.27332,-24.173393,-18.98035,-17.00277,-28.633354,-16.443705,-18.446949,-24.389051,-19.450241,-20.032173,-28.614258,-25.243809,-20.83191,-19.367128,-27.506985,-26.806948,-31.687874,-20.201958,-18.11268,-31.43615,-26.065296,-25.964382,-15.984085,-17.516783,-19.902039,-19.24324,-22.628233,-24.256805,-19.986687,-20.815317,-17.81143,-16.53391,-18.32617,-21.698544,-23.292028,-30.457466,-32.817665,-31.71413,-29.108282,-21.782402,-20.018522,-21.136436,-20.457954,-21.272114,-27.298994,-28.749039,-23.301353,-21.6021,-16.914536,-26.104515,-23.837717,-28.526756,-28.351353,-20.132498,-26.062422,-34.426025,-37.234085,-25.9735,-24.902662,-19.988567,-24.537653,-20.620495,-24.924295,-28.087988,-19.393017,-26.978155,-26.051254,-32.336555,-17.323095,-13.806801,-19.085453,-26.308788,-19.749691,-18.771938,-19.127731,-27.090118,-23.982828,-16.120823,-15.404278,-16.810385,-18.544487,-21.356575,-22.211514,-21.901276,-18.773174,-17.149416,-19.671494,-20.924196,-19.477884,-23.155159,-21.247791,-24.392971,-27.546377,-17.038725,-17.976086,-47.12324,-25.317312,-22.557957,-22.68589,-19.469555,-21.52034,-21.9935,-22.63871,-23.804531,-21.82115,-14.967442,-16.843554,-15.483643,-21.701069,-23.229761,-14.784683,-18.445166,-26.434032,-30.42489,-36.83096,-24.630535,-18.802408,-16.806046,-20.532043,-44.20877,-24.51749,-29.750801,-22.657887,-19.416374,-19.078806,-18.486038,-25.801186,-22.693386,-22.902412,-24.912876,-27.289959,-20.69223,-26.915758,-18.480959,-19.307693,-21.502426,-22.863148,-22.20354,-23.289932,-26.358288,-24.740555,-26.482334,-25.136457,-22.860426,-30.491304,-22.061573,-24.001598,-24.03948,-30.902378,-21.134586,-24.015099,-20.438385,-22.20399,-19.89564,-29.348124,-38.656616,-28.791208,-22.97042,-20.114365,-20.345669,-24.442007,-25.646343,-24.208042,-39.632244,-23.226429,-15.596172,-14.370544,-18.636566,-29.898872,-26.402782,-21.531557,-22.827053,-34.894855,-24.103254,-17.95584,-17.346697,-21.486397,-31.903475,-27.885563,-23.29724,-27.380247,-30.066439,-25.185738,-23.429008,-26.050137,-23.754116,-18.67383,-14.69042,-18.382584,-26.56794,-25.588171,-28.450554,-26.355377,-21.760181,-22.298006,-27.751404,-17.96852,-16.64683,-30.825455,-26.514807,-23.802,-19.151333,-18.6656,-22.537006,-22.805122,-21.544949,-26.09421,-18.19502,-18.820156,-19.54635,-23.071682,-23.620586,-21.262356,-18.399862,-23.826256,-13.821079,-14.868067,-15.831945,-19.017467,-29.44104,-29.86906,-27.484156,-29.747173,-21.468647,-17.54739,-16.829464,-22.76331,-21.227367,-22.358444,-22.05849,-22.23239,-19.45518,-19.60231,-26.918186,-18.874718,-21.718311,-32.70244,-28.740221,-29.413227,-20.318659,-14.967083,-20.308498,-31.186247,-27.256021,-20.556147,-16.217268,-16.773012,-19.332645,-25.108387,-32.166023,-30.092548,-26.370287,-30.700148,-23.69136,-16.372292,-12.950972,-14.565689,-30.03418,-17.395714,-16.557848,-16.842463,-31.88931,-29.435764,-24.520226,-24.95524,-33.0261,-26.252392,-25.214598,-18.978851,-16.28607,-18.044773,-16.677778,-16.172047,-19.207245,-18.49861,-16.899546,-13.828461,-15.021193,-17.86022,-16.852287,-20.097015,-23.29637,-27.896912,-22.103958,-18.13706,-26.581371,-25.354668,-31.453255,-18.76334,-21.92088,-29.40866,-27.60728,-18.18641,-20.179867,-16.931175,-13.363113,-17.922602,-21.002628,-18.851416,-18.09097,-29.733486,-26.307743,-23.56863,-24.403267,-26.591228,-26.67374,-25.593056,-36.443085,-37.267242,-31.405527,-22.095015,-17.687979,-13.623783,-13.91824,-16.770597,-16.167343,-42.60685,-17.864305,-25.233326,-31.973892,-42.875698,-27.763065,-19.491074,-15.075811,-12.094151,-13.831917,-25.827112,-26.483511,-22.663519,-24.874,-19.587048,-20.461535,-21.558384,-20.545696,-21.780846,-32.005436,-26.821651,-18.048176,-24.160557,-21.802868,-22.940882,-25.957098,-25.555151,-19.934513,-20.188128,-31.81749,-39.19239,-24.35119,-23.177414,-35.463734,-34.913204,-40.820427,-26.196325,-23.980572,-24.82547,-26.197433,-26.540495,-24.661686,-23.783253,-20.82678,-18.260912,-22.191734,-34.947678,-27.381382,-37.307022,-23.797739,-19.72445,-19.111853,-18.887852,-18.347916,-23.274965,-22.657726,-19.891605,-24.455412,-31.570724,-26.042751,-23.04864,-24.101768,-23.820948,-23.40033,-23.274021,-21.015568,-16.46127,-23.359257,-25.885555,-21.611666,-24.577442,-28.153633,-22.300346,-21.23063,-16.980007,-15.802605,-19.899967,-31.695015,-27.169455,-20.094257,-20.096561,-15.409668,-14.475964,-13.912407,-11.945633,-12.09721,-17.555197,-18.306961,-16.147446,-23.11834,-29.833797,-32.320576,-25.867596,-26.583714,-38.554188,-31.295353,-22.591803,-18.440659,-18.147028,-19.269535,-34.378296,-23.024406,-26.578108,-21.826323,-29.921356,-28.566908,-24.925344,-26.598764,-29.268871,-34.965347,-47.680367,-25.345135,-25.818329,-23.285046,-21.015821,-28.356983,-53.68261,-28.474598,-20.197191,-18.146847,-29.477036,-27.35735,-20.529613,-26.470654,-35.322273,-25.741001,-21.857319,-26.417442,-39.707058,-27.78519,-31.88781,-27.62898,-21.811935,-35.988327,-32.22062,-25.004482,-25.079689,-25.512604,-18.155704,-31.268898,-24.687515,-23.865772,-19.860388,-20.05716,-26.55643,-32.37926,-42.16002,-32.051613,-25.105974,-23.617094,-18.146498,-20.20121,-28.712551,-33.177044,-27.717342,-29.476767,-36.922295,-40.00332,-39.712116,-44.4582,-37.85598,-42.38507,-41.67497,-37.38324,-23.577896,-22.93033,-35.787285,-80.0,-80.0,-80.0,-80.0,-80.0,-80.0,-80.0,-80.0,-80.0,-80.0,-80.0,-80.0,-80.0,-80.0,-80.0,-80.0,-80.0,-80.0,-80.0,-80.0,-80.0,-80.0,-80.0,-80.0,-80.0,-80.0,-80.0,-80.0,-80.0,-80.0,-80.0,-80.0,-80.0,-80.0,-80.0,-80.0,-80.0,-80.0,-80.0,-80.0,-80.0,-80.0,-80.0,-80.0,-80.0,-80.0,-80.0,-80.0,-80.0,-80.0,-80.0,-80.0,-80.0,-80.0,-80.0,-80.0,-80.0,-80.0,-80.0,-80.0,-80.0,-80.0,-80.0,-80.0,-80.0,-80.0,-80.0,-80.0,-80.0,-80.0,-80.0,-80.0,-80.0,-80.0,-80.0,-80.0,-80.0,-80.0,-80.0,-80.0,-80.0,-80.0,-80.0,-80.0,-80.0,-80.0,-80.0,-80.0,-80.0,-80.0,-80.0,-80.0,-80.0,-80.0
-27.10544,-24.472836,-36.467968,-35.506424,-24.363884,-34.289032,-38.798866,-36.2534,-23.548895,-22.256227,-53.11531,-26.389347,-34.57373,-38.55892,-31.069937,-25.312077,-25.414654,-32.476715,-34.61745,-35.24221,-35.248325,-24.854954,-25.683048,-34.13019,-29.391808,-29.103863,-31.656368,-26.085487,-25.632671,-40.07625,-26.136642,-20.816277,-15.821228,-20.0355,-23.99977,-32.684937,-25.956295,-29.437075,-34.51368,-24.334076,-23.69694,-30.900259,-34.618927,-28.353199,-25.885048,-30.186302,-25.693718,-31.496166,-27.007511,-30.26013,-28.07188,-28.61506,-27.191502,-35.05321,-34.55378,-35.655598,-24.070189,-24.743156,-25.52714,-21.104269,-22.22826,-23.28413,-25.076336,-23.645523,-23.042095,-19.08651,-35.647793,-19.517406,-18.00832,-22.906227,-22.454231,-18.333508,-15.898983,-17.277664,-24.063736,-25.021927,-22.020123,-33.36277,-40.114403,-23.01905,-18.613724,-20.193329,-17.689697,-16.042059,-16.62794,-19.890476,-34.42742,-21.988007,-18.928259,-19.143784,-20.96646,-24.218567,-30.395588,-39.768642,-29.776407,-23.361572,-24.59689,-32.968033,-25.053402,-25.889282,-23.005428,-29.949024,-33.971706,-32.72816,-23.681545,-19.869883,-27.331938,-21.796165,-23.500324,-25.731297,-21.063328,-19.865974,-18.452356,-20.43343,-26.772247,-25.77189,-24.497787,-49.269424,-35.02439,-36.61285,-38.391594,-56.005676,-34.358074,-35.734406,-30.838562,-24.658195,-27.357527,-29.487082,-26.474552,-30.306194,-25.53182,-28.33385,-25.89482,-25.317337,-29.452555,-20.700865,-24.504618,-24.572426,-29.838482,-30.452854,-30.086891,-24.87487,-25.461546,-32.528282,-22.940487,-26.939318,-25.026213,-34.280365,-25.318325,-21.224346,-16.578382,-15.918674,-21.423203,-26.966675,-31.511967,-18.686047,-16.930824,-17.426132,-20.027126,-19.94675,-24.160652,-21.694313,-25.014275,-21.179157,-21.500013,-23.952671,-37.910625,-28.309914,-23.374939,-25.44285,-27.719536,-31.754656,-29.549734,-27.841415,-23.441593,-24.707401,-28.075916,-19.015926,-16.972782,-20.324232,-21.63929,-22.954094,-26.976944,-37.08315,-26.457195,-31.736141,-21.149784,-24.379625,-17.478016,-16.316738,-21.32172,-32.058544,-24.43224,-19.998028,-17.799566,-21.239437,-26.608913,-33.36397,-27.853683,-20.906067,-22.992537,-31.152185,-44.318016,-30.841623,-25.523533,-21.981985,-27.152729,-24.666363,-25.435753,-29.592785,-23.144852,-24.13251,-44.207726,-25.819717,-19.345463,-18.20063,-23.480375,-24.347183,-25.69924,-25.372547,-18.588825,-24.634285,-25.623674,-21.60431,-21.823105,-23.689201,-23.68443,-28.327112,-36.614956,-26.156574,-30.054668,-16.751757,-21.88358,-23.406174,-25.142752,-25.508106,-20.036263,-18.943773,-20.78632,-22.566769,-20.74305,-23.487928,-22.343788,-28.307663,-34.873894,-26.429192,-27.905008,-28.594429,-27.155817,-23.900768,-20.86256,-22.936855,-31.556293,-19.116096,-23.584118,-25.046501,-18.056767,-24.041374,-23.911732,-24.786575,-25.91903,-27.026817,-29.114595,-24.371601,-27.966454,-29.965733,-26.190758,-25.612253,-36.59536,-18.38625,-18.414627,-21.554214,-21.807003,-34.576576,-24.764633,-20.272118,-17.752626,-18.745157,-20.280655,-25.52562,-22.326616,-35.91517,-23.691278,-28.628822,-33.178448,-27.105644,-22.716997,-23.864445,-25.368721,-22.830494,-24.29664,-20.989258,-17.37101,-17.18371,-17.696136,-22.261581,-29.359085,-23.408909,-20.176949,-19.565773,-30.085495,-30.326927,-25.10646,-21.041021,-23.97447,-37.412712,-24.270153,-22.16201,-23.852919,-26.844208,-21.85941,-27.584154,-19.175865,-21.465252,-36.555748,-28.11811,-27.343618,-30.504055,-23.716587,-17.988573,-19.918697,-24.675919,-21.277016,-40.55284,-26.006561,-22.428493,-32.509445,-23.153704,-18.572363,-26.478157,-23.200132,-18.778278,-23.330946,-16.187393,-22.869299,-44.485294,-24.724667,-26.661226,-24.675663,-27.972822,-32.880596,-31.778887,-23.323082,-18.705969,-21.84327,-30.110603,-30.83003,-28.816385,-23.276398,-23.2417,-30.775616,-22.36834,-20.614624,-20.493736,-20.894794,-21.233225,-28.362017,-38.40984,-21.787376,-21.227516,-23.860353,-15.784107,-14.616049,-18.023201,-24.55846,-25.976866,-22.266724,-26.883873,-32.520115,-30.244236,-21.027105,-27.041668,-23.06749,-21.086716,-24.671694,-27.66877,-21.438595,-19.969069,-19.4166,-25.491257,-19.648264,-24.242865,-28.231394,-27.380705,-29.282455,-19.959564,-18.849806,-22.666039,-32.27256,-38.452053,-26.667917,-19.015068,-25.787697,-22.361732,-23.202969,-26.32494,-29.771824,-25.233746,-24.377445,-31.979435,-16.334307,-15.5361595,-22.78155,-21.986385,-16.156538,-12.80051,-20.447021,-29.056202,-23.099384,-20.932457,-26.22446,-27.952745,-24.994541,-28.1249,-24.228899,-21.540123,-23.820328,-26.7309,-25.684254,-28.241634,-31.283337,-28.735851,-22.041515,-23.410152,-27.820673,-26.391808,-29.670876,-23.331158,-23.847633,-21.874573,-22.551405,-19.736496,-20.105972,-21.574492,-28.783714,-21.452171,-25.042725,-24.52349,-20.657438,-27.053797,-19.372635,-20.176426,-31.413372,-33.299274,-18.851599,-15.378597,-20.16135,-18.310581,-18.129925,-25.850979,-25.037754,-20.09068,-19.870283,-23.416128,-25.303856,-32.87547,-20.455725,-18.750668,-20.563,-15.124964,-16.513891,-26.684906,-19.263447,-21.733755,-26.77871,-30.573492,-27.108374,-22.594088,-17.659935,-19.407455,-20.210373,-15.486935,-24.638212,-24.362572,-22.157131,-30.502428,-24.095003,-22.259998,-23.808231,-25.13755,-25.767467,-25.799276,-29.165668,-21.303272,-17.375147,-17.93589,-22.599144,-33.915535,-42.483963,-21.865215,-23.839758,-29.48257,-30.712315,-26.86156,-22.419289,-30.158722,-32.30797,-37.112003,-30.093456,-26.404636,-24.326513,-21.743795,-24.87451,-23.314814,-26.681795,-24.414913,-27.93756,-31.117405,-27.774916,-33.741714,-37.474335,-26.844324,-23.422203,-28.431147,-22.419958,-21.21458,-25.1818,-20.705381,-19.769726,-24.825409,-32.809002,-35.25781,-34.573513,-22.422543,-24.01101,-26.069786,-24.466265,-21.388298,-19.250856,-24.023819,-27.399572,-38.20693,-35.741806,-23.37803,-20.647442,-18.835056,-21.07151,-23.862164,-21.764732,-34.41524,-28.696674,-24.061329,-17.039831,-14.706684,-20.568214,-20.604225,-13.775562,-13.519081,-18.619377,-26.008211,-19.54805,-28.671627,-29.695461,-26.679,-24.406622,-23.912992,-25.238472,-26.568533,-30.888968,-21.601276,-16.684683,-16.93939,-19.723324,-23.244041,-26.907043,-27.083282,-37.35207,-33.544533,-29.231716,-27.213522,-28.863369,-26.656303,-25.586128,-31.856924,-44.340485,-22.817968,-19.509604,-25.206055,-34.79026,-36.00093,-27.789522,-19.453156,-19.396725,-19.806168,-22.583378,-28.100859,-34.801125,-34.816868,-27.042288,-32.37012,-28.673317,-27.666155,-34.292675,-24.140747,-21.718002,-22.377947,-23.979822,-25.849247,-26.32462,-18.990845,-20.330353,-26.450937,-26.247746,-28.687075,-22.47329,-23.08179,-35.664936,-36.780922,-35.43879,-31.064722,-23.450954,-25.777409,-28.37558,-21.176739,-22.120369,-25.871521,-26.420437,-29.943691,-46.213627,-49.728607,-57.705257,-46.549065,-52.625137,-49.263714,-50.74144,-53.895645,-27.608725,-26.48729,-38.40864,-80.0,-80.0,-80.0,-80.0,-80.0,-80.0,-80.0,-80.0,-80.0,-80.0,-80.0,-80.0,-80.0,-80.0,-80.0,-80.0,-80.0,-80.0,-80.0,-80.0,-80.0,-80.0,-80.0,-80.0,-80.0,-80.0,-80.0,-80.0,-80.0,-80.0,-80.0,-80.0,-80.0,-80.0,-80.0,-80.0,-80.0,-80.0,-80.0,-80.0,-80.0,-80.0,-80.0,-80.0,-80.0,-80.0,-80.0,-80.0,-80.0,-80.0,-80.0,-80.0,-80.0,-80.0,-80.0,-80.0,-80.0,-80.0,-80.0,-80.0,-80.0,-80.0,-80.0,-80.0,-80.0,-80.0,-80.0,-80.0,-80.0,-80.0,-80.0,-80.0,-80.0,-80.0,-80.0,-80.0,-80.0,-80.0,-80.0,-80.0,-80.0,-80.0,-80.0,-80.0,-80.0,-80.0,-80.0,-80.0,-80.0,-80.0,-80.0,-80.0,-80.0,-80.0
-28.300629,-26.263235,-30.787516,-27.372217,-26.095608,-29.906796,-34.66313,-39.814117,-23.946877,-21.381413,-26.097853,-28.53643,-35.671143,-31.001198,-24.881382,-21.603767,-24.141321,-30.430948,-26.293962,-29.79459,-39.4097,-27.981653,-27.442905,-34.17711,-33.057716,-29.60086,-34.234337,-25.52776,-27.530285,-34.357464,-26.201029,-22.338108,-19.346779,-18.222273,-20.180466,-26.377132,-24.7011,-24.044098,-25.385513,-23.506542,-26.337948,-31.472021,-29.730553,-28.780632,-25.481607,-24.383451,-22.0102,-24.07568,-24.147266,-26.994259,-28.275513,-23.742266,-26.55537,-34.0427,-37.84043,-35.652206,-26.933031,-26.098284,-28.92248,-20.423265,-20.254814,-24.17105,-27.349075,-23.794136,-24.725775,-21.177692,-21.217278,-23.5212,-20.307673,-23.584171,-20.36601,-17.394463,-20.279524,-18.613354,-23.334976,-27.315716,-25.143494,-35.936543,-38.072624,-22.165075,-17.876799,-19.871315,-20.344494,-17.24759,-17.902328,-21.271215,-29.269472,-23.894615,-21.808807,-23.07877,-24.529251,-27.69425,-32.528187,-35.870636,-31.641218,-26.891079,-27.154705,-25.706219,-22.728256,-23.935715,-22.565163,-27.447767,-25.995895,-25.053782,-20.243626,-17.012114,-20.558115,-21.052544,-23.812609,-26.523876,-24.517197,-23.522886,-20.730965,-24.896828,-27.119074,-25.704361,-25.761955,-32.42492,-27.92622,-32.30069,-39.84853,-40.333763,-38.445217,-35.856804,-31.927555,-25.237719,-29.350147,-26.564575,-27.701939,-30.922926,-25.824345,-29.647903,-24.437542,-21.49829,-21.746927,-20.166721,-26.264576,-26.134594,-26.21753,-30.411896,-31.937704,-29.475523,-28.660084,-29.435078,-25.015789,-28.304884,-24.555672,-26.479584,-28.89791,-25.544277,-17.094501,-17.701502,-25.242981,-24.48193,-23.535614,-18.65408,-20.025331,-16.569796,-20.361807,-17.889002,-18.41098,-21.798409,-25.775131,-23.783531,-25.221361,-25.140522,-25.146372,-23.918594,-27.194054,-24.345009,-30.08039,-25.747007,-23.013811,-28.095314,-21.678621,-19.878046,-20.510633,-18.778952,-20.703983,-24.5845,-25.146446,-22.834095,-23.24388,-26.045156,-23.09634,-23.395899,-21.94978,-25.582132,-19.01646,-17.43654,-20.75179,-27.924932,-26.653494,-24.186886,-19.901302,-23.702675,-29.541225,-24.58649,-22.174692,-20.504925,-27.642323,-25.173016,-25.946468,-32.012436,-23.027647,-19.196407,-25.442862,-27.193613,-24.556442,-31.93056,-24.163927,-22.371372,-29.554848,-27.254467,-23.99779,-20.533648,-27.323355,-28.799334,-25.582092,-22.162518,-20.858215,-23.54511,-29.534195,-25.085167,-26.107277,-25.775078,-23.546465,-26.329271,-27.192646,-26.494917,-23.838959,-17.245401,-19.15753,-23.813091,-29.928516,-29.906105,-23.12418,-17.896414,-23.700495,-27.165897,-22.766567,-27.77104,-23.777704,-24.099852,-28.598518,-24.162193,-25.517826,-28.199326,-25.755962,-27.90596,-21.952356,-26.82164,-29.94408,-19.752922,-19.388237,-19.98024,-18.112026,-25.712713,-27.88783,-24.451452,-23.278725,-30.688957,-26.256802,-21.101795,-20.734938,-20.28687,-22.49893,-26.352951,-26.838179,-18.366283,-18.604889,-21.115622,-20.98359,-35.68097,-26.374172,-20.124323,-18.586807,-22.660303,-20.835821,-25.898289,-23.064579,-25.95024,-28.029057,-29.059013,-32.219402,-27.015509,-27.412163,-23.142614,-25.938961,-22.435501,-28.654928,-22.558283,-20.334333,-17.251202,-20.871445,-18.657492,-22.563189,-19.35086,-18.601528,-21.374146,-26.504889,-28.006292,-27.874725,-23.793972,-26.48338,-36.244606,-26.043056,-25.048061,-27.562365,-25.0196,-21.164585,-23.676683,-23.727772,-22.47143,-28.215582,-26.35818,-26.541199,-34.20298,-22.645443,-18.529465,-19.183327,-21.118671,-19.768242,-23.727022,-22.810268,-23.497225,-27.084515,-20.33022,-17.074821,-19.580086,-19.887543,-19.04675,-18.341055,-16.436882,-19.740234,-23.410572,-21.677055,-22.942823,-24.790771,-27.463026,-26.545565,-29.792156,-24.125288,-22.225046,-24.442188,-28.90968,-29.632013,-33.42137,-25.68596,-22.711246,-27.729416,-24.70665,-23.93525,-23.10952,-23.479042,-21.353722,-26.45686,-24.484114,-23.059582,-23.804409,-27.723562,-15.788876,-17.783579,-21.235579,-25.006763,-21.185371,-20.563602,-28.374212,-29.55098,-30.133194,-24.4977,-25.119984,-19.777866,-18.409283,-25.617016,-30.51572,-24.73791,-24.426235,-21.993374,-19.59289,-18.452976,-27.488487,-23.440527,-23.632526,-27.2964,-22.926842,-23.221737,-24.83437,-27.06535,-26.399801,-23.227432,-19.699095,-26.354034,-26.732956,-25.163551,-23.944885,-28.570103,-23.741302,-25.97269,-28.020716,-15.380936,-15.720209,-22.906073,-25.306301,-16.119295,-13.359316,-19.321835,-23.302002,-21.943169,-22.779243,-25.142933,-29.263432,-25.145916,-26.644604,-24.635609,-21.846416,-22.486547,-23.363483,-23.486837,-24.875177,-29.654745,-33.31785,-26.038044,-27.160639,-30.034788,-26.019314,-26.535488,-26.872946,-25.612938,-20.018997,-22.915123,-18.453484,-22.470236,-23.280918,-26.779667,-22.891647,-22.61621,-26.632969,-20.719875,-25.397285,-18.142982,-19.789583,-31.328312,-26.197712,-20.320435,-16.737438,-15.591427,-14.533361,-18.253614,-30.180264,-27.47227,-20.830076,-19.64161,-18.834038,-18.91288,-22.615356,-18.520348,-16.436525,-17.536215,-19.518242,-17.641714,-19.177055,-17.168262,-24.87039,-27.141426,-29.34558,-23.689312,-25.90992,-19.867577,-19.193048,-19.741339,-18.514439,-21.967901,-28.020233,-21.194775,-28.90664,-23.911541,-20.97088,-24.575436,-29.402578,-29.403244,-24.665407,-27.5658,-21.847202,-20.435024,-18.81961,-22.650343,-28.537874,-25.451954,-22.557775,-28.073328,-24.946009,-25.425917,-23.44021,-19.267036,-21.227295,-22.834427,-26.100134,-29.364704,-29.833206,-26.1779,-22.719948,-25.221321,-20.983974,-23.949814,-25.931585,-28.819954,-34.24612,-30.535969,-36.28071,-37.83172,-29.94495,-27.921494,-29.284119,-21.638432,-21.526033,-25.202396,-23.376148,-22.670425,-24.403824,-32.385506,-24.204952,-20.757809,-18.870113,-24.569466,-25.411106,-24.120752,-25.450714,-21.58383,-26.439018,-28.694553,-28.008024,-25.56184,-21.89821,-25.060091,-21.197453,-24.359024,-26.801487,-22.081198,-24.264652,-24.296711,-26.386318,-19.558575,-17.416965,-22.500834,-20.342216,-17.964808,-16.97238,-19.63495,-27.679749,-21.216522,-21.759567,-23.730145,-22.03824,-21.86715,-25.384346,-20.917234,-27.362473,-34.698566,-24.48901,-18.707287,-21.111547,-18.500942,-26.86253,-24.73396,-27.658829,-37.805412,-30.119167,-24.179373,-20.844086,-21.718357,-23.220379,-23.917328,-27.47811,-30.64492,-22.505074,-20.797092,-26.338835,-36.67425,-38.97033,-27.277124,-21.671558,-22.090065,-21.331743,-25.265064,-31.689749,-34.142147,-33.97263,-27.06088,-31.430716,-28.983978,-26.169498,-27.343033,-26.717186,-24.917908,-21.438385,-23.912601,-27.570694,-22.126783,-20.631943,-23.416334,-29.293587,-27.929653,-25.138891,-20.807673,-20.687284,-28.43052,-39.98474,-38.29453,-25.905064,-21.998947,-28.864746,-30.740646,-22.876312,-25.004223,-26.28091,-28.249039,-31.126993,-40.744545,-47.266315,-46.484314,-46.863834,-47.74386,-46.88967,-46.92392,-44.395634,-29.17198,-27.826303,-39.4752,-80.0,-80.0,-80.0,-80.0,-80.0,-80.0,-80.0,-80.0,-80.0,-80.0,-80.0,-80.0,-80.0,-80.0,-80.0,-80.0,-80.0,-80.0,-80.0,-80.0,-80.0,-80.0,-80.0,-80.0,-80.0,-80.0,-80.0,-80.0,-80.0,-80.0,-80.0,-80.0,-80.0,-80.0,-80.0,-80.0,-80.0,-80.0,-80.0,-80.0,-80.0,-80.0,-80.0,-80.0,-80.0,-80.0,-80.0,-80.0,-80.0,-80.0,-80.0,-80.0,-80.0,-80.0,-80.0,-80.0,-80.0,-80.0,-80.0,-80.0,-80.0,-80.0,-80.0,-80.0,-80.0,-80.0,-80.0,-80.0,-80.0,-80.0,-80.0,-80.0,-80.0,-80.0,-80.0,-80.0,-80.0,-80.0,-80.0,-80.0,-80.0,-80.0,-80.0,-80.0,-80.0,-80.0,-80.0,-80.0,-80.0,-80.0,-80.0,-80.0,-80.0,-80.0
-29.982758,-29.214172,-28.981674,-24.722353,-27.969091,-27.511774,-32.529827,-37.951183,-22.48103,-21.157177,-24.924809,-26.03712,-32.09507,-30.144165,-22.001999,-20.921425,-25.04801,-26.347055,-24.244114,-25.006994,-29.578163,-30.762333,-27.456087,-28.429914,-31.430958,-29.652702,-31.261919,-26.556908,-29.158472,-30.26336,-26.4785,-24.865837,-24.539116,-18.073338,-19.967651,-25.936768,-24.791527,-23.167294,-24.859083,-24.713459,-29.089535,-31.118277,-28.281755,-28.875679,-25.654198,-23.98965,-20.371956,-21.656937,-24.899025,-25.601082,-25.821472,-22.724174,-26.677866,-33.69262,-36.627094,-33.70152,-30.411203,-26.462263,-30.487833,-21.30598,-20.298298,-26.480875,-27.771778,-22.306473,-23.89135,-24.055302,-19.31015,-24.547997,-23.204187,-22.147715,-20.378635,-18.015083,-26.27649,-20.022316,-21.899403,-27.959637,-29.046562,-37.084763,-30.946463,-21.46975,-18.997509,-21.502499,-24.35812,-19.117374,-20.178232,-23.599201,-27.373056,-25.749088,-25.967968,-26.666561,-28.272434,-32.436104,-29.675444,-29.207756,-26.90017,-28.563364,-30.181126,-25.365335,-22.817678,-24.83037,-22.625587,-24.425152,-24.379753,-21.873102,-18.606398,-16.936743,-20.131054,-22.00014,-24.356253,-27.731627,-29.429775,-29.136467,-23.246578,-29.577324,-28.894236,-25.739365,-26.768623,-30.666265,-24.203129,-25.658184,-32.65494,-40.17329,-38.848366,-33.12537,-31.811451,-25.377731,-27.842285,-23.836174,-24.521008,-30.517843,-26.910404,-28.92597,-23.34826,-20.960789,-21.827415,-20.428776,-25.207018,-28.770775,-25.628294,-28.439407,-31.85353,-37.196976,-33.809437,-28.95499,-28.401747,-27.532328,-23.155727,-25.249495,-33.437286,-28.22781,-18.018963,-19.937305,-30.806597,-25.12714,-21.264477,-19.19551,-23.101723,-17.090206,-18.549452,-16.537708,-16.970226,-22.905798,-24.306774,-26.484447,-30.827497,-24.70092,-21.480604,-21.986965,-26.02259,-23.201828,-27.09967,-22.03946,-18.901154,-21.325241,-21.263094,-19.457245,-20.774212,-19.02747,-25.707678,-29.891296,-30.65749,-23.968159,-22.412807,-25.636984,-21.553593,-21.08344,-24.144268,-25.080015,-21.829548,-19.767157,-21.873436,-28.122028,-29.171743,-26.230064,-22.418392,-27.09324,-25.149382,-23.08118,-22.12642,-20.95821,-27.544611,-23.429382,-23.248457,-26.379675,-22.019657,-18.170507,-23.566687,-30.86654,-24.64191,-28.928776,-25.910542,-22.35909,-25.773083,-27.522694,-27.625399,-21.419216,-25.27983,-32.776585,-26.290798,-22.093258,-24.463264,-24.780968,-23.66179,-22.980858,-26.056828,-28.835825,-24.141685,-27.121994,-25.718014,-26.018116,-22.671757,-18.766558,-19.888954,-23.91072,-30.974712,-30.920345,-23.214115,-16.34661,-22.650583,-26.375177,-25.119213,-33.054626,-25.43475,-24.102222,-23.601221,-23.73199,-26.459793,-27.700422,-24.159811,-23.318035,-22.555393,-26.84554,-28.708645,-19.925488,-18.2291,-18.487526,-18.458542,-26.174725,-29.433268,-23.874863,-22.972157,-31.282581,-25.51913,-19.692173,-18.429539,-19.511381,-21.683437,-28.095695,-25.70648,-19.577318,-19.413898,-19.548054,-18.78619,-25.01596,-26.24458,-20.416626,-20.288582,-25.521038,-21.785326,-26.339119,-24.906439,-24.85759,-30.116743,-25.841429,-26.358742,-25.959522,-28.72129,-21.692322,-21.834911,-22.54652,-34.907413,-23.375237,-22.23111,-17.026134,-22.442482,-18.045767,-18.447575,-18.500462,-19.677591,-23.799389,-26.25537,-27.808023,-31.02309,-26.142365,-27.643524,-26.442335,-24.006876,-25.517212,-25.146658,-23.439575,-22.42094,-20.090405,-23.202234,-22.326433,-28.404741,-22.030647,-20.966986,-25.12963,-22.392117,-20.64623,-19.590815,-21.54511,-20.002295,-22.710846,-23.367847,-24.949238,-26.723381,-20.711843,-17.392336,-19.5587,-20.244263,-20.867218,-18.250822,-17.98123,-20.126871,-20.30253,-21.004353,-23.303425,-24.827148,-27.273785,-24.405268,-25.60336,-25.226244,-28.119232,-28.252254,-29.711798,-28.478367,-34.591606,-26.379757,-22.921959,-28.15784,-27.039427,-25.433605,-23.001991,-21.942333,-21.407494,-27.17022,-21.095652,-22.921253,-25.917217,-26.448982,-15.675592,-18.202206,-22.99123,-24.457535,-18.91361,-19.291855,-25.769901,-25.778858,-31.271343,-30.299267,-24.498566,-17.927225,-18.027172,-26.895597,-33.813805,-29.797964,-35.29773,-25.040318,-19.467018,-19.121323,-21.303173,-18.455215,-20.169218,-26.512583,-26.313362,-26.14964,-25.35099,-25.871529,-21.387787,-21.14851,-20.703358,-25.621094,-36.02215,-27.209307,-22.570034,-26.909838,-23.134953,-28.053982,-25.5065,-15.042015,-16.066422,-22.664062,-26.485798,-15.907949,-14.725431,-20.557814,-20.630915,-22.314907,-25.492054,-26.286236,-31.369862,-25.322407,-24.450253,-23.18861,-19.732723,-19.692522,-20.685743,-22.498096,-25.520798,-29.25271,-33.798237,-27.903404,-27.398895,-27.30416,-24.357994,-26.073517,-29.90984,-24.332325,-20.140427,-19.216286,-18.69991,-25.481798,-23.299389,-23.283783,-24.686443,-20.781242,-23.335222,-21.355625,-24.755991,-17.870445,-18.883818,-26.560051,-23.260767,-22.92503,-19.116592,-15.854111,-14.288574,-17.695763,-29.798073,-29.48042,-22.815655,-21.352766,-18.637577,-17.610088,-21.523462,-18.694935,-15.330114,-16.27481,-21.671558,-18.73936,-17.298176,-15.977524,-22.124237,-27.05418,-27.487183,-23.356615,-28.10979,-21.957123,-20.317863,-20.578697,-22.453245,-20.194817,-23.693857,-20.32436,-25.75251,-23.974762,-21.812735,-26.167404,-37.702076,-34.87141,-24.743319,-26.19702,-23.112461,-24.169758,-19.976849,-23.688917,-25.314857,-23.821825,-24.007797,-25.548271,-23.674255,-24.570087,-21.169693,-18.594845,-21.152185,-20.671585,-22.456762,-26.672073,-29.395807,-24.3513,-22.430576,-23.305405,-20.660702,-24.942595,-27.584152,-29.452002,-29.001356,-28.835043,-35.236347,-37.738564,-34.32865,-38.450348,-29.731304,-21.012365,-22.024956,-26.242771,-25.372543,-23.951975,-22.569424,-25.732029,-20.8216,-19.065285,-18.45454,-21.82158,-26.117756,-24.471222,-25.182987,-24.953552,-28.514923,-28.159534,-25.982506,-23.203878,-22.726997,-27.047235,-22.081161,-28.829954,-31.159275,-22.382046,-24.224241,-22.54739,-23.09113,-22.750023,-20.535711,-23.151388,-21.061586,-26.41766,-20.806713,-19.95694,-28.094158,-24.202053,-20.851376,-22.318062,-21.59275,-18.771069,-21.255419,-20.094566,-25.675545,-33.901463,-25.248386,-19.93012,-23.875963,-18.387047,-23.809528,-22.860668,-28.033085,-29.600855,-23.806087,-22.351646,-19.47836,-20.472946,-23.988247,-24.398308,-27.059166,-25.405209,-24.182053,-22.128628,-28.468506,-33.241123,-38.63676,-26.81634,-24.513515,-26.12038,-24.091938,-28.719187,-33.204983,-32.19204,-30.040375,-25.780514,-31.310673,-30.724834,-25.97231,-26.901897,-29.876183,-28.843605,-22.513504,-23.66195,-27.080387,-21.609035,-23.629131,-27.450504,-31.071413,-29.087706,-24.150288,-21.131655,-20.116379,-27.059517,-33.25779,-30.559858,-24.36785,-22.200373,-25.521748,-27.249365,-25.89547,-27.402515,-25.99495,-29.130276,-31.423302,-38.42453,-47.959,-46.42122,-47.80843,-47.802975,-47.565144,-47.379753,-44.710712,-30.974056,-29.348005,-40.62221,-80.0,-80.0,-80.0,-80.0,-80.0,-80.0,-80.0,-80.0,-80.0,-80.0,-80.0,-80.0,-80.0,-80.0,-80.0,-80.0,-80.0,-80.0,-80.0,-80.0,-80.0,-80.0,-80.0,-80.0,-80.0,-80.0,-80.0,-80.0,-80.0,-80.0,-80.0,-80.0,-80.0,-80.0,-80.0,-80.0,-80.0,-80.0,-80.0,-80.0,-80.0,-80.0,-80.0,-80.0,-80.0,-80.0,-80.0,-80.0,-80.0,-80.0,-80.0,-80.0,-80.0,-80.0,-80.0,-80.0,-80.0,-80.0,-80.0,-80.0,-80.0,-80.0,-80.0,-80.0,-80.0,-80.0,-80.0,-80.0,-80.0,-80.0,-80.0,-80.0,-80.0,-80.0,-80.0,-80.0,-80.0,-80.0,-80.0,-80.0,-80.0,-80.0,-80.0,-80.0,-80.0,-80.0,-80.0,-80.0,-80.0,-80.0,-80.0,-80.0,-80.0,-80.0
-32.676723,-37.302853,-28.681274,-23.159245,-28.003471,-25.589401,-31.24951,-33.424904,-20.023893,-20.697931,-25.171513,-22.63969,-28.233995,-30.934788,-20.500862,-21.7481,-28.221844,-23.61427,-23.805666,-21.946762,-25.356876,-29.81106,-25.625488,-24.907978,-28.043749,-29.853876,-27.87992,-31.394709,-30.19075,-26.83538,-25.535557,-29.989174,-27.609158,-19.11622,-22.501865,-28.557095,-25.245117,-23.520866,-27.208887,-30.892996,-30.186953,-30.490417,-28.316746,-27.908115,-25.389194,-25.799965,-20.069313,-20.564878,-33.25272,-25.264633,-23.752647,-23.63197,-27.484013,-31.630358,-32.472706,-31.737001,-31.566952,-25.530388,-28.13876,-25.34771,-22.479486,-32.147366,-25.1184,-20.80235,-21.761066,-27.132608,-19.360023,-21.089516,-26.259773,-20.362614,-22.703194,-21.166414,-24.102848,-21.429924,-20.387463,-25.221502,-28.784573,-34.042477,-26.864424,-21.249193,-24.924225,-29.616943,-29.221355,-22.891376,-26.114069,-29.393345,-26.195202,-24.687164,-27.855186,-23.456942,-26.858881,-32.888153,-26.166231,-25.427307,-23.505823,-25.27245,-29.692905,-27.942438,-25.672754,-30.611605,-23.369,-22.332497,-24.558567,-20.332684,-18.19263,-19.652843,-22.997437,-24.454987,-24.438934,-29.248499,-32.130405,-32.58523,-25.326912,-25.50663,-33.353264,-26.143665,-27.458965,-30.74897,-22.115688,-21.557062,-27.363424,-41.261913,-34.279728,-29.79425,-30.4526,-25.188698,-25.574467,-21.646042,-20.947336,-27.84743,-28.110905,-27.351433,-22.73811,-22.229975,-28.34071,-22.122599,-23.096792,-34.94237,-26.978117,-26.260956,-29.320213,-33.75721,-44.82254,-30.553679,-36.26811,-25.531487,-22.092533,-25.882439,-34.23103,-24.763166,-20.011158,-23.226158,-31.527409,-30.083593,-20.507212,-21.02232,-22.967375,-20.011646,-16.759373,-16.184193,-16.892244,-22.810059,-21.3905,-27.330254,-33.241726,-23.549946,-19.394764,-21.47182,-22.574814,-22.660343,-23.531536,-19.948175,-16.605124,-17.538828,-22.106562,-21.79538,-29.871746,-20.037888,-24.476093,-27.118103,-35.002426,-28.278723,-23.093147,-28.391224,-21.085745,-20.419937,-30.13652,-23.131475,-31.89424,-27.83703,-26.728247,-32.199955,-29.02375,-22.555647,-25.414677,-29.66228,-20.798344,-23.150637,-26.804644,-22.946667,-23.629566,-23.168861,-22.34021,-22.767002,-22.307396,-18.33675,-22.161987,-37.784866,-25.829851,-25.742912,-29.928461,-24.348194,-23.062656,-24.806217,-23.876404,-20.097626,-20.698025,-29.236416,-28.718494,-24.097256,-29.189167,-27.404423,-19.341309,-19.132336,-21.438667,-29.693304,-25.528082,-33.81483,-25.599178,-23.640102,-22.492775,-23.200434,-27.818823,-23.519764,-24.604551,-27.185726,-20.067543,-14.842432,-19.021133,-21.962606,-27.597103,-29.925142,-26.394321,-27.078384,-20.840286,-24.741226,-35.760944,-25.422842,-21.277603,-18.574821,-22.709778,-22.742933,-26.489017,-19.86632,-18.688831,-18.572706,-19.543037,-25.746563,-26.282305,-23.536545,-24.858116,-27.895859,-26.427452,-19.415533,-17.704952,-22.058163,-22.5159,-28.511175,-26.723042,-23.947544,-21.699049,-18.369284,-16.75659,-20.029076,-24.24639,-21.457329,-24.653986,-22.636784,-23.325485,-27.045406,-30.562876,-26.423672,-26.497242,-23.018269,-22.947998,-25.088594,-24.794098,-20.505047,-18.832787,-23.465515,-30.771982,-23.080124,-20.868145,-16.696705,-20.015984,-19.502457,-16.131968,-19.527466,-28.782421,-27.811275,-27.511234,-28.27414,-31.146385,-24.880096,-23.742971,-20.999962,-20.769323,-22.8124,-21.20923,-22.122177,-25.98016,-17.644707,-19.20988,-20.993309,-28.911587,-19.000313,-17.230682,-20.169703,-23.00883,-34.123253,-21.599464,-27.356522,-22.631294,-24.852919,-30.618786,-27.038773,-27.911148,-25.34526,-20.188465,-25.269035,-25.719587,-29.061728,-21.964828,-23.50175,-25.464718,-19.05773,-21.46511,-27.310055,-24.962414,-27.339546,-23.835747,-22.94469,-26.93912,-39.35539,-35.45966,-34.127964,-27.855028,-30.441565,-25.06089,-24.181662,-33.105774,-27.440525,-23.162914,-20.417538,-19.108852,-21.810776,-28.657284,-18.967125,-20.802143,-25.510073,-22.868176,-15.797295,-15.868822,-21.239082,-23.235722,-17.910482,-18.848843,-21.929996,-22.156685,-33.501923,-40.813004,-24.490612,-17.147705,-19.556305,-29.245033,-35.385693,-35.770805,-37.721416,-27.782543,-23.843534,-22.662334,-16.93363,-15.443651,-18.010086,-26.880537,-27.487226,-22.062033,-23.072289,-25.321884,-18.577831,-19.982841,-22.510418,-24.40512,-38.835663,-28.22511,-21.374655,-25.072735,-23.361408,-29.960958,-23.9579,-15.482191,-17.024445,-22.561783,-24.131752,-15.811285,-18.097588,-29.2835,-19.35317,-23.911072,-30.894361,-33.746502,-35.135597,-25.369131,-22.975405,-21.667633,-17.627996,-17.774221,-19.224432,-22.372993,-31.111532,-28.445957,-28.905933,-24.470295,-23.510662,-23.359432,-22.843212,-27.113804,-26.67598,-22.028103,-22.695261,-16.126066,-19.6167,-26.230942,-22.035446,-20.298744,-25.052326,-19.763025,-20.307783,-23.291697,-25.235115,-18.741404,-18.217064,-22.821495,-21.921627,-30.33852,-25.868156,-22.216736,-17.002178,-16.764399,-25.151108,-30.002031,-29.971157,-32.367863,-21.89531,-18.330135,-22.653997,-21.103027,-15.320332,-16.328314,-18.301182,-20.161636,-17.1538,-15.755058,-18.686829,-26.041485,-25.388248,-25.233807,-26.398407,-23.313545,-24.700474,-23.74109,-23.344053,-18.891106,-19.783182,-19.97195,-23.752333,-24.73404,-27.260088,-30.329798,-38.368904,-36.303814,-25.608856,-25.123405,-26.02024,-26.121397,-21.615965,-25.762081,-23.026138,-23.781439,-26.06929,-21.356985,-24.11668,-25.968388,-19.94582,-19.66994,-26.32913,-20.229353,-20.593086,-24.55793,-25.713518,-21.865799,-21.48108,-20.737095,-21.945824,-52.534042,-28.409382,-26.948473,-24.348305,-24.762947,-30.25109,-34.19717,-34.611664,-38.691826,-29.825024,-20.831642,-22.996632,-29.405357,-25.171883,-22.567144,-20.833305,-22.086594,-19.273987,-19.425106,-20.339252,-19.22193,-28.673515,-25.4266,-21.37003,-29.990166,-28.380493,-25.95505,-25.791473,-22.520813,-27.303688,-22.546288,-20.402987,-29.024818,-32.718334,-22.64645,-29.635473,-21.614807,-19.79314,-26.14299,-21.715591,-21.517735,-23.02705,-31.438065,-21.035152,-19.166096,-26.020182,-39.736034,-22.179344,-22.465618,-22.883268,-16.535069,-18.137941,-21.404219,-23.54517,-28.007833,-21.996548,-19.70633,-21.080227,-19.73999,-20.126171,-21.77452,-27.869312,-24.98698,-19.937405,-21.600521,-19.71104,-21.271408,-36.14849,-28.112545,-28.33259,-22.100697,-30.577423,-22.962427,-29.81819,-29.384476,-33.642857,-26.201794,-27.933434,-34.6264,-35.009388,-32.473003,-30.533794,-30.73061,-26.90487,-23.981195,-31.094313,-33.765827,-26.31701,-28.846565,-32.26778,-29.58714,-28.144123,-23.399647,-25.551294,-23.4691,-31.623684,-28.555172,-29.977867,-29.635033,-24.615494,-24.121672,-20.76904,-26.992939,-28.27933,-26.35246,-24.270046,-24.518038,-21.679111,-23.533392,-33.3504,-25.938889,-25.447405,-28.371706,-30.341005,-37.32427,-53.54837,-53.055573,-49.934643,-52.119637,-52.756767,-53.14438,-60.75718,-33.137596,-31.16501,-42.001427,-80.0,-80.0,-80.0,-80.0,-80.0,-80.0,-80.0,-80.0,-80.0,-80.0,-80.0,-80.0,-80.0,-80.0,-80.0,-80.0,-80.0,-80.0,-80.0,-80.0,-80.0,-80.0,-80.0,-80.0,-80.0,-80.0,-80.0,-80.0,-80.0,-80.0,-80.0,-80.0,-80.0,-80.0,-80.0,-80.0,-80.0,-80.0,-80.0,-80.0,-80.0,-80.0,-80.0,-80.0,-80.0,-80.0,-80.0,-80.0,-80.0,-80.0,-80.0,-80.0,-80.0,-80.0,-80.0,-80.0,-80.0,-80.0,-80.0,-80.0,-80.0,-80.0,-80.0,-80.0,-80.0,-80.0,-80.0,-80.0,-80.0,-80.0,-80.0,-80.0,-80.0,-80.0,-80.0,-80.0,-80.0,-80.0,-80.0,-80.0,-80.0,-80.0,-80.0,-80.0,-80.0,-80.0,-80.0,-80.0,-80.0,-80.0,-80.0,-80.0,-80.0,-80.0
-32.50197,-32.394653,-33.60803,-21.814335,-21.9937,-22.748383,-30.829544,-29.097183,-16.648575,-16.388025,-20.189064,-20.752773,-24.507668,-26.915466,-23.271843,-20.529842,-21.427298,-24.663929,-27.129206,-20.627048,-26.33958,-26.98088,-23.183683,-25.291412,-31.656483,-42.29643,-28.334557,-40.975925,-36.793213,-22.573927,-19.750172,-24.487041,-27.085491,-17.225693,-23.17864,-27.770693,-20.511116,-19.79275,-23.376347,-26.7949,-30.046019,-33.534157,-31.527021,-23.62465,-20.424416,-21.430565,-32.66683,-21.597235,-30.562004,-27.015018,-31.508152,-28.796434,-26.028614,-24.80149,-28.304953,-32.774452,-26.858929,-23.513905,-27.333858,-27.783548,-24.327648,-23.019367,-20.394665,-24.553263,-21.40318,-21.439049,-23.614845,-20.251892,-24.685425,-22.502949,-27.561945,-22.672857,-26.515556,-21.365044,-19.239847,-19.91214,-22.108505,-27.991543,-24.286491,-23.410065,-27.909885,-21.764652,-20.96608,-25.893055,-25.14742,-30.0546,-23.748219,-17.952007,-19.71552,-18.616108,-22.97006,-27.278423,-24.248966,-23.545418,-26.442505,-20.980341,-22.387867,-23.54694,-32.032204,-24.449497,-24.122568,-23.676975,-27.677572,-26.144932,-25.420856,-28.011303,-22.4693,-18.135208,-20.208286,-26.269829,-31.469711,-35.51527,-27.848545,-21.474867,-25.927595,-27.601072,-28.697607,-31.05638,-24.444029,-18.15434,-21.953852,-32.43293,-29.751892,-25.870903,-28.030663,-24.939465,-34.474625,-19.90438,-17.90511,-21.840336,-22.5238,-29.566998,-23.350086,-21.138725,-25.167618,-40.86847,-25.127422,-29.682293,-28.940695,-25.350967,-24.974705,-30.74868,-37.631798,-38.475704,-27.227844,-24.250023,-29.434132,-25.558826,-36.568317,-24.510601,-25.788548,-32.302315,-29.169447,-25.038198,-23.493088,-34.039017,-21.308008,-44.507988,-21.396643,-32.595673,-16.546238,-15.128826,-17.084099,-25.366444,-34.565674,-27.304962,-19.561,-47.650948,-25.298462,-29.05584,-21.944637,-22.977486,-19.628868,-17.328436,-24.788464,-23.100855,-24.727303,-21.280048,-18.382648,-23.771553,-30.148546,-38.77663,-23.387974,-23.167992,-23.673134,-26.7472,-21.846066,-20.293837,-25.270432,-25.917315,-24.72937,-28.145065,-22.274725,-20.401863,-31.714342,-22.822033,-17.609228,-22.0181,-29.600336,-29.656696,-28.308891,-26.015942,-27.521019,-23.35668,-35.005596,-21.315594,-22.890617,-40.19506,-26.300354,-27.654602,-38.8562,-29.969156,-19.874338,-18.578625,-27.173027,-19.311905,-16.749405,-28.3356,-37.426224,-20.657593,-19.686916,-18.35337,-18.148779,-17.532974,-17.54007,-20.953287,-23.370506,-37.127003,-22.838696,-17.929995,-18.618982,-24.840164,-27.887585,-21.30171,-18.14268,-28.504719,-17.190153,-13.728476,-15.582144,-20.39022,-28.954668,-25.807335,-21.901423,-23.22372,-22.979832,-25.94495,-29.837534,-19.15005,-15.468639,-15.105806,-23.821436,-19.247143,-20.985733,-20.978203,-24.069595,-24.084496,-23.805885,-47.893524,-26.426395,-25.937202,-50.664673,-25.766312,-35.88275,-22.54655,-24.263338,-29.790724,-24.400227,-20.189716,-25.909712,-28.619396,-33.766045,-30.4762,-16.39525,-15.916782,-21.083527,-23.00983,-28.62667,-20.146297,-22.342031,-27.781614,-31.479525,-32.025517,-26.31223,-23.519121,-23.796726,-33.455135,-29.046942,-22.89694,-21.593761,-25.611729,-24.280256,-22.649986,-19.559395,-16.378714,-16.8413,-25.492142,-18.635567,-24.414217,-31.516306,-33.28448,-23.08821,-23.497988,-25.44789,-19.864532,-16.536238,-15.518169,-18.036133,-20.027294,-20.108711,-20.768196,-18.203545,-17.241343,-20.99489,-18.518124,-19.362478,-18.431742,-15.181816,-16.428043,-24.068642,-32.08581,-22.60031,-25.478218,-32.453148,-31.212286,-45.820133,-26.170444,-22.233171,-26.043064,-24.121054,-29.209526,-34.99312,-25.289461,-21.570223,-23.991177,-29.943954,-26.4587,-19.561905,-21.334908,-25.247246,-26.133083,-32.762543,-25.847202,-27.541908,-42.6074,-36.349995,-33.3942,-31.044258,-30.037989,-27.507969,-25.831577,-31.031357,-23.598583,-22.366026,-18.642025,-20.96751,-25.69241,-20.548073,-17.224546,-16.342123,-23.004513,-24.287731,-17.95652,-19.565943,-21.720968,-21.656713,-22.053501,-26.292528,-17.562365,-17.47525,-27.567543,-34.091724,-22.386238,-21.588598,-23.558777,-48.1191,-34.373093,-33.563076,-28.77607,-42.96315,-27.86277,-21.51146,-14.809877,-15.295488,-20.183424,-32.752167,-26.291658,-18.662249,-18.781586,-21.096115,-18.87282,-21.347153,-25.265625,-25.12701,-39.63035,-25.017645,-18.477943,-22.42897,-24.774677,-25.149078,-24.74982,-17.593624,-21.899721,-26.218758,-24.297642,-16.763832,-19.74437,-26.242287,-23.798866,-20.11794,-31.3993,-34.731525,-31.467216,-23.365925,-28.92944,-27.211327,-19.656881,-24.315891,-27.393059,-23.393967,-23.638784,-23.006329,-24.939762,-22.185911,-20.106651,-19.575861,-25.196583,-25.330145,-20.500908,-23.25591,-30.339937,-15.736902,-14.763857,-19.06268,-23.560287,-17.623388,-18.61484,-22.813044,-25.834183,-32.854717,-31.921658,-22.907675,-22.073517,-20.127886,-29.202763,-26.17151,-31.290237,-33.09431,-25.750866,-15.74036,-21.413849,-37.22149,-30.562893,-25.406342,-25.78968,-27.881363,-21.594671,-20.70816,-21.804993,-27.396488,-23.204346,-29.520258,-24.319077,-21.813286,-20.493954,-22.33684,-22.380735,-25.836739,-25.708565,-34.82211,-28.794422,-23.688044,-17.05014,-17.523182,-20.680756,-23.277033,-39.27804,-30.129963,-62.604572,-58.586037,-32.542774,-30.758545,-22.635145,-24.285595,-27.009163,-27.536491,-21.450163,-21.359144,-21.26801,-21.549053,-21.063461,-20.387802,-36.44912,-31.312283,-23.580933,-24.262535,-22.187843,-25.60387,-24.01345,-27.483875,-22.743362,-25.412176,-23.123177,-18.155825,-22.813107,-44.013504,-24.200642,-19.590143,-20.614334,-20.3648,-23.561758,-26.569126,-26.435625,-32.39872,-30.078701,-22.63289,-24.440014,-30.312983,-28.240683,-26.958576,-21.846645,-22.534105,-27.10854,-22.71814,-23.789288,-20.2704,-26.244904,-23.266947,-20.42261,-24.81004,-25.518475,-22.496244,-32.34112,-26.98664,-23.255318,-18.612736,-17.792973,-22.03098,-23.979034,-21.528614,-23.985836,-20.124615,-21.137678,-27.549026,-18.081434,-17.879784,-20.735104,-26.193867,-25.269476,-16.31435,-21.085173,-37.885704,-22.304499,-23.519114,-18.958765,-16.745298,-22.457699,-38.499973,-24.156145,-21.215946,-16.95772,-20.673931,-26.171825,-30.153255,-21.97766,-25.55775,-25.20411,-21.39378,-17.299831,-21.411018,-20.077862,-24.676352,-33.739384,-31.259964,-24.439833,-19.618856,-21.304474,-20.065239,-21.495865,-26.258835,-26.942749,-23.789295,-27.282532,-38.241436,-38.007698,-41.859337,-29.835972,-39.06448,-25.341461,-22.08397,-26.707539,-25.529097,-22.903913,-24.302265,-29.927391,-25.64022,-25.80473,-23.106241,-31.234936,-26.494398,-21.628883,-22.719269,-29.889578,-37.97372,-27.07707,-27.321705,-20.83532,-24.552967,-23.979168,-25.57267,-26.700716,-28.316055,-20.465813,-21.825554,-23.829872,-21.097134,-26.499247,-26.645935,-27.19965,-39.09033,-48.90316,-50.5793,-50.280945,-50.1362,-48.15162,-48.26419,-51.016655,-34.66652,-31.964502,-43.22132,-80.0,-80.0,-80.0,-80.0,-80.0,-80.0,-80.0,-80.0,-80.0,-80.0,-80.0,-80.0,-80.0,-80.0,-80.0,-80.0,-80.0,-80.0,-80.0,-80.0,-80.0,-80.0,-80.0,-80.0,-80.0,-80.0,-80.0,-80.0,-80.0,-80.0,-80.0,-80.0,-80.0,-80.0,-80.0,-80.0,-80.0,-80.0,-80.0,-80.0,-80.0,-80.0,-80.0,-80.0,-80.0,-80.0,-80.0,-80.0,-80.0,-80.0,-80.0,-80.0,-80.0,-80.0,-80.0,-80.0,-80.0,-80.0,-80.0,-80.0,-80.0,-80.0,-80.0,-80.0,-80.0,-80.0,-80.0,-80.0,-80.0,-80.0,-80.0,-80.0,-80.0,-80.0,-80.0,-80.0,-80.0,-80.0,-80.0,-80.0,-80.0,-80.0,-80.0,-80.0,-80.0,-80.0,-80.0,-80.0,-80.0,-80.0,-80.0,-80.0,-80.0,-80.0
-31.409618,-25.418224,-22.282528,-22.507328,-37.900536,-25.5588,-23.683182,-22.086374,-17.102478,-16.092703,-33.251568,-23.543827,-32.098244,-28.711569,-34.632126,-24.228422,-24.374676,-24.639347,-27.2087,-24.526005,-25.448332,-26.41228,-44.440125,-26.015137,-31.578651,-27.721087,-27.438143,-30.453085,-30.569458,-27.64453,-19.312698,-18.321476,-18.465872,-17.904446,-19.47135,-30.756767,-18.635311,-18.707819,-21.17692,-28.08384,-42.0619,-32.418667,-29.390308,-37.292248,-21.4235,-19.044697,-23.346634,-24.64102,-25.401382,-22.624207,-21.774546,-27.767164,-27.600403,-25.083931,-29.693285,-31.341812,-33.332737,-25.71164,-24.734953,-40.48717,-31.438063,-30.849873,-22.021152,-23.49945,-22.656801,-26.988483,-31.996395,-24.093895,-20.768599,-28.501444,-28.017132,-21.861113,-22.960865,-27.400915,-21.562084,-24.91037,-17.480885,-24.940674,-23.292952,-30.758627,-23.47313,-17.337276,-18.512209,-29.516592,-30.025871,-21.013124,-17.487745,-15.266264,-14.332603,-20.859163,-26.344278,-22.811146,-23.198769,-19.037996,-21.432566,-31.78221,-21.429985,-18.24622,-20.10823,-32.14441,-33.437336,-27.001976,-22.99961,-28.255692,-27.0144,-26.470585,-21.227064,-17.977066,-20.024029,-34.427467,-28.835022,-32.06268,-28.81327,-20.396933,-23.561539,-26.294624,-26.39353,-31.471598,-27.77394,-19.235312,-20.424828,-36.21578,-31.329422,-26.84109,-33.69987,-26.63587,-22.57013,-19.399452,-25.311245,-26.317451,-24.885586,-20.629196,-22.798952,-27.573761,-23.89655,-29.437723,-29.462372,-31.139149,-35.31513,-33.637615,-29.486286,-29.378157,-36.913452,-35.15661,-25.397907,-23.33571,-25.588623,-22.027843,-26.143702,-32.2663,-29.952234,-22.802496,-23.139378,-38.22036,-23.093815,-21.381603,-22.34919,-28.800058,-24.97731,-19.606167,-24.589859,-17.57529,-17.678307,-33.942753,-25.799997,-21.052101,-21.18874,-21.257233,-21.682821,-25.423145,-29.65422,-40.22831,-29.933857,-22.435837,-22.050808,-21.02695,-33.743652,-26.227106,-18.35736,-22.375675,-28.484306,-21.907204,-19.11018,-22.61233,-33.527313,-27.628723,-21.351915,-19.450579,-18.905222,-18.717972,-21.362885,-33.093052,-21.53051,-23.758797,-25.543373,-22.558739,-18.466648,-21.572826,-35.09503,-30.110022,-27.867252,-24.45406,-24.568985,-24.337553,-30.589005,-25.566189,-21.680305,-26.988708,-27.733612,-27.276098,-27.589922,-32.052338,-21.958061,-20.61273,-20.467329,-17.805016,-16.435087,-18.603344,-20.347282,-18.155294,-17.374733,-18.45874,-27.171871,-27.631138,-20.687798,-21.916285,-23.619802,-25.380356,-19.756277,-22.96704,-19.040417,-27.286133,-24.28543,-17.504034,-17.384073,-19.098026,-16.455444,-20.277115,-24.063686,-23.336695,-31.319267,-20.729631,-18.38419,-20.091509,-25.363386,-18.601908,-18.507336,-19.547787,-19.315453,-17.99842,-16.277214,-16.65106,-27.727476,-27.359245,-31.2259,-19.933207,-19.842033,-26.57919,-28.33659,-32.74923,-33.169453,-26.73419,-22.33326,-30.15952,-41.70383,-30.905537,-25.532991,-18.513811,-20.711407,-25.610832,-32.16789,-28.60717,-20.219437,-18.747274,-31.76327,-28.196909,-25.479973,-21.379889,-19.152164,-21.938988,-29.129934,-34.040237,-37.02682,-31.299896,-26.612385,-24.63168,-24.647644,-28.580421,-23.787273,-22.533371,-19.273224,-28.535423,-26.398903,-32.63959,-16.59541,-16.12198,-23.148685,-35.224915,-30.200178,-31.458477,-24.794315,-20.688744,-24.925144,-21.768124,-18.78932,-19.22576,-23.37778,-30.01172,-24.054144,-25.025002,-18.004972,-23.094458,-32.89316,-22.51488,-17.605885,-27.84909,-17.487785,-23.13649,-24.59513,-23.726843,-23.0019,-22.604893,-26.476046,-28.89415,-53.24767,-25.091797,-19.566849,-21.743988,-31.939676,-20.442905,-23.050262,-36.93638,-23.227251,-28.973427,-46.318253,-29.799114,-21.162172,-23.43734,-39.56101,-35.74548,-26.263779,-26.897089,-24.966927,-27.48433,-28.183764,-26.738476,-26.643826,-27.494095,-26.485497,-29.060644,-30.40024,-24.447136,-31.248615,-23.348969,-17.824913,-18.945919,-21.299416,-24.139744,-18.643194,-22.225885,-26.646301,-24.194923,-33.983967,-39.131737,-52.411743,-34.68132,-27.735096,-20.133896,-17.120113,-17.39545,-19.362211,-29.326023,-28.798573,-34.832474,-23.622585,-25.701122,-26.96966,-31.616747,-28.759243,-27.011864,-21.866264,-17.383808,-31.368984,-23.447273,-25.919497,-23.31047,-17.804361,-26.637043,-35.831028,-27.081894,-20.15461,-23.052475,-27.858059,-23.915222,-26.752357,-18.60379,-17.164656,-19.792952,-23.304962,-31.79126,-20.417852,-18.671843,-26.371143,-21.689085,-18.57033,-34.808716,-26.842312,-25.301373,-20.946365,-22.702196,-33.383778,-27.186451,-23.018581,-31.995598,-24.955183,-23.990799,-53.626846,-30.849417,-33.07289,-25.046543,-22.442905,-38.681747,-26.194727,-30.590784,-25.093353,-24.622467,-20.784727,-19.517548,-39.15124,-26.656876,-18.314949,-12.291649,-14.370861,-20.736687,-18.29694,-21.283096,-29.37439,-26.093699,-29.617676,-29.339035,-23.747993,-25.578278,-23.113674,-28.636913,-30.232216,-32.463394,-25.163452,-21.78401,-18.104864,-18.323303,-25.39468,-32.546295,-22.995277,-21.927011,-30.878073,-26.416231,-50.997513,-30.538754,-33.36462,-35.72279,-30.661337,-25.928978,-39.9691,-33.30854,-22.830528,-19.813993,-22.265366,-28.235167,-24.758854,-24.111023,-32.61918,-17.456766,-20.91528,-28.87195,-27.967426,-30.598877,-25.891111,-27.23154,-28.705202,-34.823696,-27.170033,-19.97673,-19.692074,-30.414783,-47.674454,-24.58238,-26.99451,-25.551273,-24.65123,-22.8455,-20.061913,-27.46775,-25.103804,-24.937351,-24.347572,-18.247766,-22.05679,-26.857096,-24.957745,-20.211565,-18.883636,-22.263351,-25.143148,-23.331406,-30.732296,-18.546848,-16.595448,-28.764572,-19.395252,-21.664564,-26.092379,-26.664,-24.690826,-24.939709,-38.245148,-25.784891,-42.046623,-33.345997,-32.12861,-30.733906,-38.003696,-28.457777,-22.382797,-21.85203,-25.670275,-34.03795,-28.114021,-22.50641,-32.807007,-34.35193,-22.165333,-23.51,-37.71337,-22.4883,-16.851017,-20.532085,-27.383825,-18.376049,-27.626387,-30.575119,-23.932486,-21.519302,-23.485594,-20.02616,-25.060373,-24.644585,-19.03712,-18.39237,-15.370062,-18.780022,-22.448254,-19.583244,-25.150398,-20.692257,-19.382504,-26.11102,-21.225063,-30.738897,-21.96355,-20.753117,-18.266525,-20.372849,-23.065125,-27.540052,-36.002365,-31.48276,-34.712708,-20.708683,-17.601675,-19.539986,-28.774115,-28.124979,-22.748024,-17.810106,-24.445429,-28.388838,-22.93827,-21.059292,-52.39253,-36.994606,-24.19651,-26.341295,-29.735817,-38.73399,-29.734615,-27.648014,-26.650682,-26.844025,-27.460827,-22.072319,-26.566605,-27.5541,-23.87326,-33.0372,-23.043606,-20.358332,-28.262112,-30.944069,-23.931015,-22.59723,-20.665115,-25.487549,-28.430344,-24.765812,-22.169981,-23.662397,-21.286297,-21.735418,-30.932878,-26.674809,-30.746082,-24.407375,-29.684996,-27.397991,-21.35886,-22.378357,-23.865334,-29.151733,-43.712856,-56.144455,-49.25222,-49.554604,-49.45681,-53.78022,-53.977432,-48.649487,-34.79598,-33.06409,-44.88833,-80.0,-80.0,-80.0,-80.0,-80.0,-80.0,-80.0,-80.0,-80.0,-80.0,-80.0,-80.0,-80.0,-80.0,-80.0,-80.0,-80.0,-80.0,-80.0,-80.0,-80.0,-80.0,-80.0,-80.0,-80.0,-80.0,-80.0,-80.0,-80.0,-80.0,-80.0,-80.0,-80.0,-80.0,-80.0,-80.0,-80.0,-80.0,-80.0,-80.0,-80.0,-80.0,-80.0,-80.0,-80.0,-80.0,-80.0,-80.0,-80.0,-80.0,-80.0,-80.0,-80.0,-80.0,-80.0,-80.0,-80.0,-80.0,-80.0,-80.0,-80.0,-80.0,-80.0,-80.0,-80.0,-80.0,-80.0,-80.0,-80.0,-80.0,-80.0,-80.0,-80.0,-80.0,-80.0,-80.0,-80.0,-80.0,-80.0,-80.0,-80.0,-80.0,-80.0,-80.0,-80.0,-80.0,-80.0,-80.0,-80.0,-80.0,-80.0,-80.0,-80.0,-80.0
-30.856466,-27.172522,-24.47324,-23.196127,-30.586842,-33.510826,-22.123646,-25.650536,-22.950546,-19.842108,-21.716042,-28.145044,-29.276247,-27.129536,-27.726208,-30.935371,-33.187763,-29.927078,-36.83526,-30.864895,-30.447899,-23.567062,-23.779112,-23.093683,-24.283194,-33.37608,-29.5924,-27.116383,-32.351257,-31.841782,-24.894812,-20.723194,-22.923279,-25.683716,-22.695902,-19.54404,-19.859589,-27.371925,-25.169788,-29.102667,-33.42806,-27.635412,-27.432756,-42.189766,-22.045141,-20.232853,-27.573204,-31.59271,-24.838394,-23.213537,-20.502258,-23.71699,-29.422798,-31.626745,-37.86318,-30.63641,-25.346024,-21.405842,-25.424606,-37.48383,-38.120823,-34.04683,-27.437191,-22.022232,-24.406185,-32.529037,-32.860443,-29.109354,-24.896107,-30.231953,-29.717531,-24.15534,-32.067505,-23.458145,-17.212048,-16.946169,-18.33332,-21.771706,-23.832817,-26.916166,-25.981556,-18.545353,-21.114552,-31.223232,-31.337503,-18.981026,-17.840578,-24.000206,-16.756067,-19.667807,-25.789059,-24.026207,-17.804699,-15.899952,-17.592747,-22.255993,-27.241781,-20.144865,-18.017248,-28.363657,-34.29486,-25.335117,-22.31102,-31.71522,-26.88906,-34.306477,-24.881367,-26.737782,-24.560518,-27.937515,-27.603895,-29.877983,-30.361404,-19.809471,-22.36743,-25.821838,-22.795788,-25.83096,-36.01384,-22.394485,-22.067963,-32.528397,-37.49098,-29.512526,-36.104515,-27.376404,-24.575432,-21.645317,-23.49885,-24.537178,-23.074059,-21.461409,-23.04797,-28.29493,-28.18782,-28.660295,-28.779516,-25.101479,-28.520391,-31.358652,-28.841228,-23.556988,-26.237423,-36.44718,-24.83696,-24.975197,-29.258709,-23.259373,-20.837132,-21.52152,-20.035387,-21.33595,-21.577034,-23.542824,-23.014296,-25.805676,-29.023466,-23.571026,-19.577953,-18.847704,-25.357119,-22.184513,-23.51741,-23.523525,-20.7839,-19.568523,-27.802067,-22.784853,-22.930153,-24.986938,-28.571606,-24.614666,-23.945286,-23.988531,-23.395231,-21.479385,-32.69174,-28.277222,-18.731236,-25.649895,-23.613537,-21.338428,-22.99305,-22.073734,-27.153843,-25.766163,-27.468071,-26.682533,-25.14684,-21.17397,-21.325897,-24.089348,-23.449348,-31.372427,-26.143442,-30.305244,-22.150288,-29.372293,-25.294725,-28.945488,-30.796877,-26.976254,-34.192177,-30.193693,-24.88226,-22.49363,-27.169495,-25.21113,-27.302597,-26.46619,-23.728792,-26.8304,-24.833904,-30.744022,-26.349163,-22.827454,-22.847294,-22.92183,-20.716854,-26.080147,-23.798798,-24.56754,-27.811937,-23.27026,-22.363739,-24.335659,-21.731005,-21.277094,-17.446833,-21.490446,-21.930485,-27.637093,-24.41435,-21.760624,-24.30916,-25.81277,-21.704819,-21.597204,-30.397663,-26.148241,-38.099693,-19.019873,-20.863956,-23.82074,-16.65271,-15.464928,-19.715347,-28.115097,-28.756617,-27.667755,-22.205967,-18.039833,-21.335522,-27.997913,-33.563007,-22.55154,-17.373138,-19.188366,-23.194752,-25.279026,-27.118134,-24.57759,-24.20652,-28.779097,-29.024302,-24.207771,-21.403393,-21.377758,-28.748901,-27.69181,-36.081654,-31.02255,-27.615162,-25.430202,-25.272034,-38.635715,-34.995655,-27.965889,-23.625036,-25.080097,-32.86174,-31.98757,-33.796883,-35.235058,-36.89895,-22.83493,-18.038984,-17.51736,-18.858084,-18.965706,-16.762583,-23.683268,-27.573917,-22.682766,-18.228827,-18.841278,-26.675346,-26.506783,-31.008936,-24.162563,-27.99224,-20.577435,-19.701315,-20.27094,-24.348595,-24.45909,-32.253063,-24.305819,-24.490788,-23.736958,-22.74046,-29.794836,-26.831358,-29.478886,-19.346443,-19.601196,-20.59805,-24.157887,-23.486288,-21.323969,-32.206383,-26.029171,-21.64022,-22.013666,-25.195656,-22.353935,-23.723412,-24.53071,-19.974007,-16.988756,-19.845783,-25.621853,-25.27187,-31.53885,-30.019283,-26.726341,-27.767788,-26.882841,-35.643227,-25.92072,-22.192541,-31.63891,-25.948036,-19.001045,-18.588476,-23.79222,-29.731852,-25.875381,-32.2041,-25.77264,-28.013893,-27.121326,-38.662735,-22.103027,-20.551632,-23.468538,-25.053799,-29.098934,-25.98698,-21.5082,-22.68634,-21.215702,-22.305046,-22.688122,-25.178787,-27.384209,-24.57268,-27.929926,-24.300224,-19.847092,-17.169989,-19.251932,-24.022875,-31.519949,-22.158539,-20.70261,-31.09378,-30.887924,-26.796759,-22.90388,-20.517506,-20.596859,-26.77289,-32.049587,-20.616978,-15.612146,-18.6104,-27.335396,-24.657211,-27.600128,-19.68442,-22.266163,-25.61451,-17.196596,-16.833912,-14.728054,-14.267292,-18.831493,-31.412395,-24.128044,-23.934385,-21.818907,-22.387634,-22.900524,-21.663269,-22.681316,-25.98545,-30.800669,-24.6141,-21.930315,-24.967113,-23.223421,-28.156881,-27.439787,-24.800209,-22.2178,-24.39204,-33.200256,-28.036228,-22.78696,-24.206543,-33.21896,-27.149223,-26.445253,-28.913414,-27.131254,-22.01445,-19.613865,-25.169666,-31.18005,-22.073187,-16.251976,-16.143272,-20.967718,-23.53577,-30.306652,-21.341047,-19.443167,-25.901764,-26.774591,-22.19616,-23.002645,-28.766087,-27.557621,-27.064095,-26.424381,-24.557287,-26.398731,-23.482985,-18.06472,-20.580162,-26.243248,-23.991724,-17.593544,-19.156197,-19.826096,-22.546158,-31.843666,-37.711174,-29.714312,-23.587484,-24.345257,-37.39835,-37.999863,-27.492535,-25.635422,-25.220592,-29.673628,-22.570415,-21.45938,-21.54835,-20.78962,-23.320557,-28.259632,-26.828299,-25.210873,-23.489464,-29.260923,-27.308517,-25.55179,-29.059113,-22.817608,-23.424606,-25.62125,-27.918926,-25.232964,-26.017807,-28.222939,-21.52591,-17.90729,-20.806019,-30.369152,-28.17324,-27.421696,-21.629677,-22.3569,-19.957298,-26.311642,-22.204674,-22.523228,-19.074091,-18.088629,-19.393824,-18.814384,-18.433594,-15.971336,-19.003086,-23.052021,-18.999884,-21.421131,-25.782402,-30.335987,-24.140778,-22.828873,-26.211409,-31.580576,-30.039818,-27.2395,-33.07891,-28.805037,-27.502083,-33.34568,-24.780235,-22.944954,-25.239727,-23.705051,-28.582249,-25.148563,-26.395159,-27.508106,-21.457802,-25.143545,-44.728798,-21.506424,-19.888563,-24.78071,-19.041676,-18.318094,-23.394815,-27.046227,-21.297684,-20.897026,-25.644678,-22.071663,-30.62796,-20.111586,-18.59073,-19.832283,-17.093037,-28.17496,-21.169033,-20.591219,-25.162594,-24.810455,-27.397139,-18.444613,-16.787594,-19.258816,-22.769674,-24.8656,-17.718098,-22.409645,-22.412533,-27.451809,-30.65223,-41.474907,-28.038101,-22.329948,-25.516895,-18.696238,-32.165096,-20.83359,-16.40959,-17.093842,-23.683842,-26.291132,-21.993666,-22.494774,-30.346088,-29.331398,-21.72617,-19.89197,-23.200642,-25.908852,-26.373993,-30.837301,-30.03557,-24.897644,-25.742628,-27.68247,-29.147118,-28.32162,-26.176083,-29.624226,-25.593529,-21.391462,-28.331364,-28.188547,-24.083265,-29.751524,-21.271086,-23.978966,-29.604656,-32.879913,-25.25304,-33.002834,-27.715675,-24.122799,-22.448849,-27.792912,-40.884037,-27.669737,-28.869648,-35.869217,-27.579798,-20.251907,-22.649189,-37.038666,-42.491505,-51.375122,-56.41915,-53.710037,-58.893524,-51.7126,-51.936516,-56.979515,-35.095726,-33.973873,-46.340256,-80.0,-80.0,-80.0,-80.0,-80.0,-80.0,-80.0,-80.0,-80.0,-80.0,-80.0,-80.0,-80.0,-80.0,-80.0,-80.0,-80.0,-80.0,-80.0,-80.0,-80.0,-80.0,-80.0,-80.0,-80.0,-80.0,-80.0,-80.0,-80.0,-80.0,-80.0,-80.0,-80.0,-80.0,-80.0,-80.0,-80.0,-80.0,-80.0,-80.0,-80.0,-80.0,-80.0,-80.0,-80.0,-80.0,-80.0,-80.0,-80.0,-80.0,-80.0,-80.0,-80.0,-80.0,-80.0,-80.0,-80.0,-80.0,-80.0,-80.0,-80.0,-80.0,-80.0,-80.0,-80.0,-80.0,-80.0,-80.0,-80.0,-80.0,-80.0,-80.0,-80.0,-80.0,-80.0,-80.0,-80.0,-80.0,-80.0,-80.0,-80.0,-80.0,-80.0,-80.0,-80.0,-80.0,-80.0,-80.0,-80.0,-80.0,-80.0,-80.0,-80.0,-80.0
-30.421013,-27.497211,-25.270683,-24.49908,-33.96394,-29.701172,-21.433056,-22.796862,-25.94277,-24.78756,-22.817148,-30.50737,-28.394545,-24.32912,-30.56585,-35.63519,-34.575832,-33.201187,-45.376945,-33.215584,-31.290022,-22.812773,-23.24001,-26.87701,-22.696955,-30.03276,-31.400396,-26.655119,-37.908043,-33.300274,-31.387486,-26.166014,-24.46706,-27.357937,-22.177786,-21.234468,-24.494778,-24.583576,-27.961231,-30.607748,-24.489809,-24.208614,-31.15069,-22.816597,-17.636114,-20.611265,-27.897133,-26.942062,-28.431065,-27.831194,-23.337688,-25.845621,-34.893932,-38.610115,-36.779522,-36.04143,-24.610094,-20.662336,-22.46747,-26.462465,-25.620258,-24.589918,-26.188202,-21.675623,-22.265244,-26.260124,-30.351212,-31.688866,-29.861832,-27.022192,-28.652859,-27.97535,-23.182507,-18.157978,-15.755472,-18.992256,-23.045635,-24.808441,-25.75689,-26.989414,-28.871964,-21.266632,-24.864323,-35.408035,-24.987183,-19.036865,-20.16877,-21.35227,-21.09245,-22.214249,-24.583075,-23.720903,-19.353802,-19.873325,-17.961557,-26.115547,-23.508938,-17.771189,-17.499908,-28.800316,-34.368618,-23.706135,-21.972183,-22.975197,-25.68356,-32.177834,-24.946693,-29.189772,-27.306374,-30.387518,-24.373962,-30.16839,-23.020317,-20.002699,-24.42088,-27.786177,-25.289186,-26.178417,-28.168274,-27.14138,-24.602747,-33.057632,-38.819565,-30.496843,-32.806713,-28.227127,-27.75219,-23.535269,-21.429123,-24.827873,-20.809967,-24.918003,-20.557419,-25.004097,-28.972408,-25.667507,-30.721598,-25.498802,-25.137287,-36.806507,-24.643179,-21.672926,-25.253382,-29.733158,-23.413536,-22.206686,-26.206955,-27.74479,-20.627216,-17.021982,-19.350279,-26.134605,-25.452866,-24.525219,-24.973484,-31.953012,-29.56348,-21.195007,-19.421152,-19.042208,-28.22583,-21.744432,-25.308445,-27.483831,-19.715227,-22.297287,-22.738144,-19.48478,-24.640457,-21.436646,-22.499426,-23.262394,-24.919641,-25.800938,-18.538385,-21.168655,-32.823845,-24.299606,-18.33099,-19.757195,-21.605635,-24.204792,-27.343977,-22.792564,-25.890926,-29.723038,-27.406723,-30.177788,-32.415947,-24.806818,-24.195042,-27.218483,-28.026888,-25.195957,-25.36214,-28.312298,-26.438723,-26.45461,-22.196697,-21.972927,-28.211805,-28.816948,-25.796963,-27.654434,-21.600132,-22.116415,-32.15355,-29.238577,-25.82442,-26.960754,-25.391186,-26.30108,-25.554317,-31.481771,-27.20641,-22.92732,-23.624641,-26.033167,-22.268326,-22.916882,-25.179066,-25.314476,-21.880226,-20.06574,-20.971897,-26.263563,-22.687021,-18.847574,-18.086346,-18.509964,-21.763647,-26.197681,-24.11884,-26.391369,-25.993439,-29.240562,-23.382513,-22.805984,-31.356245,-24.577038,-21.410965,-19.495962,-18.938965,-21.134647,-18.97631,-16.922514,-22.680866,-36.159084,-34.23611,-38.429443,-25.219318,-22.134657,-25.730492,-26.182302,-31.99092,-25.348808,-18.629595,-21.396381,-24.602135,-22.468113,-26.715458,-26.425888,-28.179071,-27.638601,-21.825718,-19.574993,-23.962767,-24.459433,-29.519228,-33.358265,-30.030945,-30.900871,-31.1661,-30.263748,-23.274109,-24.159235,-23.026478,-23.133762,-22.343243,-26.54036,-36.42845,-33.76315,-32.191795,-32.355026,-27.881466,-24.05024,-19.66916,-16.964556,-18.73891,-22.00542,-15.845505,-18.791428,-22.7905,-25.354164,-22.30751,-22.760197,-26.57957,-24.338457,-25.346046,-22.30832,-21.985079,-19.288324,-20.297546,-23.010303,-22.920261,-23.174969,-30.022367,-22.969906,-24.364937,-24.940338,-28.717125,-25.017326,-20.703547,-21.90735,-23.343094,-23.450365,-25.012718,-28.252918,-21.8577,-22.697544,-30.637226,-31.525024,-23.437366,-21.880949,-24.372496,-23.100681,-28.878702,-30.141857,-19.887922,-18.355469,-21.846375,-27.31995,-26.503778,-24.977753,-24.188913,-23.243975,-24.33134,-22.553316,-22.219162,-17.753994,-18.927328,-34.761303,-25.231634,-18.856716,-17.600739,-21.984224,-25.895119,-23.367252,-23.525543,-23.725628,-32.415867,-28.778782,-27.871944,-21.920818,-25.492855,-29.165743,-25.386719,-25.440634,-28.478968,-23.074272,-26.03363,-21.921255,-19.440718,-22.148777,-22.526016,-23.406984,-24.575285,-34.856518,-29.238308,-25.671875,-20.099834,-18.041502,-22.377106,-32.150215,-21.8596,-18.56538,-25.025925,-30.56933,-22.833364,-19.924046,-19.891731,-21.837349,-27.661957,-22.920727,-17.071606,-15.758766,-19.332138,-32.076233,-21.455242,-18.426428,-16.247051,-21.005465,-23.93036,-16.569368,-14.70525,-16.775957,-17.017237,-21.256456,-29.874702,-23.1758,-26.172897,-24.437996,-19.002384,-21.85862,-22.639027,-21.407774,-29.428747,-22.540375,-21.347786,-25.858082,-19.94146,-22.796234,-28.443144,-25.989388,-29.866508,-22.972565,-22.37933,-22.462109,-21.298256,-22.244032,-26.045639,-26.113045,-23.515102,-31.22712,-21.63528,-22.066465,-21.81919,-21.596882,-26.865566,-33.81047,-23.956785,-22.373852,-21.014503,-24.756641,-29.977571,-25.16584,-18.30531,-16.920145,-23.417645,-26.406517,-25.212238,-27.542099,-30.5522,-25.92926,-26.327692,-26.300339,-25.859985,-26.102036,-20.084616,-21.253185,-22.1706,-22.7948,-21.923866,-17.911858,-19.536182,-18.75386,-18.430862,-21.71875,-26.37363,-26.65691,-22.237019,-21.93285,-25.429178,-31.725887,-30.562094,-29.358452,-27.060623,-28.997543,-23.691212,-25.47044,-22.479849,-25.520306,-27.489998,-31.019495,-28.31687,-29.452105,-23.895895,-30.976591,-28.960854,-23.1348,-26.686188,-24.49293,-26.904778,-23.861534,-26.507254,-28.607937,-29.901972,-33.32176,-20.874329,-17.20884,-20.473644,-23.741451,-23.588194,-23.868195,-26.45001,-27.366806,-20.137129,-21.267962,-22.763195,-26.120216,-21.93787,-18.144077,-18.934555,-22.80288,-17.173351,-17.392275,-24.94065,-25.49781,-18.395893,-20.05119,-23.310707,-26.419289,-27.16951,-24.985775,-25.644058,-32.19314,-31.65981,-28.385632,-24.779133,-23.383337,-25.042671,-27.355774,-27.147474,-25.000166,-19.896875,-19.011219,-25.420132,-30.188623,-26.665829,-23.582268,-22.360382,-28.581484,-28.530268,-19.017982,-18.629902,-20.388603,-18.571396,-22.8109,-23.460339,-27.961998,-19.960629,-20.793247,-20.932114,-19.714573,-22.173325,-19.370638,-20.37437,-22.978527,-18.788002,-22.02179,-24.926289,-25.317406,-25.942924,-24.562311,-23.165348,-19.893803,-18.31199,-19.146715,-28.15415,-21.18167,-18.718319,-23.570805,-22.137474,-23.363834,-26.57339,-26.161709,-23.457642,-21.1422,-20.481298,-18.440857,-18.659319,-18.1823,-18.156378,-20.273926,-23.161034,-24.578697,-24.512133,-23.138323,-32.52062,-27.874958,-22.484137,-19.746264,-25.754787,-26.689445,-27.704216,-35.433887,-25.930141,-22.10429,-25.636639,-33.98504,-31.79553,-26.95872,-31.292797,-26.418724,-23.495836,-22.732443,-31.886711,-29.944284,-27.638908,-24.721992,-21.82701,-24.396465,-28.982311,-27.0362,-26.44204,-31.988775,-34.76043,-29.26029,-23.582695,-24.295624,-28.494297,-25.276203,-28.745947,-35.661068,-29.267853,-23.058784,-21.528124,-32.42215,-41.523754,-53.059994,-51.499546,-51.806187,-51.581642,-52.51384,-52.552254,-48.35941,-35.644684,-34.706017,-47.04946,-80.0,-80.0,-80.0,-80.0,-80.0,-80.0,-80.0,-80.0,-80.0,-80.0,-80.0,-80.0,-80.0,-80.0,-80.0,-80.0,-80.0,-80.0,-80.0,-80.0,-80.0,-80.0,-80.0,-80.0,-80.0,-80.0,-80.0,-80.0,-80.0,-80.0,-80.0,-80.0,-80.0,-80.0,-80.0,-80.0,-80.0,-80.0,-80.0,-80.0,-80.0,-80.0,-80.0,-80.0,-80.0,-80.0,-80.0,-80.0,-80.0,-80.0,-80.0,-80.0,-80.0,-80.0,-80.0,-80.0,-80.0,-80.0,-80.0,-80.0,-80.0,-80.0,-80.0,-80.0,-80.0,-80.0,-80.0,-80.0,-80.0,-80.0,-80.0,-80.0,-80.0,-80.0,-80.0,-80.0,-80.0,-80.0,-80.0,-80.0,-80.0,-80.0,-80.0,-80.0,-80.0,-80.0,-80.0,-80.0,-80.0,-80.0,-80.0,-80.0,-80.0,-80.0
-31.420753,-28.256617,-23.401426,-26.396214,-40.71396,-29.937643,-21.674526,-24.96847,-25.014084,-22.859854,-23.865807,-29.503162,-24.510435,-25.970486,-30.831905,-41.19926,-35.06523,-34.508972,-34.14983,-35.766624,-31.464293,-24.02853,-23.707386,-27.71362,-23.776781,-24.62896,-23.50624,-23.095875,-30.040428,-35.20051,-40.362488,-34.463833,-23.446566,-19.622147,-19.068764,-24.211784,-31.550543,-23.79597,-25.427969,-29.775028,-24.218445,-21.315369,-22.99707,-18.850178,-16.553114,-19.64628,-26.269562,-27.789206,-35.170162,-29.542025,-28.802849,-26.62532,-30.01502,-30.00742,-34.737064,-39.648438,-24.442606,-23.918049,-22.0346,-22.689087,-23.753616,-19.809757,-20.118736,-23.547176,-24.125053,-24.859594,-32.89712,-33.548573,-27.28413,-22.187307,-21.396671,-20.944645,-19.154827,-19.441353,-18.034033,-22.317562,-28.720531,-26.050783,-25.58944,-27.426033,-32.735847,-24.149715,-22.741367,-24.894146,-23.005234,-22.10811,-24.931347,-20.485218,-23.053776,-24.978596,-26.342495,-24.6624,-22.89202,-24.934189,-20.194523,-23.057281,-19.95617,-18.485199,-18.48489,-25.022188,-29.817924,-25.770203,-24.935738,-24.207478,-22.751896,-22.28152,-23.73801,-32.194447,-28.686346,-27.22678,-22.345097,-22.486748,-20.92659,-23.104286,-27.236921,-30.454155,-28.347927,-26.99518,-27.250362,-31.822258,-27.425299,-32.97484,-39.855495,-31.372633,-34.50878,-30.68539,-27.262009,-25.600128,-23.450901,-26.39152,-19.580187,-18.398945,-19.629505,-24.76241,-29.002724,-27.085094,-28.075674,-24.553644,-24.693045,-30.674242,-23.98419,-23.226622,-28.61905,-32.083344,-25.171307,-19.836985,-22.134024,-29.7401,-23.295683,-18.50143,-16.94699,-23.114967,-31.398937,-26.67643,-24.42987,-36.61156,-28.11773,-20.958862,-22.41522,-20.400936,-19.123318,-19.725288,-21.709503,-21.720734,-17.063572,-18.073395,-18.67652,-18.336607,-21.865532,-20.800962,-23.397356,-26.470652,-22.936218,-22.527739,-18.731194,-20.54367,-34.85527,-22.368591,-21.043499,-20.648535,-22.31348,-29.097889,-29.596952,-25.37917,-25.711731,-32.262844,-27.248264,-29.64797,-35.307938,-24.524178,-23.804144,-27.523756,-29.731148,-24.27583,-26.529547,-30.447632,-32.157494,-26.68306,-22.006998,-21.397617,-23.466969,-24.63797,-23.782387,-22.010658,-21.126219,-23.073814,-31.820965,-32.595016,-28.057674,-29.689268,-26.91211,-27.674925,-26.393425,-33.14791,-24.489643,-20.660772,-22.49275,-30.219498,-23.80577,-21.384352,-26.189777,-24.681236,-23.552324,-21.134205,-23.32573,-29.287884,-25.900034,-21.400953,-21.501747,-20.059296,-20.124367,-27.082214,-22.236233,-22.824425,-25.483837,-30.95293,-23.90883,-24.282345,-32.355145,-21.659832,-19.027788,-23.258259,-19.593199,-22.088245,-23.521496,-20.87354,-26.391718,-37.0574,-27.696375,-25.252968,-25.743137,-27.36202,-27.256823,-22.90943,-24.34616,-25.347458,-22.16209,-25.392782,-24.101252,-22.833513,-30.282015,-29.320751,-26.26559,-25.562353,-23.310614,-19.18,-23.626656,-27.061451,-26.363571,-31.09457,-29.838081,-29.370762,-30.428562,-29.221642,-22.900192,-21.011421,-21.418587,-19.574135,-21.372948,-30.066631,-28.97377,-26.847832,-31.486341,-26.999865,-23.279705,-27.041946,-23.847065,-20.40239,-20.745684,-20.811234,-17.377256,-20.41027,-23.528835,-27.015781,-25.6872,-24.468243,-22.763268,-26.650618,-28.135916,-22.776257,-24.782822,-19.938864,-24.06304,-28.67481,-25.929394,-21.469383,-24.907349,-19.853813,-19.043655,-23.25705,-39.253803,-21.820606,-17.596752,-20.344404,-27.152538,-27.899136,-28.218346,-29.215633,-20.985355,-20.642494,-23.633112,-23.433979,-24.46066,-23.838474,-25.05523,-22.919338,-23.986326,-26.087467,-23.399681,-20.477562,-23.731606,-23.636591,-26.926128,-26.3484,-25.538376,-23.49359,-21.550144,-23.534782,-19.650045,-15.246326,-17.771614,-24.843197,-27.741962,-20.848516,-20.825472,-22.72713,-28.417706,-23.799519,-22.360027,-25.317596,-27.71556,-30.58922,-27.4803,-24.732477,-24.007097,-25.209234,-25.122864,-22.385883,-24.34689,-21.719118,-24.842808,-25.092741,-19.699074,-24.69442,-23.34282,-26.413605,-24.442286,-28.777264,-29.431564,-29.73196,-26.001976,-19.4564,-23.881004,-34.372017,-23.729635,-18.2009,-22.525436,-30.88613,-21.743488,-22.08622,-22.956831,-23.244064,-24.288158,-20.359018,-15.419561,-19.068733,-20.14268,-23.211376,-22.64105,-19.631807,-15.9016285,-19.64638,-24.555603,-19.639984,-16.869596,-21.05515,-22.16965,-26.0922,-30.373293,-23.584518,-24.183252,-24.847183,-17.44293,-22.296455,-21.814875,-22.519928,-24.369162,-22.204674,-18.275335,-18.594759,-18.754967,-26.226017,-28.140476,-25.6787,-25.614338,-24.269836,-25.457142,-21.922344,-22.103413,-23.535236,-27.273794,-22.164026,-23.660915,-22.371017,-17.033142,-18.944874,-20.68399,-20.02456,-22.677723,-23.509008,-22.380825,-25.704224,-25.315838,-22.900497,-26.620138,-21.405327,-18.532125,-19.207869,-19.387611,-26.635296,-29.618155,-34.31949,-33.04192,-25.514626,-21.793497,-22.054178,-23.688004,-23.24297,-20.42435,-22.614609,-20.561563,-21.21825,-23.99849,-19.457016,-23.1236,-22.272762,-18.637062,-20.133368,-26.573362,-29.34881,-23.046658,-24.918015,-21.988903,-23.332676,-24.640512,-27.444208,-28.941975,-28.000483,-24.887,-30.077751,-26.247906,-27.089077,-26.110561,-34.553596,-26.948666,-25.9607,-26.33699,-30.954433,-30.560768,-22.760239,-25.380981,-28.114502,-26.304482,-21.99211,-23.262047,-27.785194,-30.4502,-28.471386,-19.479694,-19.855967,-22.567127,-26.453983,-21.303366,-24.03072,-30.43227,-23.029125,-19.630882,-23.704649,-26.789589,-27.51764,-27.118744,-20.945831,-21.598185,-26.431011,-19.408028,-20.00357,-27.154224,-20.146187,-16.774624,-21.866867,-24.373077,-23.345755,-25.938877,-27.24948,-25.506134,-29.770573,-34.253284,-31.791103,-22.721218,-22.853031,-27.775528,-27.188454,-28.989801,-27.622925,-20.77224,-18.850433,-21.854969,-29.388403,-27.970268,-25.116146,-26.019873,-25.804234,-25.50786,-18.974977,-19.50719,-21.747808,-18.929258,-21.255672,-20.220984,-25.364891,-22.18886,-23.585796,-22.082928,-19.97456,-24.647823,-21.69094,-23.742884,-26.091759,-22.269814,-22.12749,-28.921772,-32.45757,-23.588226,-21.651398,-22.829994,-24.384602,-22.719023,-22.510967,-23.957115,-19.60459,-22.64982,-24.068344,-22.424683,-24.60456,-28.293362,-25.490318,-24.184376,-23.482285,-20.339378,-21.905773,-18.114628,-19.967241,-22.918629,-24.957428,-25.575592,-27.277882,-26.781662,-22.33466,-26.820585,-31.439625,-25.700497,-20.665077,-29.455702,-28.990057,-26.142275,-30.788567,-27.356476,-21.616982,-27.616566,-36.833252,-28.844137,-26.5009,-28.964397,-25.823246,-23.29673,-26.380478,-29.063042,-29.53474,-30.219444,-26.61589,-25.558426,-24.429485,-28.114567,-23.64714,-26.648695,-29.976288,-34.054268,-34.349674,-27.062614,-25.535076,-26.537045,-26.681837,-24.972317,-25.028107,-25.59424,-23.00329,-21.555405,-30.00962,-42.54894,-54.757595,-52.467693,-52.42816,-52.6103,-53.731995,-53.83792,-50.753403,-37.131214,-35.787865,-47.693707,-80.0,-80.0,-80.0,-80.0,-80.0,-80.0,-80.0,-80.0,-80.0,-80.0,-80.0,-80.0,-80.0,-80.0,-80.0,-80.0,-80.0,-80.0,-80.0,-80.0,-80.0,-80.0,-80.0,-80.0,-80.0,-80.0,-80.0,-80.0,-80.0,-80.0,-80.0,-80.0,-80.0,-80.0,-80.0,-80.0,-80.0,-80.0,-80.0,-80.0,-80.0,-80.0,-80.0,-80.0,-80.0,-80.0,-80.0,-80.0,-80.0,-80.0,-80.0,-80.0,-80.0,-80.0,-80.0,-80.0,-80.0,-80.0,-80.0,-80.0,-80.0,-80.0,-80.0,-80.0,-80.0,-80.0,-80.0,-80.0,-80.0,-80.0,-80.0,-80.0,-80.0,-80.0,-80.0,-80.0,-80.0,-80.0,-80.0,-80.0,-80.0,-80.0,-80.0,-80.0,-80.0,-80.0,-80.0,-80.0,-80.0,-80.0,-80.0,-80.0,-80.0,-80.0
-31.680971,-28.919231,-23.067934,-26.815014,-42.66136,-30.47414,-23.270895,-24.8979,-21.352903,-22.463448,-24.296074,-24.075083,-23.679193,-29.122925,-27.509495,-29.977907,-29.290833,-28.499352,-31.233646,-40.292797,-33.44376,-26.509512,-25.996964,-28.74382,-27.50856,-25.002823,-20.01789,-22.497046,-27.692245,-33.860367,-39.292686,-34.50774,-22.671024,-18.970758,-18.347713,-25.672318,-34.70241,-24.512272,-23.08107,-30.194225,-26.485281,-21.087074,-21.18552,-19.856789,-18.568478,-21.587017,-24.462248,-26.373491,-24.570425,-23.54437,-26.842804,-28.982975,-24.958496,-24.404936,-30.082874,-31.096575,-25.758383,-26.081484,-20.811367,-22.87233,-25.341825,-19.153736,-20.1353,-25.573082,-27.385984,-26.831112,-31.716236,-32.17841,-24.170334,-22.070436,-20.403069,-16.976837,-19.020523,-24.898605,-24.303368,-24.746273,-28.053703,-26.481775,-26.068478,-27.337912,-31.93806,-22.740904,-18.835125,-20.630308,-23.07632,-27.518232,-25.20861,-21.035425,-23.776468,-26.776234,-29.235418,-27.347591,-27.109735,-27.48807,-23.952187,-22.75315,-19.942677,-21.390858,-20.259285,-21.428226,-25.385685,-28.737062,-28.536594,-27.95634,-23.930468,-20.410933,-22.465736,-33.631714,-30.8083,-27.573906,-23.48381,-21.972317,-22.872862,-26.06189,-25.22239,-26.11789,-24.007053,-27.8615,-28.468082,-34.783916,-28.53885,-32.730103,-42.095165,-33.37349,-31.987963,-35.649876,-26.757793,-28.239204,-28.84592,-27.751125,-18.316086,-17.385424,-21.491787,-27.790617,-31.448563,-31.045797,-27.080317,-24.396002,-26.90978,-30.345081,-26.5367,-27.00602,-39.890686,-41.355892,-28.019215,-20.25336,-21.185947,-29.258568,-28.090961,-21.122564,-15.954124,-18.722338,-25.196453,-24.53378,-23.27671,-29.834791,-25.815105,-23.656181,-26.27264,-21.333015,-18.020882,-20.281776,-22.581905,-18.823183,-16.576601,-16.890009,-19.546661,-20.064823,-23.263119,-22.85302,-27.635517,-32.435253,-22.126097,-21.272469,-20.990524,-18.406855,-22.559303,-23.15976,-27.786236,-25.697285,-23.108292,-23.57026,-25.016434,-26.616789,-28.368395,-32.647263,-26.88646,-30.265686,-31.500313,-23.709118,-22.012527,-29.099073,-25.680866,-27.292446,-26.83744,-28.010382,-30.10202,-30.63792,-24.603024,-24.588602,-23.253975,-24.37828,-26.077469,-21.819305,-22.898455,-25.529663,-28.231377,-34.65127,-32.790955,-26.40929,-24.778667,-27.074585,-26.615623,-29.059223,-25.772217,-20.880413,-23.481758,-31.103075,-27.214867,-21.252197,-27.209389,-26.253166,-26.954185,-24.212608,-29.72564,-32.061863,-31.985222,-28.427658,-28.446152,-21.41401,-18.838821,-24.902096,-21.519833,-23.425371,-22.814299,-26.76561,-26.803274,-26.273796,-26.579853,-22.781065,-18.570349,-22.35191,-23.223328,-23.496878,-25.916698,-26.356453,-28.915558,-37.322056,-24.043896,-21.03606,-24.266296,-26.043308,-27.447392,-19.645784,-19.549866,-23.663855,-29.31372,-28.55155,-21.234142,-22.939018,-33.06147,-27.731153,-24.83762,-26.440868,-28.960258,-20.57752,-21.744703,-29.554274,-25.61494,-27.606281,-31.417452,-27.894783,-30.870026,-27.783428,-23.457882,-21.254576,-23.65325,-20.615112,-22.340004,-32.63837,-25.372608,-22.161888,-27.471394,-25.12394,-20.36547,-28.159264,-27.939083,-27.65364,-25.536915,-21.400826,-21.825615,-25.979095,-27.84639,-27.545359,-23.685425,-21.05171,-21.706324,-32.39279,-35.79605,-23.65504,-22.472332,-20.060373,-27.839935,-30.155952,-28.949245,-21.534414,-20.763859,-19.763243,-18.04113,-22.366077,-26.798792,-20.21313,-18.520996,-21.489866,-25.8958,-30.307407,-28.63127,-27.904907,-20.21923,-18.167065,-21.701012,-19.597874,-21.269875,-22.059776,-22.705675,-24.3893,-20.634346,-23.48425,-28.301352,-21.910316,-21.054981,-21.511013,-29.760134,-31.238935,-30.103825,-26.644194,-22.136868,-25.974358,-20.759974,-15.8131695,-19.466728,-22.936853,-26.064915,-23.081257,-25.081734,-24.949984,-34.374924,-25.772978,-24.931067,-28.920149,-24.301262,-28.746971,-27.252996,-25.79416,-20.69582,-23.15655,-27.074066,-22.26162,-19.025436,-19.128616,-24.466465,-27.538609,-19.815298,-22.905064,-26.072104,-34.1217,-25.746933,-25.982006,-31.531937,-26.26987,-27.707903,-22.972742,-24.415257,-30.573467,-25.7772,-20.016214,-22.40612,-32.00412,-20.83688,-23.338844,-28.651505,-23.985031,-22.383364,-19.738512,-16.069267,-21.680178,-19.694784,-22.288189,-27.161522,-24.119583,-17.806551,-21.254501,-28.207184,-27.388195,-22.298756,-28.303497,-25.717117,-33.112755,-33.09394,-24.736359,-25.545479,-18.691395,-15.353569,-20.057785,-18.91513,-21.518656,-20.941832,-23.54845,-19.193449,-17.338427,-19.86813,-29.847385,-29.304214,-27.545137,-25.02306,-26.27572,-26.329857,-24.154099,-26.25052,-26.604967,-21.357292,-21.144262,-27.167425,-20.783539,-15.505613,-18.439365,-20.977665,-19.37975,-20.521168,-22.008968,-21.758793,-19.304762,-20.614325,-19.760954,-23.82621,-21.401203,-21.17582,-23.605362,-17.540564,-22.269295,-31.125952,-36.167824,-31.05455,-22.881447,-19.804163,-23.0147,-23.447552,-23.766872,-22.920204,-22.862898,-20.857607,-21.110691,-23.375538,-20.873356,-24.229012,-26.698559,-20.126747,-21.328312,-30.845009,-31.446201,-22.167248,-22.64831,-20.909502,-21.552166,-22.300968,-24.938,-27.231983,-23.655731,-23.342476,-32.084526,-30.865185,-25.783966,-21.50089,-24.679459,-23.800058,-22.818539,-28.499575,-29.598288,-29.945124,-24.749004,-25.224545,-30.77789,-27.935068,-22.54342,-23.073914,-27.247925,-31.99999,-24.788752,-19.484142,-23.736408,-23.926579,-23.392874,-20.88447,-24.77958,-27.207174,-18.965893,-18.362324,-29.332138,-31.747025,-28.742119,-26.786873,-25.092783,-27.914223,-26.428091,-25.522264,-23.519749,-26.801453,-17.8031,-15.989828,-25.652794,-26.011528,-23.565174,-21.693258,-24.999613,-27.024569,-26.019405,-33.522194,-32.770573,-20.945133,-21.197987,-28.44121,-29.388199,-27.854115,-31.868122,-25.116665,-22.149488,-21.36158,-22.353329,-25.180473,-30.165958,-30.170397,-25.533085,-26.302898,-20.574293,-20.572386,-25.375256,-21.204119,-18.70192,-19.039505,-22.718718,-25.020115,-25.772709,-25.936718,-23.249413,-24.54483,-24.09158,-26.124718,-26.280596,-26.708202,-25.250034,-24.974272,-28.854342,-22.928772,-21.483265,-26.245396,-31.76503,-32.44204,-30.271088,-22.685263,-19.893969,-24.017792,-25.637169,-24.751072,-25.569824,-32.26499,-28.538198,-27.455376,-23.88366,-21.293581,-26.462765,-21.207922,-24.074097,-31.122454,-27.173029,-26.631691,-28.054272,-24.346601,-23.343658,-25.099035,-28.942425,-23.523714,-19.748714,-27.028458,-32.382076,-24.685598,-25.418165,-26.794891,-22.35173,-27.42915,-28.427357,-27.303677,-28.946537,-29.015814,-28.642536,-25.507988,-30.327114,-28.443493,-29.337337,-29.290377,-32.50565,-31.05949,-25.381561,-28.767195,-22.342659,-21.786633,-24.18262,-30.316528,-33.20373,-29.614882,-27.528004,-28.085638,-29.986439,-24.1053,-24.612404,-22.82143,-23.141476,-23.329227,-31.101694,-45.82349,-53.445168,-54.757008,-53.900543,-55.27648,-53.157654,-53.2215,-55.598602,-39.169495,-36.995327,-48.351562,-80.0,-80.0,-80.0,-80.0,-80.0,-80.0,-80.0,-80.0,-80.0,-80.0,-80.0,-80.0,-80.0,-80.0,-80.0,-80.0,-80.0,-80.0,-80.0,-80.0,-80.0,-80.0,-80.0,-80.0,-80.0,-80.0,-80.0,-80.0,-80.0,-80.0,-80.0,-80.0,-80.0,-80.0,-80.0,-80.0,-80.0,-80.0,-80.0,-80.0,-80.0,-80.0,-80.0,-80.0,-80.0,-80.0,-80.0,-80.0,-80.0,-80.0,-80.0,-80.0,-80.0,-80.0,-80.0,-80.0,-80.0,-80.0,-80.0,-80.0,-80.0,-80.0,-80.0,-80.0,-80.0,-80.0,-80.0,-80.0,-80.0,-80.0,-80.0,-80.0,-80.0,-80.0,-80.0,-80.0,-80.0,-80.0,-80.0,-80.0,-80.0,-80.0,-80.0,-80.0,-80.0,-80.0,-80.0,-80.0,-80.0,-80.0,-80.0,-80.0,-80.0,-80.0
-28.933758,-26.812468,-26.084152,-26.762928,-30.532505,-27.157001,-26.74971,-22.957365,-18.83011,-22.873474,-24.012314,-23.313,-26.401909,-28.934708,-25.02988,-25.874958,-28.117952,-24.92802,-28.50764,-34.75971,-29.45209,-25.053314,-27.299648,-31.247053,-30.6424,-25.752132,-19.420654,-23.871538,-27.417515,-30.132496,-36.103516,-28.823938,-22.738304,-22.629757,-20.627018,-23.770048,-23.405281,-21.940649,-23.659836,-33.77671,-28.600866,-24.327269,-22.43377,-25.912037,-22.59111,-21.13818,-19.719763,-20.52929,-21.039774,-20.707188,-24.0567,-31.247618,-22.702225,-23.245804,-29.387749,-30.330032,-28.603756,-23.426537,-19.057112,-24.502241,-28.689487,-20.875929,-25.482635,-27.342533,-24.753979,-26.247532,-23.19621,-23.5454,-24.84315,-25.64916,-22.338562,-16.499662,-20.709793,-33.552345,-28.431692,-23.873339,-25.920418,-26.99225,-23.947823,-24.283825,-31.642681,-21.524643,-18.069124,-21.08863,-24.972256,-27.245678,-24.194683,-22.682573,-28.27309,-29.401588,-29.500267,-27.923748,-26.775148,-27.685337,-25.736397,-26.613598,-23.724575,-24.094223,-21.28041,-20.93369,-25.191051,-23.797909,-25.15567,-29.62841,-31.39673,-22.129236,-22.147972,-29.285639,-28.77588,-29.370756,-28.968903,-25.945778,-26.16513,-22.155985,-22.227343,-22.959204,-20.535816,-24.32045,-25.785559,-28.610538,-28.061047,-33.479755,-40.483913,-33.484596,-28.962128,-29.382227,-26.220245,-31.620968,-30.29139,-24.388325,-18.604542,-20.780973,-27.816576,-34.40162,-30.026703,-28.26732,-29.207573,-26.242977,-27.596989,-33.20358,-34.71708,-30.681847,-33.963867,-36.946186,-30.017864,-24.242445,-22.821064,-30.565678,-28.388617,-21.103271,-17.649004,-18.825478,-21.943184,-24.489359,-23.16143,-29.256283,-24.966766,-28.58941,-25.867292,-23.21557,-21.436577,-23.581123,-25.379784,-20.068317,-19.334435,-19.820744,-22.100042,-22.704659,-32.70661,-27.14847,-31.269182,-32.35667,-24.05172,-21.144314,-21.863575,-17.90842,-18.680462,-25.370872,-29.362019,-29.218655,-22.572123,-20.82289,-23.35868,-26.3729,-31.373652,-29.669888,-24.213373,-25.206074,-29.196777,-24.516415,-20.597126,-23.53942,-23.763618,-33.43965,-26.151093,-24.22728,-26.337488,-40.040825,-30.632572,-33.596756,-26.814425,-25.89875,-33.75098,-24.432774,-25.246424,-28.293337,-26.542192,-35.28286,-28.877216,-23.600464,-23.73848,-27.681711,-28.099684,-23.062683,-26.529202,-23.7501,-27.66158,-28.90969,-25.225231,-18.642721,-22.063335,-24.396357,-22.499577,-27.514246,-30.992481,-32.229275,-36.93892,-30.540152,-30.636997,-19.83466,-17.88921,-25.05077,-21.284962,-23.362537,-20.104916,-22.441864,-32.37892,-29.680124,-24.640636,-25.946514,-19.091606,-20.809578,-29.293354,-21.53159,-20.187075,-24.123772,-31.405584,-31.428707,-21.99516,-20.182774,-25.14853,-22.727356,-22.87648,-18.883335,-19.430084,-22.265146,-29.749949,-27.755955,-19.909996,-21.667099,-30.711853,-25.821703,-27.313732,-30.838203,-34.44372,-22.552748,-21.994007,-28.352922,-26.136564,-27.565655,-26.487839,-25.783253,-28.216032,-27.097965,-22.316141,-21.092894,-28.025791,-27.046597,-26.238583,-29.421177,-22.555344,-20.258945,-27.100397,-25.928802,-17.84721,-20.076199,-22.484135,-23.308193,-27.374844,-27.604445,-29.900404,-27.363981,-33.771122,-30.742771,-22.840445,-21.304703,-21.951963,-31.623508,-33.67332,-24.940636,-19.960407,-20.050411,-24.863924,-26.522657,-26.375084,-24.51572,-20.005081,-22.728456,-20.151255,-24.475182,-24.184912,-20.65717,-24.634945,-25.736183,-25.705797,-35.812553,-29.66486,-24.695955,-19.762571,-18.441824,-22.589436,-18.476479,-21.192745,-20.58642,-20.942822,-24.93557,-19.830193,-24.804432,-27.528408,-24.216413,-20.429632,-22.331234,-26.105125,-25.08007,-26.272556,-29.95242,-24.843311,-26.168211,-26.362255,-19.271976,-21.37209,-21.754848,-25.029438,-24.1962,-22.506886,-25.906883,-34.067738,-27.686867,-30.211584,-25.320683,-22.674927,-26.971476,-25.588203,-21.280884,-19.504723,-25.04451,-30.72533,-24.14479,-17.65262,-19.190313,-26.11023,-23.745193,-19.868227,-21.38929,-30.130129,-33.106346,-29.66622,-25.732388,-28.14565,-26.642847,-24.351131,-25.420439,-22.486866,-27.348532,-25.67778,-24.245995,-24.066172,-28.81675,-19.765966,-21.761135,-27.699175,-24.787764,-21.508064,-19.115425,-19.171259,-21.663712,-20.543888,-23.110313,-28.641405,-28.426441,-21.38841,-25.432789,-31.949383,-30.343225,-24.320751,-24.652712,-22.950342,-28.217186,-29.988712,-24.656553,-26.403809,-16.290215,-14.492735,-18.141443,-15.590971,-16.305796,-17.831024,-22.745525,-24.62501,-20.559437,-23.359035,-29.58969,-29.551464,-28.605755,-27.706379,-28.433842,-25.177994,-25.874966,-25.38461,-23.915573,-18.265623,-20.881811,-39.188793,-23.028732,-16.8701,-18.286943,-23.07029,-21.915695,-21.900822,-23.897326,-20.343819,-16.17131,-20.592087,-19.352459,-22.949024,-22.841208,-24.934,-22.052364,-18.480938,-19.382456,-28.154879,-35.53367,-28.46391,-20.68636,-19.395462,-26.039581,-23.496696,-26.00296,-23.14755,-22.375221,-24.436329,-21.679647,-22.689335,-22.468407,-23.867517,-24.773232,-22.084827,-22.477615,-34.873024,-28.339603,-21.32201,-19.32647,-22.268562,-23.525053,-24.067524,-23.847862,-24.723753,-23.37,-21.841465,-23.512985,-26.64927,-27.00821,-18.921757,-21.202082,-24.03452,-22.590523,-29.186787,-26.797052,-30.18718,-30.499294,-26.188261,-25.56411,-30.44871,-26.687979,-26.590172,-30.282951,-28.565983,-24.10942,-22.075533,-23.762947,-21.23934,-19.526562,-23.416893,-24.743427,-25.359102,-19.015617,-16.813375,-21.858692,-26.266579,-26.01569,-23.374203,-26.562141,-34.933334,-26.456732,-27.931667,-26.974203,-31.005394,-18.387634,-17.263264,-24.008778,-24.523514,-26.291025,-19.966515,-21.333637,-26.657583,-25.238379,-29.095526,-29.585047,-20.730179,-19.771685,-26.233997,-28.148132,-26.687092,-37.43122,-33.136906,-34.743572,-24.044178,-20.153038,-23.148544,-30.74794,-26.449083,-28.568748,-27.276474,-21.961113,-20.669922,-26.364689,-23.642118,-18.999249,-21.089424,-21.597557,-24.814728,-26.38942,-29.414425,-30.24831,-21.385609,-21.912537,-27.159937,-24.269968,-24.36014,-24.576473,-22.8144,-27.784939,-24.898518,-21.841707,-28.359932,-32.06546,-37.074078,-31.004948,-25.85646,-22.601566,-21.59631,-25.929703,-30.854681,-23.756062,-27.111378,-31.674694,-28.03544,-22.360138,-22.14954,-26.503382,-30.22929,-26.998453,-31.230047,-27.39953,-24.653164,-26.093126,-23.264164,-28.072956,-26.603136,-25.754,-21.264923,-17.670801,-23.655869,-36.36674,-24.427513,-22.764412,-26.958286,-24.224281,-26.293472,-23.699665,-27.119234,-38.49176,-34.5147,-39.787468,-31.232292,-29.003227,-30.106611,-31.123257,-29.100498,-28.772688,-27.645315,-29.02101,-28.210627,-23.143415,-20.1317,-22.35976,-27.912766,-32.390648,-25.956104,-25.879824,-33.797302,-31.84339,-25.98705,-28.104069,-22.323156,-25.517542,-26.419683,-34.559105,-48.900272,-54.006477,-53.100983,-53.05916,-53.172012,-53.415947,-53.476097,-52.924908,-40.480923,-37.904736,-49.07636,-80.0,-80.0,-80.0,-80.0,-80.0,-80.0,-80.0,-80.0,-80.0,-80.0,-80.0,-80.0,-80.0,-80.0,-80.0,-80.0,-80.0,-80.0,-80.0,-80.0,-80.0,-80.0,-80.0,-80.0,-80.0,-80.0,-80.0,-80.0,-80.0,-80.0,-80.0,-80.0,-80.0,-80.0,-80.0,-80.0,-80.0,-80.0,-80.0,-80.0,-80.0,-80.0,-80.0,-80.0,-80.0,-80.0,-80.0,-80.0,-80.0,-80.0,-80.0,-80.0,-80.0,-80.0,-80.0,-80.0,-80.0,-80.0,-80.0,-80.0,-80.0,-80.0,-80.0,-80.0,-80.0,-80.0,-80.0,-80.0,-80.0,-80.0,-80.0,-80.0,-80.0,-80.0,-80.0,-80.0,-80.0,-80.0,-80.0,-80.0,-80.0,-80.0,-80.0,-80.0,-80.0,-80.0,-80.0,-80.0,-80.0,-80.0,-80.0,-80.0,-80.0,-80.0
-26.725685,-25.01846,-33.690792,-29.10058,-27.865028,-24.604733,-31.046299,-23.993313,-19.083912,-21.65563,-24.856243,-27.336819,-36.154068,-29.448074,-25.275496,-23.972084,-27.123108,-24.120388,-28.180338,-27.573454,-25.405434,-22.95773,-24.71915,-26.191032,-26.199047,-24.97922,-21.177917,-25.574177,-26.578712,-24.903511,-25.440762,-22.001232,-22.904732,-27.246456,-24.098562,-21.131891,-17.830343,-19.350388,-28.61677,-32.406452,-25.268772,-27.308838,-23.418129,-22.007477,-19.147816,-17.508596,-17.551414,-18.658924,-22.315754,-21.407398,-24.986422,-27.944954,-22.198757,-26.015236,-34.94197,-34.00354,-27.203217,-21.886454,-18.898918,-25.187883,-26.359896,-22.082645,-28.170021,-26.932785,-21.552494,-22.711376,-19.976322,-19.750412,-26.870264,-26.534203,-24.627071,-19.625614,-21.839554,-32.608376,-26.398296,-23.334438,-25.691526,-27.176773,-21.060223,-21.620827,-31.557035,-23.815456,-20.532516,-30.291431,-27.845554,-27.448923,-29.032137,-25.35265,-34.284622,-32.05838,-29.647594,-26.040718,-27.110071,-26.665504,-24.816404,-25.647053,-29.491009,-24.197634,-22.98247,-23.00038,-25.02119,-21.449871,-24.157763,-32.52607,-36.110485,-27.946293,-24.158289,-25.839323,-23.02452,-25.442974,-30.299273,-25.826338,-21.317451,-20.459112,-21.96952,-23.146675,-20.668167,-21.746113,-22.283072,-25.425468,-29.189293,-34.241108,-37.35033,-31.54301,-29.837563,-24.652908,-24.581764,-34.656204,-27.386658,-21.404129,-22.148693,-30.620214,-32.966446,-29.553782,-25.113445,-24.133598,-34.473495,-27.928852,-24.838928,-29.249199,-34.168114,-31.942472,-31.142157,-32.338818,-31.634785,-30.845196,-25.555727,-28.16413,-26.765333,-23.249462,-23.748928,-23.558193,-21.487728,-29.292006,-23.393185,-27.8964,-27.438465,-26.30133,-26.504948,-28.658747,-25.59983,-24.941807,-24.33164,-30.003063,-29.153305,-27.420835,-19.473715,-19.154457,-24.62048,-25.458693,-24.845963,-27.080902,-26.96908,-20.33126,-22.10423,-21.15627,-18.837523,-23.69182,-24.347092,-26.144339,-23.33743,-22.913857,-24.989601,-28.791082,-28.801495,-27.59917,-23.288784,-21.591625,-25.331635,-26.833616,-20.267605,-19.780666,-23.88788,-31.194674,-28.172361,-24.250656,-25.553585,-31.478155,-32.605343,-29.428106,-28.27193,-24.507244,-30.833353,-23.975628,-22.969837,-25.72919,-26.248152,-31.714302,-24.89588,-24.826431,-24.364002,-25.532833,-23.436462,-19.207817,-21.877028,-27.726002,-30.26115,-29.88338,-20.085123,-16.38657,-17.985302,-20.457191,-19.156727,-24.52784,-26.345211,-32.743423,-33.86643,-31.815067,-26.828775,-19.593945,-18.013048,-24.859894,-19.797321,-20.541418,-19.824104,-21.742935,-26.823074,-31.58537,-27.545242,-23.294514,-20.702446,-25.721199,-27.63953,-19.213852,-18.26334,-21.818731,-29.243353,-27.318907,-22.29958,-22.606003,-28.298769,-21.603054,-20.45868,-21.665863,-25.686478,-22.532269,-25.309326,-28.095943,-21.065868,-21.05334,-27.579624,-25.762672,-33.23694,-34.35358,-33.259354,-25.208012,-24.572483,-25.552547,-25.595758,-27.309752,-22.270355,-25.892517,-24.708504,-27.13424,-21.631756,-20.284294,-22.321157,-23.719326,-24.7827,-23.844156,-20.867846,-20.840185,-29.409534,-24.963093,-16.6259,-16.652409,-21.211647,-21.384724,-22.953354,-27.532194,-25.009895,-24.805305,-26.703663,-26.860895,-24.119432,-29.355953,-21.65397,-25.88934,-35.373043,-29.057892,-22.522749,-22.939865,-25.258997,-27.508396,-27.205235,-33.28344,-23.139734,-23.327236,-22.689886,-32.226196,-23.611774,-23.48241,-38.134544,-30.973537,-27.856459,-37.618073,-31.362589,-23.018656,-21.220089,-23.3698,-22.52879,-18.238104,-25.095238,-22.817158,-22.382313,-22.931602,-20.388916,-28.786356,-30.1307,-29.085003,-23.335848,-25.145214,-20.978611,-21.641922,-22.749714,-26.790266,-26.262865,-27.486214,-35.28202,-24.531235,-20.445616,-21.1764,-24.37204,-27.414062,-22.020172,-25.595764,-33.893997,-29.639654,-25.448065,-22.46383,-22.870983,-26.892422,-23.288614,-20.721645,-20.348347,-26.620865,-26.258404,-23.057968,-20.295683,-24.016361,-26.172586,-20.828403,-21.901243,-23.98493,-24.312725,-25.519794,-29.048782,-25.954746,-22.960575,-26.55373,-22.790766,-22.23814,-20.693861,-25.120056,-23.339329,-25.368212,-25.574041,-25.103626,-19.525015,-23.547531,-28.489697,-27.998352,-21.670033,-19.807003,-23.873968,-25.042732,-24.298225,-21.019451,-25.532623,-37.275276,-23.063684,-22.055452,-24.658127,-28.456205,-21.976917,-21.224396,-22.800491,-25.628315,-27.594631,-24.172178,-23.841656,-17.272661,-15.917915,-18.794252,-14.909294,-14.793079,-17.428144,-20.89264,-24.263735,-27.198227,-27.354954,-34.645954,-28.261368,-28.096504,-27.380886,-29.121998,-31.174778,-24.720263,-21.182766,-22.47276,-18.116915,-21.112747,-29.719048,-27.573309,-21.952003,-17.621395,-24.397099,-26.210102,-26.129683,-25.605026,-17.69915,-15.181572,-22.448296,-22.361082,-22.688482,-22.919899,-22.975569,-19.044655,-21.783978,-18.705189,-22.597218,-25.956223,-27.651289,-20.07788,-20.515884,-24.162388,-22.676048,-25.638943,-21.039333,-20.988949,-27.665874,-21.268116,-24.678474,-24.989187,-27.764395,-25.067053,-23.43038,-20.785975,-27.31695,-28.816336,-24.043663,-19.339632,-25.866585,-29.737442,-28.975796,-24.30475,-25.369087,-31.024647,-22.054104,-19.441402,-22.832966,-26.947811,-18.549225,-20.39051,-27.328674,-24.520926,-31.798164,-24.401981,-26.306295,-33.914043,-28.600521,-23.095749,-24.5619,-30.709291,-30.069096,-28.700954,-24.302265,-23.319641,-24.298286,-22.236053,-18.0603,-18.410892,-34.9011,-25.907372,-25.519577,-24.255089,-16.562288,-18.575245,-25.562986,-22.55769,-23.818228,-29.840002,-33.842876,-26.640776,-24.819757,-29.018066,-32.061695,-21.607367,-22.128162,-22.306835,-22.49855,-27.447266,-21.182049,-18.761784,-22.808273,-28.181389,-26.189594,-28.0128,-23.027565,-21.23475,-27.190582,-24.817213,-26.106064,-34.43719,-38.428867,-39.427418,-30.7242,-21.00008,-24.219376,-26.684387,-22.374046,-24.238874,-26.683,-22.099771,-22.746208,-27.986202,-22.00195,-19.85843,-25.279722,-22.761463,-26.849176,-28.126049,-28.016787,-28.805408,-21.714825,-21.67699,-26.816845,-21.621239,-23.271976,-22.141113,-23.750572,-32.69967,-28.376667,-20.701065,-22.310352,-30.509775,-32.564766,-30.131092,-31.708818,-30.463276,-22.711443,-24.840096,-26.922466,-21.638985,-24.698238,-28.56706,-25.196661,-24.866812,-24.082165,-32.468563,-37.10425,-28.783665,-31.285337,-27.352512,-23.996265,-26.209888,-23.808418,-33.07453,-28.40876,-26.440586,-22.15683,-17.375715,-21.693247,-29.495943,-23.289185,-23.097946,-32.179745,-26.528412,-27.39746,-21.985767,-24.853464,-31.549564,-33.595444,-37.481224,-37.81638,-29.364792,-30.321102,-33.530674,-31.757162,-26.647778,-25.252226,-29.92053,-26.50568,-26.145645,-22.95603,-25.177721,-27.357702,-30.021254,-22.891636,-24.362812,-37.656963,-33.79541,-29.969183,-28.945799,-24.051983,-26.588501,-26.036385,-32.763622,-44.627068,-55.627476,-52.999992,-52.840103,-53.1448,-54.51258,-54.734802,-54.030914,-40.169983,-38.242134,-49.851494,-80.0,-80.0,-80.0,-80.0,-80.0,-80.0,-80.0,-80.0,-80.0,-80.0,-80.0,-80.0,-80.0,-80.0,-80.0,-80.0,-80.0,-80.0,-80.0,-80.0,-80.0,-80.0,-80.0,-80.0,-80.0,-80.0,-80.0,-80.0,-80.0,-80.0,-80.0,-80.0,-80.0,-80.0,-80.0,-80.0,-80.0,-80.0,-80.0,-80.0,-80.0,-80.0,-80.0,-80.0,-80.0,-80.0,-80.0,-80.0,-80.0,-80.0,-80.0,-80.0,-80.0,-80.0,-80.0,-80.0,-80.0,-80.0,-80.0,-80.0,-80.0,-80.0,-80.0,-80.0,-80.0,-80.0,-80.0,-80.0,-80.0,-80.0,-80.0,-80.0,-80.0,-80.0,-80.0,-80.0,-80.0,-80.0,-80.0,-80.0,-80.0,-80.0,-80.0,-80.0,-80.0,-80.0,-80.0,-80.0,-80.0,-80.0,-80.0,-80.0,-80.0,-80.0
-26.932858,-26.603615,-30.931177,-32.761307,-29.208885,-23.850927,-28.749876,-25.80696,-24.282364,-24.726578,-28.662983,-25.411602,-29.479095,-29.022509,-27.286732,-23.502245,-24.083426,-24.737677,-30.78218,-24.838223,-25.968304,-25.15195,-25.624466,-24.23058,-25.285545,-30.041912,-23.03128,-27.91758,-26.04614,-22.626995,-20.97322,-19.843307,-21.867126,-22.494259,-19.279892,-20.704208,-16.001938,-18.822098,-32.93634,-26.174557,-21.513569,-22.759863,-23.172726,-17.776056,-17.911304,-18.275177,-20.07916,-21.106922,-38.629765,-27.521366,-27.971155,-28.122236,-23.304419,-29.034697,-35.56586,-28.369152,-24.972153,-21.576153,-21.39014,-29.058681,-25.74351,-22.283314,-24.603058,-22.484535,-20.94596,-23.455643,-21.16993,-19.613028,-25.32079,-23.810204,-26.893658,-25.09282,-24.017555,-36.485836,-30.230667,-27.24139,-31.23901,-33.263092,-21.412949,-21.810543,-28.573713,-28.624134,-22.362732,-28.015945,-26.431747,-28.08001,-24.36324,-23.307474,-31.185007,-29.696558,-29.00455,-27.643959,-36.405285,-31.58735,-25.438747,-23.637997,-25.481228,-25.92956,-32.112755,-23.115204,-22.679413,-23.804867,-28.303387,-31.870937,-34.8344,-29.502867,-26.870644,-22.146927,-21.572765,-23.567085,-27.862469,-22.277792,-19.554848,-23.004154,-25.178059,-24.20522,-24.600279,-22.242546,-22.399986,-27.71627,-32.950718,-31.94115,-32.955807,-29.598663,-27.826473,-22.587566,-23.271385,-29.058466,-23.784044,-22.059597,-27.396128,-40.60183,-29.527878,-28.290972,-24.424862,-22.660728,-28.275162,-26.978554,-25.803898,-27.881607,-29.296791,-29.903006,-34.711857,-31.345165,-28.749603,-27.496508,-26.783913,-25.898338,-27.527971,-29.15699,-26.589712,-22.564026,-21.8586,-27.533764,-24.094736,-23.363468,-36.978527,-25.63977,-27.180092,-25.187239,-21.098326,-22.419283,-29.382484,-32.226173,-30.345192,-24.54749,-19.895252,-17.113274,-21.358212,-24.18703,-21.214043,-21.924194,-25.236538,-19.045029,-24.17725,-27.823267,-23.599365,-22.506586,-22.511593,-29.410685,-27.63509,-29.929409,-25.723064,-28.250122,-31.326027,-31.201954,-27.670464,-22.526237,-23.081339,-29.27172,-23.02891,-21.349022,-25.76741,-29.45925,-29.823513,-29.077633,-28.129478,-27.643433,-31.385216,-27.126114,-24.045837,-23.823206,-31.732473,-23.13105,-19.363628,-20.76197,-25.661041,-29.943642,-24.486053,-28.682188,-22.147795,-19.790356,-19.247408,-18.496084,-20.26355,-27.501488,-24.551804,-26.659496,-18.853416,-18.012768,-17.132776,-20.509033,-18.973082,-20.352427,-24.368298,-34.084927,-29.905869,-27.42485,-23.41085,-21.980474,-20.997505,-21.625061,-18.28226,-22.76546,-23.535727,-25.610764,-22.877235,-27.764679,-32.31342,-23.059998,-25.169527,-30.543661,-24.155476,-18.631794,-22.222874,-22.018644,-24.28428,-27.689938,-27.478111,-28.74214,-25.551506,-24.018154,-24.350487,-27.980194,-28.209444,-27.240963,-24.864042,-32.162094,-24.648857,-22.704329,-25.840416,-26.311808,-27.560886,-34.038586,-29.497837,-28.76044,-22.522749,-22.766096,-25.048279,-25.401386,-20.486311,-23.516504,-22.880901,-27.02177,-25.396431,-24.233238,-20.200958,-19.483124,-19.585613,-21.88874,-21.64262,-24.544418,-25.590221,-22.518627,-18.471699,-17.19747,-24.204105,-23.524933,-21.15216,-20.719934,-22.639542,-26.369953,-23.820469,-21.595997,-24.175442,-27.563858,-21.817772,-22.843708,-28.200737,-31.246159,-28.526297,-32.651466,-29.81534,-28.611374,-28.836792,-31.153603,-27.885918,-21.804768,-22.375305,-26.604431,-21.647722,-23.690615,-27.65982,-24.638943,-27.658592,-33.69757,-31.911804,-26.506062,-28.850393,-33.40294,-21.093704,-18.14442,-22.268284,-25.928762,-25.310715,-24.186567,-22.029598,-24.380566,-25.175156,-22.799475,-23.992363,-23.188515,-20.233776,-23.36883,-23.600533,-25.538017,-29.495064,-31.775694,-29.747591,-26.297844,-24.05562,-24.414062,-21.139894,-24.3807,-21.558605,-25.948948,-28.084896,-24.8139,-21.453842,-23.826279,-23.99117,-24.203705,-21.615486,-29.439072,-23.797913,-23.984951,-21.152908,-20.628235,-23.909725,-32.994827,-26.537237,-20.458923,-24.208403,-26.875776,-19.20061,-17.89274,-21.350925,-26.178986,-21.54757,-22.527872,-22.274654,-21.46325,-19.486557,-21.260221,-21.425148,-24.94897,-25.742548,-22.743687,-21.220383,-28.836195,-34.97778,-26.810886,-22.731056,-26.10809,-26.725355,-21.853294,-21.105478,-19.570278,-25.802351,-34.10188,-23.83866,-19.939669,-22.730026,-23.888718,-19.933012,-22.604128,-27.283379,-27.455088,-26.817642,-23.117872,-22.087284,-19.969095,-19.355297,-19.803804,-19.210022,-19.702206,-24.869518,-21.29816,-21.041458,-22.786524,-23.553658,-27.164906,-29.191492,-38.64076,-27.840534,-28.30533,-27.573004,-22.609682,-20.073582,-26.801144,-20.231941,-24.001537,-24.374758,-26.038935,-24.314022,-18.041882,-22.283981,-24.074812,-24.269588,-21.59422,-17.805172,-16.09131,-18.961739,-26.595407,-21.112022,-23.38053,-21.457516,-17.469536,-19.57492,-20.097023,-20.193676,-21.600117,-25.373695,-20.394022,-23.55428,-28.797169,-25.043396,-26.855171,-20.27228,-21.055971,-25.728308,-20.964302,-22.639332,-23.798296,-24.633617,-24.56099,-22.478142,-21.460672,-23.54704,-27.764118,-26.801186,-19.663664,-23.20917,-26.913595,-25.4416,-26.250523,-33.997593,-29.171618,-21.647089,-20.46061,-21.31296,-24.93517,-20.616695,-20.9915,-26.3181,-26.174805,-31.733198,-22.934132,-19.918077,-24.77132,-29.388704,-24.845415,-21.589792,-22.115406,-22.813368,-23.98981,-24.951172,-20.834568,-22.147408,-21.22005,-17.02656,-18.29425,-29.165958,-29.021706,-27.128527,-27.8486,-19.055325,-19.490944,-26.18387,-23.536682,-29.05842,-31.084347,-32.52174,-29.230207,-28.059437,-32.724487,-31.60413,-26.083614,-32.64888,-25.662693,-22.831644,-26.828289,-25.04276,-18.663498,-20.230352,-27.735798,-25.743898,-25.072163,-24.355698,-27.815845,-27.026834,-21.793589,-23.702831,-35.38276,-36.189777,-38.51053,-32.692905,-22.536036,-25.205803,-25.642307,-20.727169,-20.393444,-26.708725,-24.08432,-28.5862,-30.00557,-21.343964,-18.783726,-23.803804,-28.12453,-25.527107,-21.647224,-22.578419,-25.062313,-24.17463,-27.994532,-22.906855,-19.547691,-24.936836,-23.60505,-24.351757,-31.147915,-28.618944,-22.291176,-19.38491,-21.977905,-25.037132,-28.41698,-26.268015,-27.332209,-25.212189,-26.091534,-20.326534,-19.804897,-27.75461,-29.314003,-25.29139,-27.322716,-23.978867,-27.763186,-33.268234,-25.102203,-24.680283,-23.877975,-25.057194,-24.272448,-22.22599,-26.578983,-27.941895,-29.398962,-22.85237,-20.500011,-21.597694,-22.82974,-22.062683,-28.153948,-28.152407,-25.476376,-27.843151,-23.873907,-22.675419,-27.357025,-28.063217,-33.955727,-33.913258,-30.854332,-31.354723,-33.956257,-45.599316,-29.59897,-24.135656,-27.033688,-26.798143,-26.151787,-29.42838,-35.937363,-29.408773,-25.346058,-21.722916,-25.456367,-34.254093,-34.34678,-36.009907,-28.509224,-25.635952,-26.111832,-24.800423,-31.248693,-41.771812,-52.994896,-55.670105,-54.586597,-56.704105,-53.046944,-53.09443,-53.687897,-39.271015,-38.282467,-50.600594,-80.0,-80.0,-80.0,-80.0,-80.0,-80.0,-80.0,-80.0,-80.0,-80.0,-80.0,-80.0,-80.0,-80.0,-80.0,-80.0,-80.0,-80.0,-80.0,-80.0,-80.0,-80.0,-80.0,-80.0,-80.0,-80.0,-80.0,-80.0,-80.0,-80.0,-80.0,-80.0,-80.0,-80.0,-80.0,-80.0,-80.0,-80.0,-80.0,-80.0,-80.0,-80.0,-80.0,-80.0,-80.0,-80.0,-80.0,-80.0,-80.0,-80.0,-80.0,-80.0,-80.0,-80.0,-80.0,-80.0,-80.0,-80.0,-80.0,-80.0,-80.0,-80.0,-80.0,-80.0,-80.0,-80.0,-80.0,-80.0,-80.0,-80.0,-80.0,-80.0,-80.0,-80.0,-80.0,-80.0,-80.0,-80.0,-80.0,-80.0,-80.0,-80.0,-80.0,-80.0,-80.0,-80.0,-80.0,-80.0,-80.0,-80.0,-80.0,-80.0,-80.0,-80.0
-29.845467,-32.091225,-36.937103,-32.67003,-27.156149,-24.312292,-22.952667,-24.98476,-26.250965,-27.662992,-24.58495,-23.685085,-25.256514,-25.092646,-24.393742,-27.237411,-27.395672,-24.932087,-27.111057,-26.583483,-29.578907,-31.036783,-38.43632,-26.13085,-28.308561,-24.544638,-23.711033,-26.215279,-28.577328,-26.44397,-21.214561,-25.463047,-20.136463,-17.571524,-16.97409,-22.336174,-16.35234,-16.93929,-28.239265,-23.842915,-20.97213,-23.400698,-25.330767,-17.359474,-22.410057,-20.819857,-23.499668,-21.030117,-28.601398,-29.527498,-31.22511,-26.486435,-27.671177,-27.46796,-30.410133,-25.49953,-26.972994,-30.633514,-25.91383,-28.203697,-31.139168,-23.719364,-26.345533,-22.18319,-23.271217,-29.492842,-23.809675,-20.722277,-34.471798,-24.382523,-24.660023,-26.443087,-23.106342,-32.333015,-34.198948,-38.41658,-37.010143,-34.23291,-23.8937,-25.446955,-31.873465,-25.656778,-21.217098,-23.697435,-25.062305,-22.275463,-19.150173,-20.85271,-29.082586,-30.160446,-26.54784,-29.804672,-31.74573,-29.60208,-25.527664,-28.33448,-26.182352,-30.197212,-27.057787,-23.768185,-30.172894,-27.539295,-27.499393,-26.219337,-26.497524,-23.775455,-19.615692,-17.661469,-23.028605,-24.201405,-36.979126,-21.748295,-22.642326,-30.59646,-29.217484,-22.120785,-23.459433,-22.682575,-26.65327,-28.781284,-29.080406,-31.001734,-27.961708,-24.484234,-23.511658,-22.158386,-22.826271,-23.527851,-19.841354,-25.410833,-26.881409,-31.335678,-27.721365,-35.200787,-30.714367,-23.408394,-23.700817,-29.590727,-31.87618,-38.023968,-28.225882,-29.283592,-34.399307,-34.349407,-30.540628,-28.27007,-31.623154,-27.424253,-28.031504,-23.149174,-23.328264,-23.295639,-22.780907,-33.116367,-26.045702,-21.790703,-28.610317,-23.424393,-24.83723,-26.705395,-20.186638,-19.61687,-23.73988,-24.727982,-27.958662,-28.969732,-28.604778,-18.382282,-22.071297,-28.790257,-21.034615,-20.39238,-23.867466,-17.440815,-20.296158,-24.99773,-26.883955,-24.785143,-24.963531,-33.728016,-28.794933,-25.372822,-24.72116,-26.235474,-34.374443,-35.537476,-31.50572,-31.428528,-25.487331,-25.109167,-29.276062,-28.05017,-30.763445,-23.908318,-23.034973,-27.965702,-32.89794,-27.27707,-24.749887,-25.549246,-21.60247,-22.9625,-39.3226,-24.49476,-17.95586,-18.226799,-25.36448,-28.181273,-28.87456,-26.543697,-20.75457,-18.558275,-21.122581,-22.968143,-20.516014,-22.92252,-19.991419,-23.147545,-20.957561,-27.040089,-18.53717,-21.125854,-22.369068,-20.754944,-24.734941,-30.64126,-26.80255,-22.464027,-21.592392,-29.326878,-26.667572,-25.876936,-17.901476,-22.927492,-28.281319,-23.138805,-20.490704,-27.69424,-30.496626,-25.765102,-29.160524,-25.446487,-21.0675,-20.386333,-29.43336,-23.432796,-22.803059,-30.647573,-28.400766,-29.012953,-29.7956,-32.972626,-23.041988,-24.965897,-28.58244,-31.15884,-26.378355,-29.11919,-29.480549,-31.593712,-33.970016,-28.031338,-27.016684,-28.080864,-27.491707,-22.117132,-19.05674,-19.920826,-27.603035,-27.798952,-20.657036,-18.560764,-22.02758,-25.60841,-26.29622,-28.07346,-25.759071,-20.393532,-19.26057,-25.15199,-22.812767,-29.286842,-25.413275,-24.930603,-30.159794,-19.879646,-19.394966,-22.701881,-19.55207,-18.175087,-25.99945,-37.797714,-25.710869,-21.367859,-24.31736,-24.370476,-22.716555,-23.105495,-23.000679,-27.064238,-27.078354,-32.894444,-23.188644,-20.533953,-25.30568,-30.05611,-30.525253,-28.80968,-24.271305,-22.644958,-22.805353,-21.124056,-23.196367,-21.966488,-26.99281,-26.551924,-26.175224,-32.029472,-32.02081,-30.19059,-27.204016,-20.946926,-22.554577,-24.62064,-22.21672,-24.98695,-28.600822,-22.534306,-20.175095,-19.431187,-26.33658,-21.699831,-24.176882,-29.837152,-28.12959,-26.3432,-26.497252,-29.55755,-25.630363,-22.843973,-23.936037,-27.215416,-23.147734,-20.19932,-19.837704,-25.362068,-24.069023,-19.079273,-18.88395,-23.560688,-21.695475,-22.450796,-21.70349,-28.335562,-26.775375,-24.017384,-18.431017,-22.105484,-22.200375,-24.858732,-26.856867,-22.824297,-24.178522,-31.352036,-18.318174,-15.117025,-17.079685,-22.42274,-23.165594,-21.216873,-25.801088,-28.301756,-20.560005,-19.44111,-24.48688,-33.88583,-28.249016,-21.660538,-26.34037,-30.127844,-32.673874,-22.441177,-20.971588,-22.184204,-22.15232,-22.146965,-19.563515,-20.31141,-25.213896,-33.769787,-27.717102,-20.811935,-26.599195,-20.594025,-19.920868,-25.993954,-27.794294,-24.88628,-22.271889,-20.038994,-18.506226,-21.825752,-26.263002,-18.84111,-22.542938,-24.264725,-27.935547,-23.694103,-21.084244,-20.849247,-20.329567,-23.950806,-28.265215,-34.81766,-31.811981,-25.285538,-21.50851,-20.598793,-22.226067,-22.879005,-24.396957,-24.648655,-21.257637,-22.216528,-23.918018,-18.345392,-21.049652,-27.536436,-25.538425,-18.32013,-22.806564,-18.494701,-21.678682,-22.61967,-18.362751,-19.640001,-23.203674,-18.454752,-18.307829,-25.754929,-22.984549,-22.515978,-23.959732,-21.86649,-20.888874,-26.408453,-26.84903,-27.208204,-20.519047,-21.06368,-23.500916,-23.34161,-24.329256,-23.349968,-26.036074,-27.024233,-25.307484,-29.68171,-23.40725,-24.13344,-22.000753,-19.115822,-20.514214,-24.500347,-29.96405,-27.707603,-25.773842,-21.390337,-19.807203,-29.747019,-22.744532,-26.661957,-24.201962,-25.517483,-36.438675,-27.604416,-30.51246,-21.406685,-17.12968,-20.194027,-24.945938,-29.872213,-21.810715,-18.30613,-19.973131,-24.484753,-27.10696,-20.528736,-25.794683,-29.30264,-21.610106,-19.594688,-27.83851,-29.717602,-27.45327,-25.808369,-20.962082,-22.99494,-20.771076,-27.91134,-28.82861,-27.503546,-25.686136,-28.628153,-40.261467,-34.39894,-28.897606,-28.658676,-29.252361,-29.74749,-29.183813,-27.034113,-27.06122,-24.878387,-19.401957,-22.54269,-25.611252,-22.468685,-24.6786,-28.992159,-25.487806,-19.013893,-22.101303,-36.32313,-34.42118,-38.41526,-31.653492,-24.522892,-23.076876,-27.868567,-23.608673,-21.704014,-23.145828,-26.966803,-24.871447,-26.964397,-20.35046,-20.527899,-30.153822,-29.552017,-21.232504,-19.183819,-21.211908,-22.64825,-28.66154,-30.346489,-21.169151,-20.075035,-21.5289,-25.359095,-21.79102,-25.37986,-26.589123,-29.155241,-19.223269,-18.493786,-21.86701,-25.429955,-22.604618,-21.885145,-26.8955,-23.491812,-17.259258,-20.290459,-32.14209,-34.390068,-30.412947,-23.522087,-22.904238,-27.347498,-28.117502,-22.464294,-22.373703,-21.678469,-27.679626,-22.907076,-23.08937,-23.15481,-32.776993,-33.81383,-23.60675,-26.153803,-25.732775,-20.631813,-24.87613,-31.824635,-28.287935,-24.24115,-28.545889,-30.194769,-23.241173,-27.097633,-23.817562,-27.895689,-28.077984,-27.542389,-31.289797,-34.337776,-43.091846,-30.013327,-24.3928,-32.228947,-27.011171,-24.81562,-26.523071,-32.469837,-31.146814,-23.023655,-22.793697,-33.1123,-32.875,-32.934956,-39.750946,-28.031473,-24.894255,-24.79836,-26.41695,-34.03905,-42.208908,-56.396645,-52.36547,-52.50809,-52.249466,-54.801556,-55.05626,-50.46524,-39.352837,-38.75468,-51.24949,-80.0,-80.0,-80.0,-80.0,-80.0,-80.0,-80.0,-80.0,-80.0,-80.0,-80.0,-80.0,-80.0,-80.0,-80.0,-80.0,-80.0,-80.0,-80.0,-80.0,-80.0,-80.0,-80.0,-80.0,-80.0,-80.0,-80.0,-80.0,-80.0,-80.0,-80.0,-80.0,-80.0,-80.0,-80.0,-80.0,-80.0,-80.0,-80.0,-80.0,-80.0,-80.0,-80.0,-80.0,-80.0,-80.0,-80.0,-80.0,-80.0,-80.0,-80.0,-80.0,-80.0,-80.0,-80.0,-80.0,-80.0,-80.0,-80.0,-80.0,-80.0,-80.0,-80.0,-80.0,-80.0,-80.0,-80.0,-80.0,-80.0,-80.0,-80.0,-80.0,-80.0,-80.0,-80.0,-80.0,-80.0,-80.0,-80.0,-80.0,-80.0,-80.0,-80.0,-80.0,-80.0,-80.0,-80.0,-80.0,-80.0,-80.0,-80.0,-80.0,-80.0,-80.0
-33.827457,-35.315407,-31.171585,-28.304935,-27.578436,-27.372871,-19.756828,-21.43326,-22.140232,-21.703226,-24.62448,-26.625349,-29.265633,-26.633648,-25.759415,-35.667633,-35.12161,-27.176235,-30.269876,-26.059612,-24.284357,-30.136938,-28.2255,-23.397503,-23.99597,-23.1203,-27.985666,-27.730265,-37.13998,-27.03999,-21.500408,-27.018131,-18.181803,-15.019207,-20.46008,-19.40074,-15.862753,-14.724442,-23.329275,-24.939407,-25.53796,-25.094635,-23.92408,-18.69007,-19.108608,-20.012684,-22.04092,-20.852238,-24.41517,-30.261564,-25.20305,-23.998722,-28.758297,-28.006937,-30.376183,-27.542824,-25.807137,-28.596388,-27.503647,-29.852036,-26.147293,-22.272093,-25.594751,-24.124384,-23.800705,-25.940628,-21.058922,-19.902822,-27.835037,-26.663857,-22.048653,-21.811134,-21.363983,-28.973742,-29.419981,-34.442657,-37.32673,-28.17763,-24.562763,-30.4251,-33.262398,-25.121128,-22.855946,-25.56931,-33.182377,-20.004734,-17.127848,-21.890781,-28.312931,-28.58126,-26.864822,-29.325523,-29.355242,-28.671848,-25.044796,-28.214857,-32.68995,-30.311058,-28.355417,-25.484879,-30.98366,-28.436441,-22.926521,-24.37556,-22.533375,-22.33315,-15.746857,-14.452316,-19.437534,-20.305063,-21.812433,-19.00999,-24.114418,-23.785948,-29.096375,-25.061695,-24.89899,-24.364494,-23.684338,-28.991901,-26.746761,-31.18796,-26.624966,-21.940489,-24.929548,-26.868814,-30.162687,-23.303421,-18.616074,-20.297134,-23.579845,-26.362482,-28.050932,-29.680664,-31.995731,-27.57454,-24.699356,-31.620476,-33.019253,-33.72972,-29.288925,-29.868532,-30.570005,-32.86848,-34.647144,-29.501328,-24.148842,-21.479506,-24.061031,-18.863903,-21.259605,-27.037998,-24.985329,-27.37629,-22.748127,-20.600796,-24.68594,-21.171925,-20.806725,-29.975586,-23.672825,-17.984674,-21.277813,-20.758608,-24.165745,-24.680258,-26.55397,-19.15371,-19.884592,-23.016914,-21.07836,-20.946812,-22.693113,-17.466022,-20.786915,-23.190403,-26.459072,-22.903738,-28.68432,-33.466946,-27.299076,-28.429998,-28.789845,-28.929714,-30.842268,-30.000347,-25.932547,-27.058798,-24.680645,-25.227104,-24.542736,-25.064346,-29.422213,-21.472012,-20.858633,-25.311142,-30.173223,-27.042227,-21.231195,-23.788471,-18.606327,-18.866278,-28.346071,-23.61806,-22.048672,-19.68499,-28.18073,-27.947418,-30.155773,-32.22214,-24.07027,-21.835043,-23.699284,-19.221687,-19.6179,-21.332458,-17.083641,-25.755466,-23.648937,-23.577492,-17.812658,-16.858809,-23.372192,-23.639277,-25.127253,-24.533722,-24.061638,-22.400352,-21.217598,-25.656178,-32.017925,-23.234604,-18.636019,-21.190176,-27.670776,-20.512585,-19.916195,-27.937359,-33.24711,-26.210678,-24.220432,-24.318302,-23.248352,-21.977718,-27.61344,-23.78328,-21.623375,-23.355824,-24.189615,-27.522507,-30.081913,-24.431314,-18.753876,-20.804125,-26.913961,-25.590946,-28.880224,-26.241463,-28.487278,-35.131424,-27.928225,-23.882038,-24.93869,-22.272377,-24.08721,-19.865467,-20.229494,-21.674934,-27.96122,-26.751623,-24.737507,-19.945103,-23.369167,-30.968233,-25.253046,-27.780727,-30.649927,-30.6752,-25.143639,-21.138,-19.201073,-23.496304,-29.238787,-25.527975,-32.111824,-22.562216,-19.542114,-21.609848,-19.424456,-20.204544,-29.115665,-28.748486,-25.923344,-26.30421,-26.267834,-20.964357,-23.674217,-23.011269,-21.85427,-26.068008,-23.822708,-28.288372,-19.190231,-16.822598,-21.53302,-25.840334,-26.95642,-34.807148,-33.141846,-23.692043,-26.817081,-21.21367,-24.268997,-23.752392,-24.711502,-21.070482,-23.13532,-27.411362,-24.303284,-26.465302,-26.208027,-21.867783,-24.278484,-24.95573,-22.099236,-26.503998,-27.561687,-28.363495,-20.580727,-19.82132,-23.88215,-25.128933,-26.36364,-23.223011,-22.723822,-22.42958,-21.457558,-30.686785,-23.41064,-24.09319,-23.101921,-24.679016,-25.144558,-21.414618,-21.876411,-27.579182,-23.705893,-18.397831,-18.44161,-21.371035,-20.838184,-25.55554,-22.244957,-29.760906,-28.009396,-20.3266,-18.89608,-27.16977,-23.22033,-21.820889,-26.496016,-21.694164,-21.657328,-24.665066,-19.945154,-18.520048,-17.45056,-17.325495,-20.802155,-19.713966,-22.089691,-22.474709,-25.04198,-24.185688,-30.416878,-32.53053,-30.359383,-23.897995,-26.60667,-31.144821,-30.529772,-21.5091,-21.568153,-20.020788,-19.00135,-26.340693,-23.552238,-27.347069,-25.452812,-27.42015,-23.402159,-19.821224,-23.224113,-23.235666,-24.368458,-35.10756,-27.95172,-20.815563,-20.701786,-21.40952,-20.995949,-25.517954,-26.871332,-23.925549,-22.330769,-24.629486,-27.347748,-21.425972,-19.593756,-19.187145,-21.135601,-26.379814,-25.411835,-31.781063,-29.331636,-22.797749,-19.819204,-26.723146,-30.798132,-30.846838,-26.926842,-21.893152,-19.481308,-22.488663,-24.418003,-21.98949,-24.792294,-29.47914,-22.48161,-18.727566,-20.855206,-18.192358,-20.090939,-23.383419,-18.997383,-16.964466,-19.22947,-19.031353,-26.437752,-26.372906,-22.23502,-26.409912,-28.039726,-23.221287,-18.943872,-22.55706,-25.964516,-25.818958,-24.666206,-22.654074,-26.841343,-25.300304,-23.919641,-22.476696,-24.432068,-22.275055,-22.07912,-26.183693,-23.76934,-21.813457,-21.072067,-23.164272,-22.65812,-26.980785,-35.374046,-26.807636,-19.954563,-17.83038,-20.795937,-25.206268,-27.460947,-22.642212,-27.6701,-31.078922,-29.946331,-29.52736,-30.424006,-21.883839,-18.600796,-20.54908,-23.836073,-25.960415,-25.303988,-19.587788,-23.912785,-28.863857,-24.536388,-22.319061,-27.4884,-35.588757,-27.356735,-23.267279,-31.201015,-33.07698,-36.98255,-22.886753,-20.125065,-21.724392,-20.860828,-23.33121,-24.597248,-22.294533,-19.132023,-23.301006,-32.689175,-37.32901,-27.045155,-25.407824,-23.294203,-24.684984,-28.973227,-27.088047,-27.686644,-27.261288,-19.64851,-20.325794,-24.341208,-25.083616,-30.329329,-29.085312,-26.690077,-18.972122,-23.147907,-31.141043,-33.0813,-41.39585,-31.969154,-30.314117,-25.695417,-28.568554,-27.390358,-27.884949,-23.770203,-26.422146,-24.519493,-29.135567,-22.106575,-22.64547,-31.191645,-27.2513,-22.502705,-21.886475,-26.531654,-22.946968,-23.25872,-21.093048,-18.645226,-23.336927,-20.270327,-22.299982,-21.60191,-24.580147,-25.070023,-25.215218,-22.549093,-21.446827,-24.180317,-27.780153,-22.197624,-20.1526,-28.194466,-23.785986,-17.5252,-21.439545,-28.54028,-28.488823,-26.54721,-26.363222,-26.120504,-32.70597,-27.905502,-21.766941,-25.936459,-21.450203,-24.09732,-24.240335,-31.162148,-24.008654,-27.668556,-34.80289,-28.495708,-25.581272,-28.081926,-23.816687,-27.89413,-27.20852,-23.999947,-22.612791,-27.923317,-27.731646,-24.388342,-23.428936,-21.727997,-25.190731,-24.064476,-24.837719,-29.53022,-33.71262,-39.47168,-27.732803,-25.304745,-28.87442,-28.488564,-28.17258,-25.473465,-31.828775,-34.593113,-26.282917,-24.66626,-33.680637,-32.10738,-33.24688,-39.36794,-27.96011,-25.415146,-23.572393,-25.200481,-31.354076,-43.987797,-53.32934,-54.459724,-53.99366,-55.010395,-53.1679,-53.220207,-54.698025,-41.20013,-39.858536,-51.79319,-80.0,-80.0,-80.0,-80.0,-80.0,-80.0,-80.0,-80.0,-80.0,-80.0,-80.0,-80.0,-80.0,-80.0,-80.0,-80.0,-80.0,-80.0,-80.0,-80.0,-80.0,-80.0,-80.0,-80.0,-80.0,-80.0,-80.0,-80.0,-80.0,-80.0,-80.0,-80.0,-80.0,-80.0,-80.0,-80.0,-80.0,-80.0,-80.0,-80.0,-80.0,-80.0,-80.0,-80.0,-80.0,-80.0,-80.0,-80.0,-80.0,-80.0,-80.0,-80.0,-80.0,-80.0,-80.0,-80.0,-80.0,-80.0,-80.0,-80.0,-80.0,-80.0,-80.0,-80.0,-80.0,-80.0,-80.0,-80.0,-80.0,-80.0,-80.0,-80.0,-80.0,-80.0,-80.0,-80.0,-80.0,-80.0,-80.0,-80.0,-80.0,-80.0,-80.0,-80.0,-80.0,-80.0,-80.0,-80.0,-80.0,-80.0,-80.0,-80.0,-80.0,-80.0
-34.957676,-30.271576,-25.190632,-24.765541,-27.498398,-26.126621,-20.78848,-25.817484,-21.99945,-20.470108,-31.572632,-30.12962,-37.890583,-37.28084,-26.066916,-29.699303,-30.028076,-25.936947,-28.491108,-23.36949,-24.741592,-33.142345,-23.560932,-21.027367,-25.47243,-22.857082,-27.151585,-25.990664,-27.820358,-21.530191,-18.630692,-20.16308,-16.27115,-14.040695,-17.914738,-22.739874,-18.668163,-15.335411,-21.503899,-25.47015,-24.920113,-23.924095,-24.211494,-19.675228,-24.27681,-20.573175,-23.990215,-23.117052,-26.468061,-25.470448,-21.805119,-22.15178,-26.167356,-28.507248,-29.181278,-27.583008,-23.5047,-23.458519,-24.863377,-29.325016,-25.899784,-22.108871,-25.643467,-25.74493,-28.072498,-24.351665,-21.89467,-20.451221,-25.666542,-27.344439,-22.32139,-19.897099,-19.423111,-23.904629,-27.265406,-28.746334,-30.79768,-25.118904,-24.029573,-29.776196,-29.430555,-25.862299,-27.790356,-27.39613,-38.027813,-22.326195,-19.09029,-26.46495,-22.933376,-23.15374,-27.435368,-31.177258,-28.98565,-27.940395,-22.886032,-25.907352,-31.837223,-27.855724,-32.78665,-28.01989,-26.28004,-26.151367,-24.236347,-28.135138,-21.560444,-23.587046,-15.982033,-14.592928,-19.850807,-15.258625,-16.328888,-17.695951,-19.046959,-19.56115,-22.483047,-26.003166,-24.399546,-25.786179,-24.94703,-26.91486,-24.62603,-27.883076,-31.670324,-23.696417,-23.714409,-26.531553,-32.928303,-29.53994,-21.352709,-19.490616,-23.878458,-26.631205,-26.128254,-24.04644,-25.01675,-34.491734,-29.353743,-31.219753,-34.394913,-28.33578,-24.866192,-27.435719,-27.683315,-29.298368,-29.107038,-22.164276,-17.520002,-16.329033,-19.856953,-17.669437,-19.36539,-26.849052,-30.860546,-26.608345,-21.419506,-22.56763,-27.298727,-23.730938,-20.81902,-24.650282,-24.224108,-18.89447,-24.439537,-19.843632,-19.695341,-19.5752,-20.940836,-19.972591,-18.628017,-20.169285,-24.42524,-23.464396,-27.954296,-18.558558,-22.943287,-22.732449,-23.845194,-24.159033,-26.02047,-24.976116,-26.218773,-33.05993,-30.47913,-32.091084,-29.38815,-26.926004,-22.260769,-20.65466,-19.5701,-20.99006,-20.27052,-21.12176,-25.561441,-21.041119,-24.226307,-29.37706,-27.289818,-27.065134,-22.329556,-23.414757,-15.536636,-15.59477,-24.417925,-20.750523,-21.761406,-20.343594,-26.966785,-25.556124,-26.34298,-30.077793,-27.637585,-23.896343,-19.048473,-16.548464,-19.132835,-18.61591,-15.255043,-22.154968,-24.031212,-23.511425,-18.349121,-19.685898,-20.719856,-26.109756,-30.550018,-21.86177,-21.626629,-21.37709,-23.273335,-27.7641,-30.97188,-25.378983,-22.530426,-25.260725,-23.831984,-23.38869,-22.084257,-22.874508,-28.060287,-27.70222,-26.37505,-24.922695,-22.728878,-23.545742,-22.256453,-22.377235,-18.606281,-19.735596,-25.668928,-27.177595,-23.29322,-19.987331,-17.937565,-20.181368,-24.273304,-26.094028,-31.947813,-25.062582,-27.598387,-28.017101,-24.358107,-22.433937,-19.576912,-18.80581,-21.934206,-23.919931,-27.621126,-22.954529,-22.505047,-24.8337,-25.359818,-29.989376,-22.898005,-24.863333,-22.884922,-24.786282,-31.34534,-28.504961,-31.653585,-23.726398,-18.110935,-22.35424,-25.934204,-23.343754,-28.35976,-22.760136,-27.532837,-25.95188,-23.167389,-21.570297,-27.78078,-24.747967,-27.35792,-24.82638,-22.657356,-24.111113,-26.038414,-22.18833,-22.110521,-23.618301,-21.955658,-24.62336,-19.145489,-17.487495,-23.046679,-25.516758,-24.310928,-32.210167,-26.157013,-22.524237,-23.260311,-24.843765,-26.705416,-25.244514,-23.892994,-18.501928,-21.90726,-24.468264,-21.201275,-22.755219,-20.085697,-18.55462,-22.548872,-28.460384,-24.86917,-26.962551,-26.37413,-31.870188,-24.760357,-25.87716,-25.302063,-27.650877,-23.932533,-19.193613,-19.587318,-17.891315,-19.114101,-26.674978,-25.825865,-28.722315,-25.628077,-18.239195,-18.552504,-19.67007,-24.78871,-21.88323,-25.163666,-22.792109,-21.280605,-30.780947,-18.998623,-20.090233,-26.356047,-25.252674,-33.591957,-23.06248,-22.367697,-26.232733,-26.834871,-26.033047,-27.859695,-19.92656,-17.71121,-20.035927,-23.399767,-26.341148,-26.569405,-17.401459,-16.820715,-19.223064,-18.87664,-21.581585,-33.31462,-27.996386,-23.817657,-23.792933,-25.144527,-21.100431,-21.472063,-28.912592,-27.380722,-20.778315,-23.147984,-21.917055,-21.208004,-22.147552,-23.286467,-26.17918,-31.061325,-22.292912,-17.800203,-19.549885,-26.175613,-31.978085,-28.469725,-31.19941,-27.524662,-20.559853,-25.440128,-27.017826,-25.384735,-24.231266,-23.48127,-24.45982,-25.84452,-27.550642,-25.089376,-20.46281,-18.175257,-17.726957,-22.441736,-27.293957,-24.423313,-34.33711,-27.474571,-21.81733,-22.358828,-29.999794,-38.133976,-31.72816,-24.939419,-19.045639,-22.991879,-28.183048,-32.96998,-28.114414,-27.15154,-25.630486,-20.052137,-21.3028,-28.286697,-19.59011,-21.597763,-29.024128,-23.996376,-21.648214,-16.872429,-19.50006,-32.887104,-31.598461,-19.875172,-20.004272,-26.391613,-20.304977,-21.578087,-26.452827,-31.643087,-22.36569,-21.584114,-19.31,-22.625648,-29.30056,-24.202255,-23.54697,-25.035957,-21.779919,-19.174528,-23.90411,-17.877836,-15.32892,-16.584814,-22.018023,-26.870066,-29.964556,-30.70244,-24.248566,-19.854223,-20.294388,-26.202538,-27.025023,-28.105242,-22.29086,-27.23401,-28.52541,-24.948338,-27.429964,-31.788807,-28.615034,-23.463482,-30.96479,-29.76868,-25.310812,-20.469986,-22.541779,-27.228313,-23.611885,-26.201365,-24.708202,-30.914558,-32.72239,-24.558834,-27.505793,-26.986828,-31.25645,-31.85258,-25.388226,-20.873913,-19.619837,-27.57827,-22.27491,-21.487953,-18.225471,-17.187605,-21.597118,-28.009102,-32.185883,-28.266006,-24.058546,-19.225182,-20.273062,-26.250265,-29.209076,-23.672367,-21.671501,-17.080923,-20.846148,-28.018229,-28.215046,-28.26772,-29.115456,-28.36187,-20.580688,-21.925297,-26.96791,-32.454865,-41.311863,-30.562206,-26.578384,-26.74089,-29.24602,-28.029497,-22.612736,-22.761047,-22.812084,-27.308224,-24.969196,-23.841373,-24.874966,-28.399006,-28.493958,-23.914383,-26.818974,-21.103416,-18.542572,-17.549484,-17.06878,-19.652424,-18.605408,-19.800148,-20.075884,-22.888653,-30.241875,-30.0098,-27.727894,-31.796974,-25.45054,-28.844383,-24.939085,-23.852613,-19.978382,-22.452301,-25.054945,-20.578348,-19.562822,-20.751928,-23.225237,-24.375774,-28.955557,-28.333832,-33.350445,-28.904387,-23.40647,-20.948343,-21.829737,-28.489273,-25.620691,-26.751333,-27.801714,-24.870123,-29.872967,-31.547443,-30.06216,-30.331509,-26.720356,-24.236294,-22.317541,-21.791702,-20.263351,-21.655827,-29.459145,-27.866634,-22.588427,-22.161476,-29.19754,-24.063404,-28.3206,-33.860786,-34.320564,-37.332172,-26.42072,-26.333513,-38.4762,-27.473001,-26.086006,-25.030968,-27.014317,-25.99908,-26.617775,-22.943201,-27.054184,-32.073414,-30.2849,-31.41452,-27.541033,-34.648243,-28.895205,-22.365927,-26.984491,-42.029396,-54.410606,-53.642296,-53.22579,-53.990982,-53.68441,-53.792248,-53.453217,-43.817028,-41.151176,-52.294174,-80.0,-80.0,-80.0,-80.0,-80.0,-80.0,-80.0,-80.0,-80.0,-80.0,-80.0,-80.0,-80.0,-80.0,-80.0,-80.0,-80.0,-80.0,-80.0,-80.0,-80.0,-80.0,-80.0,-80.0,-80.0,-80.0,-80.0,-80.0,-80.0,-80.0,-80.0,-80.0,-80.0,-80.0,-80.0,-80.0,-80.0,-80.0,-80.0,-80.0,-80.0,-80.0,-80.0,-80.0,-80.0,-80.0,-80.0,-80.0,-80.0,-80.0,-80.0,-80.0,-80.0,-80.0,-80.0,-80.0,-80.0,-80.0,-80.0,-80.0,-80.0,-80.0,-80.0,-80.0,-80.0,-80.0,-80.0,-80.0,-80.0,-80.0,-80.0,-80.0,-80.0,-80.0,-80.0,-80.0,-80.0,-80.0,-80.0,-80.0,-80.0,-80.0,-80.0,-80.0,-80.0,-80.0,-80.0,-80.0,-80.0,-80.0,-80.0,-80.0,-80.0,-80.0
-38.84102,-26.114254,-23.80455,-29.114859,-29.63969,-26.258207,-22.720943,-27.699825,-21.218246,-22.193491,-27.992508,-26.370869,-31.489622,-29.435968,-23.716158,-27.873339,-28.587025,-23.462019,-23.191067,-25.204973,-28.11481,-32.831577,-23.134968,-21.47012,-26.728054,-23.100359,-26.322699,-23.089752,-21.411125,-19.172153,-20.518656,-17.494389,-19.987911,-14.056625,-15.096863,-23.236858,-21.09894,-19.610184,-26.725395,-33.850117,-28.407694,-25.892067,-21.91296,-21.45465,-24.395727,-22.975292,-19.284916,-24.174845,-32.843918,-25.447826,-24.412867,-24.340126,-35.734684,-29.867947,-25.522366,-21.553946,-24.666506,-23.459373,-26.518988,-28.430681,-35.96024,-23.884811,-23.027283,-25.457367,-23.868874,-21.685266,-17.981678,-19.511688,-24.616758,-28.85568,-25.125841,-27.337067,-18.28438,-19.718359,-31.31192,-25.459347,-25.671759,-28.408102,-24.725285,-23.9407,-24.354849,-23.261677,-23.530457,-27.575575,-34.497406,-26.419552,-22.118034,-22.347425,-24.467607,-22.764538,-28.569542,-31.408323,-31.75456,-23.01905,-19.605125,-26.24634,-28.646925,-24.923323,-26.021471,-25.85104,-23.351376,-27.730568,-30.858965,-22.776386,-20.38057,-20.777874,-19.038698,-17.261599,-16.348427,-14.077024,-17.102947,-23.447212,-20.490189,-20.173035,-21.043613,-21.243557,-23.591228,-27.972878,-33.17308,-22.813393,-22.47575,-31.282507,-31.372246,-24.937298,-24.092575,-24.191122,-27.043512,-31.572563,-29.461035,-24.680214,-27.103989,-29.934319,-22.856369,-20.233965,-22.74961,-31.017902,-35.743202,-36.422302,-40.595917,-27.184252,-22.943756,-27.787716,-26.954487,-30.552109,-27.318134,-20.273903,-15.714634,-15.7110615,-17.554262,-20.900967,-21.466856,-22.959337,-32.959827,-27.803928,-26.449417,-26.416912,-27.365894,-30.762024,-23.995943,-22.884514,-22.9793,-22.278748,-20.703548,-20.77694,-22.920425,-20.069805,-21.09822,-26.931213,-23.843294,-23.526558,-22.495361,-22.93848,-26.3881,-18.758331,-19.095676,-23.178617,-19.571495,-26.556011,-24.22089,-21.515835,-27.82362,-30.980438,-28.39345,-31.552242,-31.832361,-30.274666,-24.752459,-19.65134,-20.120348,-19.968695,-20.954473,-20.641777,-22.579899,-25.089417,-30.464352,-26.696854,-22.934237,-25.853676,-26.780743,-25.476276,-15.875927,-15.360828,-24.18261,-19.091042,-18.657486,-20.716114,-21.37547,-26.488811,-30.722584,-31.439045,-29.332178,-24.35965,-19.33097,-21.13424,-20.603724,-17.504642,-14.525612,-20.994465,-25.816053,-20.359417,-19.883621,-24.20929,-22.819834,-31.455858,-26.00982,-24.023167,-21.472107,-21.946611,-22.532272,-23.500193,-30.261454,-28.246346,-28.246416,-31.246307,-30.275589,-33.203033,-27.286531,-22.50851,-29.842371,-32.518875,-26.050238,-21.652145,-19.0013,-25.694899,-21.437618,-17.967602,-16.741398,-19.961792,-28.717339,-23.306103,-21.34737,-19.748062,-23.584791,-25.163855,-32.860043,-29.299536,-27.1566,-22.232264,-26.438152,-23.988106,-25.794876,-27.96209,-21.32423,-19.698029,-26.47726,-25.425732,-22.189892,-25.135365,-22.177343,-26.321342,-26.714584,-31.18402,-24.800636,-22.24894,-18.669247,-21.993017,-30.114956,-26.975307,-27.100021,-24.572365,-21.914585,-22.402931,-24.651638,-21.889654,-23.725061,-23.295088,-25.619324,-22.511139,-23.136936,-24.635166,-26.189678,-28.478178,-24.914848,-21.334446,-22.310791,-33.6454,-35.63788,-25.913807,-26.272366,-23.092888,-24.055918,-27.553568,-25.273233,-23.924648,-24.126724,-21.858032,-25.341515,-26.393175,-22.99187,-23.496475,-30.693428,-32.34993,-22.914968,-21.793243,-22.708025,-21.116806,-21.696156,-21.479118,-23.223238,-28.816607,-19.2139,-19.757488,-23.873505,-27.095648,-23.802078,-22.33978,-22.352898,-23.151237,-24.72358,-31.762863,-30.857817,-24.546782,-22.114765,-20.72494,-23.24079,-18.35681,-19.863707,-28.796635,-29.688334,-25.209469,-24.805294,-16.905485,-16.2753,-21.091131,-19.919573,-20.161308,-25.851826,-23.819971,-22.839108,-25.708092,-17.550732,-17.90767,-27.787289,-23.370605,-26.836,-27.224583,-30.655708,-33.148632,-31.499935,-27.586655,-23.663149,-19.714468,-19.0134,-22.920338,-26.128422,-24.467907,-24.207386,-19.539913,-20.701916,-26.874655,-23.157799,-25.299242,-33.933857,-30.660707,-20.96844,-19.242165,-22.469627,-18.851625,-18.25387,-23.110462,-25.580286,-20.39597,-22.451595,-23.239796,-29.385181,-25.511494,-24.306553,-25.615486,-32.82107,-22.054882,-17.582058,-21.227135,-26.218681,-29.814598,-26.747957,-23.321083,-19.971401,-19.195166,-26.257954,-22.28977,-23.2781,-19.67508,-18.784355,-22.803896,-26.498707,-30.523338,-23.569317,-24.752916,-22.21593,-22.625708,-24.951054,-31.245197,-24.201088,-26.627102,-26.749044,-25.52286,-25.102459,-25.2775,-32.78161,-32.405266,-25.427341,-18.865683,-23.376057,-26.253754,-28.301594,-24.271488,-25.325268,-24.901615,-24.031895,-27.30005,-23.505508,-22.772541,-34.981327,-24.696535,-24.128983,-27.387974,-22.221779,-19.347578,-24.76931,-23.75234,-18.967793,-18.9999,-21.791973,-19.737957,-24.031364,-30.693438,-31.055664,-24.184965,-17.066622,-17.506947,-24.2348,-26.145884,-28.700308,-27.346783,-26.246502,-25.508865,-17.88495,-20.074814,-15.66708,-13.827789,-15.323082,-19.724237,-24.521206,-29.361546,-30.765379,-26.804174,-25.416183,-28.784975,-26.650635,-24.711739,-26.525475,-21.656288,-23.44165,-23.623466,-21.155655,-28.053062,-33.91273,-27.933802,-24.205006,-24.418686,-28.748564,-23.661343,-19.845387,-22.87933,-25.631111,-21.74259,-19.908644,-23.118649,-27.966652,-26.676413,-21.75064,-25.09945,-25.444447,-26.759993,-23.760078,-25.83205,-24.511568,-21.555227,-29.866568,-27.060492,-26.930618,-19.202557,-19.322598,-26.976057,-28.006975,-27.014362,-26.544518,-24.312988,-20.430792,-21.955763,-28.346392,-27.395721,-24.423769,-21.788507,-17.404446,-20.561602,-26.2921,-30.736378,-28.56834,-33.433018,-30.802254,-22.2255,-20.767586,-26.106686,-31.095352,-34.01611,-30.229652,-23.344055,-24.482765,-27.81802,-25.90018,-21.341068,-25.234406,-24.003468,-22.736998,-22.50652,-28.475979,-24.253891,-26.30846,-25.73692,-21.67745,-20.929691,-20.701746,-17.766563,-17.361786,-17.426094,-24.80008,-19.535872,-25.71671,-28.009617,-21.14704,-22.623722,-31.540997,-34.784863,-29.410595,-24.635498,-26.382465,-27.553202,-32.146946,-21.106619,-22.364193,-20.006065,-22.72208,-20.795675,-17.919882,-23.841057,-30.334156,-27.566246,-27.621311,-31.810225,-31.875828,-29.13166,-22.456589,-22.65547,-28.630512,-32.654526,-28.848152,-28.30511,-25.970455,-28.128986,-24.757069,-26.2601,-27.775068,-31.572113,-28.517052,-21.992416,-26.470781,-22.0382,-20.995773,-26.019184,-35.715412,-30.107567,-25.286026,-25.389988,-26.690788,-33.248043,-30.136887,-31.947655,-31.378391,-24.28221,-26.339989,-33.211887,-27.362967,-29.747288,-23.273407,-21.4469,-23.64132,-22.399494,-23.967558,-26.0112,-28.269817,-27.43622,-29.162214,-28.152668,-33.38627,-28.504524,-22.589602,-25.905804,-42.588524,-53.801796,-52.087685,-52.10673,-52.034683,-53.180218,-53.303223,-53.68805,-44.405884,-41.562824,-52.81359,-80.0,-80.0,-80.0,-80.0,-80.0,-80.0,-80.0,-80.0,-80.0,-80.0,-80.0,-80.0,-80.0,-80.0,-80.0,-80.0,-80.0,-80.0,-80.0,-80.0,-80.0,-80.0,-80.0,-80.0,-80.0,-80.0,-80.0,-80.0,-80.0,-80.0,-80.0,-80.0,-80.0,-80.0,-80.0,-80.0,-80.0,-80.0,-80.0,-80.0,-80.0,-80.0,-80.0,-80.0,-80.0,-80.0,-80.0,-80.0,-80.0,-80.0,-80.0,-80.0,-80.0,-80.0,-80.0,-80.0,-80.0,-80.0,-80.0,-80.0,-80.0,-80.0,-80.0,-80.0,-80.0,-80.0,-80.0,-80.0,-80.0,-80.0,-80.0,-80.0,-80.0,-80.0,-80.0,-80.0,-80.0,-80.0,-80.0,-80.0,-80.0,-80.0,-80.0,-80.0,-80.0,-80.0,-80.0,-80.0,-80.0,-80.0,-80.0,-80.0,-80.0,-80.0
-38.2084,-26.31664,-25.631334,-30.156485,-25.608635,-22.754211,-25.08642,-24.626785,-19.147293,-24.00903,-31.17604,-24.759062,-29.24067,-26.188974,-22.405018,-27.989857,-29.871496,-25.466997,-22.47536,-27.877405,-26.487564,-26.808683,-24.308777,-25.525513,-27.387352,-25.7928,-22.872097,-22.501947,-20.998201,-20.896072,-23.765118,-18.910444,-22.380058,-17.078407,-18.521847,-29.353592,-26.175083,-27.538342,-27.499092,-29.807568,-30.211515,-30.530972,-26.39048,-28.56082,-24.470093,-25.76823,-20.690575,-23.594265,-30.530115,-26.406502,-26.812305,-27.00654,-34.063957,-37.549213,-27.492445,-20.736847,-22.8787,-22.78215,-25.4735,-29.001259,-32.4429,-21.710325,-22.11156,-26.962349,-25.319712,-23.398159,-17.79617,-16.954082,-21.707874,-27.037178,-28.361305,-22.442915,-18.636177,-20.436142,-28.265972,-25.637417,-25.69691,-32.608017,-28.290243,-24.05553,-26.759369,-25.237885,-24.087349,-30.170277,-30.498976,-26.30727,-22.84264,-21.857864,-34.502502,-24.768608,-24.967636,-24.878971,-24.763027,-22.404202,-19.401138,-21.59245,-25.856197,-22.07322,-23.92262,-20.672586,-20.469685,-31.771093,-27.577566,-21.30209,-22.262001,-27.19207,-23.90399,-21.511562,-17.432014,-18.134047,-20.529404,-22.800312,-20.788467,-24.876694,-25.02372,-22.888523,-25.582134,-28.86908,-31.0796,-25.257019,-23.698154,-28.915678,-29.603012,-27.53064,-29.81734,-25.277931,-25.47628,-32.065002,-28.588144,-23.73321,-26.420166,-29.704445,-25.27117,-21.447083,-24.682934,-30.519817,-31.318653,-32.156914,-35.60501,-29.59723,-24.230011,-28.814976,-29.8213,-29.288559,-27.535912,-25.1666,-19.32642,-22.40024,-24.888428,-22.557945,-20.52464,-20.329113,-28.593315,-26.816448,-30.301636,-31.470425,-25.256962,-27.185953,-30.84756,-26.631432,-28.051123,-28.568691,-27.081707,-22.780869,-22.505844,-25.921444,-23.83646,-23.904806,-26.90937,-24.417667,-21.50322,-22.784435,-24.904402,-18.79057,-20.098282,-21.903393,-20.130798,-25.810516,-24.66002,-22.465736,-30.790924,-37.302467,-30.921082,-26.74229,-27.760782,-30.899134,-32.597664,-22.893185,-26.474731,-23.125065,-26.883408,-24.629124,-29.1922,-29.626812,-27.661812,-20.935434,-19.480536,-29.926311,-33.02635,-24.99739,-19.745968,-18.641003,-21.67426,-21.115164,-19.705616,-21.442688,-19.969963,-28.488485,-31.27112,-29.00048,-22.623951,-18.767653,-20.302551,-31.856756,-26.475286,-17.078104,-17.165867,-20.189129,-25.474771,-22.684607,-23.03868,-20.586548,-23.520737,-30.000738,-27.506409,-30.749458,-28.384712,-24.146019,-20.95735,-21.38946,-28.709297,-29.822401,-32.27831,-28.123966,-27.575218,-30.335283,-23.521473,-23.672943,-36.54273,-29.96631,-24.003277,-20.76316,-20.028553,-25.303389,-21.479214,-20.68141,-20.379513,-20.925076,-29.799599,-25.60902,-25.832108,-22.68036,-24.229221,-24.925438,-27.476044,-26.339558,-23.061348,-18.34213,-20.411991,-26.187382,-29.179176,-28.837582,-30.165308,-21.954966,-21.291986,-19.177406,-20.134972,-31.108746,-24.694054,-26.691246,-23.472782,-25.439709,-23.971523,-21.941233,-18.096226,-23.214016,-32.286526,-27.994251,-24.79349,-19.918447,-22.111578,-22.083515,-24.408594,-23.622253,-19.876175,-22.426579,-26.621166,-21.769936,-28.716288,-29.887737,-27.543701,-29.39777,-26.399479,-21.886177,-27.681295,-32.697716,-33.307774,-26.451426,-28.127848,-26.911022,-27.319548,-29.522165,-30.300457,-27.530102,-24.00303,-20.407852,-26.294945,-23.790152,-24.527203,-27.710016,-26.5378,-29.65981,-23.363468,-22.376036,-30.724216,-28.139275,-27.175873,-24.34373,-27.58347,-27.987404,-23.050766,-25.39139,-31.39117,-28.50723,-24.94948,-25.545856,-19.398994,-18.23878,-24.346453,-29.76947,-28.586426,-24.07256,-26.585657,-24.123686,-20.929392,-22.187433,-23.50209,-23.187138,-24.010414,-23.32189,-20.929663,-20.284187,-19.403248,-27.065405,-21.76187,-21.473003,-23.777605,-23.644855,-23.59341,-22.50742,-18.131554,-18.153545,-25.40606,-21.668203,-22.284,-23.342165,-29.490849,-27.550083,-27.966267,-21.242577,-17.988634,-19.15924,-27.940716,-31.035002,-40.244457,-26.934393,-25.849861,-21.617165,-27.35376,-23.699894,-27.875975,-31.648737,-35.47209,-35.809578,-21.674564,-19.411625,-32.07802,-20.717382,-19.10955,-23.383017,-25.219006,-20.860733,-26.123531,-23.279127,-26.051723,-35.09489,-33.426563,-27.259895,-26.838348,-24.45153,-23.776001,-20.178312,-20.165228,-26.580872,-28.52109,-20.890236,-17.427177,-19.165272,-22.885515,-20.254244,-25.342903,-18.93142,-19.56812,-28.339073,-30.297276,-30.838226,-24.504793,-25.918278,-22.362623,-23.197218,-24.945724,-27.936514,-25.749773,-23.119923,-23.674301,-26.479431,-23.846207,-24.464155,-33.390465,-33.28778,-20.716368,-18.579393,-24.482182,-24.325136,-29.41262,-24.272072,-24.227468,-23.596926,-23.846775,-24.615448,-23.772692,-23.052834,-24.912025,-21.085325,-23.743624,-25.647938,-25.479843,-18.994007,-20.850414,-20.560886,-20.74946,-24.611216,-22.436192,-23.207012,-21.79266,-25.963905,-32.017685,-28.76767,-17.73708,-19.2662,-25.867947,-25.828629,-30.498444,-26.303928,-21.784813,-21.918077,-17.720875,-16.731684,-19.280483,-19.61433,-20.298794,-22.892153,-26.236317,-30.073341,-31.62424,-41.872242,-26.81201,-23.816017,-25.675343,-21.150196,-24.662745,-23.594547,-20.684374,-20.815022,-20.697422,-27.927471,-28.658323,-25.16829,-23.299248,-19.348362,-21.959402,-24.39742,-24.963655,-27.551977,-27.95037,-24.478731,-19.358765,-20.495144,-21.017246,-22.391617,-19.846455,-24.090351,-22.204609,-19.981443,-20.078558,-26.180714,-22.58353,-24.06443,-29.370556,-27.522728,-30.78561,-21.535673,-17.767681,-21.65794,-27.114622,-28.45201,-26.583946,-23.749826,-27.910305,-28.516512,-25.585388,-22.903912,-22.459389,-24.533182,-21.597225,-27.567593,-27.070883,-26.747614,-31.230991,-30.802177,-27.656658,-25.246346,-25.79158,-32.20769,-32.442463,-32.051548,-39.05267,-24.178978,-21.517025,-23.568005,-27.333523,-23.339245,-26.24736,-23.61887,-21.39696,-23.265547,-24.136631,-24.229778,-26.462103,-31.511766,-23.626707,-19.651829,-22.245613,-20.128819,-23.719587,-18.435463,-22.423077,-20.586237,-25.688522,-25.83582,-18.399513,-19.558104,-30.059986,-40.35173,-33.10648,-24.494324,-23.435322,-27.296177,-29.26354,-21.769352,-20.394478,-16.930273,-19.065348,-22.918278,-20.154919,-27.242268,-37.41655,-34.49513,-31.118801,-29.362923,-25.68738,-27.615005,-31.050716,-25.951351,-31.053291,-31.847492,-26.587385,-26.467392,-28.76646,-29.433212,-19.969498,-20.776543,-32.58503,-31.067646,-27.108814,-27.451511,-23.877022,-25.00342,-26.712322,-27.880339,-36.424393,-34.657906,-33.351833,-29.509407,-31.903858,-29.94727,-30.261166,-28.606285,-27.464092,-23.362606,-28.295319,-29.832256,-29.257006,-34.135517,-22.422447,-19.957548,-24.747772,-22.458733,-30.702593,-30.279928,-25.638485,-27.201172,-30.659512,-29.606602,-31.70637,-27.61192,-26.1358,-26.916618,-43.627205,-52.801704,-53.86489,-52.999855,-54.73278,-52.408432,-52.46733,-53.124016,-41.944317,-41.020897,-53.35292,-80.0,-80.0,-80.0,-80.0,-80.0,-80.0,-80.0,-80.0,-80.0,-80.0,-80.0,-80.0,-80.0,-80.0,-80.0,-80.0,-80.0,-80.0,-80.0,-80.0,-80.0,-80.0,-80.0,-80.0,-80.0,-80.0,-80.0,-80.0,-80.0,-80.0,-80.0,-80.0,-80.0,-80.0,-80.0,-80.0,-80.0,-80.0,-80.0,-80.0,-80.0,-80.0,-80.0,-80.0,-80.0,-80.0,-80.0,-80.0,-80.0,-80.0,-80.0,-80.0,-80.0,-80.0,-80.0,-80.0,-80.0,-80.0,-80.0,-80.0,-80.0,-80.0,-80.0,-80.0,-80.0,-80.0,-80.0,-80.0,-80.0,-80.0,-80.0,-80.0,-80.0,-80.0,-80.0,-80.0,-80.0,-80.0,-80.0,-80.0,-80.0,-80.0,-80.0,-80.0,-80.0,-80.0,-80.0,-80.0,-80.0,-80.0,-80.0,-80.0,-80.0,-80.0
-34.594147,-30.056103,-26.200344,-27.03972,-21.246523,-24.53246,-34.559326,-22.800434,-18.778017,-25.427784,-31.205156,-24.409061,-30.615788,-28.718658,-24.55763,-27.352163,-31.230398,-28.264967,-25.201904,-27.503223,-25.515545,-25.183746,-28.941729,-34.53239,-29.842257,-30.50352,-21.323109,-24.177647,-29.778435,-28.806377,-21.497066,-21.335693,-25.036833,-22.430906,-25.204262,-26.479454,-24.550602,-24.344181,-27.290411,-23.364323,-23.28685,-25.627165,-27.270966,-31.431198,-25.325432,-21.257055,-24.85887,-26.306599,-27.703264,-26.71907,-23.966633,-28.3719,-32.6688,-31.387608,-30.863976,-23.60877,-24.219751,-24.313105,-23.069874,-26.394548,-30.328268,-19.7396,-20.924086,-26.41904,-29.497189,-31.762531,-22.98764,-19.817553,-22.975895,-24.987795,-21.60696,-20.902235,-22.639004,-25.404884,-26.250505,-27.22646,-28.565336,-27.721745,-25.074078,-26.374874,-40.050568,-35.267174,-27.51488,-35.007626,-28.683285,-22.016098,-22.107271,-24.6091,-29.88731,-28.017475,-27.774525,-23.808416,-23.130081,-27.077852,-24.500761,-20.803148,-19.727343,-20.257956,-27.9947,-19.823357,-17.857767,-23.813412,-24.51653,-23.00253,-28.371231,-23.595554,-23.113056,-23.545368,-27.336727,-25.392202,-19.994839,-20.42949,-20.322388,-23.30832,-27.125973,-26.227724,-21.727592,-24.72466,-28.735619,-30.667854,-27.491465,-35.45271,-31.239035,-30.079655,-26.963243,-27.362736,-28.99833,-34.01075,-29.411497,-22.89354,-22.510742,-28.676071,-26.953276,-24.265942,-28.817091,-28.665905,-28.942368,-32.497185,-33.336033,-34.39184,-27.196869,-27.332731,-35.063473,-31.655226,-27.25453,-21.816275,-18.650238,-20.761208,-23.24646,-25.138649,-20.81245,-20.502216,-24.447184,-28.305565,-25.950579,-25.02273,-23.784563,-29.100254,-31.88162,-27.84515,-24.236929,-22.024652,-24.561874,-24.549337,-21.84214,-22.999287,-25.914854,-24.671581,-29.240204,-25.97646,-27.862923,-26.405476,-21.914589,-19.921463,-23.559513,-21.291012,-24.89582,-29.518757,-29.832298,-26.007607,-27.830662,-31.310139,-29.52864,-26.647505,-26.33345,-30.247047,-27.125713,-26.034748,-24.223133,-24.536213,-24.006203,-27.10287,-29.695354,-29.68688,-25.225006,-17.763664,-17.919195,-27.668396,-28.178406,-33.777187,-26.695692,-24.484264,-21.07144,-23.954433,-18.468214,-19.47926,-23.623402,-27.1058,-29.829933,-28.854515,-20.824226,-18.866104,-20.210419,-24.61068,-27.719404,-21.08033,-26.647873,-27.975525,-22.682045,-25.56411,-28.813814,-23.38061,-27.527895,-31.896599,-26.520388,-26.746103,-25.090855,-21.019985,-19.59367,-21.05032,-24.03086,-23.922306,-24.232073,-25.410889,-23.916336,-24.168314,-22.231327,-21.94929,-27.072708,-29.856525,-27.63496,-29.14048,-25.384907,-24.923512,-23.614117,-31.994623,-26.332588,-22.750261,-28.196976,-26.574911,-24.923893,-23.945541,-22.853195,-26.626907,-24.26294,-24.223408,-22.753635,-17.77828,-19.921902,-27.531046,-30.677055,-30.72693,-27.621403,-23.985525,-19.92045,-18.82635,-20.416243,-25.674042,-25.139263,-26.662533,-22.442879,-22.884998,-24.950851,-17.849241,-18.662106,-27.142109,-24.506804,-21.994085,-19.425608,-15.372168,-18.299122,-24.634937,-31.105774,-30.574276,-23.248913,-20.605753,-24.76136,-21.833406,-21.576263,-21.949478,-26.568316,-24.809677,-25.083628,-23.666977,-35.500755,-35.109688,-28.209187,-23.777315,-25.530624,-28.771776,-22.976164,-24.826797,-26.948149,-26.524223,-22.302074,-21.446377,-23.122032,-22.649326,-28.621845,-26.344055,-23.07943,-25.769058,-24.47014,-27.755276,-30.260563,-24.480597,-22.8556,-23.90035,-24.059626,-26.76159,-29.381924,-27.957355,-29.87505,-29.524189,-31.577026,-26.842232,-17.859583,-18.334038,-24.974613,-25.09555,-30.121336,-25.975767,-29.193842,-21.389782,-19.739523,-26.271936,-32.099453,-22.775097,-23.342808,-26.180733,-21.068806,-26.219515,-22.742062,-24.97416,-28.376455,-25.068872,-17.944464,-19.06776,-23.436829,-25.681736,-23.000086,-22.382786,-21.088028,-23.081947,-21.910133,-22.00103,-24.984974,-22.32288,-22.640306,-19.952145,-18.37273,-21.358574,-25.145626,-26.114922,-28.26355,-24.088888,-20.892586,-21.131054,-24.263939,-24.646456,-23.974627,-28.038368,-34.949364,-27.512974,-21.77915,-21.978521,-24.977161,-21.748384,-26.288609,-28.53143,-23.632113,-22.47595,-24.844566,-23.7595,-28.726925,-31.346523,-33.82092,-29.990887,-21.39628,-21.862411,-23.95932,-20.757189,-18.877697,-23.074142,-26.267506,-24.65863,-21.712742,-22.569237,-22.457,-19.487194,-23.39679,-21.586807,-24.612373,-27.597797,-25.662424,-23.893793,-26.2193,-27.269428,-22.933819,-23.405216,-25.66927,-30.80359,-27.107748,-25.25218,-24.075113,-27.677818,-22.828577,-27.401636,-26.648006,-25.040684,-20.095123,-18.394539,-21.107067,-24.689196,-29.648523,-28.713423,-21.219862,-20.328064,-19.97915,-21.75874,-26.589104,-24.3474,-20.233528,-20.995432,-21.500723,-23.593231,-23.523655,-21.071587,-22.7417,-22.270145,-22.820381,-31.231428,-35.030693,-39.00754,-23.23928,-22.1122,-28.489513,-26.623087,-19.863264,-23.168087,-21.514423,-24.992634,-33.634613,-30.598835,-18.65426,-17.952986,-22.381649,-21.279299,-27.747349,-24.274597,-21.487782,-20.23949,-26.467602,-31.253468,-29.152954,-32.21539,-26.016928,-21.640648,-23.025991,-20.217188,-21.73836,-28.614494,-22.1955,-24.025818,-22.927637,-25.279682,-24.142979,-21.931599,-20.478767,-18.604708,-19.949558,-29.711893,-31.405024,-28.82421,-25.99952,-23.684902,-22.602625,-20.672808,-17.980928,-22.465553,-20.087187,-29.048618,-20.977068,-17.868406,-20.774755,-21.795177,-22.119371,-26.948992,-26.591167,-24.347439,-25.158392,-21.72164,-16.425125,-17.543522,-23.761045,-33.770813,-30.875687,-24.08588,-26.269045,-24.798538,-21.483255,-22.452522,-21.490461,-25.41008,-23.71662,-25.582806,-35.248756,-27.199183,-26.379108,-27.017792,-32.35622,-36.20024,-33.283348,-31.357113,-33.895863,-30.173355,-29.63525,-23.216698,-23.843893,-24.293917,-23.839848,-25.765522,-29.029112,-22.78767,-23.512844,-22.773874,-22.986069,-26.978144,-26.555143,-25.391388,-26.28791,-20.304451,-19.401382,-21.388817,-23.870049,-21.818111,-22.478474,-19.509079,-21.626694,-20.661478,-17.580496,-21.372654,-30.69569,-35.4076,-26.195156,-21.847351,-22.716637,-28.889627,-34.9035,-24.661222,-19.146837,-15.7062,-19.644257,-23.458237,-23.346832,-24.953253,-26.476686,-31.10416,-27.910946,-21.81622,-19.977663,-25.021286,-32.777348,-33.310745,-30.800209,-26.771633,-25.89723,-31.299482,-29.13146,-25.935383,-18.631767,-19.514256,-26.970985,-25.073654,-25.77533,-35.332077,-23.146484,-26.036531,-32.266266,-31.984455,-28.834574,-29.513327,-31.881418,-37.59973,-37.54415,-28.702991,-30.039131,-28.745762,-27.703484,-24.462292,-27.894365,-30.880587,-30.056839,-30.437428,-22.713863,-20.555208,-21.934875,-23.070166,-27.395573,-25.420588,-26.03182,-28.721382,-27.711666,-30.378935,-30.650219,-30.5471,-29.999262,-27.134983,-39.334457,-52.866344,-50.865173,-50.9833,-50.835846,-52.16519,-52.330246,-50.154503,-40.893456,-40.846813,-53.8573,-80.0,-80.0,-80.0,-80.0,-80.0,-80.0,-80.0,-80.0,-80.0,-80.0,-80.0,-80.0,-80.0,-80.0,-80.0,-80.0,-80.0,-80.0,-80.0,-80.0,-80.0,-80.0,-80.0,-80.0,-80.0,-80.0,-80.0,-80.0,-80.0,-80.0,-80.0,-80.0,-80.0,-80.0,-80.0,-80.0,-80.0,-80.0,-80.0,-80.0,-80.0,-80.0,-80.0,-80.0,-80.0,-80.0,-80.0,-80.0,-80.0,-80.0,-80.0,-80.0,-80.0,-80.0,-80.0,-80.0,-80.0,-80.0,-80.0,-80.0,-80.0,-80.0,-80.0,-80.0,-80.0,-80.0,-80.0,-80.0,-80.0,-80.0,-80.0,-80.0,-80.0,-80.0,-80.0,-80.0,-80.0,-80.0,-80.0,-80.0,-80.0,-80.0,-80.0,-80.0,-80.0,-80.0,-80.0,-80.0,-80.0,-80.0,-80.0,-80.0,-80.0,-80.0
-35.985138,-30.822247,-25.003124,-24.826124,-20.130745,-24.866028,-33.974056,-25.239094,-20.397219,-25.613003,-26.298052,-21.903631,-28.22724,-32.353634,-29.487595,-28.27404,-29.051916,-21.464369,-22.870173,-34.70009,-29.955332,-33.338345,-33.764008,-29.123606,-23.98859,-26.487219,-23.62203,-24.55658,-29.97448,-33.249046,-23.587185,-25.085754,-26.023342,-27.82468,-22.485,-19.285707,-18.155306,-19.726051,-27.088476,-23.036106,-22.656734,-26.8908,-30.328218,-30.499226,-28.120731,-19.586441,-21.001177,-25.647465,-28.518854,-31.847937,-23.70419,-21.237497,-23.41504,-29.16256,-37.467014,-26.181095,-27.071644,-28.527145,-24.30479,-28.034199,-26.30415,-18.898098,-21.287199,-29.111982,-28.784216,-27.657679,-27.880512,-30.990187,-28.96321,-22.428436,-19.204063,-21.333471,-26.04913,-23.980143,-23.433914,-28.773233,-28.762226,-28.9866,-23.80215,-25.295238,-34.642887,-31.84103,-29.553185,-26.284616,-25.690355,-22.640228,-25.47241,-23.407421,-22.55159,-26.496197,-27.192343,-23.711536,-27.274286,-27.38305,-30.121622,-25.091385,-19.61475,-21.258738,-27.554312,-21.919022,-18.823084,-23.315031,-22.147575,-25.826408,-26.651007,-22.746735,-26.476042,-34.7312,-30.294619,-21.59671,-23.174519,-24.184603,-24.091103,-27.076664,-27.243755,-25.548212,-22.488686,-25.24038,-28.22716,-27.04406,-28.734936,-35.272686,-28.148193,-24.05296,-28.356373,-36.253746,-38.310703,-34.892994,-35.119167,-26.380623,-22.579685,-29.457535,-28.474766,-21.978848,-24.434187,-31.525673,-29.80823,-35.680542,-35.75181,-34.44223,-26.600601,-29.711098,-34.02151,-34.503193,-24.349213,-21.030453,-18.89838,-17.703983,-23.184977,-32.05475,-25.307638,-25.361286,-26.550417,-28.731625,-22.908869,-20.49144,-23.453575,-29.72301,-28.926083,-29.796347,-24.509857,-20.162262,-20.561167,-24.454878,-25.690046,-21.623497,-23.658302,-23.664473,-27.7026,-26.91734,-21.812733,-22.421616,-23.031052,-19.889862,-23.907383,-28.29823,-37.278103,-28.924936,-31.986448,-28.35596,-27.532501,-28.101547,-28.07771,-33.165447,-30.048939,-25.953041,-23.687725,-29.045837,-30.113338,-30.84701,-29.4863,-32.8057,-33.803013,-34.06064,-29.055584,-19.132694,-18.272493,-26.937893,-24.46531,-24.596272,-26.286848,-20.41493,-16.884954,-21.237637,-18.930809,-22.171394,-31.751259,-30.987904,-30.522957,-32.920483,-24.43425,-23.534565,-23.080902,-21.556595,-21.685959,-23.605045,-31.07963,-31.335985,-24.224926,-28.716217,-26.641268,-29.511858,-28.762012,-24.118744,-24.006762,-26.58931,-25.461283,-22.541122,-24.052877,-22.872066,-23.978708,-20.946335,-20.14375,-24.809002,-25.119112,-25.095757,-26.364847,-22.108948,-22.14223,-29.412329,-27.37973,-28.545927,-30.784758,-24.266872,-25.063404,-36.348225,-26.296484,-20.508026,-22.284569,-27.272999,-24.571215,-26.735582,-27.522743,-30.726568,-25.067913,-27.48453,-21.640099,-21.265987,-24.833647,-26.19646,-25.57518,-31.335127,-28.869873,-30.94601,-26.494352,-24.862991,-23.603985,-21.755867,-22.472954,-25.868208,-26.831505,-24.37064,-25.8731,-19.108902,-17.603872,-18.724142,-21.205038,-18.95761,-15.480406,-15.440374,-21.144451,-31.173668,-28.723928,-27.481363,-25.237228,-20.90572,-24.822582,-20.078037,-18.642767,-18.55678,-19.146683,-20.523418,-24.54839,-20.950813,-26.704777,-26.556929,-21.732601,-19.506737,-23.504309,-25.804413,-23.641125,-26.06043,-23.104239,-24.091747,-21.948421,-19.78383,-21.019926,-21.448376,-24.281265,-24.431044,-25.39364,-22.382719,-25.796528,-32.442375,-27.390852,-24.223068,-21.81326,-19.33066,-22.349913,-28.078133,-24.672102,-27.068462,-28.910059,-26.248089,-26.755983,-27.401142,-16.905237,-18.031958,-22.970886,-24.025822,-27.089985,-27.80708,-24.574318,-22.582594,-22.098652,-23.945236,-21.268522,-20.912544,-27.966137,-29.982635,-25.519054,-25.650946,-25.047422,-30.391994,-26.383398,-20.366428,-17.140532,-18.984097,-26.1395,-24.864826,-23.761211,-26.709023,-21.820217,-23.7126,-27.080801,-26.113068,-23.516245,-21.308535,-23.388748,-23.618515,-26.323452,-27.43405,-23.806969,-23.093813,-24.580166,-21.030392,-21.463726,-24.32449,-27.025854,-31.041313,-25.48561,-24.47948,-26.040508,-22.558199,-21.117775,-23.30983,-19.42575,-20.508549,-26.037075,-25.414276,-30.189585,-26.094578,-30.614227,-27.185707,-32.684837,-26.707659,-24.70302,-26.138077,-20.924562,-20.254755,-20.22078,-20.54377,-23.229956,-25.514105,-21.488914,-25.222424,-30.60383,-29.364435,-21.097048,-18.376059,-20.510704,-21.025698,-26.78477,-31.367409,-24.243902,-18.98159,-23.233852,-23.678051,-24.94392,-32.27629,-29.574642,-30.292187,-25.905533,-32.059082,-26.214375,-25.764313,-23.225288,-22.413998,-21.177189,-20.641863,-25.14998,-21.519184,-20.152851,-27.217022,-30.24435,-26.680145,-20.36763,-21.999168,-22.324688,-23.592422,-33.868015,-25.842342,-19.805828,-25.100616,-19.6242,-20.955555,-28.529512,-28.484898,-24.03492,-21.588844,-24.571663,-37.16159,-38.238117,-34.160923,-25.94115,-22.491669,-28.284199,-28.102694,-22.12802,-23.42949,-22.331242,-25.4896,-27.259422,-24.05178,-17.828741,-17.015411,-27.008316,-30.042618,-28.135902,-26.075436,-21.464642,-21.741356,-23.481369,-31.142515,-27.991251,-31.273962,-26.709385,-24.959248,-27.033024,-22.488962,-23.75994,-27.468058,-27.699368,-25.672443,-25.379608,-27.393213,-26.59116,-23.348705,-23.311552,-24.397604,-22.974354,-26.33471,-30.572416,-31.655342,-23.862244,-25.670092,-23.808336,-18.962631,-17.548622,-22.391727,-21.436539,-26.27727,-21.988865,-21.115536,-23.612665,-18.95773,-23.084448,-22.066452,-25.450752,-23.529316,-21.174698,-22.20486,-20.57198,-18.378891,-24.923885,-28.137321,-24.690004,-24.285938,-26.338999,-26.165237,-22.046202,-25.431065,-21.888458,-23.445484,-24.82087,-23.459387,-32.351696,-27.67743,-23.401247,-25.16494,-34.73318,-35.769627,-28.57984,-23.38683,-24.404573,-25.854977,-27.759657,-22.509232,-25.398388,-28.816154,-27.220417,-27.835175,-24.399662,-20.542744,-20.292969,-19.849377,-21.327581,-27.816944,-24.269772,-23.644592,-24.35624,-24.805853,-24.057295,-24.695793,-29.789013,-26.238035,-21.559502,-21.970764,-22.233154,-18.578499,-20.674965,-29.488914,-35.983227,-34.716026,-23.31711,-22.151775,-28.708208,-37.196716,-34.586353,-29.9899,-25.597013,-18.233028,-22.728958,-22.73649,-21.679834,-21.10126,-20.989048,-24.231625,-26.972776,-19.485699,-19.477242,-25.31744,-33.09656,-30.557438,-30.550047,-25.83405,-29.690697,-28.299519,-24.4721,-22.780903,-21.661728,-21.926422,-25.493553,-24.02155,-27.05301,-30.698853,-23.245186,-24.797806,-28.6751,-24.14723,-23.887163,-29.417315,-28.800735,-29.112804,-29.464886,-25.272583,-25.886684,-30.818476,-35.841606,-24.894924,-24.029463,-26.928604,-26.14824,-28.37452,-25.924456,-23.794535,-24.237177,-25.327185,-26.992966,-22.989487,-22.232128,-26.990005,-32.36617,-33.711792,-30.492977,-32.356754,-26.866806,-26.54336,-39.06217,-51.472046,-52.167145,-51.53142,-52.89288,-51.037643,-51.12618,-51.368774,-41.994186,-41.78114,-54.279716,-80.0,-80.0,-80.0,-80.0,-80.0,-80.0,-80.0,-80.0,-80.0,-80.0,-80.0,-80.0,-80.0,-80.0,-80.0,-80.0,-80.0,-80.0,-80.0,-80.0,-80.0,-80.0,-80.0,-80.0,-80.0,-80.0,-80.0,-80.0,-80.0,-80.0,-80.0,-80.0,-80.0,-80.0,-80.0,-80.0,-80.0,-80.0,-80.0,-80.0,-80.0,-80.0,-80.0,-80.0,-80.0,-80.0,-80.0,-80.0,-80.0,-80.0,-80.0,-80.0,-80.0,-80.0,-80.0,-80.0,-80.0,-80.0,-80.0,-80.0,-80.0,-80.0,-80.0,-80.0,-80.0,-80.0,-80.0,-80.0,-80.0,-80.0,-80.0,-80.0,-80.0,-80.0,-80.0,-80.0,-80.0,-80.0,-80.0,-80.0,-80.0,-80.0,-80.0,-80.0,-80.0,-80.0,-80.0,-80.0,-80.0,-80.0,-80.0,-80.0,-80.0,-80.0
-39.201458,-25.680918,-22.722944,-23.08625,-20.858784,-27.006582,-27.285458,-24.689611,-24.750093,-28.128733,-24.995693,-20.635237,-21.590767,-26.311644,-33.617268,-30.80094,-28.89862,-18.781105,-19.03841,-27.315884,-28.25276,-29.522175,-28.493578,-24.545952,-20.541885,-23.508163,-28.833305,-28.58815,-28.747795,-26.143627,-24.115238,-24.269363,-20.574362,-23.745935,-20.983295,-18.249462,-18.75812,-18.519062,-23.782717,-28.52078,-27.864323,-37.605118,-32.005684,-24.528358,-21.867432,-18.945265,-20.325653,-24.498146,-27.619934,-33.32148,-23.900074,-18.309795,-21.320953,-30.934576,-36.95768,-28.745241,-24.530176,-24.737915,-24.090647,-25.50703,-23.41101,-21.733065,-21.309395,-26.479782,-29.60471,-27.161894,-36.118744,-36.237614,-27.292255,-22.266737,-22.586481,-21.585617,-21.069645,-23.945965,-25.57535,-31.573479,-25.243332,-25.776241,-25.406069,-25.280197,-34.305115,-27.217201,-25.033754,-22.954521,-25.985195,-28.952957,-25.047308,-21.22829,-19.968435,-22.271336,-26.340036,-23.166187,-20.652586,-22.384596,-31.164503,-30.599995,-26.308077,-25.622349,-24.133904,-25.59202,-21.774698,-22.140816,-20.799685,-23.584366,-25.278603,-24.536411,-27.264875,-32.626217,-23.990995,-19.825367,-25.286577,-29.002926,-27.653048,-27.952204,-26.711647,-27.189339,-27.940502,-31.924772,-30.280544,-26.268167,-31.351387,-36.208992,-25.931437,-22.823332,-28.53257,-41.395176,-45.95475,-30.387636,-27.375175,-29.217777,-25.879871,-30.562084,-28.623909,-23.235094,-23.21354,-32.077908,-32.35196,-34.001747,-36.493855,-30.957624,-24.45639,-26.918818,-35.507034,-28.801437,-22.398638,-25.453133,-26.218416,-19.864468,-21.929983,-27.684261,-28.716927,-26.784046,-33.1212,-32.69642,-22.370735,-22.189156,-28.226418,-33.84765,-27.9048,-32.39055,-29.277466,-23.397537,-23.45118,-23.154379,-27.882248,-21.28446,-23.021877,-25.41805,-30.585186,-23.893257,-17.780054,-19.715225,-26.942635,-21.367,-23.093489,-29.807606,-26.34532,-26.268887,-27.814045,-28.201199,-34.422817,-31.042446,-33.40449,-36.090385,-36.021507,-27.061422,-21.212856,-22.868626,-35.435856,-44.551716,-35.77409,-36.84741,-34.1875,-31.887785,-27.201962,-20.198368,-21.44844,-32.483334,-21.786926,-21.291365,-27.888325,-20.586618,-15.732986,-17.111254,-18.44492,-22.880295,-27.566593,-26.681763,-32.878014,-31.311707,-29.438713,-22.898302,-22.353565,-22.544197,-19.567156,-28.848854,-33.619564,-32.643234,-22.251629,-22.778206,-30.05931,-30.23425,-30.495312,-21.918135,-22.442757,-22.732113,-24.35181,-27.343224,-29.848293,-24.805016,-27.55428,-23.192467,-22.818295,-21.782202,-25.885029,-39.353672,-31.252722,-23.137867,-21.33553,-28.495462,-24.641756,-20.840977,-22.025879,-22.483498,-27.758354,-30.162542,-24.40464,-22.17939,-22.180729,-29.535835,-24.649872,-22.078323,-27.342295,-26.139637,-22.004848,-22.231232,-19.167889,-20.915922,-23.651018,-22.712543,-20.248497,-23.41465,-28.556356,-34.560654,-31.21534,-26.26681,-26.412518,-23.058184,-24.042377,-26.181728,-27.75285,-25.382536,-27.682009,-25.832191,-20.330404,-16.103855,-20.789616,-19.808376,-17.203196,-20.728397,-28.115948,-32.36325,-24.811232,-19.840488,-19.260597,-21.705946,-28.118721,-21.625385,-22.314846,-20.659407,-16.886713,-20.625221,-22.857456,-20.659935,-20.62281,-23.509388,-22.6016,-20.89505,-20.343857,-19.516392,-24.758154,-28.194016,-20.799961,-22.46061,-23.663042,-21.351137,-22.323524,-23.045826,-25.44843,-26.66231,-28.152433,-24.716251,-28.584827,-44.818714,-25.613552,-25.738188,-26.647512,-20.04161,-23.912598,-27.544334,-21.74256,-27.402498,-29.255234,-29.689505,-22.358738,-21.034014,-17.076015,-19.082987,-22.23219,-28.756882,-26.654764,-23.858902,-23.017502,-27.030846,-21.553835,-22.769306,-16.890537,-17.02187,-26.151031,-31.248278,-33.185787,-30.293562,-23.902878,-26.790638,-24.63841,-19.391117,-19.746178,-23.44706,-22.650455,-26.922964,-24.254007,-24.590908,-24.950888,-20.3251,-25.820335,-26.605728,-26.07696,-22.378292,-26.08564,-27.24386,-36.286106,-26.73033,-27.468218,-24.835148,-25.808514,-22.06434,-28.604685,-30.733562,-25.409775,-26.9059,-30.444412,-26.604727,-26.163692,-24.285175,-20.618074,-19.915113,-20.969051,-21.040573,-24.118486,-24.518162,-33.17532,-27.506227,-29.587765,-32.409813,-30.047653,-23.296307,-21.702116,-26.29705,-24.3634,-25.838844,-21.801292,-25.30476,-32.741432,-28.117813,-22.042479,-21.592026,-26.245213,-33.97442,-25.42973,-18.228403,-18.631706,-20.674276,-25.105629,-27.28186,-20.455467,-15.351244,-19.33726,-27.019096,-27.53376,-29.68682,-27.839058,-27.100756,-27.171383,-28.306164,-26.54746,-23.526981,-20.944393,-21.928192,-21.886322,-20.668156,-25.463661,-26.277164,-24.94411,-27.2145,-29.389435,-25.671188,-23.293295,-27.68615,-27.293972,-28.645739,-33.743793,-22.691399,-20.009106,-26.534916,-20.463814,-21.348585,-23.302618,-26.570404,-29.090717,-24.215727,-27.550264,-35.365414,-31.25229,-25.578419,-25.766975,-26.397903,-32.922047,-32.44965,-26.598892,-24.295687,-25.283768,-26.775185,-21.199707,-21.65953,-19.878038,-16.85922,-23.380863,-29.738083,-34.03587,-31.99292,-25.738241,-27.74506,-22.591583,-23.767788,-26.817522,-31.230568,-28.340368,-31.034496,-25.553871,-23.78542,-29.375814,-28.264706,-30.130447,-26.082676,-23.740925,-24.079437,-28.017683,-30.350056,-34.824436,-30.807655,-23.759283,-23.307774,-33.299553,-29.477398,-23.913322,-25.02766,-27.594286,-21.203785,-20.424797,-23.69976,-25.01018,-26.078938,-25.645618,-26.723396,-22.33506,-20.600805,-22.80086,-18.286776,-22.764118,-24.739725,-19.800064,-21.197693,-27.483538,-19.992014,-25.759184,-26.492931,-21.901834,-28.817657,-33.654472,-31.10948,-27.382212,-26.14819,-21.419943,-23.909035,-30.293695,-22.950563,-24.871847,-31.134499,-26.581825,-24.33072,-35.16468,-28.519463,-22.860773,-21.848265,-21.145292,-21.682934,-23.36726,-25.522507,-22.127363,-25.719517,-35.209557,-24.95842,-21.779415,-23.30936,-22.249546,-23.35745,-21.56094,-25.571314,-24.251015,-26.415037,-27.30455,-29.570332,-23.789469,-20.219233,-20.77862,-26.50534,-29.225092,-31.361021,-29.918396,-21.924763,-21.784344,-31.421385,-44.680023,-34.925076,-23.955997,-25.081182,-35.66767,-37.543636,-34.45494,-27.096798,-28.181126,-19.997898,-21.797775,-27.205086,-24.111902,-21.779488,-22.32256,-23.91475,-28.105137,-19.30952,-21.91927,-26.725313,-31.072021,-29.880352,-35.27836,-28.860846,-30.688513,-29.14613,-24.69103,-23.863407,-27.387306,-27.95124,-30.565163,-28.15173,-30.946365,-28.96198,-24.29816,-26.516495,-22.029272,-22.195967,-23.509394,-32.164734,-28.696518,-26.820238,-27.88454,-25.725977,-29.037132,-28.031858,-32.922844,-23.31574,-24.969006,-24.15236,-22.287708,-27.330242,-23.193985,-22.32166,-28.580673,-27.02095,-24.028189,-23.948792,-22.694084,-25.09872,-32.51113,-36.209564,-35.762417,-29.072773,-25.575863,-26.925007,-39.07003,-50.864025,-48.984085,-48.90987,-48.869858,-50.08643,-50.261623,-49.522186,-46.040226,-43.622505,-54.654583,-80.0,-80.0,-80.0,-80.0,-80.0,-80.0,-80.0,-80.0,-80.0,-80.0,-80.0,-80.0,-80.0,-80.0,-80.0,-80.0,-80.0,-80.0,-80.0,-80.0,-80.0,-80.0,-80.0,-80.0,-80.0,-80.0,-80.0,-80.0,-80.0,-80.0,-80.0,-80.0,-80.0,-80.0,-80.0,-80.0,-80.0,-80.0,-80.0,-80.0,-80.0,-80.0,-80.0,-80.0,-80.0,-80.0,-80.0,-80.0,-80.0,-80.0,-80.0,-80.0,-80.0,-80.0,-80.0,-80.0,-80.0,-80.0,-80.0,-80.0,-80.0,-80.0,-80.0,-80.0,-80.0,-80.0,-80.0,-80.0,-80.0,-80.0,-80.0,-80.0,-80.0,-80.0,-80.0,-80.0,-80.0,-80.0,-80.0,-80.0,-80.0,-80.0,-80.0,-80.0,-80.0,-80.0,-80.0,-80.0,-80.0,-80.0,-80.0,-80.0,-80.0,-80.0
-33.63734,-23.785435,-24.546928,-27.177944,-24.591057,-24.420855,-22.420437,-24.595058,-28.497545,-37.752365,-27.439249,-22.121906,-18.461388,-26.322878,-33.376602,-33.4769,-28.816576,-19.212952,-18.780207,-25.68328,-27.456093,-24.823677,-26.082476,-27.699436,-21.453312,-22.76677,-31.085382,-32.211422,-25.724934,-28.570196,-25.941986,-24.853394,-18.132864,-21.776505,-21.126614,-23.313255,-26.51228,-21.539715,-24.853586,-29.02721,-29.867235,-35.122402,-28.963573,-25.671509,-20.01682,-21.696518,-26.953152,-29.652508,-31.258251,-36.985992,-25.47805,-19.798601,-24.171522,-37.0432,-37.43893,-33.272396,-28.425846,-27.957422,-28.20184,-25.491108,-23.231428,-27.986437,-23.957249,-29.699574,-26.295033,-27.212591,-26.451765,-23.264614,-22.865788,-25.946228,-24.225761,-19.446583,-20.080462,-29.88237,-31.542835,-36.292603,-25.463772,-23.478706,-27.672026,-24.87635,-30.37317,-23.76872,-23.18945,-23.783525,-29.356302,-27.589165,-27.59367,-24.054153,-24.258266,-24.47079,-28.961832,-22.651825,-19.104008,-20.094748,-25.607994,-26.553791,-28.328886,-29.653082,-23.025806,-25.005524,-24.249617,-21.646023,-21.037397,-27.146461,-30.595297,-32.66101,-29.32903,-30.323618,-23.9644,-20.111313,-27.190592,-36.16829,-31.538418,-29.210281,-30.344246,-28.773243,-31.615984,-28.281141,-29.754093,-28.161436,-35.787704,-35.161797,-28.944115,-25.798351,-30.235157,-43.87863,-38.033596,-27.112808,-23.016594,-23.5832,-28.921564,-26.621302,-25.771921,-27.94064,-24.084158,-30.979856,-34.892162,-34.265472,-33.27116,-32.834557,-24.846958,-23.654652,-24.710176,-21.418417,-24.24559,-25.248623,-24.231503,-22.237358,-24.108767,-21.301208,-25.668161,-27.698986,-26.683624,-24.751312,-23.148003,-30.244488,-37.111977,-35.838356,-26.048046,-25.62757,-29.536425,-30.065855,-26.054543,-23.194561,-25.61337,-23.19622,-26.260086,-26.23092,-32.181835,-24.458858,-18.882996,-20.01056,-23.658642,-22.485588,-22.367998,-23.470058,-19.642027,-20.727455,-23.394358,-28.396183,-47.552837,-39.508244,-33.81855,-28.213646,-30.613934,-32.233456,-22.683203,-19.088943,-23.719463,-27.299345,-30.884184,-31.760489,-26.859312,-28.243862,-21.07661,-20.434843,-25.173895,-26.999353,-22.486248,-23.1384,-28.278133,-26.871254,-19.258188,-17.797365,-21.38649,-23.373032,-22.50555,-25.047607,-31.706059,-30.020077,-31.46883,-24.83297,-23.307209,-17.837765,-17.451828,-24.689388,-25.697975,-25.233526,-20.019615,-19.21629,-23.03346,-23.071589,-23.451782,-24.04535,-25.391634,-22.046486,-22.487375,-29.535349,-31.081135,-23.694708,-28.247395,-26.224487,-25.237429,-20.062073,-22.196453,-27.17997,-25.198349,-25.75082,-25.135439,-23.65487,-21.340107,-20.246622,-23.479675,-21.541862,-28.702633,-28.630257,-21.930115,-24.493406,-23.669182,-23.826439,-21.969599,-21.474901,-25.295643,-27.173162,-20.505444,-22.401957,-22.872055,-21.750456,-23.751831,-22.531883,-19.946358,-20.569008,-28.220736,-32.588108,-33.426903,-24.96326,-27.192492,-30.522268,-31.253365,-31.738653,-26.852247,-24.995625,-32.215946,-28.876675,-24.337307,-17.748032,-20.545914,-24.847939,-21.291409,-23.052013,-25.351051,-35.353516,-21.34098,-19.216503,-20.822737,-23.65456,-32.380665,-25.635927,-26.005306,-27.952566,-18.931019,-22.161789,-23.77958,-23.324244,-21.27748,-25.389473,-28.626358,-27.069416,-19.55801,-17.015003,-21.591692,-27.575077,-17.989359,-17.559772,-24.812056,-28.151133,-23.77947,-21.996065,-25.07954,-29.827349,-28.886684,-32.62823,-32.49218,-32.61065,-24.113611,-21.620668,-24.094196,-21.269678,-24.796219,-26.939602,-21.587276,-24.826439,-33.68541,-30.99707,-20.510387,-18.905628,-19.475533,-23.247696,-22.966385,-32.950165,-23.909945,-21.086586,-26.709518,-26.707558,-22.113276,-23.722542,-16.483816,-15.801777,-26.762035,-27.477695,-29.680008,-24.51,-19.730635,-23.35059,-24.959908,-25.3596,-23.359514,-21.664936,-23.716705,-29.456314,-26.80426,-26.164284,-21.761494,-20.998497,-21.706297,-25.72831,-28.281021,-22.935198,-23.865284,-29.68341,-23.054611,-21.720226,-28.770813,-28.431606,-23.24542,-22.941225,-34.017826,-26.13386,-25.380318,-21.763256,-23.44513,-26.609394,-31.95322,-31.74545,-24.316135,-20.052343,-23.71808,-23.163897,-25.885532,-25.882116,-33.757572,-28.012228,-31.42948,-36.78891,-24.650629,-23.310884,-25.335262,-22.891136,-25.573961,-32.88356,-23.807476,-26.94012,-38.24667,-27.349792,-27.124092,-22.413382,-22.237225,-32.794975,-24.903732,-20.177626,-23.100014,-22.324257,-23.357971,-23.435976,-20.736977,-14.899885,-18.28453,-33.220623,-26.828283,-24.761993,-31.598955,-28.5079,-30.543406,-25.669924,-25.93843,-22.159649,-18.536507,-20.996359,-25.042599,-25.273436,-21.922913,-22.120052,-24.560207,-24.616173,-25.824793,-27.786451,-27.12201,-26.54283,-26.83519,-31.848026,-29.735806,-25.55647,-21.115723,-24.371765,-24.325228,-24.522753,-20.323753,-23.075764,-34.254185,-29.546669,-27.56595,-21.016602,-18.014404,-17.197006,-19.379936,-26.157959,-43.964706,-36.209473,-32.79248,-27.324928,-26.183968,-23.139214,-20.091667,-24.014568,-17.69512,-18.569584,-25.688725,-26.384573,-29.094591,-24.69358,-23.745499,-29.964226,-24.681545,-23.34579,-29.093616,-32.222595,-26.80611,-30.58455,-27.078642,-25.495884,-29.441093,-30.837051,-31.743647,-33.795643,-23.929564,-25.122978,-26.230814,-28.761175,-29.852638,-32.67738,-23.529446,-23.19485,-27.79013,-29.441166,-24.241716,-25.506042,-30.047382,-24.487709,-23.952139,-24.683159,-31.209227,-32.586163,-28.486229,-28.14307,-26.474155,-26.734863,-20.051365,-17.376715,-19.663443,-26.678028,-22.15302,-20.437267,-21.451834,-18.19967,-24.875893,-29.14916,-20.527039,-21.246319,-23.423943,-26.499693,-34.838608,-27.540676,-25.989325,-24.199772,-25.988571,-21.680649,-22.492496,-32.477673,-33.41422,-24.017216,-22.92485,-20.92657,-22.838657,-27.267588,-24.9267,-22.603601,-19.20608,-20.2041,-19.91695,-23.310053,-33.086468,-24.330109,-20.448065,-26.710045,-31.324064,-26.616756,-21.470503,-24.867416,-20.661142,-23.409191,-29.135609,-28.686907,-23.424448,-19.414665,-19.740978,-24.173843,-27.422169,-26.596956,-31.435907,-26.908379,-19.130636,-23.431705,-34.443665,-36.692852,-27.187223,-28.179243,-30.386812,-29.042627,-25.521704,-22.560457,-25.587261,-19.941689,-18.823713,-23.569511,-27.960835,-28.157122,-29.49512,-26.865124,-27.469398,-18.795347,-18.976887,-21.21693,-23.004478,-28.224718,-35.93522,-32.335377,-31.043108,-31.54224,-30.124779,-30.53404,-26.19053,-33.422863,-28.417923,-31.989355,-32.892994,-26.769926,-22.090214,-21.187922,-20.980637,-27.315498,-27.888603,-25.881786,-24.060303,-24.993608,-28.862885,-31.204308,-27.51328,-26.061665,-29.869501,-22.012367,-22.844528,-26.134193,-21.915333,-26.77214,-20.86116,-21.497667,-33.780914,-27.16793,-24.478104,-28.625584,-28.60654,-27.415129,-34.42975,-36.972496,-34.92401,-27.870626,-29.311783,-29.36939,-36.108196,-48.614063,-49.703323,-49.104336,-50.372116,-48.43204,-48.432865,-50.3985,-47.7949,-44.00322,-55.107605,-80.0,-80.0,-80.0,-80.0,-80.0,-80.0,-80.0,-80.0,-80.0,-80.0,-80.0,-80.0,-80.0,-80.0,-80.0,-80.0,-80.0,-80.0,-80.0,-80.0,-80.0,-80.0,-80.0,-80.0,-80.0,-80.0,-80.0,-80.0,-80.0,-80.0,-80.0,-80.0,-80.0,-80.0,-80.0,-80.0,-80.0,-80.0,-80.0,-80.0,-80.0,-80.0,-80.0,-80.0,-80.0,-80.0,-80.0,-80.0,-80.0,-80.0,-80.0,-80.0,-80.0,-80.0,-80.0,-80.0,-80.0,-80.0,-80.0,-80.0,-80.0,-80.0,-80.0,-80.0,-80.0,-80.0,-80.0,-80.0,-80.0,-80.0,-80.0,-80.0,-80.0,-80.0,-80.0,-80.0,-80.0,-80.0,-80.0,-80.0,-80.0,-80.0,-80.0,-80.0,-80.0,-80.0,-80.0,-80.0,-80.0,-80.0,-80.0,-80.0,-80.0,-80.0
-32.03829,-25.65832,-26.416185,-38.649128,-33.677692,-23.171349,-20.694996,-28.157269,-26.612411,-29.212643,-22.076527,-18.29604,-20.089039,-26.810114,-28.325523,-28.89779,-27.009815,-24.224487,-24.700397,-25.467743,-26.37831,-26.817833,-30.712378,-27.303505,-26.980549,-26.397503,-29.493093,-28.015324,-23.367271,-24.737,-24.384983,-25.01022,-20.688534,-15.791494,-17.572798,-27.058695,-29.283943,-25.862526,-25.801258,-25.522795,-23.477573,-24.534517,-24.634476,-26.194172,-26.04227,-23.759804,-33.176464,-40.059837,-30.894176,-29.857971,-28.242332,-25.245697,-27.662558,-40.705498,-37.69391,-33.710815,-37.34549,-40.837193,-36.91857,-25.712147,-25.456373,-27.390509,-27.02642,-23.511257,-24.841095,-28.28928,-19.07985,-20.348455,-25.042133,-27.170713,-27.054813,-20.630943,-20.772467,-24.624004,-32.4109,-33.34525,-28.359577,-27.598621,-21.26478,-22.062813,-29.836792,-21.154253,-23.790968,-24.904734,-24.870152,-30.787756,-25.20985,-24.149906,-26.334015,-27.41171,-29.890118,-23.97216,-24.084492,-22.024963,-21.148869,-27.791351,-26.08617,-33.69575,-26.236622,-24.205008,-24.959717,-27.170725,-23.212246,-28.5637,-34.260532,-36.51229,-34.913002,-28.476465,-23.4897,-23.139559,-31.528122,-36.523624,-26.510733,-22.842564,-25.38753,-26.202879,-28.855341,-28.508377,-30.436598,-27.297962,-32.298782,-37.01979,-34.596764,-30.404602,-33.95661,-44.833782,-35.996838,-28.64839,-25.188986,-24.361355,-24.686953,-24.303196,-25.94427,-26.305561,-27.229424,-30.454409,-40.265648,-29.60255,-23.698166,-22.905205,-21.417244,-26.62447,-22.132328,-19.629707,-23.803776,-24.487051,-22.266273,-21.432968,-21.141422,-17.647682,-21.131765,-26.28396,-22.50772,-20.86813,-24.050835,-35.821014,-30.29568,-27.170734,-25.42175,-28.644686,-26.539213,-29.571323,-27.619648,-26.620869,-29.800167,-30.395458,-24.18967,-21.457962,-27.62207,-26.359207,-23.448126,-24.613289,-20.72894,-20.188293,-23.791924,-23.549187,-19.696455,-23.601149,-24.802334,-29.879805,-39.445724,-38.192684,-29.860947,-24.851776,-22.722164,-25.401348,-22.636913,-20.365185,-21.124071,-21.87712,-28.556608,-28.473919,-29.085226,-21.794876,-18.259268,-23.12159,-28.784643,-26.098366,-28.701881,-24.268803,-23.812096,-21.807796,-23.42097,-22.36597,-22.757736,-28.756727,-23.633501,-27.114372,-34.72287,-26.741673,-26.498428,-24.46412,-21.716278,-18.98937,-16.986454,-20.299988,-25.836662,-27.177631,-23.101597,-20.968737,-26.325573,-21.936436,-19.45158,-25.695717,-31.677715,-28.926733,-25.15231,-32.107437,-33.61069,-22.740685,-24.43578,-27.194712,-25.38338,-23.721897,-22.810478,-28.0242,-24.552519,-31.695183,-26.809738,-20.219059,-21.915318,-24.673012,-26.98664,-24.168259,-26.343754,-26.128853,-24.657187,-25.729599,-25.863844,-24.149178,-21.005333,-26.640018,-23.244877,-23.790844,-22.042904,-26.454498,-26.63913,-24.903158,-28.238644,-28.484226,-25.22016,-23.014359,-32.320724,-29.556557,-26.465317,-24.536083,-22.4185,-26.68582,-27.26345,-30.639547,-22.606926,-21.087202,-26.032965,-26.512644,-29.21997,-21.31067,-26.189823,-23.546162,-21.799675,-20.858894,-20.928997,-21.958569,-19.862925,-25.069336,-27.93929,-27.337542,-29.375141,-23.81642,-26.36357,-27.478622,-23.307758,-21.29444,-20.777063,-20.466232,-26.16539,-30.624117,-30.910799,-29.87979,-18.824408,-20.408855,-23.691137,-23.378084,-17.208817,-18.155914,-24.873207,-32.372784,-21.846533,-21.707981,-23.05338,-27.416874,-34.784195,-28.643444,-28.284664,-25.753214,-27.67173,-22.393787,-20.48365,-23.982943,-26.687466,-32.306004,-23.363628,-22.871784,-35.616295,-31.083601,-21.481358,-23.52385,-27.28723,-22.013313,-21.575516,-24.486717,-22.336575,-26.197117,-24.691305,-27.824871,-27.070374,-23.989254,-18.521982,-18.870884,-21.621206,-25.120857,-25.017044,-22.697655,-21.49967,-20.911184,-23.505705,-28.294655,-30.233147,-22.860464,-23.57786,-23.407007,-21.466536,-23.552494,-20.368773,-22.319387,-20.229156,-26.520662,-22.710358,-27.429676,-23.34562,-21.163063,-19.176567,-20.028706,-26.129984,-28.62825,-27.10116,-21.805702,-22.630249,-23.569103,-27.191887,-21.763908,-21.755867,-20.381065,-23.992481,-31.123379,-32.22622,-23.43546,-23.689922,-23.641518,-21.876236,-27.759594,-33.105495,-30.25661,-30.422773,-26.887321,-26.842047,-23.645287,-25.738785,-21.402264,-21.584343,-26.218513,-22.181385,-30.44714,-30.683418,-30.76726,-27.270798,-23.7221,-21.671692,-32.443367,-22.101395,-19.329613,-28.726213,-19.505863,-22.72961,-22.2976,-20.795345,-19.59703,-20.57469,-24.483706,-21.848484,-22.505486,-31.625565,-34.46952,-26.196766,-24.293055,-30.053465,-27.226273,-20.913092,-23.082767,-24.386436,-22.35513,-26.118488,-22.175598,-23.981209,-26.747072,-25.945347,-32.037846,-30.860725,-26.0164,-25.051325,-29.812958,-29.403255,-30.320389,-24.216902,-24.76762,-26.112713,-18.544466,-15.809965,-20.842945,-28.517262,-25.61068,-24.72009,-17.907772,-14.974667,-17.99214,-19.551489,-22.382975,-34.354843,-30.82032,-26.219547,-20.327108,-18.645945,-17.716324,-18.435644,-21.992884,-19.014494,-19.575691,-22.202625,-25.091911,-26.967289,-26.556242,-23.963024,-27.923445,-28.711073,-28.826328,-36.961285,-31.501186,-29.385555,-29.71797,-25.088945,-30.219584,-33.965263,-35.35242,-27.947582,-24.235863,-19.618221,-20.717155,-23.759068,-30.557573,-30.31326,-27.685862,-23.240833,-27.201511,-28.686548,-23.802559,-22.456882,-23.565796,-20.743452,-16.85717,-19.048489,-26.846462,-29.942184,-35.83163,-27.557375,-28.234827,-35.280598,-25.650526,-19.68603,-23.381569,-21.055294,-24.169395,-26.643904,-19.62353,-20.245867,-19.529003,-20.651087,-25.359484,-23.725506,-18.965248,-20.728695,-23.780914,-27.29914,-28.02309,-29.868572,-24.084684,-25.445438,-23.103157,-23.892773,-36.659245,-28.368744,-28.097672,-21.053947,-18.454525,-24.607952,-30.752106,-27.893734,-25.031773,-22.875652,-20.25918,-24.07322,-24.858742,-35.658344,-25.648169,-21.82822,-23.607264,-27.83717,-27.007608,-21.857996,-18.47727,-18.455053,-27.072277,-26.299433,-32.299393,-27.833254,-22.607262,-24.427921,-21.698563,-23.920986,-24.34686,-23.546686,-21.188385,-17.10434,-21.31129,-33.040176,-32.805023,-27.137241,-32.28887,-34.823975,-27.454742,-28.71138,-21.753057,-25.432545,-21.593708,-22.000866,-20.465252,-28.29771,-31.3102,-33.257023,-24.743526,-22.157856,-22.441349,-20.473034,-24.78045,-20.055948,-21.200832,-26.67976,-28.088896,-29.778091,-35.350147,-32.67251,-33.932526,-26.557302,-28.038187,-26.748009,-26.648163,-36.188187,-28.187826,-23.109371,-19.521164,-22.990362,-32.792683,-27.096886,-21.758286,-21.053415,-20.656738,-22.633615,-24.464787,-26.553062,-27.186722,-29.728428,-22.023384,-19.952038,-24.583443,-24.6051,-29.072573,-19.680468,-21.464417,-32.100204,-29.082432,-29.051283,-35.440617,-34.091747,-35.51683,-36.6256,-41.316444,-33.5859,-31.59952,-32.112015,-31.337608,-36.018837,-48.998417,-46.108513,-45.720528,-46.6333,-47.235054,-47.538612,-46.801464,-41.488934,-41.705456,-55.806152,-80.0,-80.0,-80.0,-80.0,-80.0,-80.0,-80.0,-80.0,-80.0,-80.0,-80.0,-80.0,-80.0,-80.0,-80.0,-80.0,-80.0,-80.0,-80.0,-80.0,-80.0,-80.0,-80.0,-80.0,-80.0,-80.0,-80.0,-80.0,-80.0,-80.0,-80.0,-80.0,-80.0,-80.0,-80.0,-80.0,-80.0,-80.0,-80.0,-80.0,-80.0,-80.0,-80.0,-80.0,-80.0,-80.0,-80.0,-80.0,-80.0,-80.0,-80.0,-80.0,-80.0,-80.0,-80.0,-80.0,-80.0,-80.0,-80.0,-80.0,-80.0,-80.0,-80.0,-80.0,-80.0,-80.0,-80.0,-80.0,-80.0,-80.0,-80.0,-80.0,-80.0,-80.0,-80.0,-80.0,-80.0,-80.0,-80.0,-80.0,-80.0,-80.0,-80.0,-80.0,-80.0,-80.0,-80.0,-80.0,-80.0,-80.0,-80.0,-80.0,-80.0,-80.0
-34.121384,-33.753983,-29.11142,-31.76226,-31.036144,-22.64173,-22.905033,-24.230835,-22.907356,-30.451502,-19.91289,-16.865644,-25.312984,-25.347244,-31.085337,-24.332447,-27.07843,-30.697866,-31.53337,-28.060402,-28.68943,-31.857887,-27.031784,-27.143084,-30.00407,-26.523996,-28.382648,-25.48487,-28.350681,-26.307632,-29.387157,-25.302866,-21.58297,-17.52715,-14.555126,-16.426622,-23.694818,-26.013657,-24.061096,-28.027157,-21.935083,-28.516575,-20.031809,-18.579056,-22.265667,-24.767273,-28.025476,-35.321022,-29.711403,-25.70647,-29.490053,-28.818352,-26.067953,-34.131615,-43.197372,-29.652927,-27.194494,-23.607798,-20.782827,-20.38206,-26.944717,-22.442764,-19.912708,-20.666027,-27.802563,-23.86816,-16.621973,-16.095291,-17.478445,-17.802895,-19.91327,-21.549938,-20.196259,-15.6691265,-18.823162,-25.403309,-24.410717,-22.643417,-21.562544,-25.159561,-23.259916,-18.779392,-19.769821,-28.079628,-23.988173,-22.944427,-21.092237,-24.149649,-31.69854,-25.13587,-23.940163,-30.745323,-26.011803,-20.161366,-21.39488,-28.918505,-24.483145,-27.717686,-26.079395,-21.321804,-23.601437,-22.178465,-25.3541,-30.75497,-26.476341,-25.009335,-26.724413,-28.338696,-24.886162,-23.506124,-28.416426,-25.952744,-19.733406,-20.3763,-28.231586,-26.807474,-33.744987,-34.67793,-27.356722,-23.07723,-25.857239,-30.39303,-29.042643,-35.019585,-33.23156,-40.472305,-41.789917,-33.712536,-29.058422,-29.372894,-27.652376,-24.250383,-25.526134,-24.845201,-29.398022,-31.014832,-34.979847,-25.839336,-23.254961,-21.089228,-21.234928,-23.04425,-23.941936,-23.270212,-26.910744,-26.408298,-28.64725,-25.072517,-23.45456,-18.199194,-22.601028,-25.915817,-27.255447,-25.118343,-23.745453,-25.639912,-21.424274,-23.494987,-27.743912,-25.882751,-21.708023,-25.07589,-29.87631,-30.77106,-35.904037,-31.092192,-23.864471,-22.943615,-22.12878,-23.535172,-24.610428,-28.838285,-25.009422,-26.12526,-24.08043,-23.30946,-26.41489,-30.503128,-28.071144,-23.99474,-24.723894,-24.279425,-26.61951,-23.856144,-21.533894,-26.332848,-23.726479,-27.561104,-26.704367,-21.130054,-25.816963,-25.75116,-28.957378,-20.488125,-17.777054,-28.574259,-27.286226,-30.488392,-27.358555,-24.247602,-22.881767,-20.269918,-23.355705,-21.10114,-18.55629,-22.863426,-24.253649,-30.975111,-24.891838,-22.882175,-28.72347,-21.334585,-20.930641,-25.45144,-21.378654,-21.97771,-28.75825,-31.294535,-29.555193,-26.197378,-29.491577,-21.44169,-21.734085,-27.355772,-31.193245,-24.818377,-22.795246,-28.50003,-28.680334,-24.485544,-22.559647,-27.941698,-26.83813,-24.743565,-24.047398,-31.901594,-27.936241,-24.455994,-22.661013,-20.535393,-27.740086,-31.282047,-24.596832,-30.20778,-26.105984,-27.909649,-28.37983,-29.433235,-32.134834,-27.959032,-22.171154,-23.836254,-21.67976,-27.226019,-24.48991,-23.504028,-26.066683,-26.091084,-30.904491,-34.59562,-23.919865,-22.56848,-25.06738,-21.041914,-24.708086,-28.314068,-21.252335,-21.834435,-20.72718,-21.16188,-16.862162,-20.4147,-31.709618,-25.283697,-29.819105,-22.430428,-18.819288,-15.99769,-19.477863,-20.553009,-25.85984,-19.323456,-20.065203,-24.646801,-22.188534,-24.530556,-26.11845,-23.94478,-30.321056,-26.920662,-27.646679,-25.747509,-23.708023,-21.697027,-26.699995,-34.12173,-33.343338,-26.172173,-20.482105,-20.999369,-23.816454,-24.260616,-20.377205,-22.986723,-27.443417,-27.156954,-23.39617,-23.210398,-22.576593,-20.42117,-26.018028,-25.382065,-21.914574,-23.776468,-26.690062,-23.548447,-23.868114,-29.780561,-30.97333,-31.233177,-21.538671,-21.753397,-33.21107,-35.038857,-23.420662,-23.447634,-28.045013,-22.016598,-25.564625,-29.020267,-23.09872,-25.054535,-18.385738,-18.268227,-23.6395,-24.229488,-23.08765,-27.019588,-21.744314,-27.017435,-28.132122,-26.277195,-27.075283,-24.575928,-28.113522,-27.16216,-32.335552,-24.694723,-27.473993,-19.169525,-17.925943,-23.78926,-20.14184,-16.17593,-16.291752,-25.573708,-21.3877,-21.310862,-20.638731,-23.066664,-22.470554,-26.761345,-24.992153,-22.624292,-22.302479,-24.044582,-23.488432,-24.020798,-28.864132,-24.855202,-26.178349,-18.89544,-20.838713,-28.763449,-32.007133,-26.355473,-29.800941,-25.286652,-20.284084,-27.510109,-27.050587,-24.873241,-24.220001,-21.797998,-24.15202,-22.583607,-28.162594,-23.588625,-21.22256,-27.59317,-19.083809,-18.179712,-20.827242,-23.311691,-24.925797,-23.212542,-18.927525,-21.312828,-15.688089,-13.829678,-15.917294,-16.61982,-24.814594,-22.177364,-18.090342,-22.356548,-24.978537,-26.414938,-19.698822,-26.510687,-25.97392,-28.844654,-27.39376,-28.869133,-26.33074,-32.016907,-24.448654,-24.045324,-25.25453,-20.580647,-24.076447,-25.33429,-22.771824,-24.807789,-24.618145,-30.707912,-33.13702,-28.560383,-26.79311,-32.916645,-29.722315,-34.738056,-27.466976,-31.661861,-21.014671,-16.526915,-16.190536,-20.327425,-25.962193,-23.358522,-29.49768,-20.65997,-20.185974,-21.392614,-20.300652,-20.454222,-33.82589,-24.944721,-26.11296,-18.382956,-17.111053,-23.13692,-17.372614,-23.760479,-23.715195,-26.20349,-22.765917,-31.396397,-31.138897,-28.799706,-26.738977,-28.75683,-31.930447,-36.12685,-41.586605,-32.574223,-27.707764,-26.133263,-22.975437,-22.462334,-25.180035,-23.182898,-22.90429,-25.493404,-17.20018,-19.322662,-26.921875,-24.254128,-25.117725,-23.276056,-20.522484,-30.551723,-29.269464,-26.197319,-24.712717,-28.93473,-19.557238,-15.70463,-17.847755,-27.916618,-30.589148,-35.57456,-25.373951,-27.343071,-37.425625,-23.065094,-18.376347,-22.847797,-28.971708,-27.962807,-30.648521,-20.663311,-21.310368,-22.02563,-18.829056,-25.10601,-27.706905,-20.689133,-25.247683,-26.796108,-21.35383,-25.798012,-25.686949,-27.495373,-26.487442,-24.63692,-30.326212,-29.419365,-26.239346,-26.880333,-21.63815,-22.48956,-24.304285,-24.741077,-22.311226,-26.286442,-30.94874,-23.628843,-22.93715,-20.882565,-21.799248,-21.13922,-27.620432,-24.962582,-27.74899,-26.8684,-24.980572,-20.918676,-19.156195,-26.556086,-25.905281,-22.874939,-20.345118,-18.25875,-20.144287,-20.053934,-25.093046,-25.554754,-24.708347,-15.098946,-17.264183,-24.922205,-22.658371,-25.88785,-24.420797,-22.945599,-26.531082,-26.609922,-26.089577,-22.605207,-25.818546,-22.134634,-23.55771,-20.950125,-22.436275,-23.353287,-20.477085,-22.846228,-22.82103,-19.786608,-18.804533,-20.72705,-21.49727,-22.13424,-25.17482,-25.421675,-26.4733,-33.70642,-29.096659,-28.563776,-31.098297,-30.133085,-32.68254,-24.609325,-24.15713,-28.431797,-25.270271,-22.81871,-30.040524,-28.460644,-28.884663,-21.238573,-27.112919,-21.484661,-25.20898,-24.257393,-24.08607,-24.428604,-23.12377,-19.977486,-19.153868,-24.812801,-26.41013,-25.771362,-23.192528,-21.172312,-30.104357,-33.00466,-29.721636,-24.453304,-25.361599,-24.440575,-24.38552,-25.712925,-27.36124,-32.822483,-33.84221,-29.311758,-39.038963,-42.48816,-42.872673,-43.136856,-42.573925,-42.803585,-42.75432,-42.10339,-37.2583,-39.329773,-56.635365,-80.0,-80.0,-80.0,-80.0,-80.0,-80.0,-80.0,-80.0,-80.0,-80.0,-80.0,-80.0,-80.0,-80.0,-80.0,-80.0,-80.0,-80.0,-80.0,-80.0,-80.0,-80.0,-80.0,-80.0,-80.0,-80.0,-80.0,-80.0,-80.0,-80.0,-80.0,-80.0,-80.0,-80.0,-80.0,-80.0,-80.0,-80.0,-80.0,-80.0,-80.0,-80.0,-80.0,-80.0,-80.0,-80.0,-80.0,-80.0,-80.0,-80.0,-80.0,-80.0,-80.0,-80.0,-80.0,-80.0,-80.0,-80.0,-80.0,-80.0,-80.0,-80.0,-80.0,-80.0,-80.0,-80.0,-80.0,-80.0,-80.0,-80.0,-80.0,-80.0,-80.0,-80.0,-80.0,-80.0,-80.0,-80.0,-80.0,-80.0,-80.0,-80.0,-80.0,-80.0,-80.0,-80.0,-80.0,-80.0,-80.0,-80.0,-80.0,-80.0,-80.0,-80.0
-32.627773,-30.418901,-33.48409,-32.287323,-28.751965,-27.944748,-25.986988,-22.491611,-19.645882,-26.946342,-22.416,-19.973309,-21.722555,-27.27822,-29.732824,-26.941809,-24.97292,-24.707142,-30.748209,-30.92473,-30.865711,-31.603119,-24.332546,-27.302109,-30.465162,-23.0549,-20.610943,-24.101692,-27.701265,-27.784153,-26.108543,-22.493774,-22.455929,-27.647486,-20.919724,-15.916599,-19.701157,-23.335049,-24.597633,-29.274126,-25.890564,-24.190657,-19.378834,-18.514244,-22.345276,-26.730742,-28.60693,-28.920837,-26.211317,-28.708666,-25.649292,-27.131414,-24.628094,-34.087555,-38.576782,-26.448254,-21.577335,-20.548092,-17.604643,-20.602055,-27.8726,-23.195032,-22.078634,-27.22272,-30.517902,-26.060602,-21.651176,-19.40649,-15.887444,-17.805044,-21.234016,-23.062065,-22.22231,-14.793459,-14.962116,-19.540806,-27.505388,-22.00092,-28.84375,-27.363922,-24.95451,-24.294182,-25.660156,-24.347397,-21.278337,-23.655127,-23.782396,-29.00613,-41.90703,-27.761976,-21.842728,-24.29432,-27.878658,-20.931763,-24.74987,-34.048615,-27.050049,-25.755638,-26.861917,-23.337574,-24.84707,-19.430485,-21.714378,-21.602922,-19.545269,-23.423603,-25.49772,-28.980812,-28.981546,-24.112999,-23.354593,-22.19244,-20.550047,-24.118553,-29.312433,-30.410345,-32.36806,-30.628777,-33.56618,-24.743496,-25.556858,-34.82544,-26.144974,-27.567175,-33.168034,-35.76099,-37.902897,-33.964745,-23.752304,-22.075378,-26.703117,-23.272068,-22.157877,-22.817808,-26.330635,-32.839546,-26.833641,-23.571495,-27.496254,-23.851645,-27.752724,-24.170235,-31.201408,-28.668943,-29.356936,-28.113443,-30.643612,-29.5069,-25.317804,-23.484339,-27.220499,-33.430058,-30.337534,-29.723583,-33.088005,-23.135983,-20.617983,-25.391426,-32.466835,-25.636402,-23.796618,-22.070007,-29.097378,-36.573997,-28.13429,-24.382248,-24.76883,-27.929722,-20.885803,-24.98034,-26.11184,-27.595533,-33.985447,-32.56439,-25.007847,-27.22009,-26.806602,-29.41801,-34.294537,-23.414686,-23.035316,-26.446993,-25.817757,-21.752403,-22.689274,-28.235275,-23.099442,-22.749294,-21.938276,-26.97092,-23.11051,-27.622517,-28.73795,-22.968369,-16.861053,-21.601627,-27.511044,-26.969513,-27.871088,-27.73426,-29.332306,-25.167166,-24.099215,-21.62485,-20.981346,-23.174702,-25.429865,-25.551117,-24.354902,-25.015976,-22.387627,-24.04125,-29.862133,-22.027843,-23.746761,-20.927393,-23.356037,-33.56237,-27.85278,-22.948788,-22.849571,-23.275103,-30.072855,-26.195747,-24.552357,-20.6795,-22.838573,-28.50406,-27.236563,-26.55567,-23.634865,-24.074028,-27.405666,-23.499336,-21.065002,-31.318306,-34.209213,-23.54684,-25.213821,-20.488714,-25.948679,-29.444666,-23.77739,-25.047142,-27.122284,-26.791452,-28.126461,-28.500233,-28.410992,-26.514088,-25.629889,-30.939682,-25.790985,-25.088152,-27.739143,-26.595465,-26.506567,-25.393421,-30.127892,-29.477785,-24.09853,-22.566679,-17.073029,-16.861227,-25.728054,-28.22876,-25.128122,-32.93632,-22.258038,-16.369898,-16.859442,-23.787792,-29.594818,-27.498388,-22.151632,-17.280823,-19.000587,-14.554102,-13.716181,-21.4982,-23.118902,-24.49954,-26.518093,-23.286201,-23.46102,-24.094753,-28.179768,-26.998035,-25.662401,-22.506874,-25.21085,-27.988232,-23.466663,-24.159056,-29.466536,-26.586792,-29.47861,-25.348282,-28.826706,-23.637047,-25.341087,-32.39232,-28.882156,-27.362732,-20.739788,-22.980064,-25.49961,-26.044628,-22.75275,-21.14522,-20.911312,-27.740593,-22.914719,-28.519127,-31.76575,-26.99554,-35.580933,-25.692032,-27.93444,-28.291748,-23.676884,-24.111921,-27.310036,-27.500484,-27.809353,-24.494127,-25.438913,-20.56542,-23.536745,-23.52918,-20.89567,-20.959187,-15.48987,-15.6299515,-22.623762,-26.848843,-23.73689,-25.299782,-21.128513,-22.117104,-27.197311,-24.535929,-23.146774,-29.438286,-25.060158,-24.296276,-24.557892,-21.956326,-23.919638,-25.502317,-19.228382,-18.879402,-27.25242,-18.513332,-16.088383,-22.487799,-24.17368,-27.477058,-24.251259,-22.271538,-24.684576,-29.416887,-28.82941,-22.50307,-21.048393,-22.716335,-23.088778,-27.987556,-31.481596,-27.370567,-23.021585,-24.235853,-22.757889,-28.573309,-22.726324,-25.718151,-30.704758,-24.691643,-20.3681,-26.541649,-24.918625,-25.428684,-23.04282,-24.220007,-19.10123,-25.680283,-26.66975,-26.675251,-25.431292,-26.981922,-19.48059,-17.994255,-20.079308,-25.459297,-25.54971,-23.684982,-22.16346,-16.814442,-17.094929,-15.5576515,-15.466797,-19.524097,-25.17964,-25.437746,-19.137283,-19.834072,-26.21292,-24.269407,-22.558666,-22.680723,-22.203915,-24.88145,-25.15957,-26.854866,-23.582783,-25.396969,-22.196138,-23.898153,-35.759277,-23.694405,-23.994854,-28.48148,-26.365654,-26.273758,-27.222315,-20.259136,-20.917198,-27.883734,-29.715382,-31.370218,-35.72117,-26.93386,-23.7531,-27.76146,-21.413433,-24.731325,-25.446892,-26.069675,-21.438688,-25.050186,-26.308739,-26.732647,-30.952871,-28.164703,-19.887516,-21.154175,-28.238138,-20.924023,-19.072447,-18.117702,-18.676018,-24.129177,-21.389994,-21.860052,-23.809303,-22.098557,-23.413662,-32.868134,-26.879929,-23.922983,-26.963024,-23.259335,-22.87126,-30.926357,-40.541603,-30.915882,-23.177208,-25.33713,-33.448776,-22.438011,-22.079361,-19.880384,-20.0638,-22.131508,-21.27758,-25.41581,-28.196716,-20.180504,-18.344488,-19.779213,-20.085161,-22.565708,-28.101633,-23.863451,-22.978308,-26.430504,-24.905153,-21.868868,-22.983463,-22.633743,-28.055733,-27.076271,-23.545973,-24.784409,-28.034496,-23.07024,-18.897028,-25.73181,-27.978699,-27.037773,-29.445177,-23.47332,-22.9197,-30.708593,-21.272917,-21.711748,-22.235748,-25.911945,-29.536858,-28.004875,-23.294266,-22.614922,-25.448238,-32.265793,-22.455944,-21.09478,-29.03094,-32.522694,-31.394375,-31.308865,-24.584671,-29.47814,-31.100853,-33.402515,-25.636208,-24.901276,-26.80205,-25.984777,-24.621635,-22.260748,-21.78366,-22.743391,-23.552135,-24.29411,-23.217804,-20.168394,-23.012407,-24.522636,-26.852266,-27.809011,-23.42622,-23.145332,-19.58584,-18.845673,-29.965393,-21.602087,-23.109358,-26.352589,-20.812801,-15.194447,-15.90811,-22.340664,-25.038506,-26.805035,-25.505539,-21.025486,-25.319153,-28.256817,-23.785978,-24.290297,-21.721424,-21.007902,-23.802092,-26.494722,-26.681246,-26.24656,-18.07777,-18.62838,-23.473198,-20.341837,-18.492565,-23.754446,-30.907825,-32.92458,-28.352612,-25.59568,-23.061996,-28.762407,-31.308716,-34.031693,-34.87237,-28.313318,-28.877905,-23.96631,-24.057034,-27.650963,-28.870144,-25.255795,-25.817648,-27.338133,-28.885242,-23.46074,-23.14878,-26.82137,-27.938435,-31.477396,-26.291683,-26.062735,-28.003864,-25.162966,-27.364342,-27.482653,-26.266973,-28.896494,-33.818478,-24.128979,-24.926744,-28.754684,-25.626965,-21.571379,-20.883942,-22.257166,-23.167461,-24.72401,-21.76866,-24.682243,-26.805439,-25.374271,-31.765795,-37.29298,-36.46437,-36.038548,-36.86091,-36.500717,-36.65122,-36.76198,-35.061104,-40.38133,-58.88649,-80.0,-80.0,-80.0,-80.0,-80.0,-80.0,-80.0,-80.0,-80.0,-80.0,-80.0,-80.0,-80.0,-80.0,-80.0,-80.0,-80.0,-80.0,-80.0,-80.0,-80.0,-80.0,-80.0,-80.0,-80.0,-80.0,-80.0,-80.0,-80.0,-80.0,-80.0,-80.0,-80.0,-80.0,-80.0,-80.0,-80.0,-80.0,-80.0,-80.0,-80.0,-80.0,-80.0,-80.0,-80.0,-80.0,-80.0,-80.0,-80.0,-80.0,-80.0,-80.0,-80.0,-80.0,-80.0,-80.0,-80.0,-80.0,-80.0,-80.0,-80.0,-80.0,-80.0,-80.0,-80.0,-80.0,-80.0,-80.0,-80.0,-80.0,-80.0,-80.0,-80.0,-80.0,-80.0,-80.0,-80.0,-80.0,-80.0,-80.0,-80.0,-80.0,-80.0,-80.0,-80.0,-80.0,-80.0,-80.0,-80.0,-80.0,-80.0,-80.0,-80.0,-80.0
-29.01639,-26.568316,-28.139887,-24.954174,-30.72905,-32.913544,-30.597668,-22.270208,-20.189373,-22.55804,-26.976833,-29.718435,-27.600147,-33.656754,-32.359013,-31.210363,-28.081491,-24.969872,-29.504147,-32.05056,-26.176811,-25.372435,-23.458004,-25.744606,-29.339174,-26.832012,-19.465523,-22.28273,-22.709633,-22.405602,-25.045341,-25.534897,-22.950699,-22.392529,-22.468239,-22.402094,-19.960762,-27.197222,-26.940922,-36.11541,-29.000729,-28.548613,-24.927563,-22.982235,-24.871813,-21.917004,-26.90025,-28.084019,-23.10654,-22.856491,-24.067627,-23.548035,-25.969313,-32.96465,-38.522114,-27.308363,-21.578455,-25.715584,-21.180443,-25.409372,-30.114178,-24.933456,-23.914043,-27.945442,-25.98285,-23.496216,-24.111961,-24.62387,-24.31062,-23.237106,-31.405159,-29.095352,-25.846745,-17.547903,-20.67817,-19.402115,-24.091343,-25.205427,-25.149282,-25.208363,-28.514997,-37.864296,-35.33276,-29.4592,-20.616653,-24.664373,-29.83445,-33.723583,-32.020138,-25.902195,-25.420357,-21.426783,-24.089945,-26.78565,-24.892826,-29.895943,-29.070389,-29.061405,-26.274132,-26.51868,-22.289436,-19.541878,-19.832605,-19.337511,-17.619274,-20.443327,-23.543043,-29.388786,-28.323887,-27.931557,-30.186731,-29.684689,-27.642628,-30.712603,-26.853182,-33.204338,-26.599922,-24.542114,-29.049465,-30.950554,-29.932114,-31.420826,-26.855106,-24.66336,-30.064825,-31.436392,-31.40561,-34.309372,-23.710651,-20.701279,-23.600174,-26.706892,-29.238792,-29.165836,-25.674858,-27.488968,-29.490643,-27.036821,-24.856604,-23.244835,-24.921726,-22.527576,-25.828468,-26.563503,-28.41786,-27.112648,-24.35509,-21.420074,-23.733818,-36.325645,-24.540667,-26.565302,-29.076286,-28.752813,-31.8832,-27.774437,-27.193424,-26.711721,-24.37113,-22.134007,-24.847572,-20.579739,-24.95079,-31.553658,-23.340944,-19.584904,-24.207972,-26.87849,-24.62239,-25.563534,-20.821144,-21.40908,-26.665518,-24.969284,-22.37989,-22.114319,-20.378735,-20.725883,-24.882137,-23.623951,-26.605145,-33.048206,-33.573025,-28.030838,-22.742874,-28.829086,-23.406244,-22.096607,-21.921885,-24.045017,-23.239706,-27.179636,-31.088383,-22.713856,-17.610409,-19.529158,-21.896706,-20.233118,-21.257807,-22.58709,-22.651524,-23.843779,-26.867695,-21.563633,-23.296268,-22.296604,-28.11361,-28.30418,-25.618145,-27.90456,-22.058403,-24.70911,-24.247257,-23.133974,-21.197136,-17.625807,-21.0515,-27.264816,-23.61596,-23.86116,-24.55707,-28.974625,-26.909382,-24.657698,-19.521305,-21.346706,-29.853018,-28.038385,-27.507832,-22.20251,-22.9132,-24.500755,-27.013517,-20.682035,-19.83778,-26.64811,-24.974564,-21.944672,-20.307701,-19.578102,-24.638264,-30.851055,-26.559147,-26.039497,-24.858059,-24.27322,-24.57605,-23.339386,-28.114693,-28.805058,-32.250374,-27.78742,-27.639006,-24.718822,-30.176802,-27.515692,-21.221237,-22.610254,-25.114902,-30.724886,-26.111328,-24.19099,-17.250065,-18.706747,-23.805813,-29.95442,-24.23034,-24.629467,-21.555765,-21.456741,-20.779408,-24.615742,-23.366722,-24.918934,-20.932442,-16.033194,-19.954685,-16.26264,-14.044292,-21.56084,-23.324615,-28.186178,-26.231506,-28.966112,-26.687094,-25.209156,-28.39293,-26.983904,-21.493767,-19.663963,-26.439796,-28.31575,-23.354647,-22.3872,-31.719086,-26.041235,-21.585754,-24.198261,-27.526237,-25.001404,-29.911036,-36.61407,-28.686455,-21.157732,-20.74428,-21.326803,-26.839817,-37.009937,-29.04412,-25.110313,-19.79684,-23.774374,-28.64787,-25.89643,-27.368916,-24.424232,-27.906818,-23.950191,-24.007652,-27.188381,-29.917662,-28.183952,-30.81202,-29.513,-26.092459,-23.114092,-25.03676,-21.69023,-19.048462,-22.961628,-18.959143,-17.552296,-20.28636,-19.133665,-25.260479,-35.065098,-29.00867,-20.612503,-17.283543,-24.152355,-27.149082,-24.064693,-23.225567,-21.536148,-23.392277,-27.075293,-27.257637,-22.566788,-25.704374,-29.008358,-22.8841,-23.98207,-24.298496,-22.342052,-20.078367,-25.752789,-28.22533,-29.360956,-24.974346,-20.07484,-19.527119,-20.301937,-21.606888,-22.470913,-26.11171,-23.945915,-25.336042,-26.447495,-25.414165,-30.321472,-26.258148,-22.538967,-22.589718,-24.133255,-20.749825,-23.571339,-24.103931,-21.79781,-22.584755,-27.666718,-25.073168,-28.74302,-22.046825,-18.836267,-18.328842,-24.928932,-24.85311,-27.929806,-24.69548,-23.025074,-24.55125,-23.637035,-28.698927,-23.09745,-26.451399,-29.591091,-25.772959,-22.025663,-23.395048,-21.56668,-25.740726,-25.387241,-22.390636,-18.545055,-19.707203,-21.611061,-20.874462,-25.65829,-34.046413,-26.532038,-24.488737,-24.16917,-22.329329,-27.831234,-24.584827,-22.805075,-21.746933,-23.164522,-27.07962,-21.79058,-24.390995,-25.059797,-27.34074,-26.930893,-23.112251,-16.340458,-16.922098,-22.66848,-34.479458,-39.683876,-40.169083,-27.553587,-20.918007,-22.120466,-23.685612,-27.434391,-31.568113,-26.755465,-20.565105,-22.07302,-26.092175,-29.873201,-26.180979,-24.907364,-24.932476,-25.15409,-22.367516,-22.089859,-19.720598,-25.805923,-21.036427,-26.566845,-24.398703,-26.698914,-26.740692,-25.608414,-23.924946,-28.617191,-24.802689,-27.427128,-25.238537,-18.857822,-19.516874,-27.960293,-33.779076,-30.727299,-23.435028,-24.456167,-27.712097,-24.051735,-30.408083,-24.894339,-23.682251,-30.262619,-32.164223,-28.103516,-25.738323,-22.539814,-20.044617,-26.963936,-24.144215,-19.335714,-22.12818,-19.6579,-20.164354,-19.712664,-20.65843,-22.505312,-24.772562,-21.504581,-23.060863,-26.829529,-23.99895,-26.476887,-23.416138,-28.78227,-20.401531,-21.733433,-26.96885,-24.161776,-24.105745,-32.325092,-29.076813,-31.679277,-24.391804,-19.31079,-21.518738,-25.036541,-29.648233,-26.192625,-27.520586,-28.586493,-26.588709,-25.532349,-20.860794,-21.513943,-27.9145,-30.88932,-30.880348,-31.402004,-26.1759,-27.839262,-37.520264,-29.75103,-30.573032,-27.92818,-23.368376,-30.165874,-33.00273,-33.349285,-30.934341,-31.309423,-30.366323,-28.61554,-23.310173,-21.756596,-23.385471,-26.567867,-29.760178,-27.371447,-19.842793,-18.056273,-19.128323,-24.153427,-30.282028,-21.409866,-20.60587,-25.639303,-22.013573,-21.435692,-19.525482,-23.338139,-29.462296,-27.656073,-25.260477,-22.470076,-31.75581,-22.638577,-18.93599,-20.963438,-19.561804,-24.443321,-26.02593,-25.137798,-29.863392,-30.331488,-21.612606,-21.489407,-28.956743,-26.659136,-19.884766,-23.072653,-25.700603,-32.127827,-25.348661,-23.23255,-22.816034,-24.079292,-31.846895,-34.000973,-29.66066,-24.234818,-26.68426,-24.371916,-23.169258,-24.107662,-25.078312,-24.790644,-30.702888,-30.001413,-31.737688,-24.552849,-26.318928,-33.336494,-28.793993,-33.07578,-33.04662,-31.337997,-30.251099,-36.455322,-37.97262,-28.722588,-26.910934,-29.04101,-27.707638,-25.531475,-31.025492,-29.930164,-26.802467,-26.82576,-26.219498,-29.068068,-24.090576,-24.566263,-22.221869,-25.179024,-27.824932,-24.037098,-29.16751,-32.576256,-32.62525,-32.70715,-32.564625,-32.681076,-32.6595,-32.646095,-35.736057,-44.905678,-61.738304,-80.0,-80.0,-80.0,-80.0,-80.0,-80.0,-80.0,-80.0,-80.0,-80.0,-80.0,-80.0,-80.0,-80.0,-80.0,-80.0,-80.0,-80.0,-80.0,-80.0,-80.0,-80.0,-80.0,-80.0,-80.0,-80.0,-80.0,-80.0,-80.0,-80.0,-80.0,-80.0,-80.0,-80.0,-80.0,-80.0,-80.0,-80.0,-80.0,-80.0,-80.0,-80.0,-80.0,-80.0,-80.0,-80.0,-80.0,-80.0,-80.0,-80.0,-80.0,-80.0,-80.0,-80.0,-80.0,-80.0,-80.0,-80.0,-80.0,-80.0,-80.0,-80.0,-80.0,-80.0,-80.0,-80.0,-80.0,-80.0,-80.0,-80.0,-80.0,-80.0,-80.0,-80.0,-80.0,-80.0,-80.0,-80.0,-80.0,-80.0,-80.0,-80.0,-80.0,-80.0,-80.0,-80.0,-80.0,-80.0,-80.0,-80.0,-80.0,-80.0,-80.0,-80.0
-27.720293,-25.726055,-25.110893,-23.714542,-26.31102,-25.250916,-24.302473,-28.33105,-26.227749,-27.87034,-27.388336,-33.203102,-32.333813,-26.401867,-28.152258,-31.443705,-27.65958,-28.106102,-29.253548,-26.287777,-26.873508,-27.990618,-28.681227,-29.449028,-23.591566,-22.660088,-17.715706,-16.981028,-20.82087,-24.343132,-23.109133,-25.772764,-26.135426,-20.532974,-23.075363,-23.576208,-20.696508,-26.51091,-29.184402,-29.5468,-24.927824,-23.587084,-25.232704,-22.7095,-23.870182,-23.589046,-27.39225,-29.081293,-25.95965,-25.168764,-26.558794,-24.236376,-26.203415,-28.069153,-29.425716,-26.796951,-22.558466,-22.845919,-28.562683,-24.377949,-25.659931,-26.62951,-22.31796,-22.843151,-20.106522,-19.47742,-25.47154,-27.777985,-22.05867,-22.141323,-29.592873,-25.633247,-22.676828,-19.604591,-22.922274,-22.175974,-24.61444,-29.997885,-31.3496,-29.44099,-28.331436,-27.227148,-29.090405,-27.287512,-20.64102,-23.168203,-35.155617,-39.19063,-27.56694,-24.539946,-31.143112,-21.93317,-22.661034,-31.073187,-25.299541,-27.998562,-28.916327,-24.911034,-22.407455,-25.066593,-23.965904,-25.030975,-23.731144,-22.110344,-21.839994,-17.384106,-21.913597,-26.62135,-24.087141,-24.528996,-25.160149,-26.017658,-30.480894,-25.742437,-23.641783,-28.359966,-27.050663,-24.386097,-25.859146,-31.37357,-43.056137,-43.08259,-33.704597,-27.1559,-31.628263,-32.407623,-29.62902,-32.80275,-28.866295,-24.198631,-27.909996,-26.443806,-27.153126,-32.005363,-27.225843,-27.291409,-31.596447,-26.145899,-27.69285,-27.114822,-27.26582,-24.756266,-22.392693,-21.678118,-26.293095,-21.661266,-19.588856,-21.65149,-20.99477,-25.27449,-23.163513,-24.527117,-28.13144,-24.854973,-25.688545,-28.083345,-35.7134,-26.99461,-19.10405,-19.67623,-24.749992,-20.670609,-22.270409,-29.303097,-25.4583,-20.416918,-19.502396,-24.26136,-29.773506,-33.20824,-18.846842,-17.02461,-23.719477,-24.64965,-26.22152,-25.522667,-21.503567,-17.81987,-22.301481,-25.525776,-28.34076,-30.083372,-33.602627,-27.13533,-21.822447,-24.532528,-27.269087,-27.637419,-23.174421,-24.355253,-23.450695,-23.43011,-30.731455,-28.234192,-24.222073,-19.641487,-20.152002,-21.870964,-21.957355,-24.924788,-22.761967,-26.401134,-28.825497,-24.566696,-19.636915,-18.575296,-22.860226,-21.909803,-22.915817,-27.797186,-23.14477,-21.745827,-21.643244,-28.862648,-24.592043,-20.0274,-18.709015,-18.919014,-18.782951,-24.835274,-28.48152,-23.930191,-26.121655,-28.040586,-21.913576,-23.414593,-30.035007,-27.669136,-28.909237,-23.404455,-20.309696,-22.584091,-26.006725,-20.979923,-23.343204,-22.37016,-20.13736,-21.409517,-23.819963,-23.501831,-28.736763,-26.336853,-28.308365,-25.312084,-23.41261,-24.978481,-22.414179,-22.575886,-26.897377,-27.495005,-33.579704,-32.50876,-22.846579,-22.265675,-24.129784,-25.12404,-22.843872,-25.866814,-24.064308,-25.681427,-28.907372,-23.30431,-21.644325,-25.53375,-24.978317,-27.59517,-24.08171,-22.4963,-23.232824,-22.803774,-18.728668,-19.127502,-21.939716,-24.719316,-24.315094,-19.206804,-19.253197,-19.920631,-18.263777,-20.674206,-26.462803,-27.731342,-23.434563,-26.93351,-27.63628,-28.119186,-32.6656,-36.00801,-22.46989,-18.477552,-22.021423,-28.898262,-25.167831,-22.820463,-24.791786,-22.489067,-20.458023,-24.66278,-30.950663,-28.707794,-30.273748,-34.928764,-24.033401,-19.658855,-25.17976,-25.523165,-24.200579,-35.707207,-31.329565,-22.759045,-21.7482,-29.218771,-28.34387,-23.155155,-26.371473,-23.921844,-25.752256,-22.64344,-22.699457,-28.111485,-26.00725,-27.09663,-25.206684,-27.220055,-22.505997,-24.216146,-27.55931,-30.18364,-19.554157,-20.613255,-19.539724,-22.0713,-27.269697,-21.908743,-24.169495,-33.872536,-29.812881,-21.041855,-16.94101,-20.869654,-26.925877,-23.544262,-21.404016,-18.290295,-23.331532,-23.308788,-26.855907,-23.824045,-24.608095,-27.156109,-26.710781,-23.569996,-21.030254,-21.708618,-27.50221,-27.054234,-26.198647,-26.897255,-25.479923,-24.979685,-20.850918,-18.215034,-20.54779,-26.164078,-21.374773,-23.64124,-26.608797,-23.235752,-22.99477,-34.79611,-29.61515,-18.203398,-18.267717,-23.862175,-23.685873,-28.059795,-24.071133,-25.239025,-28.054935,-29.791227,-25.83026,-28.327736,-23.257524,-19.965229,-19.845936,-28.500935,-27.030294,-26.716627,-24.21774,-19.221899,-20.673576,-22.485283,-28.983007,-21.79582,-22.248932,-29.084036,-25.599709,-23.049582,-20.127218,-23.74826,-20.234959,-19.746914,-17.78212,-19.05088,-20.438404,-17.710295,-20.229656,-31.016132,-34.46992,-31.057686,-27.725937,-24.786499,-20.75058,-26.74623,-26.035542,-23.600286,-23.566036,-22.68406,-25.837355,-18.948769,-18.454357,-21.718803,-26.099415,-23.630074,-21.332264,-18.069828,-20.20776,-25.175964,-31.515486,-36.30276,-35.397972,-29.391968,-22.00943,-25.041155,-27.837437,-28.20182,-24.391968,-23.218878,-22.957458,-22.217808,-25.702288,-23.233261,-27.830866,-26.266125,-31.175037,-25.46487,-24.12752,-29.266129,-25.761658,-24.564167,-25.080887,-26.605402,-26.482994,-22.68504,-23.146463,-26.826519,-30.468876,-23.842766,-21.92435,-24.370613,-24.983215,-17.597235,-19.655058,-27.447096,-32.442345,-37.89156,-28.398289,-25.66488,-24.5307,-24.254845,-28.216019,-26.752876,-27.951189,-30.106838,-29.922644,-29.578358,-26.023975,-24.287388,-22.752813,-28.931007,-26.832859,-19.960411,-18.527489,-21.1822,-25.457867,-19.86686,-21.650585,-26.586145,-26.078833,-24.749048,-26.49022,-27.361628,-22.530384,-23.911533,-22.976288,-26.393076,-21.389301,-21.485556,-37.628197,-25.39339,-24.335577,-32.041237,-26.074078,-26.65908,-23.721537,-19.319275,-20.952518,-19.568705,-24.947884,-23.711416,-26.618776,-29.549332,-26.140165,-23.247095,-24.16672,-27.988062,-29.16634,-29.617134,-26.98912,-26.588081,-25.063831,-27.23021,-36.254505,-30.19723,-34.47748,-28.332094,-25.252424,-32.367966,-39.214516,-38.71153,-28.703987,-23.876356,-26.182598,-27.90462,-28.902027,-25.091442,-22.305439,-25.67754,-24.725254,-26.122562,-22.048521,-19.559753,-24.703518,-25.931137,-30.866318,-22.796272,-18.917274,-21.036667,-23.00293,-28.3166,-26.226055,-25.377464,-32.652527,-30.6496,-24.248066,-21.494997,-29.783123,-23.004398,-16.866571,-20.855247,-21.128674,-30.27886,-25.885647,-23.899961,-28.088018,-24.745115,-24.601849,-30.810698,-26.938929,-26.421278,-17.616983,-18.491459,-24.861504,-34.100727,-26.390915,-25.768055,-23.991653,-24.428082,-28.551153,-25.747005,-26.187214,-25.240639,-26.404945,-27.10283,-25.996826,-24.673504,-28.08377,-25.636698,-29.059406,-34.588036,-27.830843,-24.658634,-30.08204,-31.816542,-36.09158,-33.989452,-33.604477,-30.052969,-28.671356,-30.40714,-26.888695,-23.034832,-25.480057,-30.438921,-25.109873,-27.173298,-33.391426,-28.192825,-23.719257,-29.098667,-35.716717,-28.56806,-22.556927,-22.266424,-28.243628,-27.93888,-29.45897,-25.827774,-33.175934,-35.64531,-36.89348,-37.42144,-36.468086,-36.47639,-36.28989,-36.414867,-40.732307,-53.49303,-65.09839,-80.0,-80.0,-80.0,-80.0,-80.0,-80.0,-80.0,-80.0,-80.0,-80.0,-80.0,-80.0,-80.0,-80.0,-80.0,-80.0,-80.0,-80.0,-80.0,-80.0,-80.0,-80.0,-80.0,-80.0,-80.0,-80.0,-80.0,-80.0,-80.0,-80.0,-80.0,-80.0,-80.0,-80.0,-80.0,-80.0,-80.0,-80.0,-80.0,-80.0,-80.0,-80.0,-80.0,-80.0,-80.0,-80.0,-80.0,-80.0,-80.0,-80.0,-80.0,-80.0,-80.0,-80.0,-80.0,-80.0,-80.0,-80.0,-80.0,-80.0,-80.0,-80.0,-80.0,-80.0,-80.0,-80.0,-80.0,-80.0,-80.0,-80.0,-80.0,-80.0,-80.0,-80.0,-80.0,-80.0,-80.0,-80.0,-80.0,-80.0,-80.0,-80.0,-80.0,-80.0,-80.0,-80.0,-80.0,-80.0,-80.0,-80.0,-80.0,-80.0,-80.0,-80.0
-27.160929,-30.019796,-30.700518,-28.337502,-27.174908,-22.003973,-21.768341,-26.507423,-34.984066,-31.141613,-25.255798,-23.23108,-21.749731,-22.233799,-25.516869,-31.347488,-32.89042,-28.863543,-28.312725,-26.769714,-29.705963,-32.41046,-31.217869,-27.062593,-23.25616,-24.727749,-19.782974,-18.89012,-21.021383,-23.37214,-25.43364,-29.674898,-24.150873,-25.202343,-28.55249,-23.189087,-20.745974,-30.748962,-34.179726,-29.908812,-26.24564,-27.030342,-24.710472,-23.06322,-26.48233,-31.223488,-27.725624,-30.588844,-30.025124,-28.831167,-26.043,-24.196964,-24.426844,-27.658474,-27.803652,-31.283485,-28.793535,-28.21441,-28.476631,-27.20762,-24.972675,-24.152718,-26.926281,-26.148726,-22.614464,-19.970165,-26.391129,-25.461718,-18.597118,-21.651888,-29.824234,-24.600086,-26.166687,-25.468382,-24.410019,-25.612211,-23.850529,-32.10472,-26.867056,-27.153473,-21.994602,-23.92349,-30.58736,-28.774878,-22.472904,-27.726831,-32.313965,-35.536694,-29.406467,-24.916616,-30.514374,-23.548769,-21.67906,-23.3626,-21.99067,-26.107122,-27.171888,-24.021421,-25.99968,-27.086555,-21.148422,-20.875782,-26.826647,-21.354513,-18.074297,-16.60934,-22.763584,-30.041065,-27.022697,-26.318703,-21.860714,-27.443068,-27.775215,-28.19292,-24.308128,-23.00077,-29.01918,-32.162266,-26.507132,-27.95209,-40.304558,-37.53147,-38.017967,-32.25624,-33.113747,-38.793182,-32.330147,-32.987404,-30.480999,-27.675594,-21.883331,-22.356367,-26.122557,-35.886574,-24.90182,-23.656776,-25.149288,-23.014494,-24.58789,-27.904514,-23.262447,-25.997105,-23.800737,-23.084816,-24.867973,-20.675938,-20.266926,-23.565191,-19.669098,-20.827957,-25.789654,-28.70856,-27.985851,-25.638138,-29.025566,-25.009148,-27.731993,-22.121994,-19.175186,-22.004522,-27.66725,-26.274323,-24.0983,-22.590345,-25.533596,-27.326164,-19.302574,-19.27903,-27.265162,-30.58202,-20.407425,-17.551952,-21.83114,-26.58985,-37.588596,-30.379812,-25.651587,-19.530918,-22.56812,-27.658691,-34.462017,-29.747093,-27.690193,-28.948025,-23.210194,-25.467218,-27.434492,-31.048328,-23.489498,-21.81623,-26.988544,-26.286873,-29.91807,-29.213737,-26.041874,-24.609621,-25.874859,-26.971325,-27.925571,-24.350182,-24.868858,-25.776154,-23.596115,-23.322845,-22.010445,-21.577183,-20.151371,-22.443476,-23.471909,-30.3121,-29.200354,-27.069897,-23.023073,-22.604202,-18.987045,-21.680513,-20.06423,-21.070744,-19.091473,-20.2895,-27.676405,-24.156492,-23.481152,-30.63287,-30.913866,-29.796608,-37.857357,-31.444489,-27.180838,-28.114437,-24.511026,-27.309284,-28.40525,-22.193516,-24.214802,-25.945705,-23.047215,-22.060966,-23.816359,-29.686192,-30.557493,-25.682877,-24.908638,-30.68858,-29.508106,-23.645718,-22.692467,-27.245218,-27.898851,-27.501028,-31.814297,-29.293629,-20.9511,-24.461252,-21.633959,-25.523537,-28.614712,-26.526855,-23.560778,-27.527386,-25.0382,-26.297522,-25.875694,-26.518908,-28.445063,-31.187014,-30.541779,-29.146175,-29.268309,-22.339478,-20.928944,-19.954706,-26.196253,-26.201252,-24.47237,-18.757233,-18.88794,-25.205118,-27.32362,-27.900124,-25.34569,-21.418728,-19.80481,-20.479877,-24.846832,-28.342216,-30.931435,-36.242424,-24.220276,-22.530676,-25.41022,-27.724333,-29.506353,-23.650583,-20.238453,-19.43076,-25.662838,-26.72371,-30.995533,-34.12054,-30.68515,-25.06596,-22.427038,-23.997917,-23.85897,-26.855522,-22.282322,-27.979681,-37.081127,-26.605959,-26.554047,-31.81931,-24.37357,-21.976889,-23.666935,-24.679005,-28.07734,-28.103668,-24.417627,-23.020794,-23.595432,-25.571669,-25.955513,-27.329021,-22.9628,-28.42795,-31.471512,-26.686052,-21.980658,-22.067581,-21.428293,-21.118673,-26.463675,-23.08491,-28.280739,-37.41555,-26.227749,-23.387234,-21.574913,-23.686556,-24.134254,-23.088955,-23.92942,-18.490234,-18.95573,-19.84071,-25.93188,-23.581429,-24.760674,-26.762604,-23.847942,-22.743364,-21.410461,-17.644312,-24.412249,-26.89332,-22.598,-23.397758,-22.982883,-25.660278,-25.58073,-24.371815,-23.633743,-30.02398,-21.193508,-24.307178,-23.229458,-21.252964,-20.123276,-22.648418,-24.300674,-18.112148,-17.948797,-26.788353,-30.298822,-27.60176,-23.643501,-27.665829,-28.111431,-30.183594,-23.344673,-23.432781,-29.46812,-26.916899,-22.851477,-28.38667,-33.03701,-27.808887,-23.418562,-20.927315,-23.343613,-22.392036,-26.91317,-23.608303,-20.267603,-28.98967,-24.716095,-17.968939,-19.808468,-23.203901,-19.469206,-17.59228,-18.514137,-27.351952,-20.57879,-17.60946,-26.493769,-26.066002,-29.645779,-29.166908,-25.325787,-23.354584,-21.57684,-22.03727,-21.49495,-17.836979,-17.350586,-22.207546,-23.206589,-19.698719,-17.964787,-19.246021,-23.005856,-23.044216,-23.059822,-22.984344,-29.910389,-29.575718,-29.661148,-34.672092,-34.689075,-33.90555,-25.075836,-25.97993,-29.09476,-27.912369,-22.884506,-22.671133,-28.61578,-23.74981,-18.821293,-20.392984,-29.218464,-26.973372,-29.991928,-23.633648,-25.5501,-27.236929,-28.049484,-25.396313,-24.056286,-23.740486,-24.781296,-27.383373,-23.1246,-25.827261,-27.110603,-21.908794,-25.928236,-22.637646,-23.448584,-19.02036,-17.592535,-22.660088,-31.858328,-39.5244,-34.013042,-27.716377,-26.792011,-23.516819,-20.343218,-19.99361,-25.464642,-32.994408,-31.191124,-32.69243,-26.67397,-21.162315,-22.75967,-26.938301,-29.551176,-24.016235,-23.415964,-27.923347,-31.052015,-21.83744,-28.21295,-30.412285,-24.958208,-26.545324,-37.323605,-27.711464,-24.980377,-25.102285,-22.545835,-21.067316,-21.257807,-22.085506,-27.186405,-24.525898,-28.814651,-22.433834,-20.276329,-22.97786,-24.952267,-17.272694,-17.042889,-20.27406,-27.376434,-21.848124,-25.486347,-26.668392,-21.56947,-24.399708,-26.465319,-23.456795,-24.460747,-28.891476,-27.054104,-22.998055,-20.993979,-24.897638,-28.807755,-24.353474,-29.149918,-29.65976,-28.92086,-35.112274,-32.375366,-28.076515,-23.164692,-22.182701,-26.144716,-28.594595,-24.160217,-19.994019,-17.439072,-20.576435,-22.31561,-24.254879,-25.457705,-27.373474,-27.152704,-29.308346,-28.30168,-25.77739,-24.321117,-21.214325,-26.654295,-28.192354,-32.636185,-31.153894,-33.18109,-30.975235,-24.58776,-21.692087,-26.643036,-22.818844,-17.524025,-18.580532,-20.888966,-29.916824,-25.899258,-28.652468,-23.317019,-19.872868,-25.05703,-34.933334,-29.571678,-26.905651,-17.029202,-18.727634,-25.585537,-26.815617,-28.792446,-30.12557,-22.021954,-22.625992,-28.771582,-25.824383,-24.63683,-25.961864,-26.976711,-29.458122,-30.36233,-33.436577,-34.772537,-25.605286,-26.793499,-29.219841,-28.76978,-29.876463,-25.223326,-26.978378,-35.163216,-37.320374,-29.926592,-29.494427,-30.857666,-30.714247,-24.364395,-19.352852,-22.172523,-28.82678,-26.381794,-32.383316,-34.32919,-25.645792,-22.3803,-25.969265,-29.717796,-30.370245,-26.241701,-26.669964,-25.5407,-27.855011,-31.058601,-28.978271,-34.469883,-37.555573,-37.574074,-37.728123,-37.46952,-37.736786,-37.697727,-37.637386,-42.046646,-55.928284,-67.01776,-80.0,-80.0,-80.0,-80.0,-80.0,-80.0,-80.0,-80.0,-80.0,-80.0,-80.0,-80.0,-80.0,-80.0,-80.0,-80.0,-80.0,-80.0,-80.0,-80.0,-80.0,-80.0,-80.0,-80.0,-80.0,-80.0,-80.0,-80.0,-80.0,-80.0,-80.0,-80.0,-80.0,-80.0,-80.0,-80.0,-80.0,-80.0,-80.0,-80.0,-80.0,-80.0,-80.0,-80.0,-80.0,-80.0,-80.0,-80.0,-80.0,-80.0,-80.0,-80.0,-80.0,-80.0,-80.0,-80.0,-80.0,-80.0,-80.0,-80.0,-80.0,-80.0,-80.0,-80.0,-80.0,-80.0,-80.0,-80.0,-80.0,-80.0,-80.0,-80.0,-80.0,-80.0,-80.0,-80.0,-80.0,-80.0,-80.0,-80.0,-80.0,-80.0,-80.0,-80.0,-80.0,-80.0,-80.0,-80.0,-80.0,-80.0,-80.0,-80.0,-80.0,-80.0
-26.202454,-22.309471,-24.063648,-26.84262,-25.376404,-27.009628,-24.875902,-28.744488,-30.865215,-32.09407,-26.595951,-20.148891,-20.579481,-26.263666,-31.222736,-25.623713,-22.286758,-23.52461,-26.734547,-33.65039,-33.088093,-32.952885,-25.076714,-25.651798,-27.051104,-27.436525,-26.266544,-22.956383,-22.160955,-25.90583,-31.448238,-25.445862,-24.972807,-33.110615,-31.696018,-24.57765,-19.373503,-21.012539,-25.390999,-30.088678,-30.589033,-26.972195,-22.897001,-21.531101,-19.848627,-24.131294,-22.424303,-21.407679,-25.207958,-28.983196,-32.37696,-30.12137,-26.355286,-31.85046,-31.637712,-26.504745,-23.49287,-23.563839,-24.340118,-28.818224,-30.008331,-24.065294,-27.905886,-37.06077,-30.81375,-20.808022,-22.85534,-25.633135,-18.738083,-20.764824,-28.679022,-21.909742,-20.520172,-21.329374,-24.721275,-24.02462,-22.890203,-25.000704,-21.49673,-20.957499,-21.422504,-25.599186,-32.937553,-29.769337,-26.358604,-26.545776,-30.790648,-31.757301,-27.432667,-25.411186,-33.332256,-25.140558,-22.504747,-23.057632,-21.658426,-22.641527,-21.217915,-24.417164,-33.618614,-30.010807,-20.709648,-23.513836,-21.536745,-20.049868,-21.823166,-18.748703,-22.13257,-33.17286,-26.96732,-22.806412,-25.617945,-25.921337,-23.025723,-27.040846,-25.933517,-22.827404,-25.842562,-28.912958,-25.728855,-25.72971,-26.729565,-31.980839,-33.369892,-30.62392,-34.535534,-35.25396,-31.238338,-30.8482,-24.913298,-20.687187,-20.901903,-27.064064,-28.141579,-31.246841,-24.400688,-23.101837,-25.377186,-27.493847,-26.371702,-32.011364,-25.453259,-21.977844,-29.090298,-31.785536,-22.031662,-20.976143,-24.170736,-22.958073,-23.024643,-23.1007,-32.501534,-34.887867,-32.509476,-28.306612,-22.598063,-22.162312,-27.65644,-25.50803,-24.979464,-29.766975,-29.3396,-24.292185,-24.08475,-25.048283,-21.56535,-22.8205,-20.993477,-19.082815,-27.44534,-33.479187,-27.401836,-25.276062,-22.456074,-24.429962,-21.99741,-21.487583,-28.563452,-23.648235,-22.442133,-21.382011,-23.953705,-24.153746,-24.898273,-24.156174,-22.72408,-27.056767,-26.041952,-32.811165,-24.423843,-22.11358,-25.893463,-28.118282,-31.305403,-29.399078,-21.605677,-23.218622,-27.899303,-23.399122,-24.872433,-21.145649,-19.638815,-19.668575,-19.797749,-19.903194,-20.667877,-23.196888,-25.487724,-29.503635,-28.751818,-31.190933,-28.376194,-23.338402,-25.760746,-20.863487,-17.292694,-20.570004,-24.36881,-28.727467,-22.263674,-20.123148,-25.000431,-27.791971,-25.139605,-27.693535,-27.590172,-27.591404,-31.133821,-29.324015,-22.80098,-24.940954,-32.69348,-39.27405,-29.083721,-22.710371,-24.075163,-25.863558,-31.147917,-27.150408,-29.826094,-28.806196,-25.333225,-27.704433,-21.842815,-20.446281,-22.49702,-28.555305,-28.789051,-27.116096,-28.171055,-29.20272,-29.789059,-25.358381,-21.851027,-19.210796,-19.126575,-28.277725,-26.184172,-23.462452,-21.418373,-25.615547,-24.46729,-30.56089,-24.288387,-26.497665,-25.433521,-24.256474,-25.109768,-25.565735,-24.836525,-28.847746,-28.268599,-21.957684,-20.616825,-24.601135,-23.756498,-18.96217,-22.966652,-32.02449,-26.8497,-25.54388,-21.047653,-19.563948,-25.839077,-20.740656,-21.329556,-29.686636,-29.05061,-33.50388,-24.334793,-26.692858,-33.703342,-26.090088,-19.907215,-23.670937,-21.107388,-23.007713,-24.690159,-25.46642,-29.405851,-31.530647,-32.96875,-22.996838,-21.499193,-24.86374,-24.297428,-26.015121,-21.604622,-25.09322,-35.37209,-31.259827,-26.903675,-26.390108,-29.177914,-26.17213,-23.142094,-20.368824,-23.714348,-29.767048,-28.307085,-25.558613,-19.326046,-24.6665,-26.27463,-26.04101,-28.703072,-27.774496,-26.900784,-21.595089,-23.3947,-19.970798,-24.922592,-20.846684,-23.441107,-25.447763,-27.450197,-29.102846,-25.5639,-23.172646,-24.85819,-28.678885,-30.107105,-27.99577,-26.049347,-23.015608,-24.631084,-24.191916,-21.74009,-20.337126,-23.954342,-28.256138,-25.614777,-24.039015,-24.662315,-16.41153,-17.019413,-25.307678,-21.517937,-17.624542,-21.668802,-20.730694,-20.78695,-28.25829,-26.089003,-28.01552,-23.05252,-19.691982,-19.540325,-24.808233,-21.54356,-18.72014,-25.07117,-22.426914,-23.434559,-26.420832,-32.01774,-26.028473,-20.394308,-25.763676,-29.92012,-25.040937,-24.126083,-19.85494,-20.527086,-22.805336,-23.59739,-27.183466,-26.677116,-29.256466,-25.536057,-28.633377,-26.809605,-22.66492,-22.215899,-24.616844,-21.576939,-25.366287,-23.134869,-18.111288,-24.010715,-23.292118,-22.190975,-21.050343,-20.49868,-25.291008,-20.433369,-18.433111,-20.76241,-23.14756,-28.111765,-31.625582,-27.318233,-27.35411,-26.138042,-24.137049,-24.80232,-19.860256,-18.31972,-21.603373,-21.288948,-24.530209,-21.88835,-20.166729,-26.076859,-20.349667,-20.96793,-21.4347,-28.758625,-28.947227,-24.881878,-25.96677,-25.955458,-22.876095,-24.067827,-28.550253,-29.109129,-27.561897,-29.004902,-23.095663,-23.280163,-22.807468,-20.383423,-18.26878,-22.544167,-22.93811,-32.704224,-25.228111,-22.56895,-23.477324,-26.155495,-26.661762,-22.140802,-21.696497,-26.729465,-31.45188,-24.344805,-24.89508,-21.010464,-23.599138,-24.932823,-22.297026,-27.275682,-25.85348,-18.94375,-21.020775,-29.876013,-26.75114,-28.780222,-22.891846,-22.026436,-23.279577,-21.06083,-20.386929,-22.47279,-30.706486,-33.766697,-34.92018,-26.940014,-25.492249,-27.693228,-29.524033,-30.319168,-27.823122,-28.229286,-27.002426,-21.002562,-19.468859,-25.643242,-25.664646,-23.176527,-21.71545,-22.663408,-29.170528,-31.646954,-26.372166,-20.497494,-21.98433,-28.129824,-24.27793,-30.140707,-20.894558,-19.217047,-20.338017,-21.528084,-25.898531,-27.714396,-18.55312,-19.561775,-27.835257,-23.0661,-21.57075,-26.892769,-29.423586,-21.275646,-22.897985,-29.365131,-21.11571,-22.387865,-26.061789,-29.355352,-28.193686,-23.918346,-20.823492,-22.581223,-19.873194,-19.464973,-23.208954,-28.084263,-34.202587,-34.161022,-24.417068,-23.574924,-27.139149,-32.37618,-30.161171,-20.777937,-19.079918,-21.406523,-18.210505,-20.87782,-24.132998,-23.634035,-29.504585,-31.299393,-35.93845,-30.994286,-31.83287,-23.138618,-21.139547,-24.593597,-22.675886,-26.846119,-25.28266,-22.26466,-22.491135,-27.71169,-22.464731,-23.046434,-19.821352,-21.906376,-24.01684,-23.122602,-29.730162,-23.913885,-27.149557,-21.858013,-18.255651,-27.376812,-32.864494,-29.481155,-20.624054,-18.596758,-19.996723,-19.303177,-20.352816,-25.73441,-30.105972,-22.683111,-20.196209,-26.338232,-26.790798,-20.393625,-19.223375,-20.664444,-27.6395,-27.543892,-28.272589,-29.902142,-25.037764,-22.75653,-22.798658,-27.613953,-26.258799,-23.43268,-22.881145,-28.73665,-28.43161,-25.390512,-27.600597,-30.775984,-28.586164,-22.686768,-21.501705,-27.480774,-26.609201,-26.338726,-30.841394,-29.186012,-21.48339,-24.09707,-27.536964,-25.013409,-29.720238,-34.076866,-29.724266,-27.80642,-26.219646,-30.414948,-30.951624,-40.697113,-43.32216,-42.039062,-41.33855,-42.748375,-41.95617,-42.198357,-42.5551,-40.86909,-46.777687,-64.15785,-80.0,-80.0,-80.0,-80.0,-80.0,-80.0,-80.0,-80.0,-80.0,-80.0,-80.0,-80.0,-80.0,-80.0,-80.0,-80.0,-80.0,-80.0,-80.0,-80.0,-80.0,-80.0,-80.0,-80.0,-80.0,-80.0,-80.0,-80.0,-80.0,-80.0,-80.0,-80.0,-80.0,-80.0,-80.0,-80.0,-80.0,-80.0,-80.0,-80.0,-80.0,-80.0,-80.0,-80.0,-80.0,-80.0,-80.0,-80.0,-80.0,-80.0,-80.0,-80.0,-80.0,-80.0,-80.0,-80.0,-80.0,-80.0,-80.0,-80.0,-80.0,-80.0,-80.0,-80.0,-80.0,-80.0,-80.0,-80.0,-80.0,-80.0,-80.0,-80.0,-80.0,-80.0,-80.0,-80.0,-80.0,-80.0,-80.0,-80.0,-80.0,-80.0,-80.0,-80.0,-80.0,-80.0,-80.0,-80.0,-80.0,-80.0,-80.0,-80.0,-80.0,-80.0
-32.136913,-22.413734,-22.797024,-31.159922,-29.236376,-24.033796,-26.971241,-39.46011,-28.941517,-25.398706,-28.749756,-26.206696,-27.1668,-39.695248,-34.02862,-31.148048,-23.329489,-19.869316,-22.871937,-32.464542,-33.78598,-40.779655,-27.316975,-23.28944,-25.93802,-32.01792,-28.286003,-20.894997,-22.870432,-30.775013,-26.893103,-25.348461,-27.906462,-26.593346,-23.136171,-23.051353,-20.133348,-22.68312,-24.4644,-29.004316,-24.92976,-20.275673,-19.73085,-19.864494,-22.461107,-24.290281,-25.358606,-24.289536,-27.304676,-34.569416,-29.297081,-26.156466,-28.922699,-28.623505,-36.11624,-24.234404,-19.909887,-23.018818,-23.826218,-28.334444,-25.010311,-22.668808,-29.69944,-34.092663,-28.698006,-22.20792,-23.979256,-26.10751,-24.355337,-22.05251,-28.044737,-23.62168,-21.253197,-20.746674,-27.14657,-23.810812,-23.2058,-24.708984,-25.579885,-27.359257,-28.606468,-28.586023,-24.892738,-26.861923,-26.226921,-27.932222,-30.015219,-28.528568,-23.183167,-24.136337,-28.132126,-23.964005,-21.079985,-21.879013,-33.766922,-31.298767,-26.368603,-25.063688,-33.40617,-26.844416,-20.821266,-22.5133,-22.313179,-22.598003,-20.547604,-22.928776,-23.236029,-35.640884,-25.447414,-22.140232,-29.799963,-26.292145,-21.951406,-23.6154,-24.66817,-31.11277,-26.61378,-29.746124,-27.537865,-27.967173,-24.255714,-31.542013,-32.33525,-26.554502,-31.367895,-34.075214,-28.137827,-32.615097,-27.507832,-24.53565,-23.41364,-26.628845,-26.112,-30.401453,-27.367163,-27.563393,-23.65099,-29.00861,-29.208702,-31.08339,-27.123323,-26.560392,-27.3586,-30.49929,-25.84488,-22.147388,-22.725712,-25.013351,-25.037342,-25.267828,-26.462727,-27.839842,-26.773636,-28.413902,-21.570726,-20.851625,-26.397833,-30.684292,-29.626553,-30.703022,-25.988075,-23.09583,-25.413649,-26.997896,-29.615889,-23.7529,-27.648693,-23.379658,-24.38099,-26.936106,-31.523396,-30.661123,-22.515144,-20.7928,-19.4641,-20.996914,-25.449413,-31.22847,-31.44207,-24.570107,-22.761435,-25.35965,-30.22947,-24.039185,-25.723064,-26.539593,-27.02287,-26.66645,-22.014421,-29.35382,-25.073673,-25.730669,-30.28906,-27.588373,-23.941044,-25.33223,-32.041275,-26.806389,-24.65336,-27.155096,-27.553455,-27.89358,-29.218239,-32.391346,-23.974243,-23.195286,-28.365482,-30.648224,-32.970177,-30.10081,-28.979172,-23.746277,-24.021122,-22.94616,-25.444323,-23.67715,-24.415466,-26.204853,-24.204945,-24.018059,-22.972466,-25.259815,-30.12527,-29.328888,-26.882277,-27.952736,-26.49077,-27.40196,-21.304039,-20.706547,-29.14382,-33.08529,-29.664215,-22.893566,-23.085266,-24.366161,-25.818153,-28.705635,-37.702156,-33.11091,-30.738873,-24.173141,-22.28551,-20.776896,-22.614477,-28.476065,-29.696127,-26.263838,-25.600529,-29.544823,-24.78227,-22.123817,-22.296412,-19.712627,-21.475595,-25.886372,-20.76343,-20.167202,-23.43343,-29.544237,-26.317455,-27.526127,-27.827295,-23.181887,-27.601986,-23.498877,-25.923689,-25.696144,-24.637436,-30.795746,-27.84475,-22.337791,-27.712605,-26.16084,-24.307735,-26.528301,-37.266624,-32.48242,-24.904465,-20.748888,-20.919527,-25.103401,-25.455582,-28.780594,-27.888847,-28.889404,-29.297062,-27.481861,-26.525906,-26.363617,-29.599726,-23.896797,-19.9822,-20.246597,-24.697,-27.004147,-22.229612,-21.663475,-24.493988,-25.002096,-26.434164,-25.72647,-25.744425,-28.29462,-27.409904,-29.79845,-23.746374,-24.731098,-26.260788,-24.850346,-28.501316,-26.327267,-25.890497,-33.866035,-34.209698,-22.10461,-21.983528,-31.691326,-31.468079,-26.456387,-19.896769,-22.721748,-24.179798,-26.642937,-30.599789,-27.91298,-26.281334,-21.066734,-21.71389,-23.274462,-25.765676,-25.173939,-22.079134,-24.77544,-25.842793,-20.907688,-23.558418,-22.893738,-25.51998,-25.496572,-23.808151,-29.044275,-28.23373,-26.682558,-24.05374,-22.987389,-19.194008,-21.276278,-24.148922,-23.674053,-26.764793,-25.176792,-23.77298,-16.26802,-18.702824,-23.019604,-22.013441,-23.581797,-19.378784,-19.53888,-21.631134,-31.374826,-26.863691,-25.46932,-22.128658,-18.463673,-21.07901,-21.96284,-22.81506,-19.509256,-22.570808,-28.781933,-26.12495,-25.52622,-30.08283,-27.900661,-21.324568,-22.26564,-29.793657,-28.642963,-25.510143,-22.495426,-22.859114,-25.400919,-22.988674,-25.014578,-27.383177,-26.20556,-27.286171,-28.78393,-37.979923,-27.001888,-26.55035,-30.755836,-25.023144,-23.634785,-27.707676,-22.889961,-26.264908,-26.608631,-21.729631,-24.794525,-28.925503,-39.72039,-30.925941,-29.201958,-24.541372,-30.189426,-29.658808,-26.517982,-27.383354,-32.43831,-29.010597,-27.96262,-24.97013,-26.578175,-36.994442,-21.487106,-20.728848,-33.444508,-24.002237,-22.103474,-26.584858,-21.821075,-25.267017,-23.349915,-32.038563,-29.935818,-23.909155,-23.220575,-24.209084,-19.209219,-19.1569,-25.443214,-38.032352,-29.299656,-26.713478,-27.767517,-22.712276,-24.287575,-24.658928,-18.926975,-21.07947,-21.448065,-29.302881,-28.985138,-23.19279,-22.689013,-19.951675,-26.185595,-28.40359,-27.526714,-27.235584,-23.558365,-23.188303,-27.355757,-22.59731,-28.044338,-27.755692,-21.388187,-22.172916,-25.790203,-28.211815,-21.368507,-25.621986,-22.731804,-22.868334,-21.919231,-26.789713,-28.207935,-28.69371,-32.834564,-25.060211,-29.37428,-30.644642,-32.97454,-30.448965,-33.277164,-27.112957,-22.855278,-27.11988,-27.363226,-22.91859,-21.10022,-19.990988,-24.002518,-25.745272,-24.534098,-25.872128,-23.505106,-19.701567,-21.735554,-25.631771,-30.884548,-24.919968,-25.763706,-32.293602,-28.932348,-27.267189,-21.254272,-20.67985,-27.392456,-25.756842,-27.908924,-33.857788,-27.457388,-21.720476,-23.92928,-22.506401,-23.426762,-31.420923,-26.271086,-25.528923,-29.71287,-26.518646,-24.224533,-31.134018,-36.31315,-32.435513,-32.463528,-28.00026,-26.937897,-24.052334,-20.359383,-19.327932,-25.251568,-24.611412,-35.813896,-31.37705,-24.746782,-27.728386,-25.531914,-22.548193,-24.19091,-21.917263,-28.284166,-32.304836,-25.929726,-22.511274,-22.711674,-28.566334,-35.536373,-40.090042,-34.186954,-34.03802,-25.635674,-20.52726,-22.516724,-27.295929,-20.864761,-26.225235,-24.84624,-19.943844,-23.16846,-21.318779,-19.355812,-24.236765,-19.535885,-24.265434,-27.670094,-35.022106,-32.383602,-23.499498,-21.91703,-21.205626,-19.785908,-26.241863,-31.512367,-24.548136,-23.065357,-23.558363,-22.370022,-23.312197,-21.886475,-21.311672,-26.306904,-28.5851,-22.3058,-23.800531,-26.594372,-25.478392,-24.766018,-22.477844,-25.69266,-27.959332,-27.812525,-24.92595,-31.664057,-30.58821,-22.914257,-21.107983,-22.962954,-32.23181,-27.327578,-27.041885,-27.50256,-29.77718,-29.496313,-25.876377,-24.605808,-27.201992,-29.327978,-31.248482,-37.2774,-37.100258,-29.881657,-26.834173,-23.47817,-26.646797,-27.81766,-32.39776,-33.118305,-31.091663,-28.697601,-29.312668,-26.239136,-25.697823,-31.663637,-38.468903,-45.64789,-45.72693,-45.97352,-45.39965,-45.923954,-45.88745,-45.2956,-41.77735,-44.679413,-62.36698,-80.0,-80.0,-80.0,-80.0,-80.0,-80.0,-80.0,-80.0,-80.0,-80.0,-80.0,-80.0,-80.0,-80.0,-80.0,-80.0,-80.0,-80.0,-80.0,-80.0,-80.0,-80.0,-80.0,-80.0,-80.0,-80.0,-80.0,-80.0,-80.0,-80.0,-80.0,-80.0,-80.0,-80.0,-80.0,-80.0,-80.0,-80.0,-80.0,-80.0,-80.0,-80.0,-80.0,-80.0,-80.0,-80.0,-80.0,-80.0,-80.0,-80.0,-80.0,-80.0,-80.0,-80.0,-80.0,-80.0,-80.0,-80.0,-80.0,-80.0,-80.0,-80.0,-80.0,-80.0,-80.0,-80.0,-80.0,-80.0,-80.0,-80.0,-80.0,-80.0,-80.0,-80.0,-80.0,-80.0,-80.0,-80.0,-80.0,-80.0,-80.0,-80.0,-80.0,-80.0,-80.0,-80.0,-80.0,-80.0,-80.0,-80.0,-80.0,-80.0,-80.0,-80.0
-32.632004,-22.210766,-22.818195,-33.341145,-28.94838,-23.084316,-25.810104,-40.85161,-29.540182,-25.274197,-22.711395,-26.063477,-23.903774,-25.474651,-28.34769,-31.83976,-31.298067,-23.357506,-22.910767,-29.046837,-31.8308,-36.153526,-32.690163,-24.50777,-28.481974,-33.688824,-27.265766,-23.080873,-26.484512,-26.534615,-25.07676,-32.760326,-24.675638,-19.551285,-21.984495,-19.852564,-20.017097,-25.28183,-28.46223,-27.07403,-24.849667,-20.897167,-22.386246,-21.045385,-21.08086,-21.669838,-23.508495,-25.431469,-23.51611,-27.295914,-23.495213,-23.467243,-28.284386,-26.114075,-30.625242,-26.04744,-20.866924,-26.432222,-28.481436,-28.95466,-26.017086,-20.562466,-24.279669,-30.451775,-31.339853,-25.409767,-26.006557,-22.526432,-22.7374,-26.33719,-30.434202,-28.694138,-25.698727,-22.586002,-28.082865,-25.41679,-24.44717,-24.71954,-22.663876,-24.800892,-26.630287,-21.767647,-23.506247,-29.191393,-28.789417,-27.14366,-30.823027,-24.219507,-24.663704,-26.239456,-27.462267,-28.546389,-27.493645,-23.397884,-24.724419,-25.472374,-27.980642,-23.559055,-29.587673,-28.319351,-24.316105,-22.202526,-25.693058,-21.925596,-16.852928,-18.140066,-21.141792,-30.128147,-27.245314,-24.418228,-27.185745,-24.782679,-27.013123,-22.633526,-23.513187,-28.606373,-28.506477,-29.454958,-30.283516,-27.251617,-24.635052,-30.532257,-27.767353,-23.295992,-29.798111,-31.72063,-28.531704,-31.302713,-31.788185,-28.835701,-25.823967,-30.417286,-24.923897,-26.490738,-26.832655,-27.801447,-22.801346,-23.076092,-25.59784,-29.753696,-25.713858,-31.507566,-26.75821,-26.807941,-25.62109,-25.896564,-31.834389,-30.25943,-28.094843,-29.771774,-26.041061,-28.782204,-28.282814,-24.77938,-20.849638,-23.706621,-25.164135,-30.024063,-31.426832,-28.209686,-26.739317,-27.251732,-27.742857,-26.404697,-32.255783,-25.452995,-25.006918,-30.41907,-27.163933,-21.720146,-24.18132,-30.595856,-20.842972,-18.264679,-22.52924,-23.663097,-23.963326,-33.338364,-25.628227,-27.890291,-27.181524,-29.255522,-28.179932,-28.911427,-30.827213,-29.574247,-24.255367,-21.725388,-19.08115,-24.111067,-25.542084,-24.044725,-26.375303,-28.53994,-28.938023,-28.629177,-26.212505,-27.525724,-26.750603,-34.52384,-37.031223,-32.808945,-28.027157,-27.602827,-28.989014,-24.539637,-27.664495,-32.72332,-30.722649,-26.706228,-37.42135,-26.775068,-25.787498,-25.318344,-23.511524,-23.680649,-24.604313,-24.616436,-26.894865,-21.193031,-20.743004,-24.034304,-26.631649,-26.047073,-31.12066,-37.76234,-27.709606,-31.582829,-22.237297,-19.664337,-27.118855,-23.47881,-23.845926,-19.758976,-19.394571,-26.61524,-23.600224,-23.254807,-29.332624,-26.774286,-24.200151,-26.942448,-28.786026,-23.277136,-23.43261,-31.143663,-27.496616,-25.59285,-29.571192,-27.479128,-23.755434,-25.400053,-20.645046,-21.589764,-24.356995,-21.543182,-20.875502,-24.595245,-28.01437,-30.210419,-30.97808,-25.03628,-25.264576,-25.41251,-25.071465,-23.29049,-27.62371,-26.706284,-23.256662,-28.63986,-25.111464,-23.414879,-33.21132,-29.060627,-28.682297,-29.260616,-30.64257,-25.717737,-26.227995,-25.453259,-23.078358,-22.975939,-22.639698,-30.185972,-34.62125,-37.73896,-32.308884,-30.680954,-31.697655,-26.08029,-23.450497,-25.133598,-27.959297,-26.047318,-28.728743,-31.949268,-21.369806,-24.519222,-28.722162,-27.753035,-25.029503,-26.294304,-23.241158,-20.745695,-22.112623,-21.919952,-22.601715,-27.33618,-24.56106,-22.976032,-26.915737,-27.80509,-24.63391,-26.968136,-25.925245,-20.595547,-20.525284,-28.555534,-28.052877,-27.61325,-23.052753,-24.921196,-25.722713,-28.844368,-29.79118,-28.405853,-27.636242,-24.835224,-32.351498,-28.147652,-27.887362,-26.315697,-21.112886,-20.919067,-23.37088,-18.472443,-20.737423,-21.279293,-28.47157,-24.419018,-19.325855,-21.667023,-24.70843,-21.027811,-20.781834,-18.593082,-18.530676,-26.253334,-33.22902,-24.206844,-23.308079,-22.713223,-22.728003,-15.418171,-17.185812,-22.584053,-24.05651,-27.793753,-22.022896,-22.33577,-23.036427,-25.924028,-26.324955,-28.032728,-23.737738,-25.242008,-24.413963,-19.932224,-17.609783,-22.630245,-22.76427,-23.821825,-21.22354,-22.051582,-27.143705,-25.937424,-26.48534,-22.689049,-26.296017,-34.610706,-21.514359,-21.018242,-29.29024,-22.409998,-19.853271,-27.592636,-35.063713,-30.696045,-31.218485,-29.259663,-33.136158,-26.1175,-24.440235,-25.146004,-24.175428,-21.868313,-25.628134,-24.735823,-25.04369,-30.311615,-26.500256,-27.577766,-26.391712,-26.99496,-31.53468,-37.474598,-26.451101,-24.91455,-30.041069,-22.060234,-24.348616,-30.493221,-26.760132,-27.965189,-23.75742,-28.472038,-29.6017,-22.866356,-22.089516,-24.69263,-25.422451,-24.831726,-26.468,-25.685944,-20.298374,-22.957985,-36.570717,-34.030666,-27.373018,-29.130463,-29.346127,-21.229736,-19.676777,-25.368149,-27.543537,-31.571594,-27.28275,-32.06101,-29.197138,-30.835453,-23.17833,-19.750412,-27.479511,-20.845213,-21.242561,-25.01384,-23.010403,-20.829374,-17.577549,-22.212057,-27.413223,-21.09973,-19.506556,-20.342728,-26.086409,-28.961937,-25.898186,-25.062775,-24.066105,-25.026045,-21.455048,-26.28786,-26.685425,-23.552544,-24.592632,-20.941048,-21.277136,-22.93996,-22.473288,-21.901634,-28.197046,-25.336315,-21.962227,-24.066086,-26.310556,-32.25206,-33.928192,-34.168358,-26.885826,-22.032824,-23.078037,-25.209854,-27.043072,-24.891312,-25.37817,-35.868084,-22.015684,-19.194506,-25.188583,-26.13416,-24.523819,-20.186474,-24.306475,-28.737053,-29.747488,-32.664703,-30.508648,-29.77209,-27.305717,-23.701752,-23.841173,-23.415585,-22.723808,-28.116638,-34.20963,-33.844704,-24.554768,-18.325417,-20.742506,-28.011368,-30.290388,-32.511845,-24.379951,-23.104416,-25.405716,-27.035963,-27.549452,-28.36367,-28.435158,-32.165054,-26.56444,-26.177132,-24.117714,-21.155243,-20.890444,-22.332481,-23.369202,-29.924494,-29.71374,-27.088963,-27.503168,-20.100613,-18.541878,-21.613598,-25.069952,-32.700413,-32.752537,-28.528473,-23.60271,-22.57276,-28.356844,-30.873941,-31.47731,-25.66778,-25.529823,-27.288895,-22.224483,-28.118553,-23.043613,-19.463516,-26.178446,-27.592567,-24.125935,-22.150646,-17.630148,-19.762512,-24.184286,-18.032469,-18.777023,-22.443115,-27.328793,-30.566727,-26.583338,-22.899649,-26.912933,-24.473438,-23.299156,-24.847164,-27.898111,-26.09393,-24.536362,-22.616161,-25.34796,-21.271362,-20.600605,-25.724232,-25.367313,-24.764824,-24.594427,-26.54876,-27.460127,-24.10624,-20.760818,-23.778267,-25.435812,-22.822653,-24.855743,-29.540518,-27.094141,-27.17347,-22.195532,-20.682615,-26.477272,-29.675243,-25.58612,-27.63813,-30.091543,-24.186413,-21.4164,-24.59331,-27.743263,-29.531904,-29.237806,-28.581535,-29.651285,-29.12878,-27.761896,-24.13455,-29.15232,-30.887547,-30.482414,-30.817104,-33.66229,-34.212406,-28.262094,-29.1539,-27.670212,-34.2948,-37.714012,-50.05007,-49.09472,-48.549923,-49.904457,-49.04761,-49.22044,-49.155365,-44.053257,-45.83443,-61.112038,-80.0,-80.0,-80.0,-80.0,-80.0,-80.0,-80.0,-80.0,-80.0,-80.0,-80.0,-80.0,-80.0,-80.0,-80.0,-80.0,-80.0,-80.0,-80.0,-80.0,-80.0,-80.0,-80.0,-80.0,-80.0,-80.0,-80.0,-80.0,-80.0,-80.0,-80.0,-80.0,-80.0,-80.0,-80.0,-80.0,-80.0,-80.0,-80.0,-80.0,-80.0,-80.0,-80.0,-80.0,-80.0,-80.0,-80.0,-80.0,-80.0,-80.0,-80.0,-80.0,-80.0,-80.0,-80.0,-80.0,-80.0,-80.0,-80.0,-80.0,-80.0,-80.0,-80.0,-80.0,-80.0,-80.0,-80.0,-80.0,-80.0,-80.0,-80.0,-80.0,-80.0,-80.0,-80.0,-80.0,-80.0,-80.0,-80.0,-80.0,-80.0,-80.0,-80.0,-80.0,-80.0,-80.0,-80.0,-80.0,-80.0,-80.0,-80.0,-80.0,-80.0,-80.0
-28.906952,-21.528358,-22.899513,-33.16383,-32.85298,-27.48201,-27.936111,-32.185436,-28.708485,-26.331219,-22.793077,-21.216747,-20.488548,-24.287281,-28.246704,-32.559513,-32.421272,-28.44499,-28.861477,-30.289948,-31.461294,-33.42803,-26.687893,-22.564041,-26.797028,-32.35593,-26.838367,-27.354061,-26.069466,-25.545322,-21.056969,-26.246225,-21.539076,-16.079512,-18.81796,-22.670254,-24.589163,-22.98899,-21.70607,-21.144964,-25.867132,-27.111341,-23.651695,-18.706228,-19.196795,-25.659882,-27.58361,-22.527075,-25.689342,-22.919752,-23.72483,-24.499374,-27.540714,-23.744957,-30.818642,-28.604668,-22.12693,-25.544453,-27.551926,-23.84513,-24.227186,-20.378101,-25.426563,-26.912876,-23.44432,-21.95462,-21.82172,-25.644281,-24.895046,-29.568142,-29.184568,-32.67592,-23.767725,-22.90894,-28.417288,-27.900724,-24.086971,-25.986439,-23.778214,-25.736067,-26.730518,-20.501698,-21.789581,-27.859543,-30.32866,-31.469738,-28.285269,-26.038965,-27.001034,-32.443127,-33.52466,-29.80463,-29.325188,-27.319027,-20.898844,-22.97464,-30.537477,-21.659262,-22.498514,-22.747944,-23.122427,-21.032936,-19.721867,-18.62325,-18.41366,-22.515244,-21.641705,-26.350315,-27.689865,-29.813913,-28.855312,-27.359056,-26.692545,-23.80167,-28.805925,-25.6269,-23.720734,-25.025024,-29.346176,-29.4207,-26.955229,-29.85477,-23.415495,-21.30302,-27.920368,-28.00148,-25.779383,-25.69516,-24.673283,-21.458263,-21.933067,-29.585114,-26.67677,-26.544771,-29.294147,-33.399258,-26.621552,-24.928757,-27.458027,-23.698416,-22.162863,-29.428696,-24.615234,-21.058613,-18.195831,-20.958412,-31.322176,-27.989162,-25.25977,-30.39714,-27.940456,-34.9932,-28.64485,-21.386726,-20.025599,-25.581638,-30.190077,-33.7804,-28.138172,-25.057755,-27.498945,-31.340954,-26.9841,-27.86992,-25.2416,-24.548145,-24.526207,-23.989822,-26.032001,-20.999748,-22.864967,-31.945654,-23.74485,-22.594732,-26.321793,-24.297722,-22.571795,-23.966537,-25.831915,-22.674915,-26.51737,-30.31525,-30.912785,-29.850744,-22.824308,-22.274048,-25.548336,-23.605064,-20.737564,-23.143696,-22.407982,-26.691324,-24.844872,-29.185555,-26.891594,-26.089224,-27.443142,-24.149815,-29.394892,-29.263433,-31.733826,-29.822792,-29.407665,-23.713154,-25.98047,-25.012756,-28.562737,-33.449688,-29.389576,-25.90311,-26.678299,-23.916925,-27.676764,-28.334698,-26.29683,-29.229109,-30.26153,-24.336458,-24.685642,-23.567795,-23.787266,-26.366219,-26.45917,-26.934952,-30.651112,-32.12527,-26.559923,-29.385733,-22.056395,-18.230564,-23.296562,-21.424486,-20.422752,-22.2266,-22.651588,-29.81964,-21.724785,-20.187016,-25.6397,-20.314531,-20.84462,-25.074528,-26.953068,-21.876595,-19.67307,-22.76038,-26.700176,-30.889574,-31.204638,-29.677536,-24.270727,-25.461138,-27.755453,-26.51843,-25.892963,-22.556652,-27.369415,-26.547842,-25.048435,-31.903906,-28.165543,-27.008652,-25.951668,-27.826403,-26.613955,-23.606552,-25.758768,-22.696507,-24.75075,-33.260036,-24.983776,-22.013186,-27.799904,-29.277668,-30.698565,-29.226631,-28.64993,-25.244324,-28.961994,-29.948635,-25.6082,-23.612343,-19.677853,-26.010044,-28.029194,-28.348854,-26.523756,-27.30598,-26.456991,-25.370222,-24.394894,-24.485806,-26.438618,-29.048965,-25.65738,-25.251368,-23.195433,-24.0375,-31.149801,-26.73211,-23.408699,-19.737473,-16.82887,-18.12063,-26.162405,-24.079245,-22.740173,-25.135609,-28.405907,-26.754425,-25.75768,-26.743286,-23.972406,-21.052887,-21.573011,-24.307913,-22.127346,-22.108665,-29.388088,-30.30724,-27.76978,-23.592283,-24.599909,-29.653387,-28.167934,-29.905634,-23.053888,-24.255241,-25.034962,-21.444979,-23.429829,-24.791029,-20.558868,-21.968449,-22.42823,-20.701195,-22.654358,-17.673037,-20.644892,-22.509567,-22.48835,-21.750576,-24.776382,-22.984211,-21.937355,-19.32909,-23.635792,-25.985615,-28.007662,-31.030006,-26.037685,-21.15182,-22.6733,-17.849829,-17.200333,-17.051006,-16.227463,-18.06318,-19.939394,-21.296732,-24.096493,-23.357647,-23.725153,-25.507053,-30.237877,-28.117147,-28.081823,-21.231133,-19.428043,-23.212547,-23.528973,-25.651594,-24.467361,-25.403889,-29.923054,-31.922161,-24.484116,-20.365446,-25.640705,-32.844368,-21.071087,-17.489376,-23.164038,-21.262186,-18.993572,-27.135239,-36.007915,-31.731619,-28.272738,-28.957436,-32.10547,-24.219511,-20.455154,-20.252266,-22.748413,-27.330418,-27.294271,-23.975357,-27.425728,-27.87333,-32.44009,-32.140274,-26.459026,-21.737907,-26.104462,-34.959053,-26.373936,-24.952095,-21.693745,-19.638845,-23.423397,-28.06016,-26.13994,-21.712597,-20.610695,-26.616863,-26.19045,-24.431398,-25.53637,-21.693207,-24.279825,-30.168018,-26.242582,-24.805435,-20.136553,-24.361382,-26.026655,-23.815416,-26.464544,-25.006775,-23.910831,-25.011425,-21.064735,-24.154549,-22.828949,-25.734232,-24.591917,-26.186562,-27.406185,-30.951853,-22.747576,-21.032846,-28.516228,-22.098976,-19.23125,-25.49807,-27.78479,-25.569284,-18.169811,-19.757956,-23.741913,-19.887802,-21.339415,-22.112503,-27.732819,-28.212376,-30.084513,-27.901997,-24.535873,-21.907455,-18.597557,-20.858603,-29.393372,-28.454002,-22.372456,-23.848484,-25.40076,-25.001297,-20.501131,-20.171661,-24.663715,-21.008677,-20.759274,-25.840904,-25.711819,-30.606874,-33.014862,-31.783745,-29.518608,-27.526012,-23.926678,-27.476936,-29.409628,-30.021248,-29.486609,-25.891953,-18.73529,-19.167477,-26.403858,-27.34304,-24.682827,-25.078857,-24.439882,-27.694311,-27.558086,-25.059242,-23.86129,-27.865826,-26.20591,-25.483929,-26.146585,-24.480698,-24.798895,-30.472347,-27.267754,-27.109186,-21.17991,-17.641354,-23.026793,-36.130608,-37.172935,-35.96656,-22.652021,-19.285906,-19.503448,-21.379286,-22.354933,-25.329308,-26.098993,-22.368792,-27.375908,-27.63823,-29.477257,-29.17149,-28.270416,-27.189663,-28.769417,-29.194492,-28.506775,-28.619595,-23.334175,-18.713398,-20.64671,-26.673683,-26.081121,-23.693851,-28.595165,-28.661797,-25.962074,-20.837236,-25.308628,-31.14367,-23.382586,-22.21426,-24.588675,-22.400497,-21.51939,-30.107727,-22.034882,-19.450092,-27.946491,-24.009323,-24.853683,-23.340723,-20.167934,-23.501385,-26.08535,-21.634312,-19.430576,-21.30611,-21.025003,-24.847122,-32.237606,-28.01165,-25.714397,-27.809328,-22.181301,-19.895555,-24.749775,-24.83066,-22.053291,-25.815071,-26.261684,-22.896774,-23.31002,-23.146526,-27.469746,-30.626299,-33.58044,-29.223728,-26.681923,-23.885254,-22.097797,-24.967001,-29.689629,-22.54279,-19.42069,-18.076887,-20.185553,-27.10882,-24.648527,-23.786377,-28.464184,-32.723038,-31.905748,-29.4655,-27.236053,-26.772732,-22.86428,-24.188688,-25.473982,-27.690664,-22.10815,-22.169456,-25.651608,-30.20392,-27.253553,-23.400356,-27.700575,-34.471798,-28.108892,-23.235603,-27.038599,-26.13884,-26.882498,-33.94593,-25.64996,-26.963055,-38.206806,-50.007774,-48.943718,-48.913254,-48.851913,-49.606426,-49.694286,-49.34391,-50.419956,-48.996086,-59.98756,-80.0,-80.0,-80.0,-80.0,-80.0,-80.0,-80.0,-80.0,-80.0,-80.0,-80.0,-80.0,-80.0,-80.0,-80.0,-80.0,-80.0,-80.0,-80.0,-80.0,-80.0,-80.0,-80.0,-80.0,-80.0,-80.0,-80.0,-80.0,-80.0,-80.0,-80.0,-80.0,-80.0,-80.0,-80.0,-80.0,-80.0,-80.0,-80.0,-80.0,-80.0,-80.0,-80.0,-80.0,-80.0,-80.0,-80.0,-80.0,-80.0,-80.0,-80.0,-80.0,-80.0,-80.0,-80.0,-80.0,-80.0,-80.0,-80.0,-80.0,-80.0,-80.0,-80.0,-80.0,-80.0,-80.0,-80.0,-80.0,-80.0,-80.0,-80.0,-80.0,-80.0,-80.0,-80.0,-80.0,-80.0,-80.0,-80.0,-80.0,-80.0,-80.0,-80.0,-80.0,-80.0,-80.0,-80.0,-80.0,-80.0,-80.0,-80.0,-80.0,-80.0,-80.0
-30.157888,-26.257338,-29.956945,-31.452513,-37.19179,-32.034622,-30.975098,-31.99583,-27.954155,-22.049362,-22.998606,-23.437088,-21.4216,-24.237503,-26.818274,-26.898169,-23.671944,-24.630745,-31.447697,-28.174622,-31.53707,-27.610569,-20.875702,-21.009497,-27.39024,-25.135912,-26.547342,-25.504692,-25.964148,-21.942947,-22.723951,-24.56485,-25.406116,-19.310135,-18.887167,-22.611254,-25.99773,-25.928959,-25.224762,-24.256872,-26.879658,-30.53186,-26.468208,-23.329908,-27.341225,-27.298355,-32.13726,-23.397596,-23.400871,-25.434069,-23.529663,-20.635166,-21.831661,-25.978828,-26.440243,-23.771587,-20.54556,-24.446512,-25.377121,-22.913298,-24.93166,-22.00169,-27.846685,-21.799185,-19.819855,-23.422424,-28.419098,-24.446266,-25.48277,-27.851955,-28.356491,-30.477657,-21.432125,-22.016762,-27.411041,-27.979872,-21.960392,-24.13079,-24.441952,-24.749292,-22.088354,-25.379356,-23.008335,-24.921541,-28.089825,-26.177315,-25.05941,-33.338257,-27.864172,-27.047522,-27.239065,-23.591324,-23.780914,-29.051552,-22.544575,-25.01086,-34.45944,-20.831734,-19.21006,-21.772999,-22.680367,-25.44511,-24.696594,-25.968336,-29.960394,-23.843636,-24.24319,-25.668552,-28.245771,-27.967201,-27.096447,-26.60196,-25.685846,-24.352768,-30.852722,-27.923637,-26.850689,-26.502344,-27.719421,-29.238377,-33.969242,-32.575825,-27.954588,-25.251156,-29.493372,-28.9886,-28.31401,-25.403362,-22.191498,-23.409576,-21.986769,-26.21373,-27.534779,-28.138165,-30.61911,-29.634356,-28.374905,-28.64761,-31.807302,-21.6759,-20.926252,-28.121008,-27.430403,-28.35084,-19.60147,-20.871496,-27.051315,-22.352657,-22.107311,-25.639774,-27.578226,-28.201256,-27.132729,-22.551321,-24.63778,-23.531898,-29.604609,-31.264711,-26.774265,-23.885162,-27.20203,-27.641565,-27.630962,-30.92352,-27.67884,-23.273258,-21.872898,-22.95975,-28.06335,-24.963877,-22.097025,-27.131487,-31.467873,-28.299814,-23.592218,-25.256556,-25.32142,-21.520996,-20.89967,-21.437332,-28.657122,-25.51118,-24.394175,-28.151972,-24.426537,-22.054686,-24.401295,-23.465202,-22.82181,-29.581913,-22.415636,-21.492596,-25.599659,-34.145164,-32.226765,-27.82677,-22.627052,-21.92666,-28.779081,-28.033297,-28.753254,-30.180046,-27.172188,-23.683935,-27.261126,-24.206823,-27.006294,-30.299397,-26.30239,-29.971813,-26.057304,-23.451515,-30.44739,-31.262493,-27.808258,-27.84536,-30.810146,-24.26261,-20.112495,-22.856209,-30.802958,-25.707615,-22.873621,-26.561264,-31.284235,-27.522549,-26.943054,-33.25959,-25.098488,-22.870201,-21.71673,-20.752758,-23.029161,-31.568144,-32.72737,-29.605877,-24.4266,-20.77452,-22.796679,-22.893383,-27.496696,-30.292286,-32.495113,-25.422169,-24.35428,-27.927914,-28.272182,-26.17495,-28.287657,-32.900925,-28.3907,-28.477982,-28.718353,-29.146849,-27.406311,-24.562115,-22.82835,-25.653004,-24.736525,-29.92981,-26.379564,-27.668037,-25.153,-19.849072,-19.586525,-25.476124,-29.636375,-26.942495,-27.355165,-28.37302,-27.865578,-22.496092,-27.570797,-29.300638,-28.479624,-24.827667,-24.49353,-27.15703,-25.329456,-22.105145,-26.281591,-23.085648,-21.495605,-25.774715,-25.816553,-27.149961,-25.686142,-23.503716,-23.311373,-26.561642,-22.802662,-21.011658,-22.808544,-25.32691,-25.490826,-21.525751,-22.883144,-20.637054,-24.272638,-26.209476,-31.31124,-24.37123,-22.03729,-20.558311,-25.65567,-32.17562,-27.222782,-26.017412,-23.346027,-31.704384,-23.559544,-20.446545,-23.828632,-24.757671,-28.667309,-27.574835,-26.016323,-25.636055,-27.86915,-27.433502,-30.95846,-30.819613,-24.502068,-24.94371,-31.68001,-26.526886,-21.682682,-26.965746,-22.730156,-23.242119,-22.229536,-21.441885,-27.526226,-32.470924,-32.74745,-25.244944,-20.582184,-20.966537,-23.665981,-29.691612,-28.69043,-25.366722,-27.505968,-21.86892,-19.000778,-19.613688,-23.40092,-30.510836,-27.273596,-36.222946,-28.100403,-21.692635,-25.069242,-27.331512,-28.578987,-22.15644,-18.0396,-18.795109,-24.719063,-22.54169,-25.495842,-30.76312,-27.302893,-27.137709,-27.408867,-23.541454,-25.291702,-26.764612,-27.13848,-27.106434,-20.644665,-23.602528,-29.525066,-28.998606,-32.599712,-27.961533,-22.447632,-21.784988,-24.486721,-33.087666,-24.827633,-19.782753,-23.449398,-22.927591,-22.477242,-30.91007,-33.06294,-30.07259,-32.28263,-34.87671,-27.75848,-27.586283,-27.66708,-25.63852,-27.500238,-30.5923,-31.366503,-23.935438,-21.772215,-24.296528,-28.259296,-35.83222,-31.444502,-23.49734,-23.870687,-26.215185,-29.881428,-25.909737,-18.562233,-20.06771,-31.754208,-25.841911,-27.370201,-21.300869,-20.544525,-27.388958,-28.809336,-27.340542,-26.307632,-28.240135,-26.24199,-28.210299,-30.151482,-29.024479,-24.248417,-20.709385,-18.549774,-21.648678,-28.764545,-24.371696,-26.839165,-21.126978,-20.834621,-26.165874,-25.572708,-24.228745,-25.936148,-29.796833,-24.806906,-25.90895,-26.673403,-24.620838,-34.1308,-23.801016,-25.34491,-27.858143,-31.172604,-25.686766,-22.129877,-23.633484,-31.65878,-26.558638,-27.049767,-25.888819,-30.92571,-25.754198,-27.645283,-30.63634,-31.052366,-25.646778,-22.38335,-20.304623,-27.159813,-25.73431,-22.167545,-24.872963,-23.536386,-25.929749,-26.722836,-25.906084,-26.397444,-23.713026,-22.026493,-28.312141,-29.527218,-25.045485,-26.418604,-27.412605,-24.6591,-27.278399,-29.750587,-26.917278,-25.09795,-28.286613,-33.070038,-26.433163,-20.13675,-25.928457,-36.364887,-32.582306,-22.127703,-22.78995,-26.528473,-36.387974,-24.320885,-20.475903,-22.346008,-22.522465,-22.391281,-25.12616,-27.494278,-32.002113,-29.16576,-28.27882,-24.09101,-24.600636,-22.727009,-22.298687,-26.373455,-34.120876,-30.128649,-28.62803,-23.027592,-25.472233,-23.558872,-23.87267,-23.817915,-24.738518,-23.63883,-17.188452,-20.492376,-33.86155,-27.540476,-22.85933,-25.294762,-32.236065,-35.071762,-35.64921,-34.387177,-24.132084,-25.233467,-24.01334,-24.857916,-25.130272,-22.647568,-23.202457,-22.068256,-25.573292,-27.472332,-20.344387,-23.44495,-25.959324,-23.61442,-28.991938,-33.238564,-22.1227,-18.962059,-23.845095,-25.795086,-24.011757,-23.678396,-21.602768,-24.639198,-23.4137,-21.522463,-20.408154,-25.319479,-28.380295,-29.426094,-29.681732,-25.232697,-25.553532,-30.079374,-28.463665,-28.433493,-26.783127,-28.102264,-22.846945,-23.342684,-21.565777,-19.999123,-25.538452,-31.309828,-27.481218,-27.657394,-26.746634,-31.542671,-28.0298,-32.869167,-28.476004,-21.019197,-23.631653,-28.628126,-28.901842,-31.944008,-29.098387,-22.32465,-17.498552,-21.280468,-32.35526,-32.207336,-32.15941,-30.95973,-32.775978,-32.267605,-23.429392,-20.82428,-23.25217,-27.27538,-20.2451,-22.058958,-30.193829,-23.950195,-24.321781,-29.294655,-28.227207,-29.815151,-26.006578,-23.311518,-27.700346,-27.560417,-19.730255,-22.346218,-25.004581,-20.782206,-25.290508,-26.545288,-25.269075,-35.52896,-52.515366,-52.588387,-51.83416,-53.392174,-51.730446,-51.87619,-53.289658,-50.70578,-49.449135,-60.07144,-80.0,-80.0,-80.0,-80.0,-80.0,-80.0,-80.0,-80.0,-80.0,-80.0,-80.0,-80.0,-80.0,-80.0,-80.0,-80.0,-80.0,-80.0,-80.0,-80.0,-80.0,-80.0,-80.0,-80.0,-80.0,-80.0,-80.0,-80.0,-80.0,-80.0,-80.0,-80.0,-80.0,-80.0,-80.0,-80.0,-80.0,-80.0,-80.0,-80.0,-80.0,-80.0,-80.0,-80.0,-80.0,-80.0,-80.0,-80.0,-80.0,-80.0,-80.0,-80.0,-80.0,-80.0,-80.0,-80.0,-80.0,-80.0,-80.0,-80.0,-80.0,-80.0,-80.0,-80.0,-80.0,-80.0,-80.0,-80.0,-80.0,-80.0,-80.0,-80.0,-80.0,-80.0,-80.0,-80.0,-80.0,-80.0,-80.0,-80.0,-80.0,-80.0,-80.0,-80.0,-80.0,-80.0,-80.0,-80.0,-80.0,-80.0,-80.0,-80.0,-80.0,-80.0
-31.046251,-27.914938,-31.606104,-39.13073,-39.570045,-30.659916,-26.400318,-30.189777,-31.357685,-22.554977,-19.297508,-20.064272,-20.385326,-24.90492,-26.64222,-25.024437,-20.194006,-22.925558,-30.160925,-32.74356,-28.178547,-27.109516,-23.696913,-20.349798,-23.537022,-26.05923,-25.972317,-24.415754,-27.264198,-22.53973,-25.593319,-25.61433,-25.312601,-30.388025,-30.244883,-25.246677,-21.56295,-23.269236,-25.052279,-23.731842,-26.020195,-25.60353,-22.374092,-29.565361,-27.103645,-26.002329,-28.0048,-25.007713,-27.705137,-29.188528,-23.36277,-19.47392,-22.80779,-34.50719,-28.816277,-27.831795,-19.707903,-19.136593,-21.748009,-20.163261,-24.854876,-27.231857,-26.652805,-21.802006,-23.608698,-32.102127,-33.32855,-24.030945,-28.101246,-28.496857,-28.357357,-27.280334,-22.828274,-23.98577,-23.11898,-26.958363,-27.153889,-24.498505,-26.233105,-22.15136,-23.723143,-20.920038,-23.574886,-26.70071,-24.751003,-21.121489,-22.774693,-29.15863,-25.53506,-20.90949,-25.281342,-25.91635,-24.77473,-29.830978,-27.430418,-25.702873,-28.84345,-23.796368,-25.176693,-33.341976,-27.593433,-24.427292,-20.750332,-25.63824,-33.164093,-28.361364,-25.710934,-25.356781,-29.851631,-27.272476,-21.699287,-24.717602,-28.427034,-27.586113,-39.229927,-34.29007,-31.758266,-29.096249,-30.798344,-29.479074,-30.38105,-34.45419,-43.327217,-31.703892,-31.043465,-34.60796,-34.14667,-29.01601,-26.958767,-24.49534,-25.512447,-46.79998,-27.56519,-27.245335,-32.029003,-27.545109,-28.107168,-27.857124,-31.010073,-19.924496,-18.387188,-23.28914,-32.388092,-33.788986,-25.245197,-22.887812,-29.740238,-23.264256,-23.109802,-27.395117,-29.06131,-25.809341,-28.833342,-26.166714,-26.550102,-21.363201,-23.401493,-28.585491,-20.37796,-18.289612,-22.694426,-30.179668,-27.959488,-33.302708,-36.912254,-29.001518,-29.520569,-28.23154,-29.020555,-27.688179,-23.31257,-27.776245,-30.057085,-30.967165,-24.176418,-25.33503,-28.37733,-23.541344,-19.008142,-23.701153,-24.447706,-21.043518,-21.245243,-25.601162,-32.02852,-25.828087,-24.827702,-22.357578,-19.67837,-25.697104,-26.496513,-23.295465,-23.25179,-30.027906,-32.62466,-28.1588,-23.237438,-23.199932,-26.720064,-33.537384,-28.652475,-28.611664,-29.70949,-24.623762,-25.865505,-27.734728,-28.802216,-22.91179,-25.046463,-30.54832,-26.497194,-26.755589,-24.885931,-24.69317,-25.596207,-26.047205,-28.177025,-22.68541,-22.359394,-25.026611,-26.708973,-30.922827,-26.362581,-27.36576,-27.742275,-29.124779,-28.150959,-32.31245,-32.11402,-28.244286,-24.290794,-24.334475,-25.018927,-33.422432,-33.514755,-28.336021,-22.933733,-22.804176,-31.090416,-30.24004,-27.746517,-25.6796,-27.334093,-23.438602,-25.297771,-29.6428,-31.328892,-23.824802,-27.576792,-30.442335,-28.623554,-25.030483,-22.583996,-22.761265,-24.843758,-23.343452,-22.917618,-22.937672,-26.031437,-24.989548,-27.534027,-28.567097,-25.39609,-19.717758,-20.128277,-22.49273,-28.320736,-27.60159,-23.33842,-23.474213,-28.438244,-27.442577,-27.95393,-32.849678,-25.660084,-22.49042,-27.48441,-24.804306,-25.45437,-19.2633,-22.549202,-27.177898,-30.568539,-27.335342,-22.778307,-23.05914,-22.248535,-20.555906,-22.016132,-27.573275,-25.414684,-26.36036,-30.675892,-31.32257,-27.099602,-21.859951,-22.13463,-22.243134,-27.536346,-29.759754,-31.086788,-25.952293,-26.592812,-27.085562,-24.807959,-30.721252,-25.982275,-21.42159,-21.833363,-29.971176,-25.036673,-22.459826,-26.604567,-26.335411,-30.380417,-30.57502,-28.398952,-29.84135,-31.627022,-30.638159,-33.804768,-29.03032,-23.776972,-26.45905,-34.454742,-29.372957,-25.207703,-25.53414,-25.96512,-22.17704,-24.08577,-26.256989,-30.090006,-27.316626,-31.444658,-27.003635,-20.794886,-23.466202,-23.949883,-24.782688,-25.456303,-26.082733,-24.451912,-23.194263,-23.599068,-26.209042,-26.534134,-28.162056,-27.201408,-26.684875,-25.94862,-24.309118,-23.434351,-27.274357,-27.004757,-28.881351,-29.246647,-23.346947,-22.31842,-25.828844,-25.215994,-31.845985,-28.050114,-29.44171,-26.41642,-24.682232,-23.812538,-22.366125,-24.483315,-23.868242,-23.70166,-22.962606,-24.378788,-24.30109,-31.669874,-27.066261,-25.464367,-32.355053,-28.667278,-31.517557,-30.112303,-24.5144,-25.332062,-26.834377,-30.46048,-33.336536,-35.435913,-34.88212,-30.497967,-25.348366,-21.37001,-24.13475,-28.337135,-33.865036,-24.839876,-24.840363,-30.034512,-23.070124,-21.965088,-25.868599,-23.588991,-29.715624,-31.61061,-26.87076,-28.159454,-26.329937,-26.839464,-24.840263,-16.759924,-16.857025,-21.71209,-24.901646,-31.477009,-28.242092,-28.059586,-29.500338,-27.343912,-25.810604,-23.075562,-21.943645,-19.95116,-21.199142,-32.580856,-28.536015,-25.599846,-16.86631,-16.527143,-27.008644,-27.901653,-25.563992,-24.939615,-24.92085,-23.472946,-24.14503,-21.717731,-23.690392,-25.259493,-27.291592,-30.380812,-25.36436,-27.095585,-28.902317,-29.25549,-23.72472,-25.970024,-28.091177,-32.37319,-30.641739,-31.281094,-22.575905,-24.97346,-30.348057,-32.588818,-27.393963,-29.543423,-27.667309,-23.111706,-23.626257,-27.356836,-30.3259,-22.73266,-21.594532,-26.856888,-26.734177,-22.839905,-26.5792,-21.76407,-20.249891,-21.796684,-26.561474,-29.349533,-23.092358,-22.196388,-31.175388,-27.34946,-23.84169,-26.336441,-28.574257,-27.766739,-28.120043,-32.33784,-28.136282,-25.221695,-31.745903,-26.597849,-23.412195,-23.36973,-28.892609,-27.434223,-21.942766,-19.579227,-22.883793,-30.546106,-37.10656,-25.876314,-22.500809,-31.878841,-24.126888,-23.75553,-32.5023,-27.20829,-29.529774,-26.838718,-26.273447,-24.487526,-21.315971,-23.304417,-23.806145,-25.870832,-32.442074,-29.650354,-31.318033,-27.567398,-27.89948,-27.78704,-24.701515,-23.949806,-27.279005,-25.072,-16.425232,-16.665524,-24.451702,-25.380096,-19.718489,-22.116116,-36.981834,-31.881218,-26.490078,-26.920044,-25.697186,-21.89888,-26.797905,-40.781292,-29.974506,-27.983805,-33.013004,-21.014862,-21.422249,-23.919125,-19.578445,-24.388968,-24.859028,-27.500412,-43.090714,-34.751434,-28.717173,-21.398806,-22.958118,-26.122578,-25.124487,-25.721985,-23.017296,-23.234318,-23.527313,-18.075489,-19.745724,-28.116306,-27.922749,-28.284958,-26.306852,-29.812214,-32.81434,-32.922768,-23.578281,-20.667921,-21.931519,-29.00188,-33.7393,-29.546936,-22.03335,-23.798313,-34.550777,-39.569347,-29.298332,-26.481205,-29.738308,-29.27238,-27.408308,-26.72432,-29.130356,-19.663479,-18.249018,-21.337662,-25.467274,-28.240915,-28.767282,-25.487709,-25.310402,-26.737772,-27.87672,-28.69992,-28.223656,-32.697994,-28.411486,-24.698917,-25.127453,-19.953907,-24.200851,-23.752243,-21.073027,-23.361193,-31.949306,-33.513283,-28.481754,-26.44139,-30.818897,-28.497696,-24.711464,-25.163738,-27.707365,-26.464529,-19.327755,-22.7653,-22.364164,-19.294584,-24.955425,-29.404852,-26.461266,-34.272964,-53.490517,-51.65733,-51.767433,-51.620277,-52.842407,-52.994972,-51.322845,-46.153698,-47.11373,-60.460964,-80.0,-80.0,-80.0,-80.0,-80.0,-80.0,-80.0,-80.0,-80.0,-80.0,-80.0,-80.0,-80.0,-80.0,-80.0,-80.0,-80.0,-80.0,-80.0,-80.0,-80.0,-80.0,-80.0,-80.0,-80.0,-80.0,-80.0,-80.0,-80.0,-80.0,-80.0,-80.0,-80.0,-80.0,-80.0,-80.0,-80.0,-80.0,-80.0,-80.0,-80.0,-80.0,-80.0,-80.0,-80.0,-80.0,-80.0,-80.0,-80.0,-80.0,-80.0,-80.0,-80.0,-80.0,-80.0,-80.0,-80.0,-80.0,-80.0,-80.0,-80.0,-80.0,-80.0,-80.0,-80.0,-80.0,-80.0,-80.0,-80.0,-80.0,-80.0,-80.0,-80.0,-80.0,-80.0,-80.0,-80.0,-80.0,-80.0,-80.0,-80.0,-80.0,-80.0,-80.0,-80.0,-80.0,-80.0,-80.0,-80.0,-80.0,-80.0,-80.0,-80.0,-80.0
-33.290283,-30.817062,-33.082592,-30.307783,-29.129732,-32.80196,-27.491825,-28.893766,-34.42448,-27.872,-23.272999,-24.343466,-23.078312,-26.048157,-23.995647,-22.96405,-21.221855,-25.342827,-25.212484,-31.977894,-25.81222,-24.579216,-28.46831,-22.386673,-24.69667,-32.667603,-24.931482,-21.379007,-24.926786,-22.92712,-24.175488,-27.186426,-23.688187,-27.096767,-33.3471,-31.797718,-23.614994,-26.946815,-30.418848,-19.965382,-20.204334,-22.858164,-21.863556,-22.492676,-27.054811,-22.583132,-26.354723,-26.596947,-27.266188,-28.052174,-25.441198,-25.125732,-23.24316,-27.094578,-27.584267,-32.351994,-20.356796,-20.742992,-22.692513,-19.971527,-25.292086,-34.278877,-31.08157,-26.980284,-24.945953,-26.727169,-28.805655,-23.146126,-22.915874,-19.858778,-22.339485,-30.838501,-26.470343,-29.45525,-25.252684,-24.661816,-27.774012,-26.298748,-23.428308,-21.595196,-20.7294,-22.25245,-22.407219,-25.257168,-23.114569,-23.324305,-19.786531,-20.116909,-20.502516,-17.712233,-20.87973,-29.112759,-24.856186,-23.597778,-27.22769,-24.17919,-28.839794,-30.106447,-34.373142,-31.610466,-23.672794,-20.276543,-18.59542,-17.559052,-19.33912,-23.51133,-26.262003,-23.32551,-25.233799,-22.523891,-22.881784,-30.333334,-27.89424,-24.08833,-30.312502,-37.94913,-32.74822,-32.780907,-30.079536,-33.135868,-28.77274,-33.763058,-34.837788,-27.270336,-28.38944,-36.3139,-35.953476,-31.185957,-28.384665,-23.350964,-23.454819,-29.351887,-30.383291,-28.620678,-35.583794,-29.083614,-31.581104,-33.368805,-28.799343,-20.300571,-21.590717,-21.004171,-22.807877,-28.70121,-24.454197,-25.399456,-24.751762,-20.959625,-18.436121,-22.076166,-27.510574,-29.352964,-30.8381,-28.704634,-28.031788,-20.34936,-20.616951,-28.272484,-19.578838,-18.67815,-25.991148,-27.598186,-27.202091,-31.682457,-28.627262,-25.823486,-21.881535,-24.939651,-27.636738,-26.594048,-24.079266,-27.211597,-25.995419,-23.010529,-21.630287,-28.488598,-25.723595,-23.89841,-23.478947,-22.492048,-23.771152,-25.316277,-26.52442,-26.590393,-24.866219,-25.359386,-28.231876,-23.862396,-19.792841,-22.829422,-35.068825,-30.608536,-25.125294,-29.610157,-28.122145,-28.34898,-25.731064,-26.979368,-23.829433,-25.586182,-29.336859,-34.48564,-30.54834,-20.588129,-20.833954,-24.647642,-24.469604,-22.593193,-21.862997,-24.88311,-25.612417,-25.405956,-21.571327,-24.033072,-30.580444,-26.284828,-23.371714,-26.558182,-29.03917,-27.546228,-22.125982,-22.697163,-23.749546,-23.617224,-24.371063,-31.466373,-25.5159,-26.747742,-33.46802,-27.160543,-24.153488,-28.85307,-30.726702,-31.164673,-30.378868,-26.913664,-21.132961,-23.13198,-33.34635,-28.661507,-26.93128,-22.195545,-22.355217,-22.134747,-18.2859,-21.182816,-30.5949,-24.745037,-21.635082,-26.888971,-27.163618,-24.876766,-24.13411,-21.880476,-24.913576,-23.687208,-25.899727,-27.73172,-27.056242,-21.458202,-21.710617,-25.396976,-25.672207,-22.13478,-24.705791,-22.47873,-26.199305,-28.549326,-25.504084,-25.38069,-27.983046,-30.609531,-28.7355,-33.00836,-26.009197,-24.984077,-26.402267,-23.653973,-19.472595,-19.296259,-24.577625,-26.011168,-28.85056,-24.650396,-24.505745,-28.072842,-27.241741,-23.914093,-22.273006,-20.916464,-26.750702,-33.58331,-27.818317,-25.0427,-25.346117,-22.07488,-26.760605,-28.051481,-27.444542,-30.91279,-28.413807,-25.296917,-25.692299,-25.123096,-26.854519,-28.043678,-28.50092,-23.871944,-24.206638,-27.826136,-22.962004,-25.390259,-28.194878,-27.30914,-25.283133,-23.570885,-23.486305,-29.169752,-36.21288,-35.46131,-29.702255,-23.910503,-21.237034,-24.47483,-29.626575,-28.177034,-32.289913,-25.98338,-21.270294,-22.30167,-27.640305,-28.93065,-23.86641,-22.200037,-23.234426,-23.079262,-18.856907,-22.308773,-21.028976,-19.196625,-23.259335,-26.713238,-23.686964,-24.435993,-26.026154,-32.031013,-29.311296,-26.209162,-26.2122,-20.115707,-21.426641,-28.40989,-29.03962,-30.203846,-23.738073,-21.420132,-25.068645,-22.574436,-24.219862,-27.531265,-29.971464,-29.475525,-32.014812,-29.12537,-26.513744,-28.132303,-31.268328,-23.515171,-22.63781,-25.65595,-28.537498,-22.959564,-27.391354,-22.829872,-22.019962,-27.690178,-28.134562,-35.83729,-30.323717,-29.245047,-28.375546,-25.836092,-26.733124,-23.529099,-27.794676,-32.02518,-30.037857,-26.370127,-22.640917,-21.494637,-18.792526,-24.498825,-27.69044,-22.89155,-20.374279,-23.0574,-24.270023,-29.3279,-22.234669,-19.994923,-25.207993,-25.829567,-29.790785,-24.302816,-23.838829,-29.33492,-30.183693,-28.812815,-20.016674,-16.604452,-18.983454,-23.219585,-23.66814,-23.068083,-27.821857,-30.6328,-29.651806,-27.108107,-23.844978,-21.65118,-18.60148,-18.804516,-21.403578,-23.108753,-27.192543,-17.88368,-17.50634,-28.721657,-26.046154,-28.50685,-25.043268,-22.618254,-19.860378,-22.879456,-23.17437,-22.953003,-25.343597,-26.617723,-25.54082,-25.415604,-23.594744,-26.262535,-27.30666,-25.077534,-25.225088,-28.386097,-23.62955,-20.950636,-21.178104,-18.556728,-22.131638,-34.880333,-33.305176,-28.844732,-32.84516,-31.694462,-26.155556,-23.247879,-27.654799,-24.800026,-21.550888,-24.800694,-22.231674,-18.058409,-19.789663,-28.129648,-23.30709,-24.23273,-21.268408,-22.33459,-23.144615,-19.06429,-18.233822,-26.205713,-25.56988,-25.084408,-25.62597,-27.561161,-33.381813,-24.47707,-24.946213,-29.865845,-29.568882,-25.617949,-21.004223,-20.219345,-23.046461,-20.44609,-20.428822,-19.161446,-21.37186,-30.586212,-28.938044,-25.161057,-23.478067,-26.8849,-29.052431,-28.529444,-25.58931,-25.993435,-22.78479,-26.015709,-27.209255,-29.721916,-31.028435,-25.08876,-27.804876,-28.103268,-26.07734,-29.248152,-30.064098,-28.326756,-34.677834,-28.032154,-22.283236,-23.003307,-24.056581,-29.70132,-26.210405,-21.6174,-17.499416,-21.883366,-28.209934,-22.576332,-23.900194,-27.0532,-23.49633,-24.929317,-23.961601,-22.289177,-21.382122,-26.699528,-28.831915,-26.962086,-28.145435,-26.80318,-22.685259,-21.972486,-21.318607,-19.57785,-28.71268,-27.81763,-26.846071,-27.480333,-28.057096,-32.623943,-21.804943,-21.651348,-24.916496,-22.135769,-24.353617,-21.052803,-23.355091,-27.148964,-22.60488,-21.508324,-32.608723,-30.554525,-29.325836,-26.093895,-23.725594,-25.265146,-26.34452,-23.33297,-20.621439,-21.052446,-24.107649,-26.447596,-26.860786,-27.383568,-31.792809,-34.928074,-36.02212,-30.057972,-25.633842,-24.400547,-24.147804,-25.494667,-26.317339,-25.823582,-19.910362,-19.318275,-19.565779,-27.48339,-28.72223,-31.76278,-27.593134,-25.827284,-23.912548,-24.648071,-31.155794,-27.119425,-29.290705,-24.532495,-19.898438,-22.324352,-22.547829,-27.084627,-22.873463,-24.313667,-24.012894,-28.14131,-35.109314,-32.271336,-31.955654,-31.389397,-28.753225,-30.551298,-32.919357,-32.90516,-27.961267,-22.253967,-23.48817,-21.241089,-21.182766,-27.547846,-26.7335,-25.67883,-35.130726,-52.475243,-53.77987,-53.002964,-54.516445,-52.28611,-52.294548,-53.851086,-45.88568,-46.444733,-59.737965,-80.0,-80.0,-80.0,-80.0,-80.0,-80.0,-80.0,-80.0,-80.0,-80.0,-80.0,-80.0,-80.0,-80.0,-80.0,-80.0,-80.0,-80.0,-80.0,-80.0,-80.0,-80.0,-80.0,-80.0,-80.0,-80.0,-80.0,-80.0,-80.0,-80.0,-80.0,-80.0,-80.0,-80.0,-80.0,-80.0,-80.0,-80.0,-80.0,-80.0,-80.0,-80.0,-80.0,-80.0,-80.0,-80.0,-80.0,-80.0,-80.0,-80.0,-80.0,-80.0,-80.0,-80.0,-80.0,-80.0,-80.0,-80.0,-80.0,-80.0,-80.0,-80.0,-80.0,-80.0,-80.0,-80.0,-80.0,-80.0,-80.0,-80.0,-80.0,-80.0,-80.0,-80.0,-80.0,-80.0,-80.0,-80.0,-80.0,-80.0,-80.0,-80.0,-80.0,-80.0,-80.0,-80.0,-80.0,-80.0,-80.0,-80.0,-80.0,-80.0,-80.0,-80.0
-35.397106,-31.047422,-28.811092,-26.418175,-24.689457,-29.077188,-33.134865,-32.186493,-27.705526,-30.283106,-24.011932,-23.009142,-28.469458,-28.432598,-25.315327,-27.752851,-21.899551,-22.89917,-25.084862,-25.168541,-28.447407,-27.539467,-24.223341,-24.060204,-28.18055,-33.118553,-37.216534,-26.143114,-23.922392,-25.717485,-28.294985,-26.520178,-27.573456,-21.903831,-22.650158,-29.019142,-25.818752,-27.933998,-29.92134,-19.52692,-17.760038,-25.532608,-28.87778,-20.980022,-22.807404,-26.417728,-31.190502,-27.020805,-23.60767,-25.029799,-24.85536,-28.92321,-27.988777,-27.019978,-29.574245,-28.627142,-22.646156,-24.15314,-27.878403,-30.423033,-26.09144,-24.224073,-26.981125,-29.411345,-27.199333,-27.406303,-27.970234,-28.15175,-25.065975,-17.97852,-20.893597,-30.384315,-24.697563,-25.06388,-28.435596,-28.638113,-23.360876,-26.129356,-27.203144,-26.850588,-20.244276,-22.674635,-23.517776,-21.447842,-25.929337,-28.656666,-25.734106,-24.295414,-25.951801,-21.137672,-24.047655,-28.756807,-22.147049,-24.160168,-30.958132,-27.048826,-26.791954,-25.452606,-26.96962,-25.138165,-18.821928,-17.85828,-23.009356,-18.87629,-16.947048,-19.414669,-24.740631,-30.382832,-26.546227,-23.714554,-28.72463,-28.227694,-25.304283,-21.90546,-26.75544,-33.386505,-29.384445,-32.3021,-38.511726,-34.571056,-30.192793,-34.225304,-34.348583,-25.35144,-27.519526,-34.592274,-36.544987,-33.202923,-29.453726,-34.92705,-27.059034,-26.355967,-30.869146,-29.7095,-33.489517,-30.754072,-29.725481,-33.480167,-25.987186,-24.46938,-30.07838,-26.2365,-22.075094,-22.164425,-22.46306,-25.707146,-29.056929,-28.154564,-21.717148,-21.936596,-21.92503,-23.014088,-31.111221,-37.23717,-30.075665,-25.86044,-26.111813,-27.590303,-25.472612,-26.597786,-26.647316,-25.177917,-27.713623,-23.620987,-22.191635,-19.191853,-19.4463,-23.903755,-28.543554,-32.331585,-26.315474,-28.920712,-24.741405,-20.463242,-20.581587,-24.490055,-20.457914,-18.63269,-21.435898,-22.126408,-27.837118,-33.086834,-30.670938,-35.344734,-28.164768,-22.7473,-22.29709,-25.494175,-25.170193,-27.199883,-33.64186,-32.629875,-33.85822,-28.027784,-26.07817,-25.941545,-23.86268,-29.047863,-30.01068,-25.360195,-28.04871,-30.03844,-23.74513,-20.393661,-21.83506,-24.326454,-24.089605,-23.345905,-21.659863,-19.32677,-24.461393,-27.067492,-25.703032,-22.76409,-29.9946,-25.73088,-20.264835,-20.942154,-26.004168,-29.908384,-26.836355,-20.99783,-19.886646,-20.614948,-23.072464,-25.832197,-21.622898,-28.37999,-36.771988,-25.5804,-25.774704,-33.88327,-39.007862,-31.387508,-25.064068,-26.421959,-26.29853,-27.323435,-27.058266,-25.862926,-26.51846,-21.424847,-20.335152,-23.767979,-23.115644,-21.847477,-26.991905,-30.67212,-23.060095,-20.487347,-22.831371,-26.384047,-31.776655,-26.068409,-24.282135,-23.769075,-24.393337,-31.31164,-29.004372,-27.920418,-27.78108,-24.843746,-28.583672,-24.710325,-27.80878,-34.382793,-27.928425,-27.59858,-26.382425,-31.673485,-28.798252,-26.183178,-22.71957,-25.844002,-29.623655,-27.721548,-28.998753,-29.198313,-21.136889,-25.369574,-35.457634,-28.208447,-25.411106,-28.129074,-26.97446,-25.29517,-25.753826,-24.966873,-21.237297,-20.445724,-27.099596,-24.08579,-20.681026,-23.478117,-21.497303,-22.216074,-23.921732,-25.149584,-27.06444,-37.278015,-34.44703,-31.602543,-32.210545,-28.79308,-24.85792,-27.962994,-28.0626,-27.389446,-24.783634,-24.785767,-22.615213,-21.543938,-26.391462,-31.943443,-27.684435,-24.760954,-31.271782,-31.433273,-34.10175,-28.83075,-22.919218,-24.31961,-24.838688,-23.739452,-26.809177,-23.983292,-25.798428,-25.710781,-20.299316,-23.475582,-27.664003,-27.634062,-23.070774,-23.64566,-17.287542,-16.155212,-20.787329,-24.750626,-22.571115,-24.625381,-26.407322,-29.295527,-26.022541,-25.457775,-26.729958,-24.470806,-28.386415,-26.54611,-24.025404,-19.739521,-22.09042,-22.910116,-27.024231,-33.72913,-25.752386,-18.465643,-19.309074,-25.659344,-35.22315,-26.5928,-24.715797,-27.4747,-29.836803,-24.333443,-20.679337,-23.662193,-27.84096,-25.348278,-33.21044,-27.082346,-23.32138,-21.883219,-30.833494,-26.939053,-21.039745,-21.862816,-25.540789,-31.768757,-33.528797,-29.248886,-27.862488,-26.84618,-29.445942,-22.065971,-20.596825,-22.714691,-25.992023,-24.86868,-20.704597,-23.3769,-19.836979,-23.259613,-26.918966,-21.352203,-21.193743,-26.742668,-24.889008,-32.30921,-24.945724,-23.79934,-22.599085,-21.938604,-26.982702,-29.387278,-26.480074,-29.803295,-30.33069,-35.512615,-30.652288,-23.223038,-28.78582,-29.14915,-22.471905,-22.690962,-31.976547,-35.70569,-34.22016,-25.969263,-26.185392,-28.741154,-30.750757,-26.803732,-23.708206,-24.967434,-23.966467,-23.780525,-19.816092,-22.861195,-20.692932,-24.556396,-30.012884,-23.865486,-23.603827,-26.81049,-29.8935,-25.984638,-24.030575,-25.765774,-21.97729,-23.27073,-21.27455,-25.0473,-24.9104,-24.169514,-26.199356,-29.460491,-24.119186,-19.782368,-23.013502,-23.594631,-24.872606,-25.826563,-27.51838,-35.25849,-38.4884,-33.072884,-27.395119,-22.620691,-21.995893,-24.492496,-26.29026,-23.949884,-25.30942,-21.419168,-19.308975,-24.768156,-31.500164,-26.493458,-27.185833,-34.31523,-25.526318,-20.408894,-21.24908,-23.768932,-22.997206,-22.174435,-27.014124,-28.446087,-30.054483,-21.34628,-21.49659,-28.054333,-31.84333,-28.977442,-25.739626,-19.039497,-22.511347,-23.0857,-24.120619,-24.984169,-24.041271,-29.467175,-21.986607,-20.043861,-22.055426,-25.622112,-26.288004,-31.410381,-27.904566,-27.853312,-26.937548,-27.854435,-28.400707,-26.85382,-30.290005,-31.453907,-30.601265,-32.509426,-28.800205,-30.748394,-27.242872,-27.47365,-35.59567,-33.441086,-25.356466,-22.407495,-25.247042,-32.25347,-26.79635,-23.64418,-24.006199,-28.907541,-29.877623,-35.231537,-30.486576,-26.177593,-22.202433,-28.085958,-28.442146,-19.777733,-21.802774,-26.45381,-25.732819,-21.879875,-23.533863,-23.401516,-23.02448,-25.504482,-19.177082,-18.450186,-28.720793,-35.79157,-25.491634,-20.732117,-22.700268,-29.549473,-23.623142,-24.165949,-34.003613,-25.973866,-27.032963,-25.452156,-28.265875,-33.08755,-27.026917,-25.081182,-27.68176,-28.705921,-32.804844,-30.183596,-24.603928,-27.318665,-26.454975,-29.723568,-24.15957,-21.921272,-19.540405,-22.268324,-28.003864,-27.07829,-29.456448,-34.86055,-29.869637,-30.94048,-27.129223,-25.409088,-21.669542,-26.534464,-24.993347,-23.120136,-22.382168,-27.905792,-24.059454,-24.503345,-33.026127,-33.560825,-34.51375,-31.341986,-28.532658,-28.697079,-31.85957,-29.121202,-24.99818,-21.809383,-23.26146,-26.751478,-28.585121,-27.02148,-28.219353,-23.655851,-25.378086,-27.030445,-37.66104,-41.63616,-43.202927,-30.538696,-28.251043,-36.045982,-34.52746,-37.37146,-33.84268,-31.545399,-35.813404,-29.696777,-26.175798,-25.198263,-22.885952,-25.822971,-35.759846,-55.381966,-52.842422,-52.83711,-52.810604,-54.320347,-54.5484,-52.977547,-51.847786,-49.640533,-60.350426,-80.0,-80.0,-80.0,-80.0,-80.0,-80.0,-80.0,-80.0,-80.0,-80.0,-80.0,-80.0,-80.0,-80.0,-80.0,-80.0,-80.0,-80.0,-80.0,-80.0,-80.0,-80.0,-80.0,-80.0,-80.0,-80.0,-80.0,-80.0,-80.0,-80.0,-80.0,-80.0,-80.0,-80.0,-80.0,-80.0,-80.0,-80.0,-80.0,-80.0,-80.0,-80.0,-80.0,-80.0,-80.0,-80.0,-80.0,-80.0,-80.0,-80.0,-80.0,-80.0,-80.0,-80.0,-80.0,-80.0,-80.0,-80.0,-80.0,-80.0,-80.0,-80.0,-80.0,-80.0,-80.0,-80.0,-80.0,-80.0,-80.0,-80.0,-80.0,-80.0,-80.0,-80.0,-80.0,-80.0,-80.0,-80.0,-80.0,-80.0,-80.0,-80.0,-80.0,-80.0,-80.0,-80.0,-80.0,-80.0,-80.0,-80.0,-80.0,-80.0,-80.0,-80.0
-35.66773,-29.554838,-30.623493,-30.645643,-28.25038,-24.720997,-26.63527,-31.878155,-24.561565,-26.15466,-24.600632,-25.19469,-30.135883,-28.170883,-32.983143,-26.443214,-25.015118,-29.613308,-30.71578,-28.99381,-27.324951,-31.429354,-26.81789,-23.30597,-24.163254,-27.284683,-35.211494,-30.966742,-26.487179,-26.767176,-28.219137,-28.324076,-25.7897,-20.596241,-21.675465,-22.135958,-19.952015,-23.859066,-27.666882,-21.550062,-19.001617,-26.142565,-28.258877,-23.512192,-22.563726,-24.94502,-27.98157,-29.398966,-27.839956,-31.459906,-28.273819,-28.148754,-29.824396,-36.637417,-32.005318,-29.543768,-28.6442,-29.479044,-26.703299,-28.265182,-24.538975,-21.967037,-26.031387,-27.01181,-27.609776,-31.065218,-27.356186,-29.231478,-29.249912,-21.047997,-20.908821,-27.24906,-23.226372,-24.533304,-25.994476,-30.389954,-26.154242,-26.732365,-25.651249,-28.83576,-24.160074,-25.98785,-28.497608,-26.802673,-26.720558,-26.312698,-27.375895,-28.2656,-23.455227,-23.30661,-26.92255,-28.02761,-24.929104,-23.954628,-26.198322,-28.5398,-29.325726,-22.836588,-25.55236,-25.663603,-19.991417,-23.097961,-22.059074,-26.238379,-24.652405,-23.846245,-29.769342,-31.78952,-23.639816,-23.708912,-27.233852,-23.88895,-24.005714,-25.73536,-27.280485,-34.740574,-28.589787,-26.653584,-33.384914,-35.691982,-30.410137,-36.095222,-31.357954,-24.284657,-27.409477,-33.05261,-37.100468,-37.65455,-31.572046,-28.792362,-29.023808,-26.488878,-26.237503,-23.380262,-25.036793,-28.213917,-25.128748,-27.767445,-24.23732,-23.186134,-27.850197,-28.36386,-28.459003,-25.70108,-27.426785,-25.55842,-24.400574,-30.971333,-28.205029,-21.61607,-19.437622,-21.10616,-27.810202,-34.457943,-34.873775,-31.741627,-33.981792,-26.485132,-22.826477,-26.42356,-27.542484,-24.613487,-24.048481,-23.626556,-25.720848,-22.167751,-22.729086,-22.710367,-26.296854,-33.044323,-23.681599,-23.806799,-28.243742,-26.417936,-26.052368,-25.332273,-21.253407,-20.092226,-25.27033,-26.09953,-32.589706,-35.460983,-32.921,-33.548817,-30.499752,-25.936455,-23.895538,-23.732334,-30.18558,-26.914442,-23.069906,-25.448257,-28.005583,-27.946411,-26.095737,-31.818342,-26.108902,-29.658258,-28.33616,-23.751072,-23.964195,-28.260403,-23.62115,-27.422161,-25.16753,-22.734451,-21.096237,-22.397408,-24.275242,-19.400974,-25.312107,-26.475765,-22.783619,-22.504738,-29.477503,-22.128675,-22.639244,-19.584942,-21.668325,-28.266087,-28.879715,-24.765947,-22.376528,-22.77195,-21.811733,-22.26332,-21.068138,-25.222374,-28.614902,-28.607243,-25.321096,-27.103525,-27.6124,-28.029764,-22.635223,-24.007769,-26.564789,-25.09233,-26.85875,-26.290493,-29.213493,-25.187103,-25.563276,-33.42228,-34.16835,-28.273819,-28.143484,-26.12498,-25.499323,-20.556225,-23.361702,-23.733301,-30.4142,-30.522547,-30.058075,-26.684988,-25.443396,-31.58656,-30.198269,-31.108892,-25.825842,-22.33871,-30.342186,-25.583681,-26.594973,-43.855446,-26.999228,-21.149664,-22.265728,-30.123215,-29.612577,-27.470627,-23.158834,-23.320402,-28.933302,-23.635614,-22.070065,-24.557945,-26.439339,-29.302286,-35.991215,-32.890636,-32.073708,-23.627666,-20.769722,-18.313337,-18.94318,-26.496078,-25.712997,-23.21244,-24.51808,-17.39777,-16.55533,-21.50443,-23.564693,-28.572361,-25.232174,-22.21761,-21.741467,-28.930439,-26.619808,-28.423843,-27.17118,-26.91636,-25.322102,-26.987267,-31.525013,-30.791018,-24.417212,-23.400505,-25.323723,-26.680075,-28.170383,-30.087334,-24.7841,-25.030912,-27.257008,-26.047539,-28.276157,-27.227638,-22.67466,-24.692673,-26.65334,-29.947428,-31.05803,-23.479511,-18.54769,-19.554045,-24.96355,-24.343449,-26.0321,-27.172192,-23.758543,-22.813606,-19.978077,-18.205511,-20.508183,-24.461544,-28.753963,-26.348255,-24.38239,-23.855324,-26.926361,-25.252905,-25.086464,-21.500916,-20.657183,-20.623404,-22.985611,-24.457573,-24.697803,-21.70121,-26.106518,-30.24598,-27.428413,-19.891346,-22.879112,-25.418194,-26.521889,-28.27135,-24.981792,-20.48135,-23.343433,-24.526543,-18.717155,-23.782078,-22.563406,-22.08452,-24.584335,-26.414078,-20.963781,-19.549446,-29.057339,-30.081964,-26.145214,-20.043169,-23.83961,-26.506306,-27.265564,-27.25052,-28.79318,-24.460907,-24.419847,-25.759274,-22.544453,-22.421978,-25.843729,-25.834877,-24.075882,-24.217283,-21.578115,-27.353771,-25.130486,-24.958714,-25.438625,-27.22829,-25.758017,-33.04011,-30.029488,-28.00029,-24.551216,-22.131073,-28.432411,-27.10582,-26.361547,-32.333,-24.325293,-25.715134,-22.700123,-21.177917,-29.170856,-30.493114,-24.911705,-24.71089,-26.503918,-29.253637,-29.740211,-26.73997,-28.056732,-29.840134,-27.800396,-24.981045,-25.567497,-22.256496,-21.79741,-23.442139,-23.545868,-18.228252,-21.499323,-25.250074,-32.5112,-32.148975,-35.9911,-27.592306,-23.21953,-21.193485,-24.055145,-24.961002,-24.50328,-28.984331,-21.717674,-19.285439,-23.891068,-25.98146,-32.295425,-37.42482,-26.3551,-20.419739,-25.770939,-28.43399,-24.69653,-20.7053,-23.890963,-31.073149,-26.745491,-23.99242,-22.865849,-22.84968,-23.571335,-23.070576,-28.103737,-24.749178,-27.248985,-26.345764,-23.161161,-28.036043,-31.092571,-27.415592,-31.370623,-35.017624,-31.239975,-23.391571,-20.10462,-21.004333,-27.064507,-25.204098,-28.795261,-24.46422,-24.638615,-24.248056,-24.859325,-30.453274,-27.750546,-26.06642,-29.389992,-21.03411,-22.519436,-26.418402,-25.682518,-25.662273,-25.56115,-22.32441,-22.162022,-24.470795,-26.82019,-25.984138,-25.40302,-26.417953,-34.059093,-31.147295,-30.501833,-32.932182,-30.732601,-25.30186,-30.503248,-27.039038,-26.02111,-31.894833,-29.490234,-27.698399,-32.009502,-27.639801,-27.045437,-27.162321,-23.808651,-21.254568,-22.781075,-27.358273,-26.729963,-24.00716,-29.086893,-28.666138,-34.614853,-33.129597,-30.054674,-25.596096,-23.974098,-29.198807,-21.639832,-19.933363,-25.255024,-23.531696,-24.619476,-24.322918,-23.210133,-24.581594,-21.329552,-23.867216,-20.850245,-17.526686,-23.7883,-30.142838,-24.743309,-23.256832,-23.365318,-28.387632,-23.546724,-21.569891,-25.073559,-29.74341,-26.733389,-24.167913,-25.691536,-32.90976,-27.109007,-26.085629,-27.339022,-24.368458,-23.94394,-23.659615,-23.944004,-25.205418,-30.392677,-31.68917,-22.4183,-20.785866,-22.284542,-25.569334,-27.137249,-24.68839,-27.710476,-33.111816,-28.589607,-26.40848,-28.767914,-21.40535,-21.729006,-22.147022,-20.603811,-24.369328,-25.229658,-28.08469,-31.02004,-24.32349,-25.800869,-30.288948,-28.914625,-27.420969,-28.150429,-28.530596,-23.968878,-24.393341,-22.472279,-23.23652,-31.283562,-27.260067,-23.546059,-23.093922,-28.848,-27.728872,-26.98925,-27.268482,-36.65757,-38.134186,-37.871887,-29.14515,-25.444817,-30.301735,-31.189018,-33.269493,-31.54655,-32.31267,-34.08201,-37.74351,-31.95919,-27.758564,-27.38247,-31.019669,-36.364277,-53.805103,-54.220367,-53.82441,-54.677338,-53.476517,-53.541164,-55.27449,-51.199505,-49.088375,-59.97389,-80.0,-80.0,-80.0,-80.0,-80.0,-80.0,-80.0,-80.0,-80.0,-80.0,-80.0,-80.0,-80.0,-80.0,-80.0,-80.0,-80.0,-80.0,-80.0,-80.0,-80.0,-80.0,-80.0,-80.0,-80.0,-80.0,-80.0,-80.0,-80.0,-80.0,-80.0,-80.0,-80.0,-80.0,-80.0,-80.0,-80.0,-80.0,-80.0,-80.0,-80.0,-80.0,-80.0,-80.0,-80.0,-80.0,-80.0,-80.0,-80.0,-80.0,-80.0,-80.0,-80.0,-80.0,-80.0,-80.0,-80.0,-80.0,-80.0,-80.0,-80.0,-80.0,-80.0,-80.0,-80.0,-80.0,-80.0,-80.0,-80.0,-80.0,-80.0,-80.0,-80.0,-80.0,-80.0,-80.0,-80.0,-80.0,-80.0,-80.0,-80.0,-80.0,-80.0,-80.0,-80.0,-80.0,-80.0,-80.0,-80.0,-80.0,-80.0,-80.0,-80.0,-80.0
-36.96258,-34.082134,-31.17326,-27.840372,-31.229694,-26.203201,-25.882452,-28.288929,-22.749542,-25.300259,-26.238434,-23.291683,-26.377323,-27.00768,-31.21316,-28.760927,-28.216362,-27.12362,-30.559612,-29.10052,-26.93814,-29.484158,-27.394348,-21.615736,-20.705145,-26.170706,-34.341454,-32.46579,-27.529068,-27.66788,-31.734861,-31.80397,-30.465015,-24.354939,-23.245892,-21.047224,-19.770576,-27.150087,-29.81267,-27.241247,-20.79397,-20.67001,-22.139826,-25.085972,-24.258955,-23.487976,-25.148098,-34.07231,-39.846046,-37.2444,-31.175667,-30.013657,-27.363543,-27.754221,-28.514547,-29.808834,-35.032124,-29.344564,-23.79348,-25.815914,-24.61808,-26.157951,-25.696785,-32.011032,-30.596434,-31.40185,-27.563318,-25.930529,-31.50139,-27.425753,-25.227814,-27.19194,-22.368336,-24.967564,-27.12331,-24.733196,-29.059563,-25.481052,-27.10899,-25.044624,-26.382751,-32.062164,-32.880013,-26.978527,-24.674728,-27.242361,-23.454681,-23.487087,-28.392733,-26.647423,-24.93614,-26.215946,-28.31637,-25.552828,-22.592274,-29.435453,-29.494442,-25.202475,-27.771416,-27.69986,-24.366009,-24.429977,-22.950382,-27.435383,-34.579815,-35.66147,-29.714827,-27.344028,-28.346191,-30.25822,-34.10448,-27.681314,-26.022018,-28.494682,-31.562246,-30.569736,-29.252224,-25.254982,-31.6947,-34.518066,-30.784412,-36.09932,-32.174,-26.722466,-27.98254,-29.32476,-32.279816,-39.3321,-27.682518,-24.035894,-27.47776,-26.677294,-24.955042,-23.907135,-28.85668,-27.400204,-23.47049,-27.182419,-27.496527,-23.306578,-25.495361,-26.115925,-24.269848,-29.890413,-28.423367,-23.534702,-23.988472,-25.796583,-27.244495,-31.641102,-25.747522,-27.234016,-28.015366,-29.707722,-29.884914,-26.01356,-25.761427,-23.72351,-24.649464,-31.884926,-32.848568,-32.42984,-29.956673,-27.979378,-30.609514,-28.3185,-20.969278,-19.362654,-26.036476,-29.137371,-20.269714,-23.044363,-26.917246,-25.706678,-22.430931,-23.145185,-26.200277,-28.49247,-25.181366,-22.723137,-27.095192,-30.16193,-33.38888,-37.73368,-34.256958,-37.760498,-31.706404,-29.893219,-39.222534,-25.065918,-22.60971,-21.417307,-24.977196,-24.449451,-21.362318,-26.231638,-28.663418,-26.52034,-28.206425,-24.711882,-22.734617,-21.67882,-23.184347,-29.189041,-25.886715,-26.652872,-27.266634,-30.090612,-25.555082,-17.75656,-18.962006,-22.027386,-24.070454,-22.813395,-23.088017,-19.997519,-21.74081,-21.932915,-21.916994,-22.597355,-24.114937,-22.063599,-21.330893,-20.178782,-22.879015,-26.396702,-25.649746,-23.18726,-24.120232,-29.279844,-26.475332,-26.342888,-23.688122,-26.847374,-25.378016,-25.941082,-26.624699,-26.377434,-28.500032,-22.347961,-23.583122,-28.272926,-27.193594,-23.134617,-24.519653,-33.20731,-33.90155,-26.158749,-25.028675,-27.69155,-25.92028,-22.189522,-25.450552,-28.822021,-28.232813,-28.83293,-28.819674,-30.142345,-26.066181,-27.182251,-24.247093,-20.813175,-27.241684,-22.193298,-22.78725,-32.51419,-27.22001,-24.733791,-24.569374,-30.47472,-31.370125,-25.880642,-25.207474,-20.633219,-21.675076,-25.686626,-23.568203,-23.102541,-25.46697,-29.94959,-26.673492,-27.649834,-29.202744,-24.445942,-23.922722,-19.361073,-20.444912,-20.786968,-22.936884,-23.321314,-23.892967,-20.084621,-19.650688,-22.464687,-26.804333,-30.574184,-27.225342,-20.620869,-21.419422,-29.49608,-26.825205,-26.60619,-26.5135,-22.952198,-20.371487,-21.783821,-29.01543,-32.599712,-25.77911,-24.869133,-25.684336,-27.789474,-26.518505,-27.947132,-25.922382,-32.175846,-25.170528,-24.918633,-22.96868,-23.55508,-27.263159,-30.160103,-30.149292,-28.086836,-31.451223,-26.532011,-19.595922,-21.14019,-24.02114,-27.928926,-29.201656,-27.087795,-23.893898,-23.114399,-21.902351,-24.400915,-22.991714,-26.942524,-36.092987,-27.752806,-29.88899,-26.527262,-24.0151,-26.751928,-25.295631,-23.895123,-24.060152,-23.227228,-25.78922,-25.130688,-25.107735,-24.908962,-24.803167,-27.732758,-21.725851,-21.621763,-26.412922,-24.275162,-28.574722,-32.737457,-28.647882,-20.931377,-23.045181,-23.993687,-19.01369,-22.963629,-26.665066,-23.663488,-20.93273,-24.48548,-22.77032,-22.664045,-26.962353,-32.88653,-29.091576,-24.88903,-22.834517,-26.41222,-24.739357,-27.157831,-26.742922,-22.185787,-24.412474,-27.84994,-30.527634,-27.485193,-24.3629,-26.363598,-29.552761,-26.342855,-25.54232,-25.90503,-25.800236,-25.269033,-28.092728,-25.727764,-23.674805,-29.555473,-25.3533,-24.53579,-29.491585,-28.553463,-27.784634,-22.892231,-24.858109,-30.075872,-21.644638,-23.23744,-24.880917,-19.252455,-22.506096,-30.912258,-25.576864,-25.921818,-25.19173,-25.712631,-23.49418,-25.377316,-31.897339,-23.87602,-20.236492,-22.752323,-22.131176,-22.00288,-29.882473,-28.898224,-27.669891,-18.149035,-17.564133,-21.62653,-29.125599,-32.110962,-35.502632,-25.65715,-20.473003,-20.474796,-24.339262,-27.656631,-32.234722,-30.77132,-22.46593,-22.64636,-20.631325,-22.862656,-32.133156,-34.582867,-25.372248,-21.020517,-23.97319,-27.769217,-20.80811,-21.65329,-26.108139,-25.59222,-24.727839,-21.984873,-21.12801,-19.125483,-25.294607,-30.319176,-30.725262,-20.04772,-20.851307,-28.440895,-29.290188,-27.618507,-30.568571,-29.963955,-33.886444,-31.35207,-32.02049,-23.165367,-17.338179,-22.174412,-34.184555,-29.01695,-29.910763,-23.569742,-25.65141,-31.372791,-31.133955,-30.479858,-29.261967,-25.224316,-29.253532,-23.252731,-23.33981,-26.594257,-23.50452,-22.702814,-20.916708,-22.035208,-28.488338,-29.915676,-28.945974,-27.12917,-21.677418,-22.116854,-25.645294,-28.539934,-33.573532,-36.068268,-33.576473,-25.28059,-25.914768,-26.076906,-20.351633,-23.145788,-28.836573,-32.324345,-30.467104,-29.60961,-24.839098,-29.418354,-22.329319,-19.883274,-23.96601,-23.572027,-25.092888,-27.186468,-24.36433,-26.530504,-35.257008,-33.281982,-34.744637,-31.237131,-29.730976,-26.431883,-20.89599,-20.382803,-26.147171,-26.382309,-24.611935,-28.548943,-23.614693,-23.329473,-23.478182,-26.445963,-24.732174,-21.20831,-27.603394,-32.618576,-30.686918,-29.470306,-22.955189,-21.150303,-19.685108,-19.899126,-21.567322,-25.047054,-22.504143,-19.879536,-22.071697,-26.048243,-25.212513,-28.119953,-27.30183,-25.104105,-26.16716,-26.318207,-32.529476,-26.965538,-29.023594,-33.51768,-24.171299,-22.056713,-21.141666,-20.367794,-23.880789,-23.675114,-26.329285,-26.568481,-28.209858,-27.061296,-27.665493,-23.871292,-19.166739,-18.185463,-21.55526,-23.045944,-22.34333,-28.90483,-32.33568,-26.115845,-27.859169,-33.140038,-30.324406,-26.623837,-27.223116,-26.989967,-21.897346,-25.238483,-25.262623,-23.662842,-29.836252,-27.928228,-28.73269,-25.855251,-27.611723,-26.81035,-26.863081,-28.481834,-32.540794,-32.49819,-31.06298,-28.609047,-28.065388,-37.13193,-30.729156,-32.0003,-33.304325,-35.839127,-31.405878,-34.780014,-27.9404,-25.025276,-27.782244,-28.652744,-38.172337,-54.59527,-53.452347,-53.247456,-53.608543,-53.9421,-54.07421,-52.940628,-46.33285,-46.887207,-59.952335,-80.0,-80.0,-80.0,-80.0,-80.0,-80.0,-80.0,-80.0,-80.0,-80.0,-80.0,-80.0,-80.0,-80.0,-80.0,-80.0,-80.0,-80.0,-80.0,-80.0,-80.0,-80.0,-80.0,-80.0,-80.0,-80.0,-80.0,-80.0,-80.0,-80.0,-80.0,-80.0,-80.0,-80.0,-80.0,-80.0,-80.0,-80.0,-80.0,-80.0,-80.0,-80.0,-80.0,-80.0,-80.0,-80.0,-80.0,-80.0,-80.0,-80.0,-80.0,-80.0,-80.0,-80.0,-80.0,-80.0,-80.0,-80.0,-80.0,-80.0,-80.0,-80.0,-80.0,-80.0,-80.0,-80.0,-80.0,-80.0,-80.0,-80.0,-80.0,-80.0,-80.0,-80.0,-80.0,-80.0,-80.0,-80.0,-80.0,-80.0,-80.0,-80.0,-80.0,-80.0,-80.0,-80.0,-80.0,-80.0,-80.0,-80.0,-80.0,-80.0,-80.0,-80.0
-36.54372,-36.171207,-30.013212,-24.553673,-27.720829,-26.879013,-28.964802,-34.653156,-24.394588,-21.01537,-21.449036,-22.30373,-22.386988,-23.389938,-25.891819,-25.384964,-20.163252,-21.915157,-28.750828,-30.208948,-33.037807,-32.728817,-25.338593,-27.07766,-24.348465,-25.66459,-26.635857,-23.638973,-24.295456,-27.846325,-30.63545,-27.828606,-29.409256,-31.86718,-23.69553,-23.94117,-22.06498,-25.144611,-28.27639,-29.238117,-28.092415,-26.706612,-23.882778,-23.037102,-32.12365,-28.086851,-24.082045,-26.484667,-30.025608,-28.662895,-25.846882,-26.990421,-29.084545,-23.873398,-23.120537,-24.54232,-31.711773,-31.253399,-26.882896,-21.353527,-24.660707,-23.8752,-26.827728,-33.7299,-34.479145,-28.342983,-21.33936,-25.017193,-31.224997,-28.771759,-27.107143,-23.14132,-21.780188,-23.115673,-20.487463,-19.798994,-25.819721,-23.5127,-23.513996,-25.51836,-30.88116,-30.586891,-25.525982,-23.428764,-28.682976,-24.720833,-23.396297,-20.972214,-22.397724,-37.637203,-31.429565,-31.24859,-31.776726,-25.503529,-24.701303,-33.724846,-34.901688,-30.886662,-29.917076,-28.461765,-30.73007,-33.956524,-24.76263,-26.01369,-35.253452,-36.726692,-30.615225,-30.118488,-35.55685,-35.45641,-28.952362,-26.178177,-28.512922,-25.597588,-29.109707,-31.801485,-32.05687,-28.381317,-31.182083,-33.761627,-32.772877,-40.935436,-42.694557,-32.62819,-31.089743,-27.292141,-29.828583,-32.731674,-24.383224,-26.537247,-28.00337,-25.383595,-23.60363,-23.523184,-30.538786,-32.7105,-26.37365,-30.464575,-32.38766,-30.535948,-24.665184,-23.713093,-21.94965,-21.673965,-24.238344,-20.35638,-23.370678,-25.75512,-28.583364,-31.403696,-27.888721,-26.933403,-31.478361,-37.5452,-25.35113,-20.67097,-24.795368,-23.764507,-27.110067,-26.68419,-29.690384,-37.170414,-30.426023,-30.093454,-35.313545,-27.653547,-24.844625,-22.257725,-22.218506,-25.52315,-21.351427,-21.727684,-22.319393,-23.235088,-21.449871,-22.562916,-23.792252,-24.974472,-19.047628,-18.981495,-24.537628,-28.56512,-33.894314,-30.224487,-31.190048,-32.759148,-33.24459,-30.42401,-24.897097,-20.765776,-22.709946,-23.752918,-30.804123,-27.31035,-20.743706,-20.918552,-24.595951,-25.21874,-29.457554,-23.550997,-23.047762,-19.317623,-22.054977,-29.020603,-29.412052,-27.393078,-27.688818,-32.03999,-23.762953,-19.06836,-19.65385,-23.291218,-23.085388,-28.87067,-24.204563,-22.468033,-26.339643,-29.355694,-26.463938,-25.081705,-25.918592,-26.447626,-28.455332,-27.808237,-27.340702,-33.07105,-24.333622,-20.654562,-23.124084,-34.412754,-34.65169,-33.71662,-25.306131,-28.41111,-33.49935,-27.148064,-26.12957,-27.106382,-24.866554,-22.002098,-22.735603,-26.397102,-22.016449,-19.360476,-21.70182,-30.06577,-33.683224,-33.096455,-29.60211,-32.369946,-30.322706,-24.352169,-23.05693,-24.523357,-23.786232,-25.12658,-25.204308,-27.046778,-29.867517,-30.840227,-24.49503,-20.21378,-23.630087,-21.160336,-21.439686,-28.583492,-28.606453,-30.089542,-32.18509,-27.350145,-28.719334,-31.503819,-24.519705,-20.928555,-20.857475,-30.064999,-34.436527,-27.885838,-21.292881,-23.94745,-25.1618,-26.229267,-29.978905,-27.929218,-19.460201,-15.8793335,-18.996916,-21.90607,-22.876764,-26.16829,-28.434664,-28.745373,-26.354805,-26.41372,-25.788586,-28.105076,-30.88619,-27.226685,-26.621145,-23.26795,-26.861778,-26.767506,-31.800158,-26.530113,-22.438356,-25.750866,-29.38525,-30.394909,-28.171318,-30.054901,-23.487358,-21.306396,-24.298983,-21.752367,-25.624678,-31.449186,-27.10535,-24.092085,-22.888386,-20.50837,-24.168198,-30.499228,-25.201946,-22.455688,-26.401226,-24.527245,-21.99579,-24.801071,-26.738565,-26.372246,-28.944725,-26.213665,-22.340515,-20.174498,-21.552212,-26.201344,-28.658741,-34.04993,-30.393547,-26.855204,-31.705786,-31.684464,-24.295483,-25.512165,-21.477417,-24.340229,-28.66795,-22.863152,-22.738247,-25.24224,-27.880348,-26.053074,-23.122395,-25.3401,-22.741917,-21.355434,-24.621565,-27.303165,-33.59086,-34.451973,-31.656048,-27.489653,-24.793465,-26.047537,-23.452866,-25.159092,-32.997303,-27.52306,-26.956657,-30.405817,-30.154251,-35.221165,-31.750948,-31.997427,-34.16404,-31.140902,-26.006962,-29.5858,-27.915215,-28.103031,-24.30291,-27.015247,-27.617624,-26.954939,-32.926853,-25.83294,-22.347702,-21.126904,-24.347013,-28.198643,-23.91754,-21.319347,-20.064638,-22.301298,-26.014534,-22.237608,-21.483746,-27.48695,-25.75556,-25.9973,-29.304333,-29.372398,-27.196617,-24.029114,-26.925167,-25.740002,-19.753607,-21.06945,-27.179026,-21.363676,-22.54502,-30.888454,-25.106087,-24.390717,-25.812923,-22.149742,-20.48323,-24.324009,-25.677708,-20.146866,-18.763481,-21.96054,-20.26051,-22.905558,-27.604206,-31.43024,-30.907719,-19.315262,-17.135492,-20.458853,-27.757137,-24.270092,-23.276161,-26.362766,-25.958237,-18.887558,-21.04269,-32.074856,-27.807655,-26.185009,-27.43285,-26.271126,-21.207432,-20.968761,-26.849728,-26.835106,-23.790344,-25.553318,-30.691454,-34.42001,-22.468811,-23.130312,-32.79455,-33.353886,-38.34038,-23.802635,-19.0168,-19.87431,-20.507145,-25.068424,-23.143581,-17.191746,-19.25188,-27.378494,-27.153526,-25.24572,-30.233143,-33.463226,-28.696562,-25.528114,-23.384937,-21.742254,-20.428387,-24.254492,-26.296959,-29.2709,-28.445015,-29.68306,-30.437824,-26.08211,-25.81589,-34.80144,-35.77556,-25.98502,-25.362122,-26.362068,-28.581833,-30.117725,-27.195274,-26.56987,-21.361458,-21.67968,-26.80979,-27.638653,-28.776714,-37.67437,-24.136618,-24.01424,-21.389038,-20.054676,-25.923962,-33.57723,-27.443527,-24.640524,-24.754292,-24.118114,-20.725883,-20.554462,-26.702528,-26.715162,-28.388334,-29.958252,-26.047012,-27.986702,-29.871,-27.467249,-25.953049,-24.470753,-28.863506,-30.661001,-25.177544,-26.7243,-26.57313,-28.50502,-25.526115,-24.830479,-29.213213,-24.72538,-25.61155,-25.847042,-26.445564,-25.921389,-31.394928,-35.580303,-23.843937,-23.989286,-25.083141,-23.970589,-23.674,-22.225452,-26.530457,-31.817287,-27.068249,-25.3572,-23.809353,-22.845284,-22.71853,-27.084923,-24.928745,-24.824287,-21.105026,-24.228432,-24.792645,-22.84357,-23.187447,-28.765442,-25.798847,-24.018513,-22.582577,-22.758419,-25.544842,-25.040554,-29.237991,-27.660385,-26.183647,-27.545439,-22.697405,-20.878708,-28.149311,-28.030775,-33.17583,-26.392498,-22.792933,-27.749767,-25.66822,-26.066555,-22.724014,-21.882946,-21.280764,-25.411205,-23.37842,-28.158752,-24.36776,-26.740278,-35.484253,-32.46732,-35.599617,-30.282387,-29.698635,-32.333614,-25.627909,-26.918839,-29.157715,-29.052658,-28.19721,-29.533463,-36.785217,-32.170303,-30.369473,-27.836903,-34.014652,-31.495049,-29.414795,-28.214779,-25.989971,-27.223946,-26.194054,-26.056177,-26.313515,-28.719162,-30.895414,-30.553358,-29.02816,-28.807617,-21.20738,-20.598135,-22.905867,-25.88055,-37.828106,-54.828373,-53.41194,-53.156677,-53.584015,-54.038803,-54.191586,-53.215042,-47.201298,-47.415703,-59.946907,-80.0,-80.0,-80.0,-80.0,-80.0,-80.0,-80.0,-80.0,-80.0,-80.0,-80.0,-80.0,-80.0,-80.0,-80.0,-80.0,-80.0,-80.0,-80.0,-80.0,-80.0,-80.0,-80.0,-80.0,-80.0,-80.0,-80.0,-80.0,-80.0,-80.0,-80.0,-80.0,-80.0,-80.0,-80.0,-80.0,-80.0,-80.0,-80.0,-80.0,-80.0,-80.0,-80.0,-80.0,-80.0,-80.0,-80.0,-80.0,-80.0,-80.0,-80.0,-80.0,-80.0,-80.0,-80.0,-80.0,-80.0,-80.0,-80.0,-80.0,-80.0,-80.0,-80.0,-80.0,-80.0,-80.0,-80.0,-80.0,-80.0,-80.0,-80.0,-80.0,-80.0,-80.0,-80.0,-80.0,-80.0,-80.0,-80.0,-80.0,-80.0,-80.0,-80.0,-80.0,-80.0,-80.0,-80.0,-80.0,-80.0,-80.0,-80.0,-80.0,-80.0,-80.0
-37.477135,-37.170734,-31.501644,-26.785587,-26.193996,-28.65485,-28.949322,-26.3694,-23.839716,-21.88015,-23.104576,-26.449013,-26.226261,-28.317272,-25.506489,-22.04417,-20.956982,-24.718348,-28.765013,-28.662752,-33.509224,-27.952158,-23.161915,-28.218412,-28.109795,-29.649548,-24.509644,-20.985807,-24.876377,-27.92353,-32.936234,-30.50351,-27.460522,-36.670135,-27.562172,-23.138866,-22.418444,-26.168385,-31.483355,-28.284779,-28.991125,-34.21613,-27.636757,-25.52082,-25.707853,-27.103397,-28.94202,-28.079922,-28.892876,-27.671797,-26.058535,-24.78394,-30.297117,-27.700832,-28.338522,-27.649242,-25.856642,-24.186125,-22.245358,-21.83033,-27.471573,-27.592972,-25.977852,-25.683615,-27.498173,-25.396309,-21.237585,-19.266933,-21.653275,-21.419434,-21.090153,-20.478292,-24.571898,-24.70419,-21.290216,-19.903408,-22.708042,-29.308723,-28.308794,-26.877337,-28.134916,-31.635063,-23.43628,-24.82371,-30.794235,-25.678904,-20.363005,-17.10562,-20.007431,-30.361412,-27.992529,-29.11104,-27.805248,-27.67443,-27.082335,-29.15215,-25.803242,-26.022814,-33.68907,-34.56799,-30.734743,-29.648693,-27.12738,-27.03327,-26.529984,-24.304766,-22.519728,-26.02351,-27.682,-27.510935,-25.635366,-22.50148,-27.3709,-29.187496,-27.751007,-32.056572,-38.185776,-33.929657,-34.86772,-35.611153,-38.161175,-38.55017,-32.014023,-28.313683,-30.52351,-27.197102,-31.556358,-30.88563,-26.482452,-26.439028,-29.222778,-29.711222,-23.400593,-25.028618,-30.633617,-28.316751,-29.047668,-28.095673,-30.199383,-25.06089,-21.223202,-22.080673,-22.753227,-22.571442,-26.829126,-21.40746,-23.249432,-30.276384,-27.135506,-23.771194,-23.73453,-32.723663,-34.370605,-32.572353,-27.082432,-20.62002,-22.032278,-24.018833,-23.929905,-26.411736,-29.462301,-27.888699,-21.133331,-20.829739,-28.370775,-28.580944,-30.41561,-26.38853,-19.840778,-22.59771,-25.614822,-27.847254,-22.695427,-22.286419,-24.974829,-27.328238,-25.009632,-25.05029,-19.786858,-23.199024,-31.669634,-34.795643,-36.127235,-25.605825,-23.915163,-27.85221,-30.579609,-27.607183,-23.985464,-20.746117,-23.182869,-24.625523,-26.355696,-28.796268,-25.840715,-24.061314,-27.098871,-29.38744,-26.454166,-24.037003,-20.044601,-24.411366,-23.771164,-25.430832,-32.03327,-29.92493,-25.54975,-27.27707,-27.382132,-28.519907,-28.778662,-28.648039,-25.45435,-24.087042,-25.186207,-23.247812,-23.076643,-30.768332,-28.760849,-22.119389,-23.403769,-25.8163,-28.848568,-25.653788,-28.179813,-30.937273,-25.006737,-25.965628,-21.879463,-25.156378,-31.5697,-25.120882,-25.506844,-37.186157,-32.43764,-30.048546,-24.669224,-23.990711,-27.35557,-28.731033,-27.509693,-28.728214,-23.511404,-21.52647,-22.249323,-23.784817,-26.365606,-29.732767,-30.680712,-29.752413,-29.980341,-30.505066,-22.714457,-23.046816,-29.016521,-23.15385,-23.465109,-26.450409,-27.89472,-24.179611,-22.100193,-23.585295,-27.527094,-27.147514,-26.258,-30.31291,-33.63221,-29.510767,-30.470924,-29.912567,-30.132168,-31.909779,-26.919552,-30.467468,-22.749897,-24.304043,-34.67585,-24.291208,-17.551067,-21.058693,-33.23402,-31.406462,-26.667662,-25.51836,-20.88092,-17.415928,-21.01781,-23.817852,-23.654182,-24.192501,-30.46737,-29.463926,-31.184048,-29.236353,-33.41144,-29.088715,-30.05858,-27.58145,-23.115097,-19.36417,-21.11765,-30.19064,-33.90171,-32.30067,-25.636913,-25.691456,-26.143969,-24.26857,-24.309055,-25.580688,-26.765001,-20.876629,-21.063051,-20.24797,-25.855026,-24.201895,-21.267038,-20.867949,-25.915394,-22.244934,-26.740765,-32.69481,-22.382448,-21.797985,-31.272017,-28.937452,-26.407766,-24.423546,-26.48383,-24.461632,-29.970531,-30.888985,-26.57103,-23.506899,-25.571922,-30.938326,-32.585907,-38.10544,-31.608847,-29.017326,-28.596786,-28.130844,-25.190945,-22.775665,-22.017014,-22.57824,-24.1989,-19.532686,-22.216242,-26.293879,-26.738901,-28.530949,-23.322983,-25.79068,-26.422764,-23.519691,-21.591995,-26.27172,-26.752033,-28.616589,-32.153423,-25.792618,-26.001646,-30.391144,-31.497833,-31.536268,-29.427097,-30.489738,-27.851192,-29.94608,-32.809322,-27.322893,-23.257254,-23.423672,-29.756847,-29.266169,-25.338627,-31.666601,-29.716467,-23.552479,-24.294353,-30.044903,-27.718464,-24.70599,-25.766254,-27.501453,-29.162842,-22.365145,-26.514503,-25.128044,-20.419552,-22.607552,-21.319092,-22.478092,-24.825676,-23.714104,-19.646008,-24.497406,-28.998165,-26.645119,-21.980928,-24.813877,-24.24612,-24.53447,-24.740446,-21.705223,-21.387257,-24.183268,-25.487091,-27.355793,-28.4875,-29.343018,-27.697514,-22.930004,-24.816526,-24.07182,-23.93734,-22.241024,-22.339554,-23.547947,-22.91159,-23.505651,-25.183346,-25.827942,-24.134026,-27.274326,-26.712536,-24.99207,-25.90216,-24.979147,-23.157078,-23.898762,-20.505089,-21.617943,-19.692059,-19.286213,-21.478207,-27.205372,-23.002201,-23.346258,-28.695547,-29.341911,-24.781357,-23.421951,-28.384377,-29.735039,-27.640356,-27.265678,-30.668524,-27.979404,-24.930286,-26.260054,-30.232428,-32.067207,-30.997335,-28.185692,-23.838097,-28.441015,-19.883747,-19.799084,-23.361877,-19.353088,-21.616653,-24.659775,-29.956654,-27.846357,-25.890766,-25.53584,-27.287252,-29.858665,-21.43802,-22.777916,-27.35337,-22.398735,-24.242687,-24.460598,-23.25626,-27.822403,-34.429832,-26.502459,-21.16998,-23.24737,-27.49406,-29.39968,-29.26635,-29.878815,-27.044304,-25.920214,-21.584637,-21.368114,-20.308407,-23.664938,-23.8224,-24.007418,-29.50281,-31.517946,-25.673157,-25.916029,-19.862896,-18.913242,-23.039845,-27.039698,-25.655178,-25.302225,-26.944103,-26.83757,-23.59668,-21.101112,-23.15649,-25.665665,-25.404018,-28.320871,-33.69275,-29.013435,-29.566675,-31.520674,-23.587206,-25.17498,-24.268412,-25.323078,-30.137613,-27.6888,-25.235584,-28.815002,-23.827843,-23.546406,-28.564625,-24.35295,-20.48579,-25.516216,-27.479622,-25.460743,-26.484222,-26.373228,-26.340075,-23.910656,-18.188303,-16.293606,-18.135235,-25.296162,-29.191067,-30.378567,-25.320251,-23.658318,-25.469439,-23.64542,-24.01274,-32.973526,-23.958527,-20.206429,-24.50634,-25.553616,-28.814432,-29.275345,-24.696537,-29.106512,-32.45882,-32.190952,-26.684835,-24.139643,-26.170357,-23.48737,-24.651733,-27.229935,-29.741386,-28.127092,-29.049644,-24.03098,-26.946272,-28.14129,-23.989681,-23.734924,-23.883879,-24.54895,-27.281199,-31.747437,-31.198383,-34.03876,-26.194654,-26.524315,-25.461788,-23.743793,-22.407879,-23.173088,-26.184404,-29.454773,-29.828835,-26.608997,-23.642277,-26.953636,-29.631815,-23.98728,-27.065804,-27.522942,-23.593975,-23.574352,-31.662167,-36.69911,-27.891989,-30.177172,-32.068024,-32.225822,-27.998384,-24.321331,-24.972595,-24.823542,-28.08755,-24.08251,-26.290289,-27.461311,-26.11546,-29.942177,-29.698294,-24.114082,-19.279057,-23.828688,-27.69495,-29.698385,-40.029022,-53.133854,-53.667595,-53.262135,-54.118324,-52.847748,-52.897156,-54.80004,-53.136345,-49.472397,-59.573723,-80.0,-80.0,-80.0,-80.0,-80.0,-80.0,-80.0,-80.0,-80.0,-80.0,-80.0,-80.0,-80.0,-80.0,-80.0,-80.0,-80.0,-80.0,-80.0,-80.0,-80.0,-80.0,-80.0,-80.0,-80.0,-80.0,-80.0,-80.0,-80.0,-80.0,-80.0,-80.0,-80.0,-80.0,-80.0,-80.0,-80.0,-80.0,-80.0,-80.0,-80.0,-80.0,-80.0,-80.0,-80.0,-80.0,-80.0,-80.0,-80.0,-80.0,-80.0,-80.0,-80.0,-80.0,-80.0,-80.0,-80.0,-80.0,-80.0,-80.0,-80.0,-80.0,-80.0,-80.0,-80.0,-80.0,-80.0,-80.0,-80.0,-80.0,-80.0,-80.0,-80.0,-80.0,-80.0,-80.0,-80.0,-80.0,-80.0,-80.0,-80.0,-80.0,-80.0,-80.0,-80.0,-80.0,-80.0,-80.0,-80.0,-80.0,-80.0,-80.0,-80.0,-80.0
-32.446415,-32.32188,-25.486004,-23.858303,-23.032896,-25.991789,-24.529528,-24.693321,-28.716091,-35.136997,-30.017162,-27.739277,-27.682213,-29.064531,-27.973267,-27.93174,-30.206347,-30.159794,-28.050379,-26.062157,-28.803804,-22.969442,-21.468342,-26.00967,-28.126839,-31.012682,-22.763557,-23.684193,-31.5583,-32.375202,-28.107899,-23.268087,-23.231133,-28.74562,-30.232239,-30.91578,-30.64066,-29.4067,-30.443384,-29.085522,-22.666893,-21.987148,-25.437233,-28.962095,-25.323532,-26.726036,-31.422737,-29.350739,-23.31371,-28.253258,-24.887535,-21.634693,-23.709946,-30.91466,-30.446745,-25.758572,-21.107664,-21.163633,-22.566671,-23.146671,-27.8194,-29.938608,-24.806566,-22.54839,-28.715199,-29.077621,-27.276224,-20.667334,-23.4819,-21.804443,-22.368824,-22.716793,-22.153988,-23.689362,-25.553848,-21.935091,-20.837421,-27.589256,-33.39213,-34.6164,-29.106785,-26.83432,-24.251041,-30.223764,-31.320671,-31.120195,-26.099995,-23.025845,-22.839827,-22.621851,-26.563387,-26.464268,-22.201738,-24.69209,-28.357054,-22.920748,-21.288551,-26.348314,-32.81081,-28.485546,-25.475628,-25.841595,-22.06335,-20.802076,-24.69323,-22.339941,-19.54373,-23.945972,-26.200214,-25.282291,-25.000807,-26.179668,-26.540058,-34.231274,-27.766552,-30.541105,-31.748777,-29.79361,-37.024387,-36.95489,-33.827946,-36.837967,-31.058554,-29.301525,-31.745043,-27.402475,-30.826622,-37.637356,-35.35739,-29.569353,-24.505075,-26.653305,-26.14151,-30.11532,-26.494135,-20.816896,-21.40718,-23.875721,-28.82484,-27.69152,-26.044336,-23.094662,-25.2473,-27.852787,-26.467869,-24.667639,-28.848148,-30.43129,-29.682793,-23.666111,-25.814287,-28.16593,-26.98463,-23.624195,-24.302887,-25.40092,-31.107817,-31.223862,-28.740234,-31.511389,-30.020512,-26.806074,-19.204659,-19.263298,-26.101189,-28.098785,-30.857866,-29.332819,-23.502483,-22.091625,-27.336628,-31.36204,-29.520542,-31.21833,-26.177485,-26.761257,-26.730759,-28.783752,-29.93235,-26.424944,-27.92818,-31.485264,-31.132957,-28.008568,-26.123388,-28.809153,-31.942589,-29.456827,-29.104376,-22.793182,-22.817755,-27.504675,-20.70425,-22.309511,-29.620417,-29.081026,-29.563412,-27.315697,-27.69338,-24.482779,-20.522194,-22.504484,-25.424072,-19.038338,-20.752304,-27.82775,-27.985449,-26.516624,-29.995098,-27.771591,-27.895767,-30.839283,-25.775246,-22.2354,-27.472897,-22.90474,-25.275274,-32.456543,-26.576616,-23.962185,-21.437452,-22.3441,-23.23519,-25.446508,-31.074083,-31.868038,-26.695257,-28.241497,-26.963963,-24.545477,-25.596218,-21.532255,-20.4217,-23.716778,-26.809162,-30.73479,-27.777626,-27.305374,-30.709435,-31.62439,-24.4133,-24.377138,-23.36918,-17.82215,-21.654219,-26.632973,-26.836197,-29.777096,-26.586132,-21.594408,-22.597223,-28.9879,-29.513544,-27.721224,-31.750116,-29.036755,-25.416588,-27.077456,-25.043047,-25.470041,-29.541561,-30.874817,-28.564034,-27.404144,-28.931948,-32.44723,-33.2796,-33.0044,-31.605982,-32.044167,-32.984802,-26.514187,-22.794586,-26.098316,-20.692995,-19.332878,-25.335175,-23.593079,-18.309025,-21.985493,-30.026201,-27.804585,-28.648289,-27.731289,-30.411633,-26.252388,-21.749496,-21.011543,-26.96862,-28.053837,-23.772049,-25.571001,-28.20789,-26.13222,-27.171434,-22.429113,-21.062363,-26.520058,-27.48953,-24.212582,-20.736565,-23.301008,-30.274351,-28.188585,-28.327393,-28.146635,-25.43763,-22.897598,-22.887638,-21.470585,-24.21407,-23.3835,-21.95939,-24.890553,-27.053654,-24.462452,-25.636532,-26.35185,-26.738945,-25.275135,-27.996052,-27.26278,-26.028254,-23.307014,-26.716324,-28.536919,-29.986906,-22.94896,-21.650818,-26.73344,-38.766674,-28.534008,-25.152288,-26.084026,-25.439327,-23.86232,-25.507868,-32.04104,-30.469084,-26.529007,-25.380148,-27.225409,-24.84346,-24.123287,-30.171743,-27.156574,-20.421501,-21.421574,-30.1307,-37.73976,-26.939795,-25.029999,-23.933174,-26.419231,-23.311075,-22.150396,-18.920128,-26.975512,-27.833878,-26.17854,-32.9336,-24.673431,-23.264608,-28.64616,-32.566166,-31.244545,-29.161741,-27.634077,-24.977627,-27.080545,-36.6539,-28.501,-21.864738,-24.681316,-31.254972,-26.361052,-25.118637,-32.134476,-35.091316,-22.54448,-23.350811,-29.657959,-28.851643,-24.594168,-29.043177,-32.30505,-24.819773,-20.26746,-24.357683,-19.819729,-20.911978,-26.284279,-22.463139,-23.087368,-23.534986,-18.635937,-19.135519,-22.024956,-25.599335,-23.211704,-17.649883,-18.481941,-22.225977,-25.364416,-29.512358,-27.35601,-31.653563,-29.708622,-22.630943,-21.054253,-23.856419,-30.192326,-26.513906,-24.279198,-22.728348,-20.484919,-24.667149,-25.034567,-27.967487,-28.530758,-26.227121,-31.158497,-28.84527,-23.476608,-28.053219,-30.927544,-31.699972,-32.506985,-32.027084,-22.622108,-18.370895,-20.814785,-25.12704,-26.473774,-21.293695,-24.856178,-27.099888,-32.640377,-23.81601,-24.085987,-25.864328,-24.948833,-21.159628,-23.175316,-26.768404,-25.484161,-32.7799,-32.035652,-30.307316,-28.922955,-24.40644,-27.454237,-23.770618,-20.216484,-23.86681,-32.107643,-27.54834,-25.10813,-22.440168,-23.469772,-22.403057,-20.153893,-20.73218,-21.616323,-22.228065,-24.1291,-23.0653,-22.227484,-28.585976,-27.844032,-21.889343,-23.393288,-24.2696,-26.399326,-28.510674,-23.98875,-24.076878,-25.837212,-31.947544,-30.978428,-22.34743,-20.707426,-29.712753,-26.216032,-27.576332,-30.958813,-26.609344,-21.859953,-21.89256,-21.078377,-21.068607,-19.803701,-24.685324,-22.709198,-28.141499,-25.41529,-24.874647,-36.75772,-25.569006,-27.7581,-32.988842,-25.813282,-23.30017,-25.394518,-29.487701,-25.58801,-22.647032,-21.185204,-25.36922,-30.887762,-30.649563,-26.843262,-31.10756,-33.20633,-27.351095,-23.245407,-22.935152,-22.32954,-23.514761,-25.503063,-27.416143,-27.14346,-27.660004,-25.628536,-24.687054,-26.131752,-24.656937,-21.309645,-21.139427,-28.752518,-36.576862,-28.160034,-22.944698,-28.616486,-34.496788,-29.830784,-21.40682,-19.80128,-22.290365,-32.106396,-35.0755,-31.424305,-31.685928,-27.580385,-28.123238,-24.87923,-20.756237,-25.625595,-25.63998,-20.02569,-22.176628,-29.817844,-27.55196,-28.851631,-25.42507,-24.647835,-28.738434,-32.585697,-29.333609,-25.573679,-21.389936,-22.718903,-26.117031,-26.330273,-33.551693,-24.775015,-25.84337,-27.0989,-26.62032,-23.867258,-24.36961,-24.007092,-23.438066,-26.88955,-28.31207,-28.579872,-34.00369,-33.635475,-26.471586,-26.66422,-27.761864,-26.343296,-25.050156,-21.856218,-22.027643,-28.331524,-24.386871,-20.547113,-23.697634,-30.934746,-27.839743,-23.271463,-25.020588,-25.790714,-24.806093,-22.66375,-27.187263,-31.997328,-25.633572,-25.512245,-25.051472,-27.615622,-33.150944,-27.033813,-25.591137,-26.967762,-36.502266,-27.92841,-27.233698,-26.688602,-25.923922,-23.927317,-26.090855,-26.1845,-24.068977,-26.708065,-30.614521,-35.33176,-42.874092,-53.392,-51.751682,-51.71223,-51.79219,-52.677433,-52.83436,-51.623314,-47.77783,-47.522087,-59.437283,-80.0,-80.0,-80.0,-80.0,-80.0,-80.0,-80.0,-80.0,-80.0,-80.0,-80.0,-80.0,-80.0,-80.0,-80.0,-80.0,-80.0,-80.0,-80.0,-80.0,-80.0,-80.0,-80.0,-80.0,-80.0,-80.0,-80.0,-80.0,-80.0,-80.0,-80.0,-80.0,-80.0,-80.0,-80.0,-80.0,-80.0,-80.0,-80.0,-80.0,-80.0,-80.0,-80.0,-80.0,-80.0,-80.0,-80.0,-80.0,-80.0,-80.0,-80.0,-80.0,-80.0,-80.0,-80.0,-80.0,-80.0,-80.0,-80.0,-80.0,-80.0,-80.0,-80.0,-80.0,-80.0,-80.0,-80.0,-80.0,-80.0,-80.0,-80.0,-80.0,-80.0,-80.0,-80.0,-80.0,-80.0,-80.0,-80.0,-80.0,-80.0,-80.0,-80.0,-80.0,-80.0,-80.0,-80.0,-80.0,-80.0,-80.0,-80.0,-80.0,-80.0,-80.0
-27.254803,-23.928375,-23.579435,-28.070963,-26.088041,-25.03859,-24.043318,-24.53983,-27.545082,-33.19837,-30.704742,-27.87286,-29.230083,-24.734999,-23.897354,-28.99799,-30.35308,-30.138739,-28.20536,-27.428537,-26.89595,-25.928566,-23.87074,-25.97163,-27.010887,-32.157063,-23.606144,-27.486029,-31.56165,-29.081907,-23.936617,-24.325348,-25.08527,-28.045464,-27.429941,-26.10313,-30.089916,-27.862492,-28.0425,-23.745611,-21.045935,-21.460833,-29.663595,-28.471697,-24.797844,-27.366219,-24.687523,-22.768478,-20.201023,-23.857477,-30.153961,-27.018375,-27.35485,-28.329453,-28.057547,-23.541435,-23.628428,-19.964119,-21.6193,-23.990242,-26.990719,-22.95551,-21.31185,-20.255533,-25.629423,-31.763409,-30.18362,-22.039263,-22.96484,-22.104458,-21.616108,-27.721272,-29.873959,-31.402845,-32.727478,-22.634577,-21.876,-28.920395,-30.40001,-30.246054,-25.410069,-24.239689,-23.771767,-30.37683,-34.287228,-29.71121,-28.555428,-26.132475,-25.292545,-24.807554,-29.048954,-26.299995,-25.016302,-25.13001,-25.593924,-27.010832,-21.90901,-23.078943,-23.317038,-23.58398,-21.37165,-26.579037,-25.122864,-19.65059,-21.376345,-28.029652,-23.943787,-22.824703,-26.520092,-27.28859,-27.101276,-26.975296,-30.382677,-35.36289,-32.34684,-30.763119,-29.122118,-27.547047,-36.363792,-33.04889,-30.751759,-37.987164,-37.906162,-36.603973,-35.012146,-28.790535,-29.276148,-39.881943,-39.68012,-34.415943,-26.250095,-28.580723,-28.369572,-31.281818,-28.217651,-21.83656,-22.808462,-26.433971,-31.684015,-28.629152,-25.272459,-26.232796,-28.514011,-26.01882,-24.16967,-26.231457,-29.432758,-33.088364,-24.490337,-21.77005,-27.07471,-29.608633,-29.11054,-22.90863,-27.00239,-31.015472,-33.2929,-34.05135,-27.595322,-27.586662,-29.351604,-26.91022,-25.5867,-25.497458,-33.308495,-33.62856,-36.066044,-37.213345,-28.215424,-25.72649,-25.561909,-28.474184,-32.43084,-29.481861,-22.956747,-25.86389,-27.930794,-27.808376,-28.464327,-28.82745,-26.58154,-29.84896,-28.154993,-25.643875,-28.44743,-28.385366,-28.488602,-23.583584,-24.92606,-24.17196,-22.587467,-24.315048,-23.372437,-22.080233,-28.391886,-29.982779,-30.822872,-24.688522,-24.862656,-24.329723,-26.411242,-27.235867,-23.945532,-19.804817,-17.344776,-22.850357,-29.44717,-27.474857,-29.24121,-23.615433,-22.96803,-28.133936,-27.017439,-24.065313,-21.667952,-24.516884,-31.645647,-30.919746,-27.265368,-28.625805,-23.188808,-23.950176,-25.610924,-28.616592,-27.205805,-26.342741,-30.102411,-30.02908,-29.254951,-29.706938,-25.435524,-26.668797,-18.910357,-18.011183,-24.13665,-29.17364,-27.550068,-25.236158,-27.712475,-25.256037,-22.783867,-26.376518,-24.142275,-18.032043,-20.810762,-27.497087,-26.600458,-27.583038,-26.882828,-19.52427,-21.125002,-26.014874,-25.982853,-31.889658,-31.080692,-27.953077,-20.066175,-19.760319,-25.486233,-24.085415,-24.046553,-27.128962,-28.182049,-27.895844,-26.59288,-29.92953,-28.91121,-25.329567,-28.113619,-35.213734,-27.561476,-26.835384,-24.172358,-24.722296,-21.52184,-20.526173,-23.459814,-27.13917,-22.786142,-24.070538,-21.434402,-23.92656,-25.837738,-23.348927,-25.354734,-27.385887,-20.762259,-18.288479,-23.391678,-26.91701,-21.36507,-19.59306,-25.028234,-29.62402,-29.186096,-22.360504,-19.62891,-24.672531,-22.735647,-22.530045,-21.998758,-24.52272,-22.153488,-21.348124,-24.332447,-25.905952,-25.123753,-27.475708,-29.846146,-23.712076,-23.999012,-27.054453,-22.474953,-22.006748,-21.930748,-24.239063,-27.006516,-24.188728,-23.786911,-22.130154,-23.143309,-23.160467,-25.364075,-26.064024,-29.034786,-28.821636,-24.841112,-22.06707,-22.832058,-27.49276,-32.80733,-27.039944,-24.642542,-28.264565,-26.82078,-24.49619,-26.181183,-26.342144,-20.91039,-17.998117,-19.246996,-22.13992,-27.422329,-30.14394,-29.747768,-31.386642,-25.265669,-27.630682,-27.48677,-30.05796,-22.84753,-17.526281,-20.382652,-22.311768,-20.737574,-20.244835,-18.566235,-23.272062,-28.490437,-29.088833,-27.742268,-28.229511,-28.229301,-30.58658,-33.970917,-31.27905,-30.376595,-28.65246,-28.771696,-27.13523,-34.354794,-31.96121,-24.153217,-25.164288,-27.100924,-29.37532,-27.254818,-30.262075,-28.436522,-24.346397,-20.117645,-22.028603,-23.442295,-21.904396,-23.624844,-33.052643,-23.513165,-20.665276,-20.157581,-20.353506,-24.773144,-31.142057,-25.109114,-22.407768,-23.701101,-20.946276,-26.297182,-26.627546,-28.708021,-22.762573,-22.347887,-22.116571,-29.2492,-34.493275,-28.707561,-26.545189,-30.546839,-24.230404,-22.239223,-22.771381,-26.378407,-30.711128,-30.681774,-29.117231,-21.547916,-20.526701,-23.290909,-28.579676,-29.660328,-33.654705,-29.3723,-30.465446,-31.885883,-27.91504,-30.009365,-32.68902,-29.267624,-25.790071,-25.526049,-23.143625,-19.774231,-22.80841,-22.5222,-24.48841,-24.848963,-25.497581,-30.77449,-29.495832,-22.890606,-20.447536,-25.679699,-27.593143,-25.020212,-28.152771,-24.414003,-20.127316,-24.099703,-31.039005,-24.183964,-23.369005,-24.31422,-24.828884,-21.477139,-18.190975,-22.71446,-31.096865,-33.700386,-23.906479,-26.481487,-30.09451,-25.908691,-25.476023,-23.581675,-25.188847,-23.228228,-26.327496,-25.61082,-28.535269,-32.631626,-32.375668,-27.222466,-26.850777,-26.024223,-29.771957,-26.307745,-24.74635,-25.831535,-22.803236,-27.926552,-26.731201,-23.054064,-23.227493,-27.774342,-22.03768,-24.325775,-28.711508,-23.629822,-18.889254,-21.491756,-28.412638,-29.517286,-22.818987,-23.586662,-25.17427,-27.81933,-23.854893,-23.359476,-32.45741,-31.54928,-34.329735,-37.98662,-29.54319,-23.97947,-24.736801,-25.73681,-29.458183,-28.974537,-28.675209,-30.200867,-29.923384,-28.762209,-24.907745,-30.048382,-29.668072,-24.844418,-24.878021,-30.252731,-24.993282,-19.480934,-21.417225,-28.575333,-31.494602,-28.446625,-26.189568,-26.450367,-26.376867,-27.26495,-21.68761,-23.325096,-25.631687,-30.563164,-25.36269,-23.621222,-27.279926,-29.686932,-30.542713,-29.878742,-31.265753,-29.573448,-40.18537,-31.557627,-30.500347,-30.742739,-33.910973,-32.610832,-26.879168,-20.42366,-23.167662,-26.728416,-26.33382,-25.171528,-29.361008,-24.414043,-24.715002,-24.707668,-25.175745,-28.15057,-31.15165,-29.50445,-23.436188,-24.936012,-24.934393,-23.950539,-23.325531,-28.145813,-24.528383,-27.665213,-30.561937,-24.577497,-21.259232,-24.710882,-21.394348,-21.204327,-25.112297,-21.765423,-24.010689,-32.02469,-30.583094,-31.822577,-29.901993,-26.350624,-22.389303,-19.581308,-21.83804,-22.915085,-31.164066,-22.783916,-22.78473,-31.07071,-29.15523,-27.455654,-25.71099,-30.25799,-25.073612,-21.462173,-24.745752,-28.9686,-30.248016,-24.751045,-22.828556,-24.716002,-31.512066,-35.481735,-28.778194,-25.393785,-26.958942,-34.37923,-32.27946,-34.26766,-27.878101,-21.44365,-23.898296,-27.820387,-26.00901,-25.38798,-27.075119,-27.512907,-29.453068,-40.56412,-52.46134,-51.985275,-51.406265,-52.429268,-51.761578,-51.89532,-51.89208,-44.879105,-45.760777,-59.080875,-80.0,-80.0,-80.0,-80.0,-80.0,-80.0,-80.0,-80.0,-80.0,-80.0,-80.0,-80.0,-80.0,-80.0,-80.0,-80.0,-80.0,-80.0,-80.0,-80.0,-80.0,-80.0,-80.0,-80.0,-80.0,-80.0,-80.0,-80.0,-80.0,-80.0,-80.0,-80.0,-80.0,-80.0,-80.0,-80.0,-80.0,-80.0,-80.0,-80.0,-80.0,-80.0,-80.0,-80.0,-80.0,-80.0,-80.0,-80.0,-80.0,-80.0,-80.0,-80.0,-80.0,-80.0,-80.0,-80.0,-80.0,-80.0,-80.0,-80.0,-80.0,-80.0,-80.0,-80.0,-80.0,-80.0,-80.0,-80.0,-80.0,-80.0,-80.0,-80.0,-80.0,-80.0,-80.0,-80.0,-80.0,-80.0,-80.0,-80.0,-80.0,-80.0,-80.0,-80.0,-80.0,-80.0,-80.0,-80.0,-80.0,-80.0,-80.0,-80.0,-80.0,-80.0
-28.087967,-23.019588,-27.761417,-31.130322,-27.54403,-25.855553,-23.44033,-22.420444,-20.646776,-22.846981,-25.284473,-24.760948,-28.731516,-30.78849,-28.214079,-32.255795,-30.10042,-23.10323,-22.152035,-27.741344,-30.592455,-26.969843,-26.52843,-25.72984,-23.915026,-24.46827,-25.755438,-26.532547,-26.957825,-30.092615,-24.892084,-24.97994,-24.62374,-23.03756,-22.076416,-24.5268,-30.522865,-29.86662,-36.556126,-25.336624,-24.456177,-21.754192,-26.097881,-24.294724,-26.238022,-27.025087,-20.619324,-22.3781,-23.475063,-26.772373,-30.002466,-38.9595,-37.724632,-34.006393,-26.829632,-22.090553,-22.504292,-21.828686,-28.495253,-28.840033,-24.650661,-18.934155,-21.916649,-23.933678,-25.198269,-29.54271,-24.083174,-20.896738,-21.72927,-20.631847,-26.546116,-26.829617,-22.373777,-23.193947,-28.62878,-23.922161,-24.792866,-33.588287,-36.590855,-32.403362,-27.394749,-28.448528,-22.912434,-23.80038,-22.610115,-21.206825,-22.63374,-21.76885,-23.061348,-32.63169,-26.64136,-24.387638,-26.467716,-25.57082,-27.613293,-26.73625,-24.951817,-21.63687,-21.79242,-20.114939,-21.65023,-23.15168,-23.75959,-19.690006,-19.920984,-27.876844,-28.814713,-24.514114,-25.699303,-24.536112,-26.927027,-24.898094,-27.628445,-37.017254,-36.49802,-30.964231,-29.750004,-29.841892,-29.627155,-33.192486,-31.354992,-38.819195,-34.69485,-29.146404,-31.271004,-35.386074,-32.007076,-34.78118,-32.40663,-31.018621,-31.092161,-25.938038,-26.735401,-27.273804,-26.593658,-23.989895,-25.644344,-28.177906,-36.98492,-30.303738,-24.525257,-29.143572,-30.856815,-25.070217,-23.637827,-29.034424,-24.44592,-25.774643,-20.878693,-22.461021,-28.909798,-32.782177,-31.5799,-24.963058,-25.334652,-26.997961,-30.229048,-33.399624,-26.67683,-27.174498,-30.426243,-34.702847,-29.264555,-25.246729,-28.146202,-33.06274,-36.090073,-32.588367,-24.629639,-25.05964,-23.931873,-22.259422,-29.353449,-26.977867,-24.46698,-28.499521,-22.949566,-25.182917,-27.226265,-26.603941,-20.851326,-23.866514,-27.264643,-21.938347,-25.313969,-28.342846,-25.514875,-20.615591,-20.1003,-29.317766,-26.518623,-27.556576,-22.592112,-23.976215,-22.77898,-21.220242,-22.573069,-24.322514,-27.162148,-30.716722,-27.80035,-25.641039,-23.176619,-21.720934,-21.238499,-25.564026,-26.231773,-30.3333,-25.038986,-25.254726,-25.734861,-28.203773,-29.562841,-24.42935,-20.98056,-28.614998,-31.584986,-25.509998,-22.528708,-21.748413,-18.733498,-21.26214,-25.839943,-25.369873,-27.54913,-23.50335,-26.330544,-26.888332,-25.859383,-26.145533,-31.108078,-26.914982,-23.01629,-20.163975,-23.79946,-23.316063,-26.358046,-27.939342,-27.346853,-23.869041,-27.246017,-26.354586,-22.14775,-24.004326,-21.279263,-26.310392,-26.001312,-25.465515,-27.276955,-25.511301,-22.973854,-24.432335,-24.12299,-25.398247,-26.7811,-26.151136,-22.359432,-19.99416,-24.204582,-19.903046,-20.350527,-24.840607,-31.492325,-29.671268,-28.952236,-28.449703,-24.166172,-26.27272,-28.322588,-26.890247,-21.96936,-21.231197,-26.764746,-22.976768,-22.808865,-26.29211,-23.543972,-21.491318,-20.775211,-23.005867,-20.945505,-24.256018,-25.695885,-20.59606,-22.62597,-23.275036,-21.585613,-19.041348,-22.818375,-24.48364,-23.483002,-21.953524,-22.753033,-28.22816,-33.10917,-24.677097,-24.081835,-26.007538,-23.741943,-21.884315,-21.940634,-26.116684,-24.367569,-23.363262,-26.729393,-27.436733,-22.218407,-23.28741,-28.611961,-27.500446,-31.908127,-27.316048,-24.384544,-22.436516,-18.894688,-26.336506,-31.360544,-25.319517,-26.110718,-23.622446,-26.944016,-23.902946,-21.578264,-24.168736,-29.95142,-31.547812,-24.87064,-23.01644,-23.946241,-25.579077,-23.704834,-22.573864,-24.051779,-27.81194,-27.68399,-30.143692,-26.343195,-23.737051,-18.203026,-18.972319,-22.366264,-24.687544,-33.728603,-29.457365,-26.552315,-32.13565,-30.909449,-28.739054,-22.891897,-24.828766,-23.758156,-18.075884,-18.910885,-25.014513,-25.295605,-24.271437,-25.760515,-25.616787,-28.126072,-30.17014,-32.350807,-27.109365,-29.815731,-38.435345,-33.52744,-28.925556,-30.855564,-28.835861,-32.472313,-29.79448,-27.117271,-29.62543,-28.95808,-25.703861,-28.408787,-29.341251,-30.026554,-24.7836,-27.731062,-26.515627,-21.314137,-24.844473,-28.879768,-27.93138,-22.910872,-23.253628,-23.80439,-30.335485,-27.678955,-25.957184,-27.66333,-31.686466,-26.581627,-22.36887,-24.596588,-25.725552,-27.172356,-24.280407,-26.685343,-25.354298,-33.512825,-28.269506,-25.093864,-26.150906,-27.278656,-29.29329,-25.301609,-21.323298,-23.095507,-25.268948,-26.454113,-27.226873,-28.140884,-27.10939,-27.354996,-28.960117,-24.04815,-23.391443,-30.375023,-33.329037,-28.919231,-31.2047,-32.596,-29.578663,-29.03115,-30.5229,-27.831207,-27.010168,-24.940334,-26.642654,-26.559406,-26.555416,-25.006622,-24.023037,-30.219635,-26.707817,-30.919573,-26.263966,-24.035542,-22.27671,-26.53469,-27.356796,-26.936281,-25.54615,-22.672733,-22.143549,-23.350851,-27.855858,-25.115673,-21.101707,-26.714893,-28.393158,-25.782661,-23.215904,-26.864841,-26.154373,-27.844212,-27.792187,-28.331228,-30.227201,-29.814108,-25.669853,-24.610874,-25.953922,-28.554668,-28.150425,-30.270298,-32.564713,-27.48056,-28.213398,-27.321932,-26.371565,-27.48806,-28.790552,-30.738562,-33.976387,-27.6116,-21.0032,-21.495972,-25.89796,-27.330936,-30.512989,-32.856525,-23.887318,-20.702473,-24.580288,-19.209538,-16.353857,-20.02425,-28.856018,-33.08368,-25.774342,-27.624392,-25.752647,-23.866072,-23.18372,-27.454023,-28.54385,-30.96146,-30.631655,-30.628729,-31.05938,-23.371553,-24.39642,-26.049149,-29.510395,-25.31469,-26.024418,-32.385418,-26.564817,-22.832863,-21.172808,-20.615452,-21.825293,-21.328362,-27.058142,-30.39838,-23.33385,-20.017523,-24.336342,-25.63694,-27.356617,-30.373556,-31.728456,-31.936071,-31.229183,-24.183628,-22.876652,-20.003475,-23.277319,-30.63084,-25.948854,-23.388266,-26.394768,-26.059925,-21.898186,-23.583977,-30.556637,-31.562098,-32.685184,-25.690945,-27.2608,-30.010447,-32.85963,-32.96305,-22.095715,-19.546202,-22.23938,-24.27431,-27.20119,-25.283272,-29.894386,-28.07407,-25.98148,-22.933306,-24.888847,-22.109118,-21.215416,-22.68524,-26.26792,-22.486477,-21.132744,-21.947685,-28.087234,-22.54242,-20.678875,-26.154947,-28.447727,-25.382729,-25.7035,-29.76434,-21.843124,-21.885262,-25.057323,-19.994911,-23.789116,-26.072796,-31.997889,-31.371925,-27.72025,-25.077486,-25.779757,-20.877018,-18.924217,-22.49446,-29.575104,-25.248741,-23.473904,-27.453184,-30.050323,-21.56417,-21.430782,-32.291195,-31.284243,-26.675873,-24.979015,-28.367258,-26.795155,-28.665972,-32.943497,-32.586323,-30.018696,-25.552502,-28.154686,-30.549662,-29.756245,-35.80998,-34.33155,-28.608261,-26.318235,-25.608059,-24.948269,-29.355564,-29.213905,-28.347551,-31.87466,-27.685549,-30.729614,-44.532303,-49.798656,-49.6052,-49.431168,-49.832283,-49.464996,-49.522774,-50.000546,-48.049698,-47.484543,-58.00911,-80.0,-80.0,-80.0,-80.0,-80.0,-80.0,-80.0,-80.0,-80.0,-80.0,-80.0,-80.0,-80.0,-80.0,-80.0,-80.0,-80.0,-80.0,-80.0,-80.0,-80.0,-80.0,-80.0,-80.0,-80.0,-80.0,-80.0,-80.0,-80.0,-80.0,-80.0,-80.0,-80.0,-80.0,-80.0,-80.0,-80.0,-80.0,-80.0,-80.0,-80.0,-80.0,-80.0,-80.0,-80.0,-80.0,-80.0,-80.0,-80.0,-80.0,-80.0,-80.0,-80.0,-80.0,-80.0,-80.0,-80.0,-80.0,-80.0,-80.0,-80.0,-80.0,-80.0,-80.0,-80.0,-80.0,-80.0,-80.0,-80.0,-80.0,-80.0,-80.0,-80.0,-80.0,-80.0,-80.0,-80.0,-80.0,-80.0,-80.0,-80.0,-80.0,-80.0,-80.0,-80.0,-80.0,-80.0,-80.0,-80.0,-80.0,-80.0,-80.0,-80.0,-80.0
-36.38607,-27.435879,-27.400303,-27.79737,-30.876127,-25.839577,-24.784601,-26.747108,-24.662468,-26.3951,-26.265799,-27.834652,-33.556427,-33.491013,-29.029373,-32.04528,-29.700874,-25.559025,-25.068764,-22.965334,-24.417534,-25.905655,-25.703953,-27.395634,-26.312881,-25.691383,-32.2277,-29.575825,-26.30207,-26.765106,-30.062782,-28.533115,-26.199492,-22.943424,-24.19106,-25.624786,-31.669052,-34.157368,-34.959328,-29.450348,-25.546185,-22.309002,-21.904589,-23.612232,-30.13882,-25.531448,-25.521566,-24.750362,-24.840168,-22.727879,-28.190096,-32.566868,-26.812038,-27.394976,-31.721416,-27.519918,-32.786655,-27.964468,-24.969788,-24.701937,-27.779037,-22.126245,-21.237183,-23.00014,-22.182928,-24.73154,-21.762856,-22.80105,-24.756065,-23.209232,-31.766985,-26.684467,-18.833933,-22.401937,-29.084572,-28.378262,-28.815014,-29.123388,-29.623577,-35.708138,-34.76403,-29.740095,-26.465244,-28.613064,-22.167606,-23.891373,-24.828194,-21.934355,-20.429195,-28.277847,-22.102558,-23.842466,-26.51453,-24.58389,-27.402729,-26.33085,-24.220867,-24.594755,-26.221844,-26.301838,-25.522678,-20.875748,-20.979618,-23.092415,-22.792805,-25.979496,-27.371864,-27.129566,-25.65035,-26.405968,-30.194344,-26.939508,-28.057869,-33.360397,-35.720318,-30.847187,-31.722366,-29.266457,-25.43371,-28.758783,-37.918533,-41.355396,-36.933826,-28.931974,-30.62127,-36.928814,-32.19415,-29.456213,-26.205885,-31.04343,-29.508326,-25.193611,-27.885782,-28.379076,-26.565847,-28.14307,-28.16844,-29.69879,-36.88371,-29.479918,-25.6363,-31.268173,-28.950909,-25.287487,-25.039062,-23.162123,-19.166409,-19.579018,-19.916868,-25.140232,-30.41096,-30.893414,-27.994473,-23.539791,-24.8926,-26.873356,-33.983437,-28.014317,-24.368835,-29.26068,-31.035095,-28.43714,-27.49609,-22.760126,-22.493351,-23.923933,-28.49781,-26.409151,-24.598604,-28.435081,-23.430405,-22.961918,-30.394258,-30.492962,-31.80639,-29.80534,-22.240936,-23.483912,-23.116138,-23.75092,-22.167883,-21.470882,-24.528164,-22.95166,-31.111923,-35.24514,-31.002466,-23.741405,-20.050098,-24.083584,-28.37347,-27.450506,-22.742067,-24.4128,-24.769695,-22.752285,-26.387962,-32.6676,-29.593756,-28.819864,-28.015692,-29.432034,-27.213305,-25.006256,-26.11024,-23.073847,-24.732658,-27.824749,-23.49941,-25.94855,-30.233604,-31.905073,-27.193108,-24.361301,-22.780148,-31.555191,-32.978294,-27.069551,-26.357315,-21.44577,-19.346682,-27.886639,-26.864481,-24.207561,-27.328041,-27.487206,-32.319633,-33.881653,-32.838932,-30.740091,-33.31489,-27.314016,-26.67426,-22.755184,-22.522076,-19.893911,-21.949635,-26.520428,-24.964622,-28.731659,-28.895002,-26.585175,-24.742416,-26.28947,-24.515621,-29.268803,-29.322496,-26.339993,-31.667233,-27.921185,-29.143019,-30.459518,-27.102516,-27.946503,-24.028358,-21.974533,-24.675951,-20.226154,-21.185904,-24.700232,-24.832045,-25.220673,-29.653503,-31.844097,-30.069414,-24.64968,-22.402975,-23.89884,-23.376965,-21.872082,-21.109766,-18.561752,-21.669712,-28.308273,-25.981533,-24.924644,-24.180412,-19.841679,-18.30276,-22.491802,-22.949047,-27.654264,-30.631538,-24.707718,-28.057251,-28.200075,-25.666933,-19.79836,-22.270401,-29.91991,-30.333107,-31.258152,-24.891975,-22.556389,-24.421112,-28.980083,-32.789818,-25.01125,-23.039364,-25.917126,-25.898306,-29.792408,-34.0847,-29.251226,-26.861507,-25.963787,-21.60855,-24.507782,-26.98775,-28.265852,-28.686132,-30.816298,-29.798079,-24.300581,-19.357548,-25.263754,-29.700474,-26.843086,-26.606474,-27.640451,-27.381893,-27.389038,-25.834333,-29.640553,-29.27117,-32.966244,-31.018564,-25.885143,-23.798765,-29.631138,-21.906979,-24.309761,-26.174648,-26.688211,-27.020954,-25.391949,-21.779808,-21.212729,-21.328043,-26.15956,-24.73325,-25.984066,-28.931534,-22.365189,-23.947613,-27.031937,-28.009418,-24.33821,-22.073282,-24.750092,-28.778496,-27.012596,-25.729607,-25.266426,-22.608023,-20.769215,-24.149311,-28.60742,-32.98285,-25.543316,-27.795595,-26.395605,-27.3625,-29.999016,-31.714626,-31.768606,-28.087646,-31.840523,-32.28022,-35.667957,-27.077389,-27.02362,-29.776516,-29.192719,-31.354553,-24.731972,-24.096277,-24.672485,-20.531927,-24.379425,-20.691437,-22.073917,-26.81074,-32.0677,-29.609432,-24.757923,-24.206326,-24.345903,-22.540651,-25.285528,-26.638062,-33.241364,-34.298847,-30.534203,-27.750326,-27.117184,-27.609163,-23.303795,-22.466497,-22.910522,-28.009491,-30.0127,-28.226078,-25.140766,-27.339022,-25.25998,-22.544638,-24.604336,-26.403915,-29.727905,-30.91528,-28.507282,-25.287872,-26.719038,-26.33466,-28.383598,-23.566437,-24.732681,-31.534653,-25.098476,-23.691387,-28.993553,-27.325375,-22.047585,-25.559103,-30.854233,-34.33924,-34.29088,-29.955725,-24.816902,-23.414692,-22.910889,-23.45171,-23.685555,-31.088753,-33.53029,-30.18697,-22.925627,-20.748981,-24.464787,-26.784899,-27.444706,-24.772823,-25.245285,-22.103182,-21.175451,-24.059074,-28.509434,-22.044144,-18.488487,-23.04654,-29.075462,-30.023474,-30.467464,-23.87016,-25.386574,-26.758028,-28.594234,-28.61126,-30.667103,-29.473993,-24.699192,-23.408276,-21.383965,-24.398594,-30.633137,-30.071663,-31.22374,-25.491226,-25.447186,-23.115362,-23.772072,-25.580326,-29.754646,-28.217875,-29.012806,-27.720062,-23.862904,-23.728283,-22.39461,-28.924335,-28.176136,-27.893158,-28.047081,-22.976025,-28.333986,-25.248367,-22.486061,-26.420134,-24.893452,-25.743782,-24.509754,-27.775452,-23.846758,-25.740135,-27.806458,-27.835312,-24.069351,-21.432838,-23.046791,-30.582603,-28.791706,-26.143658,-30.39397,-29.504482,-36.249355,-27.460365,-28.625458,-29.85619,-28.051306,-26.310116,-27.284885,-23.051632,-18.917809,-19.876223,-21.881905,-24.674318,-29.969997,-28.711235,-27.932386,-27.38385,-32.20721,-29.652275,-33.01994,-36.141663,-28.317032,-25.02034,-20.639687,-22.120903,-30.333824,-25.606007,-24.028976,-23.281101,-23.33544,-24.416845,-22.165264,-24.81192,-33.206787,-29.032341,-24.805649,-23.46581,-27.402187,-32.61291,-29.765722,-22.904778,-21.83929,-22.115952,-21.456661,-24.378618,-30.132654,-25.908113,-29.304111,-36.13548,-25.54373,-22.269674,-25.33141,-27.679367,-20.68512,-20.960981,-24.811687,-27.35408,-26.6525,-22.093075,-23.261038,-22.469387,-19.79369,-20.002804,-26.06133,-25.016127,-32.77235,-31.59097,-22.84488,-19.122263,-22.158245,-23.574963,-21.39389,-24.942688,-31.484936,-30.309685,-28.344639,-27.73706,-24.228027,-24.8917,-26.231949,-24.999027,-26.634968,-27.407942,-26.793854,-33.06848,-27.62725,-21.556835,-19.767841,-27.03157,-31.819988,-33.21278,-33.169983,-30.78224,-24.593472,-26.677887,-32.152935,-33.66395,-28.137638,-23.969698,-29.622904,-31.279362,-25.886688,-28.338291,-28.701973,-29.280031,-30.365797,-28.503674,-31.958721,-33.23123,-31.86277,-30.389893,-27.182667,-26.804195,-35.283997,-41.598694,-48.258812,-47.139786,-47.12381,-47.199265,-47.742523,-47.85113,-47.26425,-47.26774,-46.720333,-57.20014,-80.0,-80.0,-80.0,-80.0,-80.0,-80.0,-80.0,-80.0,-80.0,-80.0,-80.0,-80.0,-80.0,-80.0,-80.0,-80.0,-80.0,-80.0,-80.0,-80.0,-80.0,-80.0,-80.0,-80.0,-80.0,-80.0,-80.0,-80.0,-80.0,-80.0,-80.0,-80.0,-80.0,-80.0,-80.0,-80.0,-80.0,-80.0,-80.0,-80.0,-80.0,-80.0,-80.0,-80.0,-80.0,-80.0,-80.0,-80.0,-80.0,-80.0,-80.0,-80.0,-80.0,-80.0,-80.0,-80.0,-80.0,-80.0,-80.0,-80.0,-80.0,-80.0,-80.0,-80.0,-80.0,-80.0,-80.0,-80.0,-80.0,-80.0,-80.0,-80.0,-80.0,-80.0,-80.0,-80.0,-80.0,-80.0,-80.0,-80.0,-80.0,-80.0,-80.0,-80.0,-80.0,-80.0,-80.0,-80.0,-80.0,-80.0,-80.0,-80.0,-80.0,-80.0
-34.20298,-32.433945,-27.142273,-30.365894,-31.134182,-27.730055,-27.74448,-33.543427,-32.72586,-27.928293,-28.151382,-29.743816,-32.125584,-36.44768,-28.260492,-24.992744,-27.739834,-29.49561,-29.611107,-24.158005,-27.988754,-32.737095,-32.424747,-26.33801,-26.556948,-32.6427,-29.582602,-25.353577,-25.419376,-26.872005,-25.442373,-26.802898,-22.23793,-19.142376,-23.002878,-26.030357,-33.649147,-31.785986,-33.53526,-32.12894,-29.752674,-26.588627,-21.11427,-24.614218,-29.503424,-22.314405,-23.860085,-24.367981,-21.127235,-19.486732,-26.700825,-24.512302,-20.721119,-25.130777,-30.310497,-29.054272,-25.592918,-26.407442,-23.76088,-25.53538,-29.043785,-26.930592,-27.951824,-25.607592,-22.755161,-26.3456,-25.662237,-24.467194,-23.61848,-26.334326,-35.990288,-24.012594,-18.340149,-22.859192,-30.169348,-32.602306,-33.253166,-29.701195,-24.058157,-26.626923,-35.137287,-33.144894,-33.817883,-34.88562,-26.42508,-25.967165,-25.285374,-23.508482,-20.588951,-22.28029,-21.55054,-23.075172,-23.680325,-24.151402,-23.849691,-23.021517,-27.452126,-23.322403,-23.032112,-29.182451,-30.458954,-20.902351,-20.920914,-29.604382,-26.94862,-27.876291,-26.22049,-23.698555,-27.206451,-31.16024,-30.862585,-30.789185,-30.318281,-27.47335,-26.435024,-26.050821,-28.576704,-31.702461,-24.78769,-28.054794,-43.3474,-45.93606,-40.41965,-30.78553,-30.850235,-31.182148,-29.327414,-28.345827,-25.428518,-31.718954,-29.682943,-21.648802,-24.66644,-26.876425,-26.369907,-24.806316,-23.475895,-26.380602,-29.532272,-24.322117,-28.27385,-31.644272,-33.328907,-29.590332,-28.407673,-24.010586,-22.14362,-19.732359,-23.497917,-24.505375,-30.935047,-36.645515,-28.877874,-27.103012,-23.571356,-27.325405,-28.400158,-19.757107,-19.116524,-27.446697,-29.648666,-28.245481,-21.966347,-20.835411,-22.84477,-21.975845,-28.95438,-24.063908,-25.040306,-23.53627,-26.826153,-24.490665,-27.981625,-28.436836,-25.569168,-23.592625,-21.222113,-27.168087,-23.350464,-20.362518,-20.759459,-21.828896,-29.850494,-25.419529,-23.50637,-24.804718,-24.752987,-26.658482,-24.501354,-24.32705,-32.106716,-33.007587,-29.142706,-31.06805,-32.998295,-26.083027,-25.753126,-28.071604,-24.975552,-30.733969,-28.768744,-30.671953,-27.98553,-24.552557,-25.48004,-24.694641,-28.199923,-29.402359,-28.057425,-26.76971,-29.913874,-34.309303,-27.716934,-20.028439,-20.129192,-25.374744,-24.591244,-27.545708,-31.161165,-23.82751,-22.218082,-31.09746,-28.1853,-26.566463,-28.349277,-25.053406,-27.059399,-29.062033,-26.561508,-29.803219,-26.88204,-28.014866,-31.124695,-27.302292,-29.150173,-19.948063,-20.534985,-26.479393,-28.956665,-27.5015,-23.72525,-23.832775,-24.585293,-24.942215,-24.351482,-24.82994,-23.009518,-23.9986,-28.632042,-30.349236,-32.7983,-31.36475,-23.189404,-21.369032,-20.040997,-24.349327,-27.383348,-22.52013,-24.118694,-21.02134,-20.957556,-25.524628,-29.365831,-28.754284,-30.9599,-30.016085,-24.143297,-24.865536,-24.714691,-26.655539,-27.374048,-20.386086,-23.911669,-25.607546,-29.16178,-25.550129,-27.334229,-21.875645,-23.855118,-24.234238,-26.81572,-27.312975,-33.245167,-27.995947,-25.464169,-28.43755,-28.779564,-24.68882,-27.492718,-32.62387,-28.51485,-27.798166,-24.422882,-22.150734,-20.61811,-24.757578,-28.73462,-24.477932,-19.910755,-21.702461,-27.065298,-25.847534,-27.743927,-28.760632,-30.930895,-27.345827,-25.32505,-24.99485,-23.93047,-26.602154,-27.094475,-25.76147,-28.218851,-23.504696,-21.626146,-22.013958,-25.10028,-28.681198,-29.386694,-25.692114,-24.064865,-22.585363,-28.814224,-28.212616,-26.336308,-28.21117,-28.899231,-29.948555,-28.209335,-32.938164,-21.933327,-18.750324,-20.423428,-20.221876,-22.735409,-21.129646,-21.030342,-28.4599,-29.215765,-40.917267,-27.463718,-27.96914,-23.46458,-20.059052,-21.373348,-25.62822,-28.047441,-25.301346,-26.88661,-28.803818,-25.637665,-29.592564,-28.226494,-31.990389,-24.660843,-18.992153,-20.712793,-26.096169,-23.159576,-21.808443,-21.903042,-26.673206,-29.920084,-26.609234,-25.975721,-29.310646,-24.971535,-25.445488,-27.539429,-25.37347,-26.050156,-25.109901,-27.26624,-26.872292,-26.16848,-24.095171,-22.390732,-20.70474,-18.781971,-19.596533,-21.598415,-19.733461,-20.400208,-23.827568,-26.394615,-31.218279,-32.32141,-21.712227,-21.311659,-21.799809,-19.806211,-21.930262,-22.740704,-22.125505,-22.653923,-28.743668,-28.118519,-23.004204,-24.13244,-22.951733,-26.468887,-30.094002,-30.913097,-28.487942,-28.59705,-25.604586,-24.927685,-29.260246,-34.45592,-35.361855,-31.02976,-33.074764,-25.716782,-26.176893,-24.02084,-21.045439,-25.367882,-24.063122,-24.163055,-24.791542,-23.425884,-28.524994,-23.081005,-18.591757,-22.327513,-29.521202,-27.852016,-29.00122,-24.44263,-25.640457,-23.388731,-24.941383,-26.591873,-23.080124,-25.35701,-27.973518,-30.517944,-27.664795,-22.490484,-20.560467,-24.970646,-33.95209,-32.473625,-27.802706,-23.26602,-23.156586,-22.507795,-21.716156,-18.723442,-20.19312,-24.604,-26.32183,-33.33053,-29.325691,-21.66069,-21.867716,-24.866474,-29.291893,-29.002516,-25.509287,-25.969933,-22.397831,-22.211912,-24.305092,-25.8968,-29.668434,-31.493103,-31.45495,-27.44434,-24.615536,-23.766056,-29.259806,-29.19769,-27.7347,-26.201242,-29.583706,-27.330723,-23.251444,-24.445972,-21.509636,-26.829979,-28.38349,-24.282385,-24.866741,-27.415804,-27.285927,-27.970787,-25.854618,-26.041065,-22.8936,-24.21673,-27.889164,-23.603647,-22.327448,-29.585772,-33.566147,-27.787762,-27.348269,-21.055035,-21.159462,-25.522615,-23.528297,-25.96518,-27.76804,-27.578838,-26.09594,-24.088465,-22.440166,-23.449085,-26.532969,-28.346869,-28.860039,-28.168755,-25.91581,-25.000877,-23.514275,-25.649605,-37.959957,-36.050934,-31.935072,-26.01003,-25.734444,-24.562656,-30.549923,-29.794245,-26.517612,-26.565016,-26.261839,-23.245386,-23.645658,-21.77166,-26.295794,-33.189903,-25.42665,-23.673313,-21.425161,-22.305103,-26.733118,-27.006935,-24.737875,-23.390064,-24.960024,-26.92524,-24.555927,-19.884678,-20.089466,-23.941479,-26.031736,-23.342604,-24.490562,-28.854235,-25.988117,-25.19521,-22.809776,-24.991253,-27.894611,-27.600317,-22.757019,-25.920534,-22.55559,-24.462734,-30.43338,-21.745775,-19.179995,-23.523922,-25.913336,-21.508606,-24.20317,-23.631306,-25.029142,-26.261843,-23.460867,-24.38609,-27.447262,-34.09612,-25.41146,-27.414968,-28.83951,-24.714138,-25.228191,-22.937523,-22.244785,-21.92527,-20.985855,-25.373686,-30.732815,-28.700575,-29.750208,-34.662487,-26.505585,-24.089125,-20.126791,-25.238815,-25.065804,-31.031353,-29.01988,-30.1848,-23.48873,-23.402111,-27.126839,-25.40976,-23.77598,-25.635002,-24.766415,-23.198315,-22.590693,-30.34385,-31.0724,-35.59523,-32.733906,-25.733047,-29.71957,-29.278248,-25.089962,-29.22772,-30.302156,-29.00486,-30.166197,-39.50677,-44.015884,-43.3166,-42.914413,-43.646347,-43.341152,-43.477005,-43.471138,-39.14386,-41.135963,-55.44404,-80.0,-80.0,-80.0,-80.0,-80.0,-80.0,-80.0,-80.0,-80.0,-80.0,-80.0,-80.0,-80.0,-80.0,-80.0,-80.0,-80.0,-80.0,-80.0,-80.0,-80.0,-80.0,-80.0,-80.0,-80.0,-80.0,-80.0,-80.0,-80.0,-80.0,-80.0,-80.0,-80.0,-80.0,-80.0,-80.0,-80.0,-80.0,-80.0,-80.0,-80.0,-80.0,-80.0,-80.0,-80.0,-80.0,-80.0,-80.0,-80.0,-80.0,-80.0,-80.0,-80.0,-80.0,-80.0,-80.0,-80.0,-80.0,-80.0,-80.0,-80.0,-80.0,-80.0,-80.0,-80.0,-80.0,-80.0,-80.0,-80.0,-80.0,-80.0,-80.0,-80.0,-80.0,-80.0,-80.0,-80.0,-80.0,-80.0,-80.0,-80.0,-80.0,-80.0,-80.0,-80.0,-80.0,-80.0,-80.0,-80.0,-80.0,-80.0,-80.0,-80.0,-80.0
-38.3939,-32.583603,-28.14848,-33.37732,-30.870272,-29.630592,-28.626816,-26.285114,-24.363089,-22.336418,-24.190872,-24.592216,-28.142124,-30.68082,-29.982271,-28.479774,-30.165993,-32.53928,-30.54988,-29.741795,-29.767296,-31.25268,-33.317245,-31.700129,-25.70436,-26.49491,-29.078377,-32.267544,-33.267143,-31.281433,-26.342648,-27.57148,-26.355774,-22.997484,-30.951296,-27.76898,-29.117521,-26.934189,-25.818405,-26.230131,-23.641418,-23.37518,-22.623081,-26.53004,-28.839336,-25.203018,-28.492664,-26.343563,-23.179543,-23.05693,-23.045385,-23.412186,-23.621782,-29.622858,-24.964485,-21.494404,-19.616863,-20.715635,-20.75086,-22.293493,-24.54425,-27.665987,-25.22566,-23.902897,-26.75094,-24.659092,-22.564955,-23.698288,-25.29234,-30.567076,-33.582237,-22.297232,-18.969494,-25.853497,-29.778482,-23.050797,-21.875883,-25.819077,-24.258167,-24.824951,-32.53014,-31.864567,-30.853672,-26.122536,-22.662714,-26.132587,-31.863218,-31.735584,-28.493713,-29.379784,-32.611385,-33.976234,-33.404945,-33.614697,-22.917599,-20.157352,-25.439302,-28.655571,-30.849562,-28.155533,-27.941172,-24.66449,-23.742332,-28.988152,-24.8549,-24.22721,-27.808838,-25.203796,-27.759659,-26.503487,-30.822361,-33.923897,-38.72977,-33.46978,-27.040812,-28.736801,-27.554522,-31.940779,-28.20746,-28.430109,-34.63118,-43.322292,-38.634636,-36.87785,-35.30386,-28.165834,-28.625343,-32.96716,-32.309032,-35.143166,-31.017323,-23.156122,-23.843296,-30.02511,-35.304733,-31.952532,-24.58719,-23.820396,-28.27517,-21.192413,-22.93564,-32.740902,-33.45001,-33.600525,-36.266266,-28.579102,-24.60662,-27.426485,-26.929394,-25.338352,-27.788403,-30.860323,-25.550098,-23.690659,-28.588099,-29.107853,-22.168362,-18.550245,-21.070723,-24.841507,-27.384775,-29.056084,-28.88453,-24.364933,-22.02164,-28.063782,-28.485407,-24.08532,-28.504654,-23.157991,-26.399693,-28.673386,-28.18358,-23.488342,-23.180553,-24.199108,-22.978607,-30.398745,-23.916296,-21.566126,-25.668638,-26.278671,-30.860529,-32.137672,-25.933994,-25.559204,-23.34036,-24.923302,-29.524876,-26.254948,-29.458382,-27.84077,-28.199596,-34.16725,-27.275757,-23.639126,-26.881546,-28.168112,-25.123848,-27.263323,-24.1601,-26.707066,-27.279358,-23.5823,-21.321104,-24.774084,-32.011646,-30.274805,-30.00509,-26.28542,-24.959583,-24.526287,-23.404251,-24.137592,-20.531502,-23.188248,-29.652737,-28.91191,-27.44514,-27.81561,-27.31437,-28.016747,-28.531057,-28.656517,-27.087645,-23.983837,-25.706139,-28.540527,-25.23547,-26.92505,-24.00978,-28.933083,-30.345375,-26.08061,-23.621088,-21.707066,-25.714336,-28.474062,-26.750328,-26.144434,-23.27734,-25.119244,-25.21303,-20.158451,-24.791702,-26.145912,-21.544424,-28.177996,-28.169296,-28.78873,-30.823954,-29.511497,-23.698196,-23.593807,-27.694008,-28.155693,-22.107725,-18.588524,-20.423388,-26.471842,-26.416246,-27.575768,-28.610954,-28.643219,-22.787445,-20.642408,-19.084148,-18.972588,-23.478798,-31.657238,-26.78109,-23.792765,-22.74516,-25.391956,-22.500898,-23.899853,-30.074446,-26.150578,-26.63678,-27.517853,-21.817276,-23.602331,-30.178295,-28.922655,-29.11274,-29.723114,-27.198755,-30.250267,-35.20592,-27.114027,-25.972202,-26.253105,-23.056854,-20.69091,-24.83879,-23.73497,-24.08705,-33.49517,-24.891975,-25.365517,-21.757816,-18.91568,-19.45942,-26.036856,-32.686142,-28.352428,-23.47362,-21.448895,-24.735147,-24.618568,-25.62188,-27.824955,-24.470585,-22.373293,-23.70361,-21.920149,-22.73761,-23.980541,-29.363632,-28.421108,-25.108185,-22.149326,-26.919605,-29.504217,-23.077116,-23.59655,-29.003448,-29.569656,-30.868113,-35.899246,-28.21418,-20.711159,-19.27559,-20.80609,-25.165352,-20.774849,-21.811222,-31.675274,-32.73208,-28.741013,-24.660706,-23.145727,-28.490124,-30.21458,-31.871792,-29.814665,-25.217031,-29.190632,-30.737423,-29.707977,-30.474361,-26.774681,-21.991886,-21.45641,-24.057755,-23.869785,-27.082705,-25.68214,-22.963358,-25.23894,-26.011395,-25.4423,-27.957052,-22.784435,-24.021263,-24.326118,-21.90878,-27.35162,-27.492432,-22.53149,-21.759163,-21.975784,-23.520754,-30.033348,-30.27473,-30.443651,-33.18251,-28.1011,-26.948097,-26.229263,-23.459558,-24.49627,-24.36211,-20.54844,-22.759617,-25.316643,-28.722012,-22.25361,-22.91984,-18.398487,-15.932468,-20.292301,-19.25539,-19.077717,-23.745716,-27.759464,-30.157011,-31.273514,-22.758312,-22.157026,-31.00424,-25.018503,-25.853832,-31.06655,-30.2903,-27.740107,-24.838905,-27.099207,-27.49258,-30.130682,-28.844131,-28.845669,-22.337301,-24.4617,-26.8832,-20.076052,-19.70763,-25.999256,-28.00891,-25.592022,-24.911839,-35.335785,-24.2169,-22.356205,-27.363705,-26.42117,-22.540339,-20.441647,-21.2593,-23.552135,-27.828255,-27.971924,-26.172382,-23.689682,-25.829582,-25.184862,-24.680836,-25.762714,-28.99733,-28.366623,-28.92601,-32.330902,-25.755684,-24.715609,-24.313969,-27.302948,-34.667747,-29.920828,-26.413637,-21.189476,-19.412495,-21.828852,-26.893217,-30.19448,-25.456665,-24.151237,-24.174385,-24.499393,-22.389252,-19.430962,-21.962273,-21.976831,-23.646961,-23.48711,-21.518017,-22.462578,-28.535845,-30.48374,-27.882744,-24.198185,-25.54475,-21.953644,-24.86977,-28.509176,-26.515854,-26.537363,-22.683392,-20.107,-23.688242,-26.047253,-25.886839,-24.361694,-26.575092,-25.861588,-25.010105,-29.542698,-26.455376,-23.239874,-24.993414,-21.237007,-22.830835,-27.787388,-26.535881,-23.496077,-27.328209,-26.199759,-24.653103,-25.702253,-29.438038,-26.331057,-24.843658,-23.73218,-27.9456,-27.525618,-25.338423,-23.601965,-29.385925,-24.749496,-25.278637,-28.11208,-29.239256,-26.367556,-26.693844,-31.652239,-29.87891,-27.41442,-31.140236,-29.407738,-26.839075,-26.462631,-25.83852,-24.0929,-23.746645,-22.893524,-26.844904,-33.6363,-26.483763,-26.833984,-28.247828,-21.553127,-24.51914,-27.247318,-27.735558,-28.20363,-27.16267,-19.818153,-16.347153,-20.493004,-26.418812,-22.221672,-20.837078,-25.619284,-29.216354,-27.472895,-27.35125,-25.416962,-27.718079,-29.551628,-26.467678,-25.26326,-29.392284,-28.542337,-24.394985,-25.563221,-32.408813,-27.543756,-22.700005,-25.290676,-28.149275,-21.531605,-22.184448,-25.536762,-26.029781,-24.996899,-25.115093,-24.432608,-24.174564,-28.106432,-29.735054,-26.543776,-32.185024,-32.941307,-30.002125,-30.817764,-36.11661,-34.62055,-25.0503,-23.767357,-28.784277,-23.609556,-22.80724,-31.475918,-25.28146,-24.829456,-29.030712,-30.728786,-26.07687,-23.079353,-27.790937,-28.656677,-26.607693,-25.418646,-24.176826,-22.500204,-27.141176,-28.08321,-25.143559,-23.557337,-29.592676,-31.68597,-29.567253,-26.239182,-24.169235,-25.534853,-24.578356,-24.310148,-31.117311,-32.17496,-36.947254,-30.438786,-25.360985,-29.139877,-30.289186,-24.292612,-21.491383,-24.03326,-28.272282,-28.586018,-38.564243,-38.07131,-38.427055,-38.537674,-38.33191,-38.30831,-38.256863,-38.35562,-38.835304,-40.092094,-54.977448,-80.0,-80.0,-80.0,-80.0,-80.0,-80.0,-80.0,-80.0,-80.0,-80.0,-80.0,-80.0,-80.0,-80.0,-80.0,-80.0,-80.0,-80.0,-80.0,-80.0,-80.0,-80.0,-80.0,-80.0,-80.0,-80.0,-80.0,-80.0,-80.0,-80.0,-80.0,-80.0,-80.0,-80.0,-80.0,-80.0,-80.0,-80.0,-80.0,-80.0,-80.0,-80.0,-80.0,-80.0,-80.0,-80.0,-80.0,-80.0,-80.0,-80.0,-80.0,-80.0,-80.0,-80.0,-80.0,-80.0,-80.0,-80.0,-80.0,-80.0,-80.0,-80.0,-80.0,-80.0,-80.0,-80.0,-80.0,-80.0,-80.0,-80.0,-80.0,-80.0,-80.0,-80.0,-80.0,-80.0,-80.0,-80.0,-80.0,-80.0,-80.0,-80.0,-80.0,-80.0,-80.0,-80.0,-80.0,-80.0,-80.0,-80.0,-80.0,-80.0,-80.0,-80.0
-38.11315,-33.006626,-31.63585,-30.75896,-30.718847,-25.993198,-26.106617,-27.435455,-23.65282,-26.027262,-23.439371,-23.338593,-24.393131,-28.877388,-26.116428,-26.037779,-29.82324,-30.688448,-26.797146,-27.463717,-29.025013,-30.59835,-27.626766,-28.550114,-20.531616,-18.752682,-24.198107,-34.798897,-29.11317,-29.779,-29.015207,-27.377884,-28.118814,-25.92654,-28.249985,-23.516256,-26.034603,-29.717808,-28.415073,-24.233644,-26.210693,-23.406246,-18.777664,-22.503958,-25.615232,-23.132792,-27.39365,-28.889862,-26.348577,-27.740108,-24.776276,-27.635206,-29.476849,-29.530144,-27.396912,-25.394617,-22.91714,-26.521143,-24.627653,-22.936838,-24.056149,-26.928848,-23.139591,-22.61132,-29.97958,-25.102829,-22.216982,-24.751127,-26.676407,-31.547792,-29.56186,-23.800117,-20.483244,-24.613924,-28.665936,-20.239105,-19.069427,-22.231077,-23.673054,-27.539814,-27.762627,-27.911945,-26.040028,-25.10294,-21.408733,-25.421917,-28.101282,-26.729174,-25.821785,-30.582378,-31.73209,-33.292194,-30.668129,-27.06116,-23.601,-25.084137,-29.971077,-28.82313,-33.81607,-29.096983,-25.663912,-20.678665,-21.772373,-25.538979,-25.153248,-23.062046,-26.629452,-28.511917,-24.041435,-23.8933,-26.178535,-33.81617,-35.227306,-30.27768,-32.400158,-30.16346,-27.608976,-30.637304,-34.18495,-29.062847,-31.45558,-42.241673,-32.96276,-34.998856,-32.74127,-27.990984,-32.2407,-37.08692,-32.837284,-31.45143,-28.478266,-26.996984,-25.610098,-27.684536,-27.13508,-30.09633,-27.404274,-23.731152,-26.309954,-24.650259,-21.338686,-23.787115,-28.364603,-36.50434,-38.46732,-25.409325,-20.302786,-22.283766,-30.723791,-31.775768,-29.323772,-28.130386,-24.024801,-25.652824,-29.423372,-24.2955,-25.38868,-22.214598,-21.962898,-22.470604,-28.091461,-30.552614,-31.4433,-32.412262,-23.824333,-25.911278,-30.6743,-24.29655,-27.991676,-22.540535,-20.408102,-25.060024,-27.774055,-26.122581,-25.00206,-26.735222,-28.453167,-35.398815,-24.52827,-18.613468,-23.41172,-27.731625,-28.185406,-28.452633,-26.532967,-28.31013,-27.966217,-27.092287,-26.040443,-24.14211,-29.468918,-28.38623,-28.992588,-30.17218,-23.990078,-26.58562,-34.717335,-29.012924,-29.273655,-28.471874,-26.516876,-29.387375,-28.086205,-24.035551,-26.371838,-31.243185,-33.714092,-29.467623,-29.859179,-29.728642,-25.545797,-24.32706,-21.93735,-25.09102,-29.182077,-25.749899,-26.435808,-28.017473,-26.771255,-30.21079,-32.67554,-24.76204,-21.906101,-23.804441,-24.93083,-23.428438,-24.70877,-30.799644,-27.449337,-26.086458,-25.070452,-27.094215,-26.28962,-24.150871,-26.162634,-26.110641,-29.048512,-27.785051,-26.604977,-23.444311,-27.300442,-32.43449,-27.127438,-20.986317,-24.376186,-28.109402,-21.18781,-21.288532,-23.795025,-26.107079,-26.336958,-23.956217,-25.48682,-32.128075,-31.620335,-31.328085,-25.381653,-23.378626,-22.54097,-29.43636,-27.951641,-26.05536,-29.000954,-25.237953,-21.19589,-20.823242,-23.083069,-20.776932,-22.645454,-25.679358,-24.885246,-28.82933,-24.253075,-24.816795,-22.520906,-25.540764,-27.297785,-25.01501,-24.389286,-23.16576,-21.865917,-22.909063,-27.33723,-25.32529,-27.784836,-28.422472,-26.807793,-30.520462,-33.51713,-24.498137,-21.945213,-26.887184,-29.798992,-24.632973,-26.813778,-25.27869,-26.15585,-26.77885,-28.026386,-24.55087,-23.183014,-23.635885,-21.46804,-27.937344,-28.94516,-27.069744,-23.677048,-20.50779,-25.959324,-25.49165,-25.628014,-33.29587,-23.704262,-24.74279,-29.313395,-31.097847,-29.084759,-23.066751,-26.402306,-34.39046,-28.771755,-21.705074,-23.229763,-25.898901,-24.430191,-26.370358,-25.077621,-25.67125,-30.596695,-34.210197,-24.428085,-23.175488,-24.72733,-25.20293,-24.641336,-28.681385,-23.402842,-26.148693,-29.39197,-25.632448,-28.40274,-24.788235,-25.116537,-30.972979,-29.686615,-29.290558,-22.81866,-23.38589,-29.222801,-32.826653,-31.12103,-26.643002,-24.604113,-20.726215,-21.96442,-21.81541,-23.427895,-27.929262,-25.689466,-21.285984,-22.17962,-22.561398,-22.0986,-20.48921,-24.20769,-29.533707,-25.01471,-22.13238,-21.899612,-25.77554,-25.099743,-23.424133,-23.446793,-30.887486,-30.509834,-27.977554,-34.514477,-25.526257,-23.072039,-27.070148,-26.049286,-29.67588,-27.595888,-24.16745,-25.56169,-22.47059,-23.453669,-24.728184,-27.116768,-24.487345,-21.163368,-23.22016,-22.282167,-25.188797,-26.523724,-25.890316,-29.560734,-28.840374,-20.193207,-20.00927,-26.958654,-24.136745,-25.93118,-25.695724,-26.627567,-26.357914,-25.10548,-27.286213,-27.660265,-22.938786,-21.537743,-24.28509,-21.859688,-26.743889,-27.28239,-23.398264,-22.768875,-27.254375,-33.154846,-26.929745,-22.4039,-27.392315,-30.326185,-26.94676,-26.552444,-28.38272,-24.620237,-23.770145,-26.094917,-31.02268,-31.178558,-31.19018,-22.458199,-20.637299,-21.538042,-23.601753,-25.761467,-25.88124,-25.53265,-29.16224,-29.267029,-28.75312,-23.071848,-19.988855,-22.42413,-24.047647,-26.537428,-30.603838,-29.022263,-21.414051,-22.198784,-27.499168,-27.603313,-24.127413,-27.028412,-23.79869,-25.435255,-31.25321,-25.246552,-24.19836,-22.293053,-23.093384,-26.282465,-28.562267,-24.904087,-23.389301,-25.552578,-27.540771,-27.476261,-28.982224,-27.980036,-24.33637,-21.025677,-21.453133,-28.561964,-31.229214,-24.3039,-22.983738,-26.489231,-27.498741,-24.386265,-24.644718,-22.925354,-27.546972,-25.797596,-29.142918,-29.311256,-28.27843,-33.29578,-22.517883,-20.114845,-29.148312,-30.43162,-25.714237,-27.764568,-25.597603,-24.59134,-21.794764,-27.031406,-24.286749,-27.785517,-29.062603,-25.711273,-26.330507,-24.218252,-28.020065,-32.908966,-29.908762,-27.208878,-28.094631,-26.348728,-25.168324,-25.40176,-29.337742,-31.68228,-30.727343,-25.8742,-24.200136,-25.426367,-23.229965,-23.088568,-27.996902,-23.23449,-22.393108,-25.235535,-24.648571,-26.130669,-29.446766,-26.73328,-22.684105,-25.462934,-23.749405,-25.083973,-28.954227,-27.934128,-26.481369,-18.746069,-20.42987,-29.247812,-25.459188,-26.876345,-30.349045,-32.2385,-27.600357,-22.96359,-27.354256,-28.39837,-26.996527,-24.877172,-26.765375,-25.284615,-22.044443,-26.102016,-31.146168,-26.307459,-24.552135,-26.02835,-32.74365,-31.674582,-25.861383,-30.277248,-29.034218,-26.565151,-26.439526,-24.625797,-26.914326,-27.25837,-26.61902,-33.26143,-30.541847,-34.750473,-38.255413,-29.195793,-28.176613,-29.541931,-29.85356,-22.913622,-23.356163,-28.542727,-26.876411,-28.517986,-32.378815,-31.678635,-32.098995,-34.052547,-31.899918,-26.583351,-20.843647,-23.364487,-27.29862,-29.531736,-29.499691,-32.423622,-25.926344,-21.752354,-26.410866,-27.701775,-20.798256,-22.190474,-30.21273,-34.094646,-33.246243,-27.39779,-28.26336,-30.737755,-31.069576,-33.87071,-33.798615,-35.746292,-31.13491,-26.58502,-28.970457,-27.144382,-27.416605,-20.451298,-22.13185,-23.824936,-24.599718,-32.173523,-32.61492,-33.048508,-33.260082,-32.880035,-32.965385,-32.88934,-32.883034,-34.165253,-38.43522,-55.109978,-80.0,-80.0,-80.0,-80.0,-80.0,-80.0,-80.0,-80.0,-80.0,-80.0,-80.0,-80.0,-80.0,-80.0,-80.0,-80.0,-80.0,-80.0,-80.0,-80.0,-80.0,-80.0,-80.0,-80.0,-80.0,-80.0,-80.0,-80.0,-80.0,-80.0,-80.0,-80.0,-80.0,-80.0,-80.0,-80.0,-80.0,-80.0,-80.0,-80.0,-80.0,-80.0,-80.0,-80.0,-80.0,-80.0,-80.0,-80.0,-80.0,-80.0,-80.0,-80.0,-80.0,-80.0,-80.0,-80.0,-80.0,-80.0,-80.0,-80.0,-80.0,-80.0,-80.0,-80.0,-80.0,-80.0,-80.0,-80.0,-80.0,-80.0,-80.0,-80.0,-80.0,-80.0,-80.0,-80.0,-80.0,-80.0,-80.0,-80.0,-80.0,-80.0,-80.0,-80.0,-80.0,-80.0,-80.0,-80.0,-80.0,-80.0,-80.0,-80.0,-80.0,-80.0
-34.100792,-33.68703,-31.73545,-28.330717,-23.359606,-20.204586,-24.727692,-28.2515,-25.97469,-24.29094,-27.158155,-27.591812,-29.50653,-29.630527,-24.567017,-25.19337,-26.721802,-27.302954,-24.403515,-27.852268,-25.356726,-28.595972,-25.978853,-23.74504,-21.502426,-20.462225,-22.852417,-34.20233,-31.638355,-30.120045,-21.97224,-21.246489,-28.347797,-29.25416,-25.091593,-21.66398,-26.378231,-32.195488,-31.42315,-24.044106,-25.91671,-24.429506,-20.41769,-24.595507,-26.521667,-23.171797,-26.509514,-25.118689,-22.177711,-26.503033,-26.820398,-27.218641,-30.896095,-31.303408,-31.250412,-25.312607,-28.965082,-27.002438,-22.578535,-18.695698,-20.83324,-24.506754,-22.593765,-26.039848,-24.189157,-23.140343,-25.182312,-23.901527,-22.646765,-27.046707,-28.68795,-30.060951,-26.217213,-23.963861,-30.44011,-23.484016,-25.16265,-24.617598,-26.27207,-24.644653,-26.191093,-24.316315,-22.25872,-29.090649,-25.676014,-28.01764,-31.562374,-28.464764,-26.220093,-26.545898,-24.604902,-26.597855,-25.7672,-22.945747,-23.8255,-27.278286,-23.869198,-24.412613,-30.907854,-24.76916,-26.235123,-25.734188,-21.654,-24.005978,-25.945457,-19.27018,-19.736639,-23.809423,-23.151348,-28.620207,-29.751698,-28.104084,-24.792027,-24.92701,-31.618423,-32.67707,-31.283163,-36.86001,-37.098957,-29.794588,-32.30034,-39.85765,-27.260351,-24.927698,-29.929148,-28.922094,-32.482155,-34.329063,-31.023401,-30.245241,-25.799385,-27.145977,-27.491364,-31.2632,-30.617458,-26.777164,-23.906977,-28.060396,-30.649792,-26.636686,-22.889029,-21.914616,-28.179567,-30.700157,-35.86825,-28.153429,-22.961529,-24.488796,-27.156624,-26.963638,-24.462141,-26.785568,-25.589836,-24.311298,-22.860407,-23.701393,-25.141792,-26.860176,-22.312088,-23.882122,-29.222813,-35.404083,-28.778639,-24.731121,-23.491386,-26.459063,-28.576279,-24.713463,-24.671988,-24.644936,-20.922178,-23.233442,-28.31218,-32.757874,-35.23287,-30.941736,-25.59201,-30.154427,-24.046955,-21.022089,-21.680742,-20.665468,-22.291327,-28.610977,-25.157158,-26.656868,-27.078747,-27.0218,-24.815907,-21.499645,-25.148975,-30.16523,-25.059063,-27.20988,-25.388748,-23.720875,-31.346443,-34.528385,-31.741587,-29.962936,-31.596592,-30.771242,-28.684484,-31.449795,-40.32995,-35.759727,-25.081776,-23.21354,-28.435574,-26.660767,-29.879526,-31.09821,-26.290352,-29.202677,-26.786573,-23.928082,-24.91095,-24.150541,-28.065542,-30.299698,-26.46087,-24.415068,-23.577866,-20.69764,-19.487984,-18.318104,-24.453474,-26.986828,-31.51966,-30.496458,-25.250992,-22.85727,-29.17247,-28.76805,-29.526064,-26.953886,-30.14202,-28.056995,-29.82038,-26.845112,-25.001757,-27.372692,-32.036533,-23.514261,-20.534369,-27.313984,-22.496643,-21.076855,-27.525688,-30.15785,-26.43846,-25.274849,-26.408401,-27.63507,-28.36457,-27.459625,-31.173748,-28.776443,-25.831924,-30.361137,-30.302422,-32.194633,-30.986023,-28.784357,-31.304909,-31.945387,-28.953375,-22.09415,-24.202694,-29.2101,-27.938053,-32.42503,-28.937668,-29.330526,-26.60717,-24.187061,-27.359789,-24.143908,-25.535187,-25.701561,-29.364426,-25.320225,-24.407951,-25.152924,-24.00882,-22.298717,-25.02819,-26.955288,-30.732666,-27.430944,-26.721163,-25.836662,-28.621248,-28.007385,-27.24234,-22.874966,-25.962036,-24.018326,-23.634726,-26.019234,-27.947258,-26.288097,-28.1556,-33.4613,-23.946262,-21.284597,-24.17997,-22.532269,-26.394917,-27.856497,-27.411364,-32.58238,-26.441095,-26.377375,-28.719835,-30.383947,-28.639198,-25.191591,-26.360516,-35.661995,-30.874804,-20.713715,-21.205921,-24.491848,-29.513575,-27.99784,-21.730228,-20.916698,-26.332178,-26.979498,-21.979574,-24.38422,-26.01509,-22.318914,-20.801172,-19.23153,-20.966375,-26.862495,-26.610641,-28.569729,-28.360209,-27.984867,-25.49282,-24.9835,-22.941612,-25.034943,-23.17374,-24.40953,-37.721203,-34.080467,-27.072779,-21.199738,-20.066841,-19.285137,-19.730663,-20.992832,-26.257412,-23.809505,-21.925716,-22.024515,-25.586758,-27.858051,-23.871735,-24.166115,-32.287823,-30.925941,-23.604656,-19.695498,-22.637777,-22.921942,-25.114105,-24.960873,-30.599972,-30.09346,-29.566006,-27.939213,-25.277088,-24.174343,-24.959072,-24.630093,-28.29564,-28.879402,-26.332615,-27.019428,-24.076712,-24.726463,-24.598394,-31.160635,-30.757948,-32.232773,-27.228378,-30.128164,-27.563953,-24.844025,-22.975597,-23.52307,-24.341194,-21.48207,-23.066452,-23.215923,-23.635836,-19.621792,-21.087053,-26.390339,-29.326855,-32.74492,-24.081623,-22.962818,-28.79518,-21.430607,-21.767906,-24.011042,-23.940937,-27.77838,-27.315258,-28.019892,-28.592384,-30.829166,-29.414705,-23.655699,-24.433825,-24.350079,-27.883406,-25.68899,-24.606241,-24.1288,-23.50816,-30.307484,-25.828499,-27.141563,-30.095184,-25.70399,-23.849197,-26.786293,-22.09336,-23.750092,-24.8328,-21.365683,-21.045797,-29.020685,-31.917944,-27.383133,-22.469051,-24.070454,-33.11594,-26.721191,-22.942484,-27.06647,-25.68335,-24.724663,-29.388767,-31.408653,-26.152546,-22.424936,-24.863295,-31.487663,-25.153912,-24.994482,-28.974922,-25.964966,-24.282383,-24.128464,-32.150913,-29.404604,-26.976652,-27.06739,-28.133297,-31.015541,-32.11331,-30.282055,-31.802761,-31.95523,-23.268724,-23.338823,-27.548721,-27.487846,-32.079643,-32.747395,-32.50141,-26.717327,-22.97708,-23.386976,-24.18922,-28.60124,-26.976702,-23.719538,-27.178871,-34.20897,-35.670654,-26.933264,-21.647408,-26.28125,-24.526585,-24.648651,-27.598057,-27.609266,-24.24615,-21.96418,-21.183937,-22.529697,-27.047966,-24.690754,-25.361843,-26.18357,-30.129644,-31.940182,-30.38425,-30.689518,-31.257624,-29.060432,-27.097115,-28.167933,-28.762398,-28.473177,-29.503462,-25.506245,-26.722654,-27.498634,-30.268875,-24.788937,-26.200943,-31.71724,-24.22334,-24.058361,-22.907394,-23.4571,-29.659817,-31.074562,-25.11724,-21.49881,-24.770416,-24.137665,-24.873713,-30.902483,-30.37931,-27.463753,-25.679573,-24.656744,-29.864273,-30.744272,-37.465027,-32.482567,-28.576565,-23.377966,-23.670803,-23.260002,-24.536564,-24.480175,-22.689278,-22.583523,-21.046412,-20.089666,-23.295345,-24.965288,-22.310837,-22.358894,-28.332851,-36.766335,-28.348148,-27.987976,-22.0467,-20.872246,-24.445354,-24.604836,-24.748657,-28.489477,-23.942078,-22.206917,-28.481781,-31.90275,-32.167442,-32.5217,-31.385036,-28.668842,-23.303762,-22.953304,-25.737854,-24.430897,-26.397606,-26.600494,-25.157383,-24.433083,-27.855923,-34.594715,-39.146603,-36.563316,-26.541739,-23.824585,-27.161676,-27.182629,-32.408936,-27.096214,-27.69361,-25.304012,-21.345123,-23.213625,-25.442444,-22.354906,-22.515705,-26.541428,-27.843868,-27.398563,-23.268757,-21.273792,-27.933815,-32.28642,-34.010838,-30.403843,-30.908487,-26.733727,-26.640326,-31.136003,-26.523872,-26.39614,-22.344273,-26.750687,-26.803766,-26.41342,-31.680058,-34.02394,-33.62525,-33.481342,-33.752033,-33.719467,-33.781578,-33.75405,-33.727737,-38.83383,-55.788532,-80.0,-80.0,-80.0,-80.0,-80.0,-80.0,-80.0,-80.0,-80.0,-80.0,-80.0,-80.0,-80.0,-80.0,-80.0,-80.0,-80.0,-80.0,-80.0,-80.0,-80.0,-80.0,-80.0,-80.0,-80.0,-80.0,-80.0,-80.0,-80.0,-80.0,-80.0,-80.0,-80.0,-80.0,-80.0,-80.0,-80.0,-80.0,-80.0,-80.0,-80.0,-80.0,-80.0,-80.0,-80.0,-80.0,-80.0,-80.0,-80.0,-80.0,-80.0,-80.0,-80.0,-80.0,-80.0,-80.0,-80.0,-80.0,-80.0,-80.0,-80.0,-80.0,-80.0,-80.0,-80.0,-80.0,-80.0,-80.0,-80.0,-80.0,-80.0,-80.0,-80.0,-80.0,-80.0,-80.0,-80.0,-80.0,-80.0,-80.0,-80.0,-80.0,-80.0,-80.0,-80.0,-80.0,-80.0,-80.0,-80.0,-80.0,-80.0,-80.0,-80.0,-80.0
-25.97963,-25.08162,-29.530893,-27.740147,-25.274529,-23.052353,-26.838074,-26.915588,-28.356638,-25.616116,-25.00755,-23.646759,-28.588297,-28.914698,-26.352295,-21.163988,-21.628225,-24.053555,-22.542408,-27.42466,-28.455881,-28.595348,-27.6204,-31.853859,-33.602314,-29.30109,-25.47463,-24.993076,-26.687937,-26.20111,-23.970451,-24.698387,-26.221752,-26.837841,-27.9344,-26.341396,-27.558657,-26.500648,-25.756355,-23.233898,-28.983505,-29.138699,-26.072844,-27.605276,-26.422302,-26.933525,-26.77578,-29.923738,-24.184679,-23.240086,-22.630432,-24.606483,-32.694763,-32.23997,-26.583065,-21.088684,-23.132858,-22.174013,-22.491108,-21.152056,-26.46762,-31.158367,-25.62121,-27.33017,-28.048231,-24.358772,-28.056374,-29.594448,-24.578108,-21.840393,-21.97512,-21.864206,-23.241161,-21.836998,-27.625381,-31.629776,-27.046535,-31.620417,-34.1516,-26.153854,-25.493893,-28.181244,-23.703117,-25.354523,-26.190907,-25.342628,-25.51997,-26.192314,-22.465023,-20.596266,-27.93764,-24.94379,-26.70199,-29.36167,-25.978811,-28.19241,-23.202427,-25.295984,-29.636068,-24.703949,-23.903923,-28.16039,-30.205824,-27.552444,-24.737164,-25.198523,-25.76873,-22.191519,-23.566425,-31.626886,-31.748465,-29.793514,-26.189213,-25.481464,-27.238216,-30.932714,-31.514034,-30.654442,-34.527744,-32.53671,-36.90554,-43.130104,-27.894062,-24.80667,-29.1163,-32.28379,-35.09127,-30.853685,-28.665813,-27.38573,-25.002344,-33.62061,-36.291386,-35.936573,-32.31944,-27.618435,-29.514282,-28.319096,-23.816605,-25.189535,-29.952562,-27.242498,-32.443172,-26.624552,-22.681149,-22.28655,-22.831507,-28.335438,-28.91079,-25.802437,-22.631874,-20.60157,-21.38871,-23.94257,-25.568771,-31.009178,-31.067923,-28.56923,-28.500204,-28.478115,-24.321522,-23.966486,-23.863087,-22.748308,-28.497074,-32.117195,-31.145432,-33.001087,-27.63017,-30.337717,-30.132889,-26.091322,-23.6833,-28.654184,-32.957844,-29.48462,-21.951235,-20.890621,-20.779648,-21.86037,-24.449484,-19.706087,-22.071203,-30.473972,-29.152699,-28.751492,-28.870716,-24.328215,-25.72673,-27.28156,-26.74194,-21.518204,-21.838806,-28.742931,-27.295334,-22.332191,-26.266956,-31.216696,-32.588722,-36.228733,-34.307903,-31.201223,-26.431938,-28.343939,-36.244904,-33.153492,-24.66581,-23.715258,-29.298458,-29.053493,-31.157314,-28.516134,-24.691181,-24.352575,-23.103523,-22.246952,-27.424665,-33.571945,-34.012203,-29.266558,-22.161469,-24.853456,-28.098913,-26.47591,-23.648125,-19.624062,-20.563408,-24.978119,-26.82566,-21.564592,-25.415226,-25.927622,-29.99533,-29.923206,-26.727512,-27.970514,-31.547802,-29.065968,-28.698284,-30.369967,-26.220657,-25.902899,-31.333094,-27.60379,-25.12706,-28.199482,-29.29306,-24.99632,-25.293736,-27.692953,-26.784393,-27.956299,-25.075703,-24.883312,-23.835556,-22.670698,-25.54956,-26.784515,-29.142519,-36.738014,-35.36923,-32.792236,-32.715374,-33.904797,-33.023506,-30.941603,-32.19476,-25.99622,-25.208244,-29.357859,-34.212845,-30.09272,-26.82647,-27.835312,-26.628649,-26.400833,-28.742054,-27.142124,-23.727146,-22.879862,-24.984688,-24.094975,-26.343592,-28.809559,-25.427986,-21.581638,-25.239914,-24.960371,-28.525576,-25.0587,-25.227745,-29.544476,-28.34468,-29.51,-26.80613,-22.151588,-24.27245,-22.47448,-24.222546,-23.498585,-25.195942,-25.56435,-25.499012,-29.20728,-23.637205,-24.238796,-26.583862,-28.759089,-27.388136,-25.58882,-28.35471,-26.817831,-33.87208,-31.276243,-24.013771,-26.779692,-29.305695,-25.901457,-24.164425,-22.560759,-24.013573,-21.731358,-20.25191,-23.031841,-25.964464,-24.838194,-27.642794,-27.125092,-33.91649,-29.18889,-22.80571,-20.226612,-24.043123,-21.425014,-21.10908,-20.526737,-20.694666,-24.173851,-28.93637,-31.351986,-27.85228,-22.511063,-26.87962,-23.26509,-19.180496,-25.749401,-23.329008,-21.68842,-25.909328,-31.622473,-27.973337,-21.128874,-19.884087,-21.82103,-24.866354,-27.881712,-32.778725,-21.686827,-20.631598,-23.832645,-24.9879,-24.268837,-29.621935,-32.21067,-25.984734,-23.05644,-24.156567,-22.849676,-22.909504,-22.30738,-24.195637,-26.322592,-30.676624,-26.704369,-28.671522,-26.121437,-20.394253,-22.058195,-27.082357,-24.718243,-28.483234,-30.448782,-33.31101,-28.35339,-25.380295,-22.295643,-20.020916,-23.178867,-27.72037,-30.900898,-30.63043,-28.338917,-23.220398,-22.270931,-21.876854,-24.39886,-24.736485,-23.061893,-23.419535,-26.1789,-22.547585,-21.520723,-25.224392,-28.084305,-25.691555,-25.16528,-24.016476,-27.09647,-26.865864,-23.568428,-29.657131,-28.479464,-24.084246,-24.685453,-33.350567,-33.31094,-25.261185,-26.913225,-25.371498,-24.265886,-22.179798,-21.28619,-27.923227,-29.191578,-29.384129,-31.683128,-28.305805,-26.706434,-27.543499,-25.89829,-24.935421,-25.43822,-26.095554,-27.755222,-26.379807,-23.545362,-21.811571,-20.918388,-18.544968,-24.511513,-27.360338,-25.715057,-26.977854,-28.597092,-28.816666,-26.562988,-26.497936,-26.384163,-27.074053,-28.0196,-25.758324,-25.254993,-26.362366,-28.12783,-27.211338,-27.973984,-23.960655,-26.622723,-23.153046,-22.86644,-20.841595,-21.594067,-28.384005,-32.070747,-23.961761,-23.087616,-24.753777,-28.615444,-30.485516,-29.26704,-24.750957,-23.863716,-24.932205,-27.52018,-31.881346,-26.558537,-24.171707,-27.508493,-29.14355,-28.770638,-27.744308,-25.276653,-24.248512,-26.683418,-26.122414,-21.187904,-21.671402,-23.562927,-26.78717,-24.316696,-21.15384,-22.175896,-24.430416,-21.77502,-21.70644,-24.429977,-26.90514,-27.653666,-19.874973,-21.512964,-21.454754,-25.037329,-25.800106,-25.848003,-22.861534,-23.07509,-28.7604,-27.037601,-24.688278,-25.75991,-26.982851,-29.141283,-30.725153,-29.093575,-27.391438,-24.988697,-25.152645,-28.445843,-27.95187,-26.8334,-24.649784,-24.542147,-27.076641,-25.62615,-29.091446,-31.243082,-26.558846,-27.140717,-22.639576,-20.46796,-24.251842,-23.76212,-24.851387,-26.092402,-25.944256,-22.615171,-23.118095,-24.986889,-30.165958,-30.728973,-27.033314,-26.315472,-28.664217,-24.8139,-24.43272,-25.272602,-25.710453,-26.02604,-24.47201,-21.631245,-20.975647,-26.42057,-33.207886,-32.063156,-33.05206,-32.269478,-35.18815,-36.1474,-30.828505,-22.907835,-18.87193,-19.70847,-24.406446,-26.08482,-28.400925,-29.2836,-22.255127,-19.960426,-28.016861,-30.44782,-29.804626,-27.322502,-24.518627,-25.650768,-19.755497,-19.415607,-23.151506,-28.197678,-30.837078,-22.795805,-24.185299,-24.594925,-26.093864,-34.241425,-33.723682,-27.084316,-26.395782,-25.86776,-28.684746,-27.775826,-25.129349,-22.672218,-23.090696,-23.915543,-24.39477,-29.52779,-30.14099,-29.736225,-31.691675,-29.87346,-26.563683,-25.627403,-22.157555,-23.608334,-23.569763,-30.728037,-34.8016,-31.470385,-26.018805,-22.78474,-25.891933,-25.784218,-23.322584,-26.678898,-29.552866,-30.506199,-32.913074,-36.333565,-42.07682,-44.745422,-44.214874,-43.961544,-44.41864,-44.291805,-44.386436,-44.42701,-44.403954,-47.20703,-57.668533,-80.0,-80.0,-80.0,-80.0,-80.0,-80.0,-80.0,-80.0,-80.0,-80.0,-80.0,-80.0,-80.0,-80.0,-80.0,-80.0,-80.0,-80.0,-80.0,-80.0,-80.0,-80.0,-80.0,-80.0,-80.0,-80.0,-80.0,-80.0,-80.0,-80.0,-80.0,-80.0,-80.0,-80.0,-80.0,-80.0,-80.0,-80.0,-80.0,-80.0,-80.0,-80.0,-80.0,-80.0,-80.0,-80.0,-80.0,-80.0,-80.0,-80.0,-80.0,-80.0,-80.0,-80.0,-80.0,-80.0,-80.0,-80.0,-80.0,-80.0,-80.0,-80.0,-80.0,-80.0,-80.0,-80.0,-80.0,-80.0,-80.0,-80.0,-80.0,-80.0,-80.0,-80.0,-80.0,-80.0,-80.0,-80.0,-80.0,-80.0,-80.0,-80.0,-80.0,-80.0,-80.0,-80.0,-80.0,-80.0,-80.0,-80.0,-80.0,-80.0,-80.0,-80.0
-26.786137,-24.285069,-25.275229,-22.890625,-21.437237,-21.743967,-25.965517,-32.852924,-28.025644,-28.372925,-33.261475,-24.026445,-24.015524,-25.890467,-25.15829,-23.420069,-27.692236,-31.84047,-24.60959,-24.466936,-27.316256,-30.131935,-33.240665,-29.892727,-31.827408,-34.12457,-32.547115,-24.296267,-21.942265,-25.993147,-24.261086,-22.897577,-25.445019,-24.124386,-24.829208,-27.470255,-24.52446,-25.347729,-24.986404,-24.064548,-24.960905,-26.270025,-24.829096,-24.802729,-30.497147,-27.487421,-28.7976,-29.746346,-26.516281,-29.836262,-26.396294,-26.38292,-28.549036,-27.156168,-23.442875,-20.194973,-22.479586,-21.71781,-22.511257,-28.716011,-26.736185,-31.701612,-30.99388,-30.608566,-29.03124,-27.144575,-27.754295,-29.812761,-27.94086,-26.011463,-25.028885,-24.096369,-24.812727,-21.39185,-25.111841,-29.628729,-23.574905,-26.08141,-33.671673,-30.22116,-27.934408,-26.268223,-24.80217,-25.76971,-25.576263,-20.755798,-23.870554,-27.358423,-20.998093,-20.72717,-28.836998,-27.633348,-29.031582,-29.700224,-24.738758,-26.083675,-25.564194,-26.802494,-29.247005,-27.260872,-23.781021,-29.2,-30.029278,-27.645313,-25.666037,-30.412827,-25.944084,-20.136066,-22.65816,-25.316582,-27.013943,-29.766598,-24.98687,-23.638788,-27.68675,-31.608553,-32.625492,-30.467377,-32.0861,-29.891695,-36.45069,-41.342045,-34.088066,-33.05224,-32.951588,-36.324562,-38.073677,-29.950048,-30.156542,-26.935055,-23.715397,-29.78154,-34.404385,-26.439764,-24.136145,-29.876097,-31.510187,-26.02426,-27.000362,-27.457928,-31.727938,-31.39402,-32.622955,-27.386465,-21.830015,-21.27607,-24.040632,-29.046095,-29.60171,-27.226849,-28.179083,-19.158274,-20.28577,-32.090996,-33.782578,-30.252277,-29.802109,-33.720566,-35.09143,-32.15861,-28.130093,-26.4973,-30.883034,-31.365068,-29.063848,-22.537994,-24.075626,-27.244,-26.672144,-30.095692,-28.330276,-21.54824,-20.644768,-30.216345,-33.266533,-21.72422,-18.314877,-20.524675,-23.854515,-21.833126,-21.189556,-26.308718,-29.132662,-27.592335,-29.22839,-24.768845,-24.34984,-24.450663,-24.85318,-29.693523,-27.469292,-26.161156,-26.872625,-26.546894,-26.062862,-26.555733,-22.591305,-24.045107,-27.639704,-26.914732,-25.669863,-25.290909,-28.694042,-30.528465,-34.760525,-30.920359,-28.75434,-31.045404,-35.269306,-37.591503,-31.001978,-27.546768,-23.165714,-21.132566,-25.413353,-25.32122,-26.51018,-29.483814,-24.909485,-25.700392,-24.64175,-26.30381,-27.573673,-26.54645,-24.035044,-24.735485,-24.280941,-26.84327,-24.528957,-21.667257,-22.598469,-27.654232,-29.838095,-27.794353,-27.899588,-34.44182,-28.726377,-25.822086,-29.169228,-34.43223,-27.745438,-24.801329,-28.970356,-31.30228,-33.242332,-30.92952,-31.134092,-23.916462,-25.212645,-32.563663,-28.50915,-28.017448,-26.37231,-32.24609,-30.57769,-24.8867,-25.977413,-24.556227,-31.179369,-34.68607,-34.141068,-27.92117,-27.52613,-29.10426,-25.531193,-26.783016,-30.070839,-29.544651,-29.809317,-29.553959,-26.936348,-24.527401,-23.752926,-27.916418,-29.307718,-30.69481,-27.923544,-26.01936,-21.683876,-24.636543,-30.534063,-24.239962,-22.395464,-26.28693,-30.017458,-26.159668,-26.185848,-30.397045,-32.519173,-29.465197,-26.932922,-26.595934,-27.601452,-27.198036,-27.132904,-29.94863,-30.356009,-24.162552,-22.061657,-28.283463,-30.95215,-31.030748,-24.60125,-24.10696,-25.352272,-22.82498,-25.521603,-27.582308,-24.371548,-26.807896,-25.004852,-27.77337,-33.66197,-32.476562,-26.569393,-27.657995,-25.358032,-23.331814,-21.559761,-20.488638,-25.819214,-22.598171,-19.016844,-22.11685,-21.951654,-21.17897,-27.254732,-25.146467,-23.773247,-21.032389,-21.040709,-23.669954,-26.92392,-25.324253,-19.901676,-22.243347,-25.203283,-28.635656,-29.441814,-26.856764,-28.026077,-22.685051,-20.791958,-20.634995,-22.150614,-25.788658,-28.068806,-25.064316,-22.831326,-23.55897,-25.39381,-25.575481,-28.052109,-23.189365,-19.295605,-22.85002,-26.913198,-22.370453,-23.92777,-27.375046,-24.858997,-19.584015,-21.723064,-29.999311,-29.099648,-25.758102,-23.295383,-26.375767,-27.342838,-25.986614,-28.176651,-26.430294,-26.55944,-26.54726,-26.876942,-28.12635,-25.790005,-27.60639,-29.339172,-22.91876,-25.226847,-28.368307,-31.995832,-29.298119,-23.974558,-24.577084,-21.00693,-21.747417,-23.160748,-22.281351,-28.904314,-26.004005,-21.111256,-24.508028,-27.490053,-30.045195,-26.785292,-27.087141,-27.177967,-27.389183,-23.357338,-27.72263,-31.22372,-26.683653,-24.268692,-26.164043,-25.958559,-23.951576,-23.054287,-24.823864,-23.852436,-29.158934,-29.8532,-26.181324,-30.59991,-36.43637,-25.83847,-24.101933,-24.373667,-26.134354,-26.898472,-24.239971,-24.49443,-23.68984,-31.38889,-34.129074,-30.469654,-24.264864,-25.045815,-20.97711,-22.984741,-30.38992,-26.14576,-22.049297,-27.575718,-28.544863,-23.210648,-19.287748,-22.258356,-25.06038,-32.773304,-32.118355,-27.385674,-26.979515,-24.145645,-27.476398,-30.384512,-24.97959,-23.840635,-26.268925,-25.211765,-26.97052,-32.239964,-30.96367,-23.009232,-22.363426,-25.88792,-26.260649,-25.496826,-25.284775,-27.841026,-29.711834,-26.164991,-26.498774,-27.568752,-31.195242,-31.655998,-28.246246,-24.145123,-27.671848,-29.102512,-24.077919,-25.782957,-27.411076,-26.784328,-24.096489,-26.70342,-26.480417,-23.421215,-26.693304,-30.582005,-30.540325,-29.75475,-25.517508,-26.755754,-26.578302,-24.04186,-23.222694,-21.105656,-23.533047,-22.908485,-20.5125,-24.134888,-23.560833,-27.64201,-31.025892,-23.518517,-24.438879,-21.255667,-20.558563,-24.647308,-21.299755,-19.484783,-23.498272,-23.116276,-24.983635,-26.068138,-33.90145,-26.020658,-25.937397,-27.63638,-24.784481,-28.336992,-28.083899,-24.776028,-28.060602,-31.34961,-33.897778,-32.78176,-31.009628,-26.383558,-24.561785,-25.9179,-28.382164,-25.499954,-24.592602,-21.78468,-26.100735,-24.786983,-26.554598,-25.173592,-26.078377,-29.80174,-27.409027,-32.44275,-28.739681,-27.132553,-29.521019,-33.79947,-29.18349,-26.285927,-31.456665,-28.342705,-24.194971,-25.46847,-26.9017,-24.107635,-22.716959,-22.792717,-21.172884,-23.668873,-25.97628,-30.409636,-30.109245,-32.634445,-34.12751,-33.76339,-31.099443,-30.16598,-22.866955,-24.642647,-29.684238,-32.828903,-30.74124,-24.603727,-27.107592,-26.605885,-23.013517,-28.809196,-25.697186,-24.946747,-28.228153,-25.692677,-25.52948,-24.315903,-25.339043,-29.146196,-26.104137,-26.111195,-27.831188,-26.412539,-26.200502,-28.470982,-23.640633,-23.704922,-24.933912,-21.918543,-22.212559,-25.447075,-28.616875,-27.094814,-22.712358,-21.603565,-23.887493,-23.518959,-27.74123,-27.388115,-27.80962,-30.209482,-27.988567,-30.617828,-33.399857,-27.781734,-23.492775,-20.060589,-24.75222,-33.027878,-38.60181,-28.444656,-26.722595,-25.782263,-25.398594,-26.66721,-30.01665,-30.996338,-30.617016,-33.49951,-34.726036,-42.213913,-48.81298,-48.425102,-48.028244,-48.79663,-48.21839,-48.33545,-48.585194,-46.13454,-48.73789,-59.65966,-80.0,-80.0,-80.0,-80.0,-80.0,-80.0,-80.0,-80.0,-80.0,-80.0,-80.0,-80.0,-80.0,-80.0,-80.0,-80.0,-80.0,-80.0,-80.0,-80.0,-80.0,-80.0,-80.0,-80.0,-80.0,-80.0,-80.0,-80.0,-80.0,-80.0,-80.0,-80.0,-80.0,-80.0,-80.0,-80.0,-80.0,-80.0,-80.0,-80.0,-80.0,-80.0,-80.0,-80.0,-80.0,-80.0,-80.0,-80.0,-80.0,-80.0,-80.0,-80.0,-80.0,-80.0,-80.0,-80.0,-80.0,-80.0,-80.0,-80.0,-80.0,-80.0,-80.0,-80.0,-80.0,-80.0,-80.0,-80.0,-80.0,-80.0,-80.0,-80.0,-80.0,-80.0,-80.0,-80.0,-80.0,-80.0,-80.0,-80.0,-80.0,-80.0,-80.0,-80.0,-80.0,-80.0,-80.0,-80.0,-80.0,-80.0,-80.0,-80.0,-80.0,-80.0
-32.106056,-30.643158,-27.438704,-27.937078,-24.954971,-25.398966,-29.7512,-26.864426,-23.000198,-28.184734,-26.800365,-20.4748,-21.85296,-24.512209,-25.179728,-27.348171,-34.340874,-38.916508,-30.69222,-28.327103,-25.314655,-29.490294,-37.20193,-28.07014,-29.277798,-31.272556,-26.109852,-26.935715,-26.015884,-27.891296,-27.026936,-25.345604,-23.48631,-23.577415,-25.369059,-26.125376,-20.06888,-20.470085,-26.194754,-27.120419,-27.650558,-27.234564,-28.997349,-26.498125,-26.940506,-30.228777,-30.050943,-27.768898,-32.298504,-35.583626,-34.002712,-28.831747,-25.10669,-24.55427,-25.896948,-26.569504,-26.72063,-24.674824,-22.780195,-28.320732,-27.401266,-30.564949,-29.073433,-30.880333,-32.555267,-35.584915,-31.26966,-31.37182,-30.640867,-26.49765,-23.2425,-26.320938,-28.917978,-25.788406,-27.879143,-28.33189,-25.71104,-26.90129,-29.16367,-30.319061,-25.13612,-24.813896,-33.5331,-31.48445,-23.19688,-23.501637,-30.59952,-32.36017,-30.436537,-24.872868,-24.841476,-24.96111,-26.974283,-26.296139,-22.851892,-22.872883,-22.45697,-21.46286,-26.39745,-22.994984,-25.075752,-30.746052,-32.293236,-27.887423,-24.876818,-29.095642,-28.708351,-21.215466,-21.802109,-25.981323,-32.003674,-38.596848,-29.972977,-28.610722,-30.67608,-34.91789,-38.508636,-32.65977,-32.147736,-28.08444,-30.443619,-38.94614,-31.583107,-27.604622,-33.859493,-37.91961,-35.70851,-31.58845,-33.481308,-28.140377,-27.559364,-27.78541,-26.887087,-24.751492,-25.099136,-24.961855,-27.001534,-26.373133,-27.304897,-26.035671,-27.283636,-28.193844,-28.687618,-32.249973,-27.579433,-25.917034,-23.128504,-25.28362,-30.648184,-27.968496,-32.063274,-24.781643,-23.523178,-27.46254,-33.948414,-25.546253,-25.124382,-31.671515,-33.53427,-31.482086,-32.95623,-31.925701,-33.35194,-33.06074,-25.328499,-19.844603,-22.921278,-24.667889,-24.17191,-27.443697,-28.70514,-25.654785,-22.418247,-28.493347,-24.835169,-20.865599,-22.374557,-28.474628,-32.51855,-26.646343,-25.561548,-27.404997,-25.740692,-29.557495,-29.363373,-26.440592,-23.936451,-22.550974,-23.54896,-24.199423,-29.098335,-35.853535,-30.926237,-26.786537,-24.591387,-27.479832,-23.912264,-23.866451,-28.274437,-21.746494,-21.57012,-20.1359,-23.718834,-29.715082,-30.039196,-31.276854,-26.596523,-28.551258,-31.29354,-29.037752,-30.545696,-26.511757,-26.019367,-25.335522,-25.11826,-25.265093,-25.967588,-25.624016,-21.236847,-26.291624,-33.115845,-28.17534,-27.842665,-27.303223,-24.209066,-19.914036,-21.791548,-24.131912,-25.664011,-24.76477,-24.667812,-24.448816,-24.895367,-22.453312,-27.78331,-33.60085,-33.02029,-30.370481,-30.63154,-31.214453,-25.149822,-22.61467,-26.243984,-26.614075,-32.71053,-32.91489,-32.64923,-28.577927,-31.79026,-37.420864,-32.326942,-31.830654,-27.338097,-28.547003,-29.266376,-26.61124,-29.695932,-23.669243,-24.459385,-29.698483,-28.621975,-25.110039,-24.885015,-23.577766,-25.982864,-26.536211,-23.481838,-23.861637,-29.05829,-31.799559,-28.975094,-30.01637,-26.786694,-24.254322,-27.292618,-32.5729,-30.830988,-33.087616,-24.353615,-25.599953,-25.977564,-24.935371,-27.593801,-30.230099,-28.121412,-24.78249,-28.70925,-32.660736,-33.13043,-32.174007,-27.123577,-23.505056,-28.744143,-32.113968,-29.003033,-27.426628,-31.348083,-32.77567,-25.273615,-24.359987,-28.25011,-23.867413,-19.084492,-20.446205,-29.92769,-24.534622,-21.934914,-21.59911,-22.626251,-27.866623,-27.076437,-29.6829,-31.821821,-30.49172,-28.371376,-27.539253,-24.445004,-27.277134,-24.85373,-23.936554,-25.9948,-23.887802,-25.007156,-27.399994,-18.464714,-17.948051,-25.757431,-25.996449,-22.518482,-21.572662,-22.065964,-22.39722,-21.148304,-24.777714,-24.651768,-24.811129,-27.779182,-26.316015,-27.13349,-26.104553,-31.887197,-26.510567,-23.976202,-25.302723,-27.89436,-28.099361,-26.621962,-29.279469,-24.380487,-20.941381,-24.981861,-25.17075,-26.988386,-24.97044,-21.27102,-19.128555,-23.602425,-23.942135,-29.567314,-33.6876,-27.797247,-23.752468,-22.013363,-25.554363,-27.621292,-27.858562,-25.696056,-26.227743,-26.259588,-26.795467,-25.21096,-26.964333,-25.92119,-24.66106,-26.119865,-26.170595,-29.919104,-26.085205,-27.8602,-25.962093,-22.14317,-24.341,-34.0295,-24.844929,-19.468151,-19.854422,-23.696497,-24.715094,-19.132423,-19.52887,-22.747622,-20.415281,-21.756893,-29.192165,-27.319462,-27.649502,-28.360947,-28.980503,-27.287804,-27.831089,-24.638767,-25.63692,-31.986856,-27.073206,-22.797874,-28.353542,-30.151937,-22.599773,-21.009754,-20.439636,-24.087822,-24.884617,-28.40122,-28.562323,-29.618523,-34.715244,-26.488907,-23.31624,-27.779213,-24.650982,-25.866817,-25.063137,-19.574032,-21.369925,-24.339493,-24.22173,-27.719757,-25.725504,-22.546919,-20.937174,-25.639809,-29.432978,-25.04177,-21.293053,-21.12995,-22.550064,-27.723684,-24.007376,-22.74163,-22.792416,-28.680077,-31.477638,-25.05113,-22.403883,-20.73199,-22.517145,-29.419022,-28.875984,-28.18468,-23.858929,-23.053997,-28.19048,-27.578684,-30.04171,-22.56902,-21.866316,-27.580742,-26.856606,-26.824091,-23.468128,-27.796562,-27.768044,-24.324581,-21.608978,-27.520727,-26.439943,-28.80752,-29.681183,-25.35847,-25.688477,-28.78278,-27.853334,-28.192213,-28.499725,-25.403408,-22.719109,-26.425133,-24.84026,-23.151302,-29.392029,-32.93688,-31.736197,-32.903168,-27.264517,-22.43328,-20.750027,-18.742302,-22.345985,-27.161596,-26.69286,-26.105753,-28.546852,-27.19953,-28.223162,-30.794527,-28.057243,-23.561504,-27.402723,-25.789806,-26.844765,-28.222286,-20.947456,-20.897924,-23.691929,-26.243902,-25.5884,-28.667469,-30.455605,-29.593525,-26.0816,-23.395926,-24.469563,-26.399242,-24.844357,-22.613285,-28.891235,-28.04794,-26.914259,-27.053957,-28.431465,-30.678839,-23.80378,-25.316269,-29.226883,-21.828308,-22.532051,-22.360697,-30.03528,-26.733913,-25.50906,-24.658142,-30.61972,-29.408018,-25.174,-28.338785,-26.273212,-23.117863,-26.870655,-26.525517,-25.897495,-27.078653,-23.871359,-22.508476,-21.918991,-20.579311,-24.062016,-25.568043,-27.696583,-20.174368,-18.70782,-24.03305,-23.480978,-26.212452,-28.604282,-29.04837,-27.17324,-24.406298,-25.33184,-30.15971,-22.84212,-24.904808,-31.213938,-28.74739,-23.79668,-22.80455,-26.318922,-32.88869,-28.127666,-30.090092,-26.634079,-24.55457,-29.485588,-25.616173,-20.5294,-20.817532,-25.467258,-30.362778,-27.649498,-23.624079,-26.258148,-28.327572,-28.52476,-26.407158,-21.211004,-24.086447,-26.646381,-25.362862,-25.505976,-31.256634,-26.224567,-26.433296,-27.239819,-23.747843,-23.794167,-27.170553,-31.761656,-31.52169,-33.571716,-28.491295,-27.20087,-26.233265,-28.06634,-34.39709,-25.949512,-21.014143,-24.713032,-35.366062,-38.536335,-34.0426,-34.887264,-30.745321,-28.51905,-29.8201,-29.735268,-30.008026,-27.743778,-27.055387,-32.560513,-45.479263,-51.173363,-50.418964,-50.11859,-50.718052,-50.543304,-50.660027,-50.626984,-46.674644,-47.822155,-60.444714,-80.0,-80.0,-80.0,-80.0,-80.0,-80.0,-80.0,-80.0,-80.0,-80.0,-80.0,-80.0,-80.0,-80.0,-80.0,-80.0,-80.0,-80.0,-80.0,-80.0,-80.0,-80.0,-80.0,-80.0,-80.0,-80.0,-80.0,-80.0,-80.0,-80.0,-80.0,-80.0,-80.0,-80.0,-80.0,-80.0,-80.0,-80.0,-80.0,-80.0,-80.0,-80.0,-80.0,-80.0,-80.0,-80.0,-80.0,-80.0,-80.0,-80.0,-80.0,-80.0,-80.0,-80.0,-80.0,-80.0,-80.0,-80.0,-80.0,-80.0,-80.0,-80.0,-80.0,-80.0,-80.0,-80.0,-80.0,-80.0,-80.0,-80.0,-80.0,-80.0,-80.0,-80.0,-80.0,-80.0,-80.0,-80.0,-80.0,-80.0,-80.0,-80.0,-80.0,-80.0,-80.0,-80.0,-80.0,-80.0,-80.0,-80.0,-80.0,-80.0,-80.0,-80.0
-33.48574,-34.26462,-30.123453,-31.712315,-29.190058,-26.451534,-29.123613,-27.63158,-23.087883,-25.169226,-23.32797,-22.365047,-27.146536,-30.0965,-31.34593,-29.575907,-27.678215,-31.118114,-31.844841,-29.52646,-28.619148,-30.604303,-31.496689,-26.289473,-24.301285,-27.416428,-22.286041,-24.770319,-26.208363,-28.274618,-30.224348,-25.626755,-23.558544,-20.335432,-21.297863,-21.708607,-21.672157,-24.19358,-28.278204,-31.230185,-29.896255,-32.706974,-29.731567,-27.293137,-25.65591,-24.079288,-23.040909,-25.1069,-30.206938,-33.03696,-30.865326,-31.458902,-29.177929,-28.042103,-27.569212,-26.160904,-28.591644,-23.905266,-22.015226,-27.922554,-29.37976,-33.897034,-33.494278,-29.617767,-30.333813,-32.376137,-35.95538,-33.203598,-29.456818,-24.181446,-19.362923,-24.841503,-39.754025,-27.307972,-24.462593,-26.088673,-29.779602,-23.657455,-20.444948,-21.623543,-22.316942,-26.386398,-28.534616,-26.92035,-19.540173,-20.991392,-26.127682,-30.591463,-33.92613,-31.616837,-26.49921,-24.306854,-22.383392,-26.869299,-27.507954,-27.570486,-27.394894,-21.557852,-25.14346,-24.834612,-23.46541,-28.012934,-33.575287,-24.861145,-26.220737,-27.138166,-27.561165,-21.565142,-21.112127,-24.642536,-33.234375,-41.021664,-31.466997,-26.92482,-33.304413,-39.01916,-36.158333,-35.599434,-30.824823,-31.204708,-33.597485,-35.96242,-27.931507,-25.027206,-31.613455,-44.32783,-41.97597,-34.407368,-35.42141,-29.318333,-26.130665,-23.656822,-26.543053,-30.789373,-29.31749,-25.073093,-28.201859,-26.018616,-25.015411,-26.249262,-24.786472,-27.192768,-27.524988,-28.367966,-27.01745,-28.809433,-21.622898,-23.367743,-30.49104,-31.678385,-35.493603,-32.572166,-29.049763,-27.79623,-30.963655,-28.164286,-23.277073,-23.503191,-29.018456,-26.259504,-23.053997,-28.159683,-29.987652,-29.986126,-26.460882,-25.179014,-21.314201,-22.930302,-23.991266,-24.310158,-24.927353,-29.261404,-26.595669,-26.20665,-20.24947,-23.659052,-30.333475,-26.912832,-30.434433,-26.116493,-22.012379,-26.256569,-28.223251,-25.720762,-28.151617,-29.362526,-29.669035,-23.581627,-21.830933,-26.473263,-30.58594,-29.631805,-31.015833,-27.140774,-25.46841,-28.248585,-26.270697,-26.493149,-28.321323,-24.89927,-24.957878,-24.440079,-26.880621,-30.202042,-27.024363,-25.527798,-27.943375,-29.801777,-25.386396,-22.184134,-27.041988,-27.975449,-27.66605,-25.985283,-22.388245,-25.142796,-31.289179,-28.336765,-24.023918,-24.726345,-24.674267,-23.689661,-24.068455,-30.194374,-24.291748,-20.520378,-24.556221,-23.240952,-24.107075,-20.305565,-23.223179,-27.810654,-27.411764,-23.674162,-24.925924,-28.10073,-31.316633,-28.221426,-29.23891,-31.417002,-28.688873,-25.889576,-22.152836,-22.448278,-28.606186,-29.608864,-27.429794,-31.634924,-39.95661,-39.099762,-30.687025,-28.94793,-28.095497,-28.553951,-25.671984,-24.954397,-29.849176,-26.283304,-22.855888,-26.955841,-34.210293,-31.419792,-30.138012,-26.269386,-28.091396,-30.518232,-27.595913,-27.053003,-25.073778,-25.151264,-30.87164,-30.895647,-25.775433,-20.370634,-20.649723,-25.442074,-29.091028,-30.2614,-25.456211,-24.455946,-25.892033,-29.044918,-27.21694,-30.711147,-28.628574,-23.703083,-27.19039,-26.97856,-29.873377,-30.46419,-28.621826,-23.694464,-25.164755,-30.846313,-26.111088,-23.17546,-28.81346,-37.48378,-23.69058,-20.152222,-26.548466,-27.375916,-22.135557,-22.795324,-31.445833,-26.200111,-24.53437,-24.421143,-24.460714,-26.344887,-25.507006,-27.993704,-24.253172,-23.116919,-27.219675,-31.68636,-30.16816,-33.544136,-29.274347,-26.634378,-25.919743,-27.100355,-24.59053,-25.773571,-21.550507,-21.35642,-27.704638,-29.08852,-28.102558,-24.589296,-24.11295,-27.637981,-23.582932,-25.912575,-28.045826,-30.314198,-29.723883,-26.083862,-23.02925,-25.940826,-29.968384,-26.227253,-31.3185,-27.480867,-21.12923,-21.474773,-26.081913,-29.18708,-29.585632,-26.572832,-26.513113,-27.172424,-25.58667,-28.566204,-21.55581,-17.769798,-20.493572,-23.702177,-22.700224,-24.211178,-28.871517,-23.480778,-23.301119,-28.87177,-27.588116,-31.879541,-33.055534,-26.745937,-27.889458,-29.10262,-25.058128,-25.79057,-20.671852,-21.45222,-25.116894,-23.369362,-26.113039,-23.461464,-25.212757,-31.96909,-27.251625,-28.057146,-28.19597,-25.185265,-25.506384,-25.771502,-25.864563,-24.861622,-22.160912,-26.762249,-26.816792,-23.9343,-26.157015,-24.671158,-26.921951,-28.72712,-32.163227,-28.044033,-28.731321,-28.445885,-25.382608,-23.64146,-23.848282,-24.765026,-24.266228,-25.915606,-23.696709,-23.153006,-24.003735,-22.488194,-28.257063,-31.435753,-29.146482,-26.13438,-26.55108,-31.506544,-27.038925,-26.027426,-26.393576,-26.383907,-24.986647,-26.124664,-21.147133,-22.88779,-23.049461,-20.582863,-22.68071,-21.449184,-20.564543,-23.512718,-22.62275,-25.862818,-28.819845,-27.104742,-22.753511,-21.368809,-20.19958,-24.263252,-29.576866,-23.945625,-22.87975,-27.538933,-27.297966,-30.319916,-27.764368,-23.449415,-23.754597,-24.842583,-25.269707,-24.603271,-24.067549,-31.006392,-23.90242,-25.66539,-26.372198,-23.214693,-24.149944,-21.172705,-22.51804,-20.60934,-25.738464,-26.754726,-23.867254,-21.263039,-24.535175,-27.42903,-26.605648,-27.627562,-25.819887,-25.088093,-23.824661,-22.889927,-25.916828,-32.472588,-31.641188,-27.252842,-27.54784,-26.108932,-30.023588,-33.03041,-30.505444,-28.097778,-34.633633,-27.312582,-24.390266,-23.305336,-21.123806,-22.817974,-32.011173,-31.068354,-29.33426,-32.19802,-29.850986,-24.22012,-21.733831,-23.094616,-23.845207,-30.600672,-28.070675,-27.59629,-26.225464,-25.0895,-25.376095,-29.79755,-25.083572,-21.949402,-25.421215,-33.285603,-30.594467,-24.440575,-20.73008,-21.30892,-23.808208,-27.043974,-25.243896,-30.131372,-24.12199,-17.840664,-20.047604,-26.30676,-26.693323,-24.90881,-23.612041,-23.719587,-22.094688,-20.472317,-25.224516,-32.538967,-29.526707,-25.110079,-28.159721,-30.389439,-25.05254,-26.57737,-25.413662,-23.83746,-22.088205,-25.536928,-27.548016,-26.580345,-28.967373,-21.630611,-21.984753,-25.00036,-22.267183,-23.618423,-25.12778,-31.40601,-23.208462,-23.116196,-22.959543,-22.069664,-24.335106,-22.095222,-23.534405,-27.982296,-26.784115,-26.932022,-25.49849,-22.632065,-25.812454,-31.33501,-25.097137,-21.543234,-23.438227,-24.069843,-30.00713,-31.578901,-29.017368,-28.057655,-28.65615,-28.887112,-25.07927,-21.697416,-23.749659,-29.522074,-31.175468,-29.745283,-26.092224,-28.236912,-28.074207,-27.46504,-25.114124,-25.327168,-27.123337,-26.808966,-20.781897,-21.326962,-28.775751,-22.084661,-21.650723,-29.514118,-29.57148,-28.492294,-24.201317,-24.60337,-29.050514,-27.99894,-27.295746,-24.698977,-22.697079,-24.107216,-27.969292,-23.316359,-25.246696,-30.513182,-35.018543,-34.590584,-31.145227,-28.621172,-28.54079,-33.55581,-37.459583,-36.460182,-33.83776,-24.796652,-25.18332,-35.21183,-44.987736,-52.663452,-51.589302,-51.368484,-51.7193,-52.05137,-52.178375,-51.981903,-52.73607,-50.502327,-60.12808,-80.0,-80.0,-80.0,-80.0,-80.0,-80.0,-80.0,-80.0,-80.0,-80.0,-80.0,-80.0,-80.0,-80.0,-80.0,-80.0,-80.0,-80.0,-80.0,-80.0,-80.0,-80.0,-80.0,-80.0,-80.0,-80.0,-80.0,-80.0,-80.0,-80.0,-80.0,-80.0,-80.0,-80.0,-80.0,-80.0,-80.0,-80.0,-80.0,-80.0,-80.0,-80.0,-80.0,-80.0,-80.0,-80.0,-80.0,-80.0,-80.0,-80.0,-80.0,-80.0,-80.0,-80.0,-80.0,-80.0,-80.0,-80.0,-80.0,-80.0,-80.0,-80.0,-80.0,-80.0,-80.0,-80.0,-80.0,-80.0,-80.0,-80.0,-80.0,-80.0,-80.0,-80.0,-80.0,-80.0,-80.0,-80.0,-80.0,-80.0,-80.0,-80.0,-80.0,-80.0,-80.0,-80.0,-80.0,-80.0,-80.0,-80.0,-80.0,-80.0,-80.0,-80.0
-29.465876,-25.634857,-23.074924,-23.828106,-28.571491,-24.293045,-22.318134,-29.175512,-29.807192,-29.526314,-29.248348,-28.128574,-29.98744,-26.589186,-32.031822,-29.82481,-24.558306,-27.540049,-29.799261,-34.57675,-32.77561,-25.848537,-27.131813,-22.477262,-21.65031,-23.753935,-25.849583,-25.058315,-24.45884,-28.804989,-29.143696,-29.97667,-24.567932,-20.098083,-22.069168,-24.795822,-24.523676,-34.896336,-33.13635,-36.568356,-28.998913,-25.57745,-25.954247,-28.192005,-31.502514,-28.29012,-26.69872,-21.88383,-25.08836,-33.19783,-28.763653,-25.934456,-27.07192,-30.226933,-28.500317,-24.346928,-28.339167,-24.557713,-25.126282,-25.94762,-31.508198,-29.616337,-30.04528,-25.768013,-23.909588,-22.262978,-24.096394,-30.165985,-34.024433,-27.452805,-20.810526,-24.177063,-29.418262,-24.222252,-25.928246,-26.526482,-26.982233,-22.186321,-21.993458,-25.064209,-25.86579,-28.919903,-23.980171,-24.252846,-22.339815,-23.340855,-23.776775,-24.640308,-28.961151,-25.940746,-26.915602,-22.413986,-21.207619,-25.909206,-27.61163,-27.920427,-26.118559,-24.36158,-25.40599,-29.754185,-23.588305,-25.999592,-24.694307,-24.279243,-24.952942,-25.650902,-20.868711,-22.878199,-23.603521,-24.355104,-28.406921,-37.152824,-31.656788,-25.791454,-27.330437,-29.978043,-31.718428,-35.03321,-33.263165,-31.184664,-36.529545,-38.020275,-35.075947,-29.92544,-31.914085,-35.96442,-36.143486,-37.676254,-34.405445,-27.607155,-27.689337,-25.53429,-25.609621,-27.74491,-22.651958,-23.005932,-26.77264,-26.11996,-22.539864,-25.116228,-26.724667,-29.033424,-32.032257,-30.53766,-31.9827,-29.1922,-21.651133,-17.066483,-17.679691,-20.666943,-26.573698,-24.042698,-23.235222,-23.498074,-24.093082,-33.9302,-29.734642,-26.956385,-26.453674,-24.134825,-18.507854,-21.039417,-28.735126,-27.278887,-24.890215,-22.65387,-21.979866,-23.265903,-26.431112,-25.050385,-25.78317,-31.767551,-31.451801,-29.722258,-22.397842,-23.147507,-27.303583,-28.74786,-29.697506,-24.633728,-22.842712,-24.65604,-25.365007,-23.268032,-26.86055,-27.073051,-28.38761,-27.207708,-27.03626,-32.489227,-29.264824,-27.896643,-26.96831,-27.649086,-26.882668,-23.235874,-25.805681,-28.161718,-26.837849,-26.147066,-26.023865,-25.896496,-28.614107,-25.111965,-23.369339,-24.265465,-22.925907,-25.140354,-22.130924,-21.751152,-30.886578,-31.623909,-29.727728,-28.531546,-22.039198,-21.642094,-23.951015,-30.263645,-28.003227,-21.958763,-20.56633,-28.8324,-27.688988,-28.541729,-23.719643,-20.977734,-22.03735,-23.594597,-26.12784,-25.764374,-27.468992,-26.869577,-32.505337,-32.36058,-26.515583,-27.707462,-24.283508,-23.257702,-22.697016,-24.639929,-22.758823,-20.510998,-20.973503,-26.399319,-28.502052,-25.969936,-23.607372,-28.351517,-27.327726,-30.19068,-26.450462,-22.24958,-24.336393,-25.548107,-22.275146,-25.266178,-24.922018,-26.620146,-28.583591,-27.470821,-27.137741,-33.02663,-30.457947,-26.171692,-25.852379,-24.617716,-26.54033,-28.747757,-23.436903,-22.719069,-27.936296,-30.31942,-27.648787,-21.39016,-24.853464,-27.106392,-26.644917,-28.763744,-25.039444,-24.812012,-25.830029,-24.927982,-29.599796,-37.08841,-29.458107,-28.554659,-27.972412,-24.36106,-26.97519,-33.310074,-33.02104,-31.435865,-27.69482,-26.29791,-25.465557,-27.883415,-32.597412,-30.82398,-23.272755,-22.10198,-28.574057,-34.072346,-30.639608,-28.768055,-27.536173,-20.422428,-19.547022,-23.660448,-26.116055,-23.355873,-26.307375,-30.844318,-23.550802,-22.176058,-30.485273,-27.545464,-25.995026,-28.706184,-30.399164,-29.900646,-29.387997,-30.731976,-28.494305,-28.726198,-23.623867,-23.535755,-22.493858,-22.038528,-25.757572,-24.2897,-27.33717,-29.149567,-24.447506,-21.91095,-26.984842,-32.278416,-26.482222,-21.319145,-18.745148,-19.950813,-27.82668,-29.989359,-30.844488,-33.919296,-23.304264,-20.612625,-26.301773,-29.488508,-25.112728,-27.962372,-28.303047,-24.747345,-23.274847,-23.638046,-21.757874,-22.557236,-23.766922,-23.407354,-20.79683,-23.680359,-24.954731,-21.156343,-25.029495,-26.707012,-25.930717,-32.160614,-26.26946,-25.984438,-26.789059,-27.321598,-27.421864,-23.631119,-23.630753,-22.267475,-22.14476,-26.186348,-29.447876,-27.551205,-26.071178,-33.241478,-33.480824,-27.993904,-28.224056,-34.26244,-32.945023,-32.71385,-23.798048,-21.414972,-24.254303,-32.317345,-31.719168,-28.670536,-25.220957,-24.2864,-22.53028,-25.098324,-27.96386,-32.23079,-27.863756,-25.225323,-24.37996,-26.820152,-23.033981,-18.511906,-21.346395,-22.809761,-20.47802,-25.068144,-30.232807,-30.662586,-25.025091,-24.791298,-24.354347,-26.276356,-23.82839,-27.104189,-30.046606,-29.400879,-28.351675,-25.690027,-25.907537,-33.50094,-27.02247,-24.295694,-27.140953,-22.199583,-20.06986,-23.7685,-24.303463,-24.982677,-22.714315,-25.522423,-24.136662,-23.389673,-26.09048,-24.056046,-23.555218,-20.939417,-23.685379,-28.46674,-25.65067,-23.103268,-25.602257,-34.266163,-32.259754,-25.545818,-20.412106,-23.39898,-22.584513,-24.267971,-25.320091,-27.618855,-24.536356,-23.217133,-26.25586,-25.06089,-23.113098,-24.254211,-23.951813,-20.172638,-22.398842,-24.767967,-24.399715,-27.221245,-26.32254,-22.345634,-28.593563,-32.20933,-28.60961,-28.025185,-26.290108,-28.890774,-28.50748,-31.230024,-28.536377,-30.333132,-26.732397,-25.924599,-24.538101,-25.83987,-29.199318,-23.196455,-25.828024,-25.810383,-22.502378,-23.814564,-25.971823,-22.176205,-24.046345,-29.20943,-28.001335,-26.703491,-29.066381,-21.213587,-18.931583,-23.82714,-27.382572,-31.778316,-31.997425,-30.603304,-28.995613,-28.26432,-29.00321,-29.274696,-25.067722,-26.422516,-28.440636,-27.025871,-24.065208,-25.173637,-27.80509,-25.90718,-24.896723,-26.141853,-27.926025,-30.167492,-27.713026,-17.69689,-17.401531,-25.102402,-30.850033,-31.266129,-22.207367,-22.03117,-27.513336,-24.212755,-26.74398,-35.35915,-40.264603,-32.83448,-33.45504,-37.294594,-26.57402,-23.393856,-27.865889,-24.607975,-27.166279,-26.248419,-27.103203,-25.910769,-27.302551,-26.839756,-28.008135,-26.06929,-22.480959,-24.510473,-25.870577,-29.939295,-21.897118,-21.248241,-26.902885,-24.587687,-21.427351,-24.90546,-24.188034,-26.950394,-30.609623,-28.973892,-25.54995,-27.73845,-29.668085,-30.840036,-29.62928,-22.025185,-23.06294,-22.648113,-23.96195,-27.263535,-20.86106,-21.438745,-30.26233,-28.141598,-31.060297,-25.469437,-24.9156,-27.655458,-27.797297,-28.78872,-31.05242,-31.64164,-28.410402,-24.925766,-22.346516,-28.384678,-26.282854,-26.289776,-22.616806,-21.791344,-26.561575,-26.7605,-26.534546,-30.434326,-30.875486,-32.73985,-30.00761,-25.442627,-26.770716,-24.725492,-24.225237,-25.149147,-26.71071,-28.852215,-23.832489,-19.96533,-22.599316,-23.948359,-27.69611,-33.34257,-28.431547,-27.310211,-29.928085,-28.108887,-29.305368,-29.54097,-30.272219,-29.58762,-27.021822,-31.174086,-46.185375,-53.513817,-52.772034,-52.62029,-52.970913,-52.972466,-53.097534,-52.594406,-46.702965,-47.15312,-59.45822,-80.0,-80.0,-80.0,-80.0,-80.0,-80.0,-80.0,-80.0,-80.0,-80.0,-80.0,-80.0,-80.0,-80.0,-80.0,-80.0,-80.0,-80.0,-80.0,-80.0,-80.0,-80.0,-80.0,-80.0,-80.0,-80.0,-80.0,-80.0,-80.0,-80.0,-80.0,-80.0,-80.0,-80.0,-80.0,-80.0,-80.0,-80.0,-80.0,-80.0,-80.0,-80.0,-80.0,-80.0,-80.0,-80.0,-80.0,-80.0,-80.0,-80.0,-80.0,-80.0,-80.0,-80.0,-80.0,-80.0,-80.0,-80.0,-80.0,-80.0,-80.0,-80.0,-80.0,-80.0,-80.0,-80.0,-80.0,-80.0,-80.0,-80.0,-80.0,-80.0,-80.0,-80.0,-80.0,-80.0,-80.0,-80.0,-80.0,-80.0,-80.0,-80.0,-80.0,-80.0,-80.0,-80.0,-80.0,-80.0,-80.0,-80.0,-80.0,-80.0,-80.0,-80.0
-32.273254,-30.56248,-29.143082,-27.631042,-30.994812,-25.155785,-21.709282,-21.127596,-21.786194,-24.499329,-24.983261,-26.579626,-24.848335,-23.38457,-28.559607,-31.885708,-25.597473,-23.442883,-25.205036,-27.311546,-31.129747,-26.261435,-22.387947,-24.48528,-26.369759,-26.510136,-28.795778,-27.407822,-25.87735,-26.791327,-26.579517,-29.05862,-22.809109,-23.374546,-28.623749,-23.881784,-21.993309,-31.648176,-32.500072,-31.631062,-31.974503,-30.340998,-29.864025,-28.26078,-32.323414,-33.013153,-34.52801,-27.630737,-25.957035,-26.052563,-26.98929,-25.636524,-25.131294,-29.569431,-30.437916,-22.540882,-22.06868,-22.032745,-21.608404,-25.656384,-26.40023,-26.698864,-31.039282,-31.520676,-26.143843,-24.019737,-24.248743,-32.23926,-31.164944,-28.224201,-27.483988,-26.089865,-24.235619,-25.426609,-30.306992,-24.074934,-23.877415,-26.33283,-25.505116,-29.09598,-25.46842,-25.05409,-27.434175,-28.640587,-26.121254,-21.316746,-20.229614,-22.899803,-30.866009,-23.45489,-25.323715,-24.273655,-23.652994,-24.401318,-27.57433,-22.420956,-21.290413,-22.914711,-22.459007,-28.680246,-24.464918,-23.516209,-23.185768,-25.215313,-24.435432,-28.32175,-24.54892,-26.292435,-22.46663,-23.427551,-30.39271,-35.59606,-30.648272,-27.95819,-30.060318,-30.085403,-28.65052,-34.42893,-32.935425,-30.586388,-33.890312,-39.420586,-44.473362,-39.521732,-36.46493,-31.288935,-31.84878,-33.239906,-28.850344,-30.362453,-28.767212,-23.493074,-23.682262,-26.38026,-24.479332,-30.094744,-31.44206,-23.092632,-23.170631,-29.992756,-36.969185,-31.281086,-28.57282,-32.047153,-29.926834,-26.125072,-23.948166,-20.200932,-19.73579,-19.922089,-25.190372,-21.52142,-24.017223,-21.732548,-24.544071,-28.31696,-26.625946,-26.69979,-26.692158,-24.790594,-22.700119,-27.366276,-26.143633,-25.544666,-22.512943,-23.966173,-24.160177,-22.692541,-24.899153,-29.46694,-29.300953,-33.243393,-28.431576,-25.414742,-26.34222,-26.519451,-27.003204,-25.778803,-31.445042,-26.078796,-23.924019,-26.8037,-29.445684,-26.171799,-25.377995,-25.443419,-27.391418,-26.148752,-22.161636,-26.315216,-31.910816,-29.252214,-24.642822,-21.450432,-19.134293,-22.275503,-26.162708,-25.792976,-22.283686,-24.972155,-26.728823,-21.064472,-22.386007,-27.533955,-28.38636,-27.9169,-27.031574,-27.846272,-25.153067,-25.346483,-29.1975,-29.563927,-27.915936,-30.447775,-27.633036,-20.215649,-19.531929,-29.417864,-30.827477,-25.60679,-23.264313,-26.186573,-21.076736,-20.140745,-24.621876,-25.130358,-23.115675,-27.690268,-26.918297,-29.576214,-31.123732,-28.144941,-32.267426,-30.338331,-29.024254,-25.99781,-26.0143,-21.798138,-18.735157,-20.738373,-26.76179,-25.281248,-19.611622,-20.656895,-23.311653,-25.181406,-23.964916,-25.159035,-23.678179,-22.733143,-25.86446,-27.11689,-22.635529,-21.102839,-28.245237,-27.764393,-26.198046,-26.69265,-27.990532,-24.507723,-26.191818,-34.70482,-28.726517,-27.114565,-31.935362,-26.561777,-27.760944,-24.667473,-20.40418,-23.682625,-31.280256,-26.727839,-21.360199,-19.047977,-23.339048,-26.346619,-25.53621,-26.020073,-28.31418,-25.157488,-22.347277,-22.27844,-24.439228,-26.307652,-24.950935,-24.177399,-26.608997,-27.826914,-26.170921,-28.144108,-32.21512,-28.291386,-30.097378,-28.05857,-29.79626,-32.119667,-26.98978,-26.068144,-31.677776,-33.768982,-29.359789,-26.826477,-21.918676,-22.164406,-25.879873,-22.597399,-26.43608,-27.204378,-27.399055,-30.505255,-27.267681,-24.936554,-23.886183,-27.14098,-30.733171,-24.925419,-22.862553,-27.454668,-28.248877,-29.21421,-26.141508,-28.875711,-32.270466,-33.072567,-32.34708,-30.017694,-25.826145,-25.247955,-27.52975,-26.731628,-29.604113,-27.886929,-25.482147,-25.188427,-22.885105,-22.80918,-24.731085,-21.65231,-21.131378,-19.744127,-23.854967,-34.598305,-35.14579,-30.360302,-25.35392,-25.753506,-27.02859,-27.260757,-21.397224,-21.321081,-25.809559,-23.745707,-23.35945,-24.85989,-31.871174,-25.022564,-22.455967,-21.492773,-25.98954,-33.051487,-24.340939,-21.284649,-27.222475,-29.537804,-25.028332,-24.816977,-25.07766,-26.018028,-26.001766,-26.643448,-24.315983,-26.00387,-27.162098,-25.611723,-26.510635,-26.99413,-28.258196,-26.430256,-22.974005,-23.446081,-23.27293,-25.87735,-29.72219,-31.055237,-30.262133,-32.24278,-23.719833,-21.659187,-22.878248,-27.514414,-30.187214,-23.721273,-22.95243,-23.776188,-28.658081,-31.064138,-31.405209,-30.805222,-30.14835,-30.207767,-30.15379,-26.17502,-26.809216,-20.31621,-24.253067,-33.54006,-30.110859,-30.583717,-35.067684,-25.564075,-20.356003,-22.340643,-27.76157,-24.118835,-23.223248,-28.968103,-29.366184,-29.514683,-25.876884,-23.567104,-27.994072,-33.624275,-28.365187,-32.608765,-29.110727,-29.58753,-30.2983,-25.043556,-25.177898,-27.571434,-27.253414,-27.359446,-24.877136,-24.197966,-21.173244,-23.549343,-24.691744,-21.741821,-21.757486,-27.607775,-26.914148,-22.201752,-26.579754,-26.649137,-27.115417,-26.65134,-25.025097,-24.51614,-22.921154,-25.829542,-30.37965,-31.564066,-32.920517,-24.80861,-20.338516,-22.430986,-30.892246,-22.759888,-19.105284,-23.729622,-26.117733,-26.25335,-23.28053,-26.243752,-23.229195,-20.8591,-25.799767,-28.94477,-28.355764,-29.015347,-26.679163,-26.47043,-26.34826,-23.966747,-23.555342,-29.506615,-30.554724,-26.57679,-24.650345,-25.249233,-30.598099,-25.644289,-27.115135,-28.186487,-24.299438,-28.596956,-27.081013,-20.077936,-21.491693,-24.823235,-22.077976,-25.159435,-29.12693,-28.022655,-22.021894,-21.67875,-24.387592,-27.31753,-29.802345,-27.27999,-32.311844,-27.897652,-23.96552,-24.176125,-26.708797,-26.250526,-23.911055,-25.230688,-19.150368,-20.624222,-25.669529,-23.227251,-19.44713,-23.388542,-24.98392,-25.961489,-24.391195,-23.393984,-21.279736,-31.644325,-30.832462,-25.830536,-24.19204,-32.62062,-27.52751,-26.380974,-25.917507,-27.558918,-31.211561,-31.162457,-25.561779,-22.06057,-22.13412,-23.833073,-26.667349,-25.256496,-23.440582,-28.970146,-26.42915,-19.841202,-20.44292,-28.070753,-23.148808,-20.978271,-26.009293,-25.631678,-23.40578,-28.71274,-26.14706,-24.282648,-27.697237,-25.194742,-26.34915,-27.29666,-33.446545,-26.00857,-25.628485,-23.29427,-21.173409,-24.62728,-28.299927,-27.204924,-27.04805,-28.096046,-25.671112,-25.531992,-24.618942,-31.332146,-22.018892,-21.42816,-24.913057,-24.9566,-28.384968,-24.554895,-24.765728,-23.267899,-24.369371,-27.031101,-26.12091,-30.648252,-30.493156,-25.665817,-25.337233,-28.369522,-29.777695,-28.307102,-29.988216,-25.833984,-24.785957,-27.441269,-35.037106,-33.801537,-33.40785,-34.52477,-29.98022,-27.01558,-24.903755,-23.538593,-26.36279,-25.401567,-27.949253,-27.809948,-21.38776,-20.618202,-27.660955,-26.286106,-30.802513,-32.878017,-30.328623,-29.24752,-23.909462,-28.153969,-26.463747,-26.57492,-31.169952,-25.880573,-23.484604,-29.815426,-47.088394,-53.830326,-53.832138,-53.392147,-54.21048,-53.42038,-53.484863,-54.04666,-47.229416,-46.679405,-58.674927,-80.0,-80.0,-80.0,-80.0,-80.0,-80.0,-80.0,-80.0,-80.0,-80.0,-80.0,-80.0,-80.0,-80.0,-80.0,-80.0,-80.0,-80.0,-80.0,-80.0,-80.0,-80.0,-80.0,-80.0,-80.0,-80.0,-80.0,-80.0,-80.0,-80.0,-80.0,-80.0,-80.0,-80.0,-80.0,-80.0,-80.0,-80.0,-80.0,-80.0,-80.0,-80.0,-80.0,-80.0,-80.0,-80.0,-80.0,-80.0,-80.0,-80.0,-80.0,-80.0,-80.0,-80.0,-80.0,-80.0,-80.0,-80.0,-80.0,-80.0,-80.0,-80.0,-80.0,-80.0,-80.0,-80.0,-80.0,-80.0,-80.0,-80.0,-80.0,-80.0,-80.0,-80.0,-80.0,-80.0,-80.0,-80.0,-80.0,-80.0,-80.0,-80.0,-80.0,-80.0,-80.0,-80.0,-80.0,-80.0,-80.0,-80.0,-80.0,-80.0,-80.0,-80.0
-31.586948,-28.406025,-31.624035,-29.185215,-32.43111,-30.43143,-27.209896,-24.670486,-24.815718,-24.237473,-21.222836,-23.039402,-27.964005,-31.53776,-32.484837,-32.16323,-32.786118,-30.28038,-28.827648,-28.195223,-31.675194,-30.805325,-25.054071,-27.853765,-29.916456,-29.397718,-34.307983,-28.883537,-27.078117,-29.250372,-23.393215,-25.184923,-24.219717,-23.29012,-27.978409,-20.112007,-21.434595,-33.184658,-29.103905,-26.266796,-27.293192,-32.68215,-27.389349,-27.720598,-27.311745,-33.086514,-30.414091,-31.34695,-33.772446,-27.985586,-27.756111,-25.623539,-24.324608,-23.16741,-22.367302,-23.0405,-21.341433,-22.52004,-24.9044,-27.67682,-26.826649,-27.387348,-28.18689,-31.153524,-28.99236,-28.622993,-29.701813,-25.708748,-27.456497,-30.612486,-26.015411,-26.545826,-26.066608,-28.689034,-31.481401,-26.849918,-30.014639,-24.628067,-23.046366,-29.760555,-29.38438,-30.825665,-29.884836,-29.810219,-28.130444,-25.749065,-29.742609,-25.375849,-28.78179,-24.871782,-22.282074,-27.78184,-32.951157,-27.790466,-23.07257,-22.464264,-29.499706,-24.56157,-23.787182,-28.306843,-26.876122,-30.894121,-28.007936,-23.817915,-21.210445,-27.591572,-29.308228,-31.282053,-25.836807,-24.251543,-28.657791,-33.270508,-32.14423,-36.778584,-32.377953,-25.97977,-29.249697,-33.679462,-35.22403,-32.54995,-31.90728,-35.755455,-36.987305,-39.21338,-39.28176,-34.92292,-33.91759,-31.405067,-29.276161,-26.39484,-23.680653,-24.654617,-23.86805,-27.324585,-25.31818,-27.986813,-27.183163,-23.823345,-27.639652,-28.505562,-29.488903,-27.949913,-27.968435,-28.796143,-32.585873,-32.01757,-31.230602,-26.79785,-23.006151,-26.88651,-27.29449,-29.627796,-27.314445,-24.263557,-24.16684,-27.772549,-28.352697,-31.754269,-34.210888,-27.38082,-26.077517,-27.246307,-28.881016,-24.259975,-22.787714,-20.286203,-22.583775,-22.945517,-20.14025,-24.932274,-26.053638,-29.487915,-32.339653,-29.533573,-24.830666,-23.137878,-30.28334,-28.056423,-28.68544,-29.467215,-27.576096,-29.099487,-30.294737,-28.546902,-23.728092,-21.593233,-25.71511,-26.483034,-23.038845,-26.304983,-35.709206,-34.970802,-29.953709,-29.848923,-24.033226,-23.29257,-26.695957,-26.084024,-23.107395,-22.587357,-26.865894,-23.08445,-22.873726,-25.73622,-28.54554,-31.609474,-27.987305,-26.189995,-24.815416,-26.10076,-30.305431,-27.240513,-26.828568,-31.021072,-25.172966,-21.546421,-21.019363,-27.813654,-28.757498,-32.7602,-28.699848,-30.425438,-23.04823,-21.616917,-26.83266,-24.101048,-25.636017,-27.053728,-23.724926,-24.24251,-26.901093,-28.511705,-36.155125,-25.19024,-19.952488,-22.450342,-28.088093,-26.911247,-28.266487,-26.562363,-30.92674,-27.500124,-26.992922,-23.67711,-19.111506,-20.706352,-28.527994,-30.464952,-38.073963,-27.419468,-25.217041,-27.93693,-23.23658,-20.645903,-24.962072,-25.794147,-26.527672,-26.135849,-22.853958,-21.615997,-30.676601,-34.28346,-26.38779,-24.22204,-29.341045,-27.45948,-27.69348,-28.563662,-24.056068,-23.990152,-32.131477,-25.20872,-19.440563,-19.350931,-23.973885,-28.859024,-31.531794,-26.73874,-23.295307,-26.471022,-29.576115,-25.403078,-22.738056,-26.849686,-29.456604,-27.67707,-25.493816,-28.015293,-25.33254,-29.130428,-29.388386,-26.750662,-25.330433,-28.990017,-25.771114,-21.845263,-23.069069,-27.167091,-23.345491,-22.485775,-27.696775,-32.246216,-21.966366,-20.315475,-26.126938,-30.501871,-29.025637,-25.339134,-27.274883,-25.444555,-23.891563,-29.748363,-27.626705,-29.247475,-30.267769,-27.332989,-29.36247,-26.15046,-25.46793,-27.481644,-23.831018,-26.263971,-27.75008,-29.73222,-29.241356,-25.677525,-23.425266,-22.89487,-27.259853,-24.487217,-24.884235,-28.17494,-27.94014,-27.863888,-29.558014,-28.25324,-27.96461,-27.62298,-20.28701,-17.285654,-21.362064,-27.513123,-31.976748,-31.576313,-30.52222,-33.53278,-29.430183,-23.656397,-22.272398,-22.474,-25.8018,-23.357504,-21.704914,-23.23635,-27.221462,-28.442348,-25.96864,-23.244228,-24.615028,-27.660236,-29.925303,-22.980698,-23.475609,-30.128752,-31.126755,-30.681492,-29.246113,-29.658867,-25.731277,-23.047182,-24.311337,-26.100662,-32.71496,-26.8303,-26.861872,-33.016956,-34.82371,-31.293642,-27.939209,-28.26857,-21.390324,-22.630573,-26.037395,-23.569002,-27.00942,-27.011635,-23.264353,-24.759903,-26.247986,-28.995922,-26.656101,-28.367548,-25.223728,-22.474083,-27.531242,-25.118046,-26.451292,-30.728626,-30.926826,-27.057796,-26.32039,-26.658932,-27.882711,-24.458044,-28.639809,-33.24649,-32.52216,-32.115562,-28.336891,-23.55671,-24.311169,-28.344063,-27.250538,-24.302258,-21.17681,-23.14634,-23.8391,-27.22825,-22.345093,-24.213432,-29.67434,-27.21838,-27.672497,-25.031628,-22.556952,-26.136963,-25.990444,-26.14167,-29.513714,-26.603556,-26.389996,-31.04717,-26.026894,-25.48273,-21.75077,-22.549812,-25.511395,-26.526604,-26.714867,-27.171328,-22.639538,-22.98358,-23.621803,-18.977306,-21.318687,-24.30788,-28.642075,-23.968075,-24.436056,-25.564526,-30.546524,-35.138203,-31.561956,-31.839283,-20.761381,-19.116407,-26.313343,-20.395063,-20.076256,-22.33994,-23.500393,-29.270033,-22.129917,-20.0949,-22.903028,-29.603844,-35.142807,-27.83035,-24.806946,-24.351877,-23.64074,-24.270489,-28.552896,-23.412422,-26.129837,-33.677197,-27.467901,-23.390726,-26.469212,-26.41088,-24.214636,-29.874424,-29.698994,-29.36073,-27.073622,-23.876175,-26.09249,-20.995378,-23.676107,-31.39057,-27.947582,-27.915703,-24.224203,-21.82896,-21.774982,-24.687391,-27.191124,-31.110518,-30.777292,-27.114817,-30.870193,-35.63371,-29.730398,-24.867718,-22.140747,-20.323528,-21.333796,-22.936565,-20.065552,-22.773842,-31.411537,-23.759022,-22.076307,-25.668,-23.626167,-25.045742,-26.195915,-25.624664,-23.88134,-27.146305,-33.954884,-27.102394,-25.09336,-26.414856,-25.938128,-29.296913,-25.949223,-24.20935,-25.685253,-26.213394,-25.11874,-20.137161,-21.50383,-24.563366,-21.466711,-21.408268,-24.099075,-27.067373,-27.340221,-20.78337,-23.901651,-26.534412,-27.67416,-25.296135,-25.853245,-29.867811,-27.28281,-27.13258,-29.679556,-28.786018,-30.343494,-28.160057,-25.03342,-26.284466,-26.825333,-26.334106,-32.134445,-26.161682,-25.880547,-31.21632,-24.883635,-23.138283,-22.644634,-27.983902,-26.457104,-24.66552,-24.222185,-28.88114,-24.029072,-28.766144,-33.22368,-26.074429,-30.826332,-23.87077,-19.887836,-24.493507,-25.199905,-26.464943,-29.416546,-32.221752,-27.98236,-31.894564,-39.08164,-34.61365,-28.610285,-24.200237,-26.927383,-24.774826,-24.476555,-28.43798,-26.53525,-28.567617,-30.531595,-32.90803,-29.063208,-25.773413,-31.826662,-31.550755,-22.956188,-23.561672,-26.628965,-25.603455,-25.029758,-26.434359,-27.82471,-33.368183,-40.49798,-30.527304,-28.927486,-25.586548,-23.016285,-27.332773,-27.988955,-25.019745,-28.102833,-25.79656,-28.703112,-37.552574,-48.31156,-54.4199,-53.927315,-53.61236,-54.203636,-53.874237,-53.961876,-54.437435,-49.919617,-47.212517,-57.89509,-80.0,-80.0,-80.0,-80.0,-80.0,-80.0,-80.0,-80.0,-80.0,-80.0,-80.0,-80.0,-80.0,-80.0,-80.0,-80.0,-80.0,-80.0,-80.0,-80.0,-80.0,-80.0,-80.0,-80.0,-80.0,-80.0,-80.0,-80.0,-80.0,-80.0,-80.0,-80.0,-80.0,-80.0,-80.0,-80.0,-80.0,-80.0,-80.0,-80.0,-80.0,-80.0,-80.0,-80.0,-80.0,-80.0,-80.0,-80.0,-80.0,-80.0,-80.0,-80.0,-80.0,-80.0,-80.0,-80.0,-80.0,-80.0,-80.0,-80.0,-80.0,-80.0,-80.0,-80.0,-80.0,-80.0,-80.0,-80.0,-80.0,-80.0,-80.0,-80.0,-80.0,-80.0,-80.0,-80.0,-80.0,-80.0,-80.0,-80.0,-80.0,-80.0,-80.0,-80.0,-80.0,-80.0,-80.0,-80.0,-80.0,-80.0,-80.0,-80.0,-80.0,-80.0
-32.674747,-29.345398,-31.908382,-29.818466,-28.013363,-27.970009,-27.021996,-22.133686,-20.951347,-22.68246,-26.158596,-24.926731,-29.09327,-31.34126,-30.375143,-29.967482,-29.5155,-29.562119,-31.60188,-28.412994,-30.03232,-31.934147,-29.387947,-27.625141,-26.385181,-26.39135,-27.258846,-29.29357,-30.932526,-29.020988,-23.132254,-21.639408,-25.66068,-28.969084,-26.549906,-22.41653,-23.538277,-26.856007,-31.803495,-25.610268,-23.778793,-26.896748,-23.502922,-24.578901,-30.739006,-32.028034,-26.206806,-27.910255,-32.10602,-30.364658,-26.644323,-26.454529,-26.993004,-26.77935,-24.203856,-21.969994,-21.741259,-25.24733,-24.483088,-28.315264,-31.885176,-25.293156,-23.198027,-30.013943,-29.656391,-26.2978,-27.04472,-26.810984,-27.841225,-32.045807,-25.737894,-26.767174,-25.829113,-23.576946,-26.712187,-25.289352,-26.055916,-25.796165,-27.497135,-28.079987,-31.636269,-33.559067,-32.660263,-34.890617,-29.241528,-29.794754,-28.376055,-25.725323,-24.507446,-23.65368,-26.776722,-29.362944,-24.133732,-23.581305,-26.46015,-27.190554,-25.225872,-19.586826,-20.43091,-31.768385,-30.642916,-28.456347,-22.80025,-18.9265,-20.116108,-21.191801,-25.481798,-27.083254,-29.067028,-28.639025,-28.146397,-27.823437,-32.779716,-33.03648,-33.07953,-27.880224,-28.230797,-35.747295,-34.461758,-29.123934,-29.944763,-34.639442,-31.418846,-33.732357,-37.46227,-43.82789,-41.83032,-29.758183,-23.974606,-26.357079,-28.403381,-23.71016,-24.536179,-30.982746,-30.271507,-25.059708,-20.625523,-24.522366,-29.992907,-24.665554,-25.533218,-28.058348,-25.639168,-24.745377,-24.130148,-26.422512,-30.480463,-30.095865,-26.77589,-27.530293,-34.971066,-30.16169,-25.556421,-27.613638,-28.130297,-27.05365,-26.569876,-23.630207,-22.728802,-26.232155,-23.506607,-27.385384,-32.183514,-27.946884,-24.601658,-24.691875,-25.52125,-25.612545,-21.139729,-23.625624,-29.876049,-29.313452,-38.404808,-31.728395,-25.70358,-21.170134,-25.68494,-31.237513,-26.000246,-25.81905,-24.755005,-24.307213,-24.789066,-25.258224,-29.372246,-28.070202,-31.230404,-23.002296,-22.094748,-22.333485,-24.859104,-29.88318,-27.484676,-30.894714,-27.791065,-24.233458,-22.173176,-23.744188,-26.809433,-23.839373,-26.641376,-32.175602,-29.68,-31.918032,-27.280365,-25.630028,-27.416426,-26.013672,-22.827976,-30.081238,-30.42808,-27.839066,-31.363667,-26.067608,-27.142714,-27.183176,-23.74594,-25.600311,-27.757118,-26.844572,-24.511879,-24.506882,-28.044842,-21.416786,-20.480057,-20.910759,-21.273268,-25.385376,-26.326668,-23.56399,-25.370323,-25.141481,-28.231384,-24.62849,-20.763023,-27.053534,-27.748123,-25.249012,-26.49107,-25.961216,-29.393421,-28.723967,-24.448143,-23.536703,-23.938707,-23.947754,-27.072815,-30.945415,-33.802227,-30.09404,-33.750633,-29.620958,-28.722918,-27.048965,-22.745842,-21.325289,-23.966637,-23.216507,-24.003712,-24.934395,-27.303537,-26.670801,-29.032986,-27.145014,-27.630655,-27.658783,-30.129509,-24.018187,-23.118454,-26.982735,-35.90768,-26.040245,-27.355076,-34.45079,-26.856544,-27.127905,-28.52647,-30.366932,-28.319798,-28.287605,-30.425531,-25.02009,-22.975843,-27.620392,-31.748434,-29.766611,-23.389677,-25.847452,-30.454256,-30.71831,-26.41809,-21.406342,-21.244823,-23.779123,-24.251904,-26.408304,-24.51469,-26.659979,-25.479961,-22.630033,-22.307922,-25.04455,-27.047335,-22.56644,-24.70977,-28.253502,-29.487621,-24.362488,-28.032814,-27.663563,-29.055614,-24.686047,-21.306644,-27.269253,-32.542828,-24.498482,-21.061668,-23.73516,-28.378885,-23.030117,-24.321348,-27.958971,-24.58997,-27.64224,-24.853619,-26.426628,-30.929913,-26.644724,-26.595703,-25.800583,-27.122118,-23.998854,-27.724657,-25.550184,-25.395868,-28.77604,-24.92809,-23.330067,-23.483757,-21.52367,-27.29268,-28.640373,-28.528206,-26.060349,-26.620193,-31.532179,-27.670622,-27.0149,-24.905567,-23.904171,-28.16846,-32.29062,-24.118229,-24.692272,-30.468267,-29.06437,-30.178692,-27.419891,-31.794785,-32.544865,-32.34627,-29.269938,-27.19762,-27.803936,-26.56681,-26.698002,-25.11831,-20.67492,-23.571894,-26.956371,-26.210997,-21.18414,-25.421206,-31.580267,-26.984337,-26.95378,-30.716702,-36.810947,-30.902617,-29.38235,-26.996655,-23.879086,-25.099777,-24.55351,-26.312744,-27.445942,-24.667889,-23.491386,-27.524363,-33.44698,-27.831795,-28.460104,-24.268547,-24.521002,-27.155376,-26.628817,-24.500866,-21.64222,-20.99052,-23.81752,-20.763138,-21.966362,-28.171095,-27.547853,-30.015,-26.641314,-21.559368,-22.890457,-28.454668,-26.518959,-24.04105,-25.27769,-21.651209,-20.008623,-19.443077,-22.457132,-22.4468,-25.195034,-22.384312,-24.09351,-21.28336,-20.531343,-26.327642,-22.986317,-24.205667,-30.183031,-24.860273,-23.469786,-29.197056,-28.425865,-27.869587,-29.774563,-24.727188,-24.157646,-22.332726,-26.459843,-27.139378,-25.170635,-28.7544,-29.446018,-22.95907,-26.268446,-23.671843,-19.298203,-22.584465,-25.298538,-32.305252,-26.74707,-25.498974,-25.578243,-29.897709,-30.582054,-33.631783,-32.80529,-26.881577,-21.04663,-20.912697,-24.607288,-28.301582,-22.889467,-21.08121,-27.439629,-28.44265,-26.092052,-28.53566,-30.627941,-30.878435,-29.36388,-30.601984,-33.443195,-25.126812,-24.774605,-23.417456,-22.169434,-24.749004,-29.567198,-27.905811,-24.317335,-24.373512,-22.417252,-24.870047,-23.673706,-22.804394,-25.207226,-26.449965,-27.252666,-27.62083,-21.818762,-24.010077,-36.317078,-32.485867,-22.455769,-21.755018,-25.681408,-19.824429,-21.172573,-31.238,-27.056507,-27.778893,-31.124794,-30.761124,-35.52571,-33.95929,-27.74635,-21.464493,-20.24302,-25.883131,-25.443798,-21.596048,-25.662598,-29.7251,-23.822605,-24.695732,-26.53444,-28.72248,-28.303352,-36.40447,-34.398186,-27.738106,-24.788883,-32.534206,-31.598352,-30.573189,-26.263544,-28.715607,-27.740154,-27.13424,-31.067385,-33.184902,-29.48606,-27.05088,-26.436111,-22.528961,-24.267586,-24.667257,-30.564163,-28.769318,-22.178028,-20.628263,-20.898417,-27.925014,-29.244925,-26.509256,-27.237993,-30.396976,-31.870617,-27.565512,-24.150717,-30.437086,-30.500267,-28.999954,-25.90032,-28.355473,-26.600758,-26.080564,-25.82095,-26.352783,-26.682943,-22.31684,-23.243542,-21.082792,-20.81315,-20.971317,-25.460579,-22.998034,-26.871548,-21.03405,-19.314753,-21.1547,-27.639856,-27.639854,-24.183056,-25.2448,-28.830067,-22.842346,-26.250648,-29.61752,-29.223167,-25.01645,-27.597195,-25.775007,-23.872065,-27.072853,-28.975128,-27.381056,-26.728228,-26.835472,-28.124176,-28.28757,-27.738605,-26.95119,-26.536934,-32.972057,-29.714836,-29.66604,-25.952164,-28.811342,-29.220585,-22.226946,-24.305813,-27.461607,-25.313677,-26.872425,-33.326893,-30.67951,-27.466774,-27.772352,-28.551937,-34.06693,-33.92789,-28.408905,-25.213612,-26.043516,-25.32685,-29.911285,-31.90718,-39.91098,-39.67779,-48.20865,-54.263645,-53.345238,-53.18731,-53.56962,-53.70092,-53.843002,-52.773346,-44.281273,-44.175167,-56.648407,-80.0,-80.0,-80.0,-80.0,-80.0,-80.0,-80.0,-80.0,-80.0,-80.0,-80.0,-80.0,-80.0,-80.0,-80.0,-80.0,-80.0,-80.0,-80.0,-80.0,-80.0,-80.0,-80.0,-80.0,-80.0,-80.0,-80.0,-80.0,-80.0,-80.0,-80.0,-80.0,-80.0,-80.0,-80.0,-80.0,-80.0,-80.0,-80.0,-80.0,-80.0,-80.0,-80.0,-80.0,-80.0,-80.0,-80.0,-80.0,-80.0,-80.0,-80.0,-80.0,-80.0,-80.0,-80.0,-80.0,-80.0,-80.0,-80.0,-80.0,-80.0,-80.0,-80.0,-80.0,-80.0,-80.0,-80.0,-80.0,-80.0,-80.0,-80.0,-80.0,-80.0,-80.0,-80.0,-80.0,-80.0,-80.0,-80.0,-80.0,-80.0,-80.0,-80.0,-80.0,-80.0,-80.0,-80.0,-80.0,-80.0,-80.0,-80.0,-80.0,-80.0,-80.0
-32.28974,-29.27851,-31.665377,-26.096642,-26.83929,-28.662085,-26.136393,-27.22456,-22.268332,-20.441513,-25.074823,-25.282589,-27.66501,-28.358162,-24.748528,-25.698025,-29.398079,-33.631153,-30.278805,-25.431286,-28.144613,-27.24598,-26.26006,-26.5849,-28.369883,-29.397968,-30.236263,-28.819206,-24.472305,-25.1997,-27.075342,-29.204617,-30.676218,-29.947723,-24.791546,-25.471828,-28.783573,-28.306694,-28.901272,-26.367626,-28.780066,-28.730154,-25.37499,-29.220001,-33.112125,-32.618874,-28.830166,-27.658457,-28.431286,-29.437962,-27.644657,-24.411743,-26.449833,-27.429943,-23.61021,-23.671719,-24.561375,-31.02366,-25.664583,-24.184372,-29.955528,-24.452751,-20.989813,-25.01522,-29.091677,-27.692932,-29.676844,-34.82782,-28.40231,-25.818542,-25.112823,-24.404667,-26.732132,-21.502796,-22.642345,-29.67191,-28.873142,-22.84354,-26.287779,-28.353836,-32.58232,-31.625402,-26.953243,-28.575523,-28.776136,-37.275467,-29.823093,-23.80055,-24.902012,-24.145592,-22.969913,-28.60701,-29.58008,-28.130388,-27.801846,-25.302753,-21.691212,-17.54133,-20.230854,-28.789265,-29.79969,-26.627346,-20.746777,-19.018957,-22.723064,-23.577766,-32.48298,-25.651924,-24.550617,-28.48711,-29.442514,-26.012619,-30.370483,-32.949856,-37.580612,-32.905483,-29.132532,-30.215706,-28.384716,-32.662865,-38.842033,-38.36611,-32.73038,-33.730442,-38.687572,-43.363598,-39.026443,-31.141348,-27.317896,-23.905443,-27.122238,-28.448801,-31.23307,-30.0167,-29.891285,-31.332253,-24.161686,-26.824512,-29.397968,-25.698402,-30.222893,-35.208908,-24.295662,-21.015099,-24.360104,-22.484615,-27.43932,-32.263268,-30.65485,-33.940044,-35.579372,-26.829641,-22.992113,-27.884491,-25.151052,-24.501942,-25.403465,-26.183964,-24.495821,-24.404036,-24.692434,-28.228336,-31.048931,-28.813244,-25.21653,-30.359577,-29.11009,-28.746939,-25.52959,-25.099834,-30.652544,-33.62539,-37.48231,-29.916084,-22.33245,-20.937944,-25.048813,-24.311594,-21.982594,-21.499546,-23.32801,-29.35224,-26.351618,-25.209465,-30.234035,-29.85294,-28.153168,-21.031979,-22.375761,-28.492928,-29.185585,-25.939266,-23.465637,-28.129864,-27.592382,-23.228495,-26.87584,-28.692434,-29.692015,-27.5266,-27.79683,-25.156387,-28.137703,-26.39556,-26.00177,-31.18286,-30.934483,-26.774073,-28.32857,-31.46437,-26.179424,-24.181868,-21.659138,-19.464607,-23.432875,-28.353493,-26.472588,-25.760178,-29.631142,-29.387354,-28.377304,-30.532074,-28.44955,-22.066166,-23.962612,-26.816212,-26.66666,-26.871063,-22.942799,-25.161396,-25.27568,-24.793015,-24.353428,-21.669468,-21.685833,-31.892311,-26.333553,-26.026684,-25.243664,-26.40208,-22.78295,-22.78305,-23.32255,-26.094437,-23.503174,-23.717175,-28.477882,-28.725481,-30.51904,-27.011395,-24.630924,-26.503044,-31.138344,-28.383648,-22.841866,-23.686459,-29.788097,-27.962173,-29.54845,-26.074257,-25.334278,-24.206604,-24.67228,-28.35296,-25.21477,-25.296198,-27.360752,-23.963924,-28.488152,-26.554047,-29.359987,-26.336544,-28.350172,-29.962372,-25.886337,-25.365269,-25.697193,-31.153442,-31.728554,-25.497217,-24.861073,-25.056358,-29.606754,-30.350693,-32.607395,-33.334396,-26.304026,-29.166016,-30.5078,-28.436665,-29.328712,-27.372087,-25.435516,-30.133337,-29.2082,-28.270895,-27.987417,-26.944279,-31.2449,-32.243786,-23.061409,-21.923954,-24.403973,-22.358553,-25.047144,-25.190289,-26.165627,-26.173817,-26.680115,-28.241735,-23.601685,-20.788704,-23.034252,-24.399895,-27.586338,-28.5593,-24.305008,-26.048098,-24.670275,-22.97557,-24.17347,-29.41373,-25.48015,-29.514454,-25.224659,-26.591522,-27.894253,-28.888535,-29.092806,-27.25607,-33.33769,-28.013878,-26.185305,-25.914665,-26.736666,-25.815456,-21.398457,-21.884392,-22.251774,-25.087015,-28.040726,-21.013037,-19.114557,-19.830185,-24.45166,-25.624243,-23.000864,-22.963058,-24.500607,-28.129723,-25.92231,-27.699093,-27.799625,-21.187145,-20.012901,-23.563072,-26.369186,-32.08087,-38.264153,-33.305855,-33.502453,-37.077564,-33.10386,-25.945171,-24.879286,-24.57473,-23.557425,-22.637142,-25.224876,-23.143986,-22.081106,-24.530567,-25.491188,-29.52918,-25.281075,-24.783535,-27.992,-35.159786,-30.114807,-27.888397,-23.501831,-24.193367,-30.067982,-27.868574,-26.294067,-26.498484,-28.106924,-23.863052,-25.89196,-28.772837,-28.748579,-28.255909,-26.612818,-27.97623,-21.332172,-21.69548,-20.68785,-19.33102,-19.968285,-19.850927,-26.534252,-27.012878,-26.04177,-25.710934,-29.146442,-26.606283,-22.1482,-22.25853,-30.44034,-25.01094,-19.693707,-21.630608,-22.241837,-24.181194,-24.233744,-24.077225,-25.22668,-24.227432,-24.152306,-29.969158,-22.987267,-22.944427,-24.346674,-24.648642,-28.449299,-32.18817,-24.96141,-23.20057,-27.667694,-26.25515,-22.369808,-22.492622,-23.221851,-24.159485,-25.08801,-26.314259,-26.711578,-25.825014,-23.80258,-22.036541,-22.585022,-29.393652,-24.97248,-21.927673,-26.068344,-25.420612,-23.101418,-23.512135,-24.954842,-23.072716,-26.261494,-31.802336,-26.94601,-23.583344,-28.184881,-26.00042,-21.528969,-25.514814,-23.994406,-23.395983,-24.199535,-25.287708,-25.377293,-28.870256,-25.72266,-21.826855,-23.77704,-28.55031,-25.105953,-25.531315,-23.942957,-21.381588,-20.757488,-25.503666,-26.602861,-22.752756,-23.293118,-26.250221,-29.336966,-27.45171,-27.446453,-21.47593,-22.79909,-23.1844,-24.350828,-28.94569,-34.632,-24.225119,-22.755728,-26.962526,-21.308048,-20.519674,-26.738873,-26.447168,-23.127993,-22.672354,-23.75381,-29.075495,-28.2967,-29.05481,-29.129972,-31.198942,-31.411686,-27.78334,-21.248293,-21.533102,-24.707565,-24.216549,-25.555916,-26.046528,-29.305534,-24.896889,-23.696386,-26.568819,-25.709599,-29.983622,-37.200798,-32.14257,-26.183594,-23.02978,-25.74155,-29.635078,-27.853361,-25.201185,-25.267025,-28.036613,-28.565807,-31.770523,-29.460913,-28.362873,-33.477367,-26.315973,-22.520412,-21.541634,-25.514,-31.187138,-26.008217,-21.366997,-21.167946,-20.812698,-30.695475,-37.981686,-32.787235,-27.002052,-28.320599,-29.764944,-25.51101,-20.646461,-23.366661,-25.475033,-31.435204,-25.478535,-26.713697,-24.99467,-27.406937,-26.671017,-23.867163,-23.278904,-19.929672,-24.150558,-30.39433,-23.962687,-22.457815,-21.514301,-18.819817,-20.070473,-19.445564,-19.815718,-24.791178,-27.514534,-23.530556,-22.329832,-25.366228,-27.602808,-23.301296,-25.214333,-27.961372,-24.860317,-19.848967,-23.954891,-26.50357,-22.54643,-24.802616,-27.19955,-29.016914,-26.046537,-28.731007,-31.446875,-28.067505,-25.475046,-24.066006,-28.611177,-29.357727,-27.131096,-27.049301,-24.420408,-25.769901,-30.968464,-27.222126,-25.962639,-25.23011,-27.712555,-32.814575,-33.837635,-31.522594,-27.59317,-25.558044,-31.340881,-31.966026,-34.0396,-26.476984,-23.126106,-26.880077,-25.866169,-28.792513,-31.391693,-29.777008,-31.681572,-43.195793,-53.749596,-52.766815,-52.483776,-52.876907,-53.115967,-53.209663,-53.07267,-45.781612,-43.994713,-55.357025,-80.0,-80.0,-80.0,-80.0,-80.0,-80.0,-80.0,-80.0,-80.0,-80.0,-80.0,-80.0,-80.0,-80.0,-80.0,-80.0,-80.0,-80.0,-80.0,-80.0,-80.0,-80.0,-80.0,-80.0,-80.0,-80.0,-80.0,-80.0,-80.0,-80.0,-80.0,-80.0,-80.0,-80.0,-80.0,-80.0,-80.0,-80.0,-80.0,-80.0,-80.0,-80.0,-80.0,-80.0,-80.0,-80.0,-80.0,-80.0,-80.0,-80.0,-80.0,-80.0,-80.0,-80.0,-80.0,-80.0,-80.0,-80.0,-80.0,-80.0,-80.0,-80.0,-80.0,-80.0,-80.0,-80.0,-80.0,-80.0,-80.0,-80.0,-80.0,-80.0,-80.0,-80.0,-80.0,-80.0,-80.0,-80.0,-80.0,-80.0,-80.0,-80.0,-80.0,-80.0,-80.0,-80.0,-80.0,-80.0,-80.0,-80.0,-80.0,-80.0,-80.0,-80.0
-33.68964,-29.140451,-25.225958,-20.107601,-22.004593,-27.844255,-32.658997,-34.898167,-29.696554,-28.554693,-26.106438,-26.501585,-31.058382,-31.721146,-26.100914,-25.55016,-29.524603,-26.872278,-27.802032,-30.19568,-33.108356,-29.407057,-24.482246,-23.07283,-24.949835,-29.53411,-27.78387,-28.781101,-25.61152,-27.82801,-28.977814,-29.273077,-24.565384,-23.169626,-25.057909,-34.80236,-37.01307,-37.85256,-34.226757,-28.781357,-32.172565,-30.547598,-28.295547,-25.327099,-27.294813,-32.824795,-34.512398,-33.244244,-27.894968,-30.95595,-28.901459,-26.53189,-26.85621,-31.09335,-25.4179,-24.814972,-24.652393,-29.526745,-29.389357,-25.415375,-22.295927,-21.652374,-27.29462,-31.730259,-28.771435,-29.03776,-34.35288,-36.621815,-29.401026,-23.081242,-23.097359,-27.805618,-27.119534,-22.972004,-23.719017,-25.31145,-26.787888,-24.163218,-27.566189,-32.73134,-34.833927,-30.330467,-24.341877,-24.348988,-23.84335,-26.639126,-29.416014,-27.190258,-28.15366,-24.14116,-19.97523,-24.929749,-25.832043,-25.438663,-22.609219,-23.463406,-29.256779,-27.37995,-28.576225,-29.585339,-27.676868,-28.42479,-23.251328,-21.958723,-24.855959,-23.7669,-27.237139,-27.892725,-25.946095,-25.120811,-28.886375,-28.113174,-34.134632,-33.064095,-32.71993,-34.399235,-32.0976,-33.50586,-30.531675,-35.027916,-40.92711,-41.31131,-33.664898,-29.44975,-33.60434,-41.149837,-38.693245,-34.46571,-29.56356,-22.784138,-22.55479,-23.300043,-28.817673,-31.440538,-32.144894,-29.627815,-26.46815,-31.61233,-31.20977,-29.407637,-27.119076,-25.543709,-22.531803,-25.50024,-27.878067,-26.411715,-26.833027,-22.038227,-23.576666,-29.03197,-26.289288,-27.163746,-24.57592,-27.455677,-22.042385,-22.226562,-27.752846,-27.1477,-29.024378,-30.494274,-33.628372,-27.842388,-28.835335,-26.234158,-22.938055,-28.619595,-29.056767,-24.57779,-28.309628,-34.776546,-30.67509,-30.545135,-36.04719,-31.415165,-27.005953,-24.912071,-25.75809,-26.814457,-24.506212,-24.340572,-26.765638,-33.92654,-32.30285,-26.07718,-24.883795,-22.180305,-23.49308,-27.602003,-26.907284,-31.74829,-35.54173,-29.84502,-26.654434,-30.539701,-32.081303,-28.674675,-28.362438,-27.339165,-23.524574,-21.986767,-25.920845,-22.542633,-24.770927,-26.001013,-27.046124,-27.341951,-26.46764,-27.794563,-27.498932,-29.326427,-32.402184,-27.761005,-25.297611,-23.743095,-21.707369,-24.421457,-27.027588,-28.276878,-27.341997,-30.046627,-28.193312,-30.714499,-26.45108,-23.036213,-25.463276,-28.019466,-29.6991,-30.819668,-28.95895,-27.64899,-26.398869,-26.860657,-25.826988,-19.74258,-18.906906,-26.249464,-24.745567,-24.686895,-29.215662,-23.257574,-23.72333,-29.740253,-27.344275,-30.578804,-29.366497,-25.88567,-29.528875,-31.97976,-27.763874,-27.122738,-26.58693,-27.008656,-29.300667,-29.019249,-30.360987,-27.509054,-30.741663,-30.538252,-30.552286,-25.58628,-25.478785,-28.273054,-30.334105,-29.836205,-27.598103,-24.821522,-28.03709,-23.471298,-21.267532,-21.98276,-22.48224,-22.543266,-26.453545,-29.313265,-32.24355,-34.37816,-28.147827,-28.459875,-28.688257,-23.502975,-25.045475,-28.104128,-30.426582,-26.674702,-22.79982,-25.075508,-25.042864,-29.779867,-31.406414,-28.564617,-27.749664,-31.592916,-27.530653,-26.670208,-31.063078,-27.948565,-26.966957,-25.78682,-28.988224,-30.306477,-21.725243,-21.248243,-25.988085,-23.00418,-24.677118,-29.643467,-23.946293,-24.08215,-29.186848,-29.03939,-25.30988,-20.704145,-21.365307,-25.593113,-23.441925,-26.206306,-26.93497,-27.000631,-24.874496,-22.09488,-21.309067,-28.012508,-33.608727,-33.69351,-27.748587,-27.623066,-29.681255,-32.885952,-26.167044,-23.580639,-24.405281,-27.2408,-29.227522,-27.52901,-28.731703,-26.27581,-25.06252,-19.49075,-20.846087,-27.80426,-26.462679,-21.509304,-20.666452,-26.333012,-27.086857,-23.442446,-22.02039,-27.124435,-27.008968,-26.019375,-28.867601,-26.671165,-25.775072,-20.252806,-21.245518,-24.942783,-25.437344,-26.849781,-33.64799,-35.499012,-28.498835,-29.75518,-32.308987,-28.55385,-26.941732,-23.509954,-19.304377,-17.950562,-24.304348,-23.13398,-24.643646,-27.526562,-22.279333,-21.892859,-21.441631,-20.191729,-27.131248,-36.477036,-31.888266,-27.942434,-26.35902,-26.014957,-30.090359,-32.837765,-30.869297,-28.016243,-28.169563,-24.851723,-28.150553,-29.879272,-28.007257,-28.060564,-25.748951,-26.069153,-21.372053,-19.91272,-22.33017,-22.705631,-20.754827,-25.134651,-31.873014,-40.12616,-28.453993,-25.388908,-27.280352,-28.324327,-26.680563,-28.378057,-27.3222,-26.471455,-25.171522,-25.563923,-25.29523,-24.224678,-23.671877,-23.4034,-25.094128,-28.071192,-26.090088,-26.066105,-25.732304,-28.729233,-22.155361,-24.965399,-32.957844,-32.442524,-32.605736,-26.211191,-22.665289,-27.925552,-29.558449,-29.89134,-28.867712,-23.834625,-22.869118,-21.120964,-24.636812,-21.594652,-20.732662,-22.158909,-25.878735,-32.85324,-32.13434,-26.688068,-30.084179,-32.813602,-26.844769,-27.04869,-28.545723,-25.974888,-30.275791,-32.783863,-27.542744,-22.70007,-25.641628,-26.979164,-28.189476,-27.87688,-22.9234,-24.555943,-25.01484,-22.972757,-24.026154,-25.226742,-29.045483,-22.745102,-21.88511,-23.87186,-23.199177,-26.73895,-26.750587,-23.659994,-23.96361,-28.503286,-27.642784,-23.588161,-27.006954,-28.275333,-27.054153,-29.413164,-29.246983,-25.80108,-27.571583,-28.648043,-28.186192,-31.106436,-30.095974,-25.316166,-21.790035,-22.02378,-19.036884,-20.963491,-32.028812,-28.562754,-22.722542,-21.101038,-23.640549,-29.91683,-29.028276,-25.584436,-26.60889,-25.975006,-31.351086,-30.1396,-29.746294,-26.29776,-27.162174,-23.77947,-21.761688,-24.361784,-23.82763,-23.297745,-29.265131,-27.853418,-23.220161,-28.07448,-37.09281,-33.29547,-28.125715,-29.921402,-27.328918,-26.746307,-29.354399,-27.81703,-29.194307,-31.067783,-31.402605,-32.700733,-28.434883,-28.161453,-32.009556,-25.586823,-27.664799,-25.649998,-26.489717,-28.079273,-22.101383,-21.626936,-22.059956,-21.672396,-25.844528,-36.255623,-30.958439,-30.791958,-31.067509,-32.440533,-23.627285,-24.048607,-27.763052,-25.343948,-24.761597,-22.814415,-26.76418,-28.39666,-29.650604,-27.470995,-31.393425,-29.58671,-26.631384,-26.76875,-33.05114,-25.657269,-19.634752,-23.508568,-21.681416,-22.245026,-26.857893,-26.40694,-32.91913,-33.649193,-27.478518,-26.449184,-28.377907,-30.006252,-30.182695,-24.952793,-21.743282,-24.0285,-22.799198,-28.033936,-26.730543,-30.147776,-29.992985,-28.719425,-29.224789,-24.985506,-26.149326,-28.50333,-27.734118,-24.235535,-27.337963,-29.694128,-23.175375,-24.142834,-27.473503,-25.224438,-28.236229,-27.617044,-27.529972,-26.89722,-23.708088,-23.163242,-29.529072,-30.376936,-29.250637,-29.588116,-27.718527,-26.306858,-28.676912,-25.649612,-22.84055,-21.606865,-26.917263,-26.356262,-27.75765,-27.342907,-24.865355,-28.474792,-42.600624,-52.495018,-51.71122,-51.581234,-51.9884,-52.110085,-52.21958,-51.74193,-43.65693,-42.09838,-53.77944,-80.0,-80.0,-80.0,-80.0,-80.0,-80.0,-80.0,-80.0,-80.0,-80.0,-80.0,-80.0,-80.0,-80.0,-80.0,-80.0,-80.0,-80.0,-80.0,-80.0,-80.0,-80.0,-80.0,-80.0,-80.0,-80.0,-80.0,-80.0,-80.0,-80.0,-80.0,-80.0,-80.0,-80.0,-80.0,-80.0,-80.0,-80.0,-80.0,-80.0,-80.0,-80.0,-80.0,-80.0,-80.0,-80.0,-80.0,-80.0,-80.0,-80.0,-80.0,-80.0,-80.0,-80.0,-80.0,-80.0,-80.0,-80.0,-80.0,-80.0,-80.0,-80.0,-80.0,-80.0,-80.0,-80.0,-80.0,-80.0,-80.0,-80.0,-80.0,-80.0,-80.0,-80.0,-80.0,-80.0,-80.0,-80.0,-80.0,-80.0,-80.0,-80.0,-80.0,-80.0,-80.0,-80.0,-80.0,-80.0,-80.0,-80.0,-80.0,-80.0,-80.0,-80.0
-27.599651,-26.514053,-23.000256,-24.771584,-28.777885,-33.254322,-29.836311,-31.625664,-29.021038,-32.96149,-32.70721,-29.36648,-27.068245,-26.724607,-27.522457,-27.821362,-27.296143,-27.37682,-24.408773,-28.88094,-38.05339,-31.45411,-26.242825,-27.683891,-24.216518,-24.586334,-23.828884,-25.052269,-26.407715,-26.449883,-26.800838,-27.762917,-26.196257,-27.131298,-26.277672,-29.001587,-30.540516,-31.059387,-32.28109,-28.075764,-29.055481,-27.816648,-24.597652,-25.855991,-26.758852,-27.814991,-33.586975,-27.667114,-25.616776,-30.718672,-26.006397,-23.721027,-26.472275,-27.586441,-26.303383,-23.811817,-24.573452,-25.514673,-31.441034,-22.242754,-21.328112,-27.65931,-32.517574,-35.452213,-32.076504,-30.535688,-24.89067,-24.65876,-23.813343,-21.268553,-26.482695,-31.014133,-31.389042,-28.633297,-22.904682,-22.105537,-25.842163,-32.809643,-29.058361,-25.73341,-28.253757,-27.246807,-21.753008,-23.229473,-27.97155,-32.243103,-34.045803,-30.418118,-26.779694,-25.766933,-21.610104,-21.564796,-21.366997,-20.311691,-23.764076,-27.583864,-24.729158,-23.29279,-25.698599,-31.96091,-27.0899,-27.786629,-27.36323,-26.327148,-25.303146,-22.010386,-20.263641,-24.547506,-24.140553,-23.667316,-30.818771,-33.77906,-36.90864,-32.50264,-32.61512,-29.164251,-32.835686,-38.972404,-32.459415,-33.881,-39.04504,-39.9399,-34.508392,-32.146404,-38.276478,-37.55299,-36.63872,-34.562477,-32.466984,-29.163324,-26.842718,-21.890297,-25.398464,-28.636276,-23.407772,-23.588924,-26.8414,-24.83259,-27.996567,-30.167948,-29.955658,-25.076368,-22.953747,-21.84158,-26.0122,-30.714989,-26.444664,-19.253681,-20.465168,-29.870872,-28.474684,-28.273397,-23.938633,-21.431173,-22.869354,-24.345938,-25.256603,-21.16513,-22.707647,-30.578228,-34.670094,-32.562046,-24.871578,-22.994343,-20.793024,-27.771576,-25.97642,-25.538803,-25.926704,-30.526209,-24.752546,-23.098963,-26.9323,-28.924667,-23.70848,-23.754868,-27.525066,-27.532703,-24.789263,-23.500828,-27.221203,-32.740158,-35.1116,-28.824883,-21.712494,-23.458925,-23.383087,-24.469799,-25.559124,-25.480434,-25.632782,-26.198574,-27.530018,-31.411648,-33.98166,-27.821548,-24.901842,-26.136105,-30.324589,-23.628586,-22.571005,-26.45654,-23.43962,-24.32127,-25.549385,-19.976828,-20.92063,-27.35612,-28.623108,-29.53826,-29.83074,-27.33614,-23.318684,-22.408249,-25.12471,-23.031628,-25.428045,-25.634373,-28.24296,-27.638428,-26.889275,-27.59728,-30.424665,-22.986057,-21.726582,-23.366901,-22.467073,-26.418943,-31.577372,-31.413988,-31.125599,-28.053568,-26.47152,-23.609478,-25.827229,-28.419361,-24.551342,-23.145523,-26.496822,-22.39368,-25.154968,-26.65424,-27.356052,-35.387268,-34.050186,-31.411314,-30.785097,-31.319912,-27.329475,-26.06023,-28.149889,-29.276257,-31.787544,-35.967342,-35.368988,-25.384678,-25.710297,-25.725285,-26.356018,-32.789864,-35.78362,-27.986015,-22.705833,-24.824049,-26.8939,-26.48663,-27.594044,-26.616438,-22.733364,-19.08123,-18.479948,-22.77918,-28.157316,-24.996426,-26.359816,-31.44694,-28.918968,-26.663906,-28.15535,-20.335163,-20.347183,-26.774273,-24.437103,-20.875504,-19.951542,-26.962719,-25.617352,-26.340202,-27.816381,-28.359669,-29.492813,-35.169205,-29.016693,-25.352318,-26.611597,-22.770885,-25.841488,-26.986202,-24.481354,-22.537313,-22.640266,-21.462227,-23.19587,-29.238594,-33.784355,-40.82935,-29.877039,-28.35446,-26.418839,-28.276926,-26.109293,-18.59153,-20.7276,-26.864239,-26.883217,-26.029846,-29.055805,-27.666494,-24.941742,-29.9522,-25.980537,-25.480564,-31.324314,-39.16927,-30.871998,-27.647774,-25.413002,-23.381563,-26.118391,-25.25127,-22.299507,-22.513338,-29.570295,-33.64963,-28.824846,-28.19691,-24.710262,-20.380716,-24.260832,-29.976416,-26.407951,-26.11699,-24.975428,-33.973515,-30.435858,-30.986324,-27.93296,-28.693344,-22.773783,-18.45464,-21.646118,-28.425755,-23.946152,-22.39558,-24.496937,-25.985302,-28.4372,-25.67494,-28.287027,-33.901966,-27.86716,-24.424555,-26.830572,-34.152184,-35.185112,-27.748611,-20.281635,-18.411938,-21.673546,-29.257467,-27.59682,-31.24453,-26.808987,-26.519567,-26.235722,-24.30811,-30.496365,-30.783768,-32.912148,-35.20153,-28.07163,-21.615757,-22.389719,-24.61419,-30.19647,-27.42399,-25.030458,-24.38633,-27.09719,-28.762512,-24.866085,-24.61806,-24.168932,-24.775042,-24.811436,-27.338543,-22.012108,-24.508057,-27.232347,-26.970575,-32.820213,-34.809254,-30.397682,-31.700832,-27.582134,-21.012089,-19.939129,-20.20568,-21.116627,-28.161013,-34.231903,-28.29686,-27.671501,-28.218414,-24.34052,-25.465374,-25.1991,-23.638218,-23.134916,-25.909742,-26.715712,-27.1191,-25.30969,-27.277252,-32.102245,-23.233418,-21.798592,-24.113483,-22.521984,-23.203804,-28.1115,-29.57734,-36.181305,-26.65808,-27.33714,-26.956964,-25.900105,-27.809498,-29.507614,-25.564651,-25.37149,-24.27848,-23.698563,-26.286118,-28.393131,-26.157938,-28.98938,-25.91346,-22.117554,-25.485987,-28.744556,-25.819458,-27.944128,-29.412197,-25.584526,-27.22564,-23.192492,-23.640574,-23.984476,-24.715137,-24.233307,-25.832985,-25.769402,-22.502888,-22.985052,-25.213615,-23.0143,-25.640049,-25.006416,-29.025171,-23.593548,-22.560383,-24.92032,-23.839653,-21.27459,-20.747257,-23.986835,-25.91957,-26.96378,-28.26839,-26.059303,-28.152647,-23.988064,-21.874798,-22.391878,-24.02217,-27.051987,-29.045313,-25.948334,-28.038652,-26.573553,-21.22601,-25.733883,-27.700836,-27.869843,-26.764809,-27.937975,-28.215796,-26.917229,-24.863655,-27.770653,-25.084356,-24.724205,-29.404161,-27.635313,-28.52114,-27.872444,-29.671734,-26.092155,-27.427303,-25.906244,-25.30974,-25.771158,-23.114452,-25.886433,-23.216812,-22.911577,-26.126083,-32.036633,-30.375626,-27.40637,-31.739502,-34.88195,-27.40453,-26.389606,-26.969584,-26.545897,-29.406635,-30.496315,-24.743404,-27.033382,-28.569311,-24.60092,-26.968864,-30.23867,-27.88488,-29.938059,-27.117126,-24.146715,-24.03556,-25.707283,-24.115265,-22.058716,-26.46216,-29.612297,-33.263374,-24.972431,-22.14111,-27.290794,-24.379902,-24.410465,-24.136345,-25.705238,-27.853098,-28.056969,-26.250313,-27.704765,-25.241585,-24.334694,-26.463411,-30.809742,-24.75747,-21.378904,-27.243359,-27.10935,-27.070309,-26.07683,-23.543507,-27.10287,-35.572937,-31.824106,-27.12947,-28.849014,-30.899752,-33.048332,-24.80416,-21.568623,-26.515556,-25.456295,-32.617844,-30.57559,-27.588795,-26.444012,-28.107729,-28.513044,-31.039461,-28.403503,-25.73046,-28.540424,-30.730259,-27.788471,-24.720243,-22.93602,-26.048985,-29.015667,-28.508114,-28.25175,-26.214565,-27.874123,-27.916203,-27.670929,-24.571156,-23.618992,-29.99485,-30.86545,-29.086895,-24.969526,-24.531603,-24.236412,-21.748554,-29.170042,-29.347345,-29.722832,-24.37416,-23.85321,-27.704494,-28.999968,-30.131237,-41.68484,-51.045494,-50.38042,-49.580673,-50.236645,-50.14952,-50.39201,-49.694588,-39.46041,-38.944267,-50.97969,-80.0,-80.0,-80.0,-80.0,-80.0,-80.0,-80.0,-80.0,-80.0,-80.0,-80.0,-80.0,-80.0,-80.0,-80.0,-80.0,-80.0,-80.0,-80.0,-80.0,-80.0,-80.0,-80.0,-80.0,-80.0,-80.0,-80.0,-80.0,-80.0,-80.0,-80.0,-80.0,-80.0,-80.0,-80.0,-80.0,-80.0,-80.0,-80.0,-80.0,-80.0,-80.0,-80.0,-80.0,-80.0,-80.0,-80.0,-80.0,-80.0,-80.0,-80.0,-80.0,-80.0,-80.0,-80.0,-80.0,-80.0,-80.0,-80.0,-80.0,-80.0,-80.0,-80.0,-80.0,-80.0,-80.0,-80.0,-80.0,-80.0,-80.0,-80.0,-80.0,-80.0,-80.0,-80.0,-80.0,-80.0,-80.0,-80.0,-80.0,-80.0,-80.0,-80.0,-80.0,-80.0,-80.0,-80.0,-80.0,-80.0,-80.0,-80.0,-80.0,-80.0,-80.0
-26.958668,-26.398384,-23.015701,-23.725853,-30.978388,-28.358551,-23.469414,-24.20886,-27.23949,-27.179096,-32.9856,-31.411701,-23.777641,-22.467796,-28.536655,-26.448887,-23.413258,-26.696026,-25.572357,-24.586758,-25.060253,-27.691034,-31.3362,-31.164701,-30.657677,-25.230946,-21.871376,-23.610138,-28.666233,-24.955772,-25.382683,-32.657368,-29.154385,-24.332993,-21.813318,-24.634933,-23.367208,-25.30176,-24.953888,-25.736652,-33.633648,-28.006475,-26.153948,-26.041399,-26.159702,-26.468449,-26.962538,-28.602947,-26.608067,-23.383299,-24.893337,-27.781296,-25.854376,-22.348194,-24.803131,-21.623983,-23.273243,-25.476852,-27.268436,-21.249014,-21.55154,-28.73176,-31.055344,-29.3202,-28.150396,-23.547012,-21.354885,-24.853134,-27.493198,-25.486027,-28.983746,-30.34632,-33.78768,-33.203,-27.704884,-24.814358,-28.805265,-27.940525,-28.212,-23.179188,-25.602415,-22.327042,-22.797647,-22.412117,-26.516838,-30.375542,-30.111126,-28.949009,-22.65927,-23.014702,-24.52321,-22.616512,-21.200298,-23.733225,-28.41789,-22.819002,-22.508984,-27.090317,-27.31517,-29.230076,-32.090794,-26.233822,-28.333885,-33.257183,-31.07606,-25.6054,-23.070366,-26.194263,-24.633907,-31.533888,-33.878777,-36.35089,-35.989952,-32.360092,-30.217426,-31.340816,-30.988333,-36.483696,-31.388563,-29.500294,-32.461655,-39.926537,-36.696243,-32.715504,-35.23269,-39.281937,-37.548088,-34.4203,-31.773632,-30.720318,-28.484764,-24.061655,-24.907808,-31.189024,-24.299255,-26.02399,-27.2655,-22.131191,-24.581425,-27.598246,-28.518728,-29.676304,-25.503262,-24.504936,-30.713406,-28.734352,-24.773182,-23.506615,-20.82332,-24.755442,-31.40142,-30.105717,-26.902302,-24.41731,-24.479904,-26.773806,-30.363716,-26.008131,-27.858017,-31.194206,-32.44361,-28.039848,-23.066921,-20.95802,-22.495552,-31.065437,-26.252382,-23.394695,-26.975634,-27.512445,-24.536749,-26.475616,-26.250576,-24.622475,-21.559412,-24.045218,-24.446568,-26.663197,-23.509947,-25.80488,-30.049843,-27.275202,-25.336355,-26.50094,-26.411251,-28.54974,-26.945835,-26.621666,-24.825031,-25.06114,-32.559044,-30.06137,-24.406425,-24.46286,-32.78752,-28.675293,-29.403034,-25.536167,-23.737019,-28.455946,-26.93306,-25.911911,-26.407104,-25.317514,-23.817379,-23.469116,-27.179113,-27.15781,-26.36171,-29.353462,-30.100481,-29.500553,-25.804152,-27.954983,-27.499119,-22.49915,-22.362162,-29.350582,-27.219875,-23.933907,-24.552433,-26.236761,-28.15961,-29.507748,-27.598331,-25.57043,-21.903282,-21.844032,-22.241146,-22.429228,-25.948166,-22.90819,-21.101381,-23.17704,-27.453665,-31.63798,-27.549896,-27.141256,-32.96297,-28.31245,-25.556807,-24.254929,-23.496017,-29.404842,-33.055973,-29.704212,-27.309528,-30.241434,-30.370773,-28.134722,-27.785595,-26.016249,-29.735344,-25.727848,-23.796473,-23.840504,-20.220303,-21.16821,-22.928728,-25.017826,-31.057394,-31.136484,-22.732647,-24.198046,-24.08466,-24.159252,-22.388346,-25.656965,-23.063675,-21.97424,-22.315062,-24.697762,-29.270412,-28.02269,-28.757957,-28.264835,-24.934025,-27.05209,-26.772055,-25.202309,-28.883465,-27.455208,-24.638912,-22.204405,-21.034496,-22.171085,-25.511557,-30.007805,-27.337072,-27.19017,-28.50357,-28.112404,-25.893574,-29.59081,-22.911444,-21.054157,-23.844954,-28.79089,-23.029789,-23.946693,-23.775438,-22.094475,-25.879633,-27.773632,-33.54204,-37.620323,-30.202139,-25.767418,-27.204563,-28.790766,-27.45486,-21.154095,-20.979986,-24.649113,-25.431374,-25.453968,-28.425793,-22.093796,-21.564064,-24.805363,-24.505497,-23.941887,-30.552998,-32.24907,-25.555159,-21.500046,-20.932465,-21.875626,-24.701353,-28.78069,-35.722694,-24.154934,-23.24279,-29.965357,-28.178303,-32.939034,-24.564537,-20.936699,-26.855907,-35.353313,-28.504421,-25.2388,-23.460976,-24.37423,-26.183535,-27.286575,-30.890715,-26.503994,-22.556515,-23.738194,-23.173002,-26.610191,-27.285667,-25.994724,-26.121357,-33.603573,-29.98452,-31.343067,-30.265633,-32.016026,-29.535728,-24.288692,-25.888206,-28.54641,-23.38119,-21.918983,-22.605219,-25.182133,-21.65952,-28.004902,-34.04549,-32.730858,-25.00055,-20.91162,-23.075073,-26.007126,-26.276802,-28.330849,-27.327293,-23.941917,-22.432014,-26.41578,-27.644844,-29.41073,-31.389874,-25.726261,-24.48927,-26.550533,-25.722916,-26.605984,-20.35704,-21.212742,-26.160553,-26.800009,-26.442087,-24.536188,-24.66811,-25.305973,-28.569351,-25.857811,-26.370596,-29.478798,-28.041653,-30.961052,-30.045214,-22.902424,-23.909706,-20.765263,-23.606876,-25.71912,-27.718494,-28.38027,-34.496643,-30.475403,-28.460608,-27.079487,-28.683445,-26.534214,-26.608746,-25.462894,-25.464678,-28.772755,-25.840317,-23.98384,-26.773628,-23.2008,-24.329723,-26.270739,-20.906046,-22.909182,-27.660458,-28.35349,-35.49747,-27.077717,-26.811445,-28.155521,-27.972845,-29.46921,-30.88154,-31.613733,-24.227987,-21.445486,-21.053396,-19.55095,-22.05783,-26.50373,-33.252422,-26.967524,-24.02117,-30.369013,-28.152355,-28.716377,-23.200089,-22.833847,-23.8036,-26.631802,-23.507427,-21.754597,-25.958965,-20.555862,-19.882153,-27.461983,-29.846146,-28.018677,-25.4664,-27.5038,-28.469988,-28.771992,-28.26683,-24.656124,-21.658112,-24.311663,-24.013126,-26.287767,-22.770744,-26.761312,-30.704628,-28.171299,-22.598745,-26.311167,-30.586954,-27.991886,-28.593245,-28.40754,-24.685966,-24.038706,-25.962563,-28.27096,-26.537865,-21.598171,-24.770983,-24.787739,-23.37868,-23.86671,-22.817762,-21.77843,-26.897327,-29.346436,-31.184374,-26.80669,-27.830978,-25.262222,-23.291508,-31.405128,-28.321754,-26.585415,-27.711056,-30.984154,-28.683563,-31.078331,-33.87789,-30.434277,-23.257133,-25.056898,-24.856546,-20.042286,-24.01248,-26.632544,-32.29452,-28.061426,-26.848845,-32.207535,-30.389433,-25.999086,-29.104872,-32.160725,-26.423958,-26.07321,-23.636477,-25.351616,-25.3475,-22.854073,-25.397034,-29.505104,-26.075563,-27.247187,-23.617947,-24.568441,-26.56731,-25.879301,-26.299128,-24.648075,-21.72881,-22.643955,-29.103062,-25.4419,-26.283192,-24.040548,-24.856663,-25.875158,-26.459448,-27.353025,-29.303217,-22.004871,-24.97477,-31.45416,-26.835613,-31.10667,-31.609322,-31.596167,-29.648083,-27.182974,-27.6551,-27.389082,-25.931116,-26.925335,-25.659883,-22.503504,-23.535297,-28.583668,-31.827995,-25.054283,-23.43566,-21.64217,-23.052036,-29.96393,-24.964945,-26.691502,-25.022522,-25.676365,-30.2886,-32.88018,-25.31744,-22.934322,-27.752903,-31.008545,-29.594683,-22.417883,-25.43019,-32.720303,-26.37247,-28.731155,-26.482578,-26.564886,-34.445114,-33.774815,-24.161484,-23.462337,-30.511673,-24.241379,-23.7574,-27.914127,-26.38102,-28.197609,-27.40549,-33.348717,-30.277609,-24.860308,-21.878214,-23.769556,-30.178867,-28.89329,-28.07015,-26.239428,-27.214653,-27.171566,-24.917309,-28.702438,-42.60826,-46.736458,-46.11761,-45.98413,-47.05954,-46.18064,-46.215397,-46.887634,-39.084007,-36.427124,-47.594173,-80.0,-80.0,-80.0,-80.0,-80.0,-80.0,-80.0,-80.0,-80.0,-80.0,-80.0,-80.0,-80.0,-80.0,-80.0,-80.0,-80.0,-80.0,-80.0,-80.0,-80.0,-80.0,-80.0,-80.0,-80.0,-80.0,-80.0,-80.0,-80.0,-80.0,-80.0,-80.0,-80.0,-80.0,-80.0,-80.0,-80.0,-80.0,-80.0,-80.0,-80.0,-80.0,-80.0,-80.0,-80.0,-80.0,-80.0,-80.0,-80.0,-80.0,-80.0,-80.0,-80.0,-80.0,-80.0,-80.0,-80.0,-80.0,-80.0,-80.0,-80.0,-80.0,-80.0,-80.0,-80.0,-80.0,-80.0,-80.0,-80.0,-80.0,-80.0,-80.0,-80.0,-80.0,-80.0,-80.0,-80.0,-80.0,-80.0,-80.0,-80.0,-80.0,-80.0,-80.0,-80.0,-80.0,-80.0,-80.0,-80.0,-80.0,-80.0,-80.0,-80.0,-80.0
-32.336975,-25.566328,-19.154524,-21.51155,-28.728962,-30.900219,-25.211458,-25.878193,-22.327675,-23.26601,-26.178476,-26.828447,-24.832518,-26.410707,-28.931803,-31.75358,-28.83901,-28.04028,-31.740973,-22.57576,-19.425533,-25.17883,-25.45109,-23.821102,-28.694668,-28.320072,-28.417408,-31.823921,-35.207615,-26.536703,-23.965162,-24.993324,-24.640158,-27.130852,-28.17168,-26.77158,-25.57111,-24.556454,-24.230015,-26.304428,-30.10403,-30.455194,-25.004139,-25.538467,-27.497038,-22.855633,-22.780834,-25.372913,-25.24366,-25.413364,-23.252419,-28.905296,-31.495584,-24.741768,-26.158936,-24.472208,-24.710672,-25.43819,-28.2788,-23.374126,-25.771133,-23.478188,-22.87304,-26.194881,-23.868048,-25.016953,-23.754784,-22.517935,-25.61196,-25.91458,-25.212942,-25.439842,-29.847076,-28.061443,-31.394823,-30.858282,-27.590666,-27.686954,-27.93681,-22.879147,-19.899632,-24.375113,-30.443779,-25.062723,-26.834799,-28.763855,-28.639154,-29.777096,-24.169472,-24.39671,-26.851078,-23.499813,-25.342491,-26.315601,-29.074121,-28.832218,-27.428093,-28.701141,-24.928722,-28.118347,-33.273224,-26.366665,-24.256893,-32.397587,-35.334564,-30.683847,-27.687283,-26.742014,-25.773886,-34.326893,-36.705753,-34.198044,-34.375217,-34.84734,-35.26854,-36.95849,-36.591682,-35.058807,-28.174376,-27.001637,-34.599365,-40.12898,-37.633385,-33.55948,-34.017845,-44.189964,-42.4682,-37.495438,-30.391819,-28.284245,-30.76602,-25.607498,-25.890987,-31.240774,-28.611952,-25.9253,-23.40504,-25.194519,-24.79034,-25.81187,-27.601322,-28.710386,-28.6647,-25.98249,-30.903921,-29.403767,-24.683575,-22.212757,-20.945004,-22.080822,-24.861977,-25.886688,-29.123812,-24.300102,-23.567184,-26.140478,-28.488594,-27.090616,-28.804394,-26.786957,-24.635906,-28.563229,-34.863194,-29.886961,-25.60056,-30.417692,-27.592628,-29.821522,-26.783813,-27.088682,-28.869585,-28.518791,-32.60692,-26.768518,-25.531181,-25.078701,-26.088594,-26.195316,-24.477184,-24.584072,-24.382107,-22.720364,-23.85614,-24.088085,-24.734037,-27.467289,-29.459522,-27.47464,-29.66263,-30.48018,-32.045555,-28.193756,-26.353989,-25.569052,-26.851925,-31.399218,-31.701876,-25.38309,-20.211128,-24.519365,-28.813295,-29.623335,-25.596237,-22.058643,-25.398418,-24.192453,-23.979216,-26.504147,-31.029078,-31.822262,-27.807703,-27.447325,-29.427242,-27.214642,-29.359024,-31.004763,-27.234138,-28.002085,-25.241375,-22.443104,-27.277922,-29.128777,-28.391582,-26.34702,-22.17124,-24.966417,-23.574802,-25.337255,-24.702772,-23.465036,-27.738625,-21.539879,-22.71411,-31.473408,-26.238838,-21.630323,-26.20111,-30.999449,-28.958447,-34.39328,-27.408514,-26.64768,-29.790049,-30.708609,-25.670849,-23.783424,-26.507236,-36.65618,-29.633743,-25.457993,-26.786268,-21.104866,-21.295185,-24.359528,-23.524319,-28.725754,-24.96448,-21.523804,-27.33251,-29.664736,-28.666866,-27.236366,-22.422272,-24.028887,-23.718365,-21.842361,-24.812061,-30.84486,-30.382002,-27.934193,-27.001146,-20.932302,-20.912209,-22.744102,-24.954346,-24.80871,-24.981255,-24.00013,-26.350279,-26.31921,-30.420374,-27.37336,-26.721226,-24.935349,-26.194807,-28.74089,-29.534952,-30.984463,-27.17577,-29.47529,-28.87644,-24.767275,-22.912756,-30.588902,-25.525814,-25.94522,-29.394491,-32.763824,-31.544151,-26.63823,-29.123756,-28.921478,-31.257723,-32.484596,-31.225073,-27.398624,-23.838688,-24.629705,-25.128979,-26.837908,-29.585619,-30.142654,-27.92468,-29.306889,-26.18253,-27.28064,-26.88084,-24.839409,-25.177052,-25.443598,-26.874119,-28.298393,-28.934616,-31.762373,-31.067837,-28.364449,-24.106678,-20.491514,-23.698622,-31.350557,-29.249302,-25.959293,-27.706215,-29.284082,-26.948265,-29.905107,-33.765114,-29.993118,-30.156237,-33.162807,-26.382751,-27.222557,-33.349785,-29.632957,-24.035984,-24.048634,-27.4637,-25.68337,-30.068417,-30.863583,-29.885075,-26.940628,-27.454552,-25.319744,-26.034864,-26.335907,-21.369446,-23.220316,-27.965973,-30.733822,-31.086622,-29.19008,-28.039946,-28.209095,-24.019304,-30.265446,-25.752674,-22.750017,-18.371998,-20.579077,-26.226685,-26.58441,-23.46754,-21.130905,-24.663734,-23.980637,-25.013653,-28.60913,-28.552916,-21.616062,-21.389751,-28.69883,-33.60055,-31.606995,-31.864834,-25.60202,-24.097158,-23.43277,-23.748243,-21.41075,-23.352005,-23.442108,-22.72297,-22.272888,-24.501114,-25.353796,-26.666424,-23.908125,-24.948376,-23.08139,-25.289867,-26.744757,-26.006765,-26.506119,-26.554184,-30.560825,-28.346891,-25.243805,-25.683556,-24.725822,-25.865238,-27.765083,-26.489143,-30.328781,-33.875546,-31.23074,-26.270878,-24.60722,-28.673752,-27.377022,-22.682049,-25.46082,-30.98367,-30.224743,-24.793434,-24.151024,-23.691042,-25.558992,-28.332842,-29.030571,-28.095327,-25.76492,-25.183561,-27.08363,-28.3238,-31.60164,-27.931337,-25.058704,-28.746565,-33.726208,-28.420704,-29.484673,-24.310606,-19.607437,-19.171394,-23.546389,-27.438316,-27.514557,-28.769302,-35.41135,-29.098917,-25.014856,-26.236141,-26.6109,-29.158148,-32.39643,-25.892826,-22.156017,-25.57035,-23.852901,-22.635845,-22.975609,-25.194931,-27.007847,-26.280682,-25.85852,-28.814438,-32.60543,-26.497173,-25.53573,-26.684652,-25.704447,-23.174519,-28.60463,-29.900019,-30.843624,-30.498812,-26.793242,-23.729687,-24.835098,-29.439201,-28.43533,-28.362173,-27.885828,-23.290884,-21.31092,-27.02079,-22.96767,-23.145267,-20.49472,-23.646793,-24.782349,-24.326315,-26.734232,-30.462873,-23.63089,-26.00377,-29.044529,-26.583097,-28.382385,-31.529062,-28.135914,-23.291195,-28.304913,-31.892305,-25.61508,-23.72492,-24.697588,-23.290668,-28.540615,-35.59091,-29.46035,-26.2582,-26.629536,-23.865482,-25.96214,-27.629314,-28.137932,-33.455597,-29.596643,-27.596302,-27.534641,-30.926437,-28.045624,-27.083412,-28.673399,-29.425884,-27.689735,-23.020004,-22.696522,-25.695572,-26.992048,-29.533804,-25.657314,-23.396313,-27.800991,-21.938103,-22.045765,-27.451675,-25.934475,-22.280046,-25.593649,-22.915894,-24.272621,-30.186533,-25.914814,-27.200314,-26.979498,-28.519121,-24.956793,-25.27296,-28.1385,-25.325495,-22.024906,-26.46573,-35.149765,-33.238014,-31.561699,-26.125729,-25.396173,-27.876482,-27.044712,-26.003395,-27.459553,-23.570827,-23.22958,-24.96745,-24.403568,-30.165304,-28.502922,-30.612726,-30.308163,-26.252047,-22.396128,-23.650074,-28.707767,-28.307617,-35.15847,-33.618958,-29.577713,-26.811,-27.631496,-25.02889,-25.05421,-25.88979,-29.315577,-27.557278,-22.622978,-24.541061,-26.82697,-29.14999,-26.878845,-23.246752,-25.732346,-31.307957,-31.268213,-30.061827,-26.240679,-28.218147,-23.846035,-25.196354,-28.8945,-28.861244,-29.798023,-25.624392,-29.568745,-30.651733,-28.715456,-29.529879,-33.567276,-33.184414,-31.321112,-26.557213,-25.46792,-28.24464,-26.558748,-26.23224,-26.61024,-25.765675,-26.005764,-25.855932,-25.7818,-25.912811,-25.87349,-25.901405,-25.880283,-24.648678,-27.710152,-45.303543,-80.0,-80.0,-80.0,-80.0,-80.0,-80.0,-80.0,-80.0,-80.0,-80.0,-80.0,-80.0,-80.0,-80.0,-80.0,-80.0,-80.0,-80.0,-80.0,-80.0,-80.0,-80.0,-80.0,-80.0,-80.0,-80.0,-80.0,-80.0,-80.0,-80.0,-80.0,-80.0,-80.0,-80.0,-80.0,-80.0,-80.0,-80.0,-80.0,-80.0,-80.0,-80.0,-80.0,-80.0,-80.0,-80.0,-80.0,-80.0,-80.0,-80.0,-80.0,-80.0,-80.0,-80.0,-80.0,-80.0,-80.0,-80.0,-80.0,-80.0,-80.0,-80.0,-80.0,-80.0,-80.0,-80.0,-80.0,-80.0,-80.0,-80.0,-80.0,-80.0,-80.0,-80.0,-80.0,-80.0,-80.0,-80.0,-80.0,-80.0,-80.0,-80.0,-80.0,-80.0,-80.0,-80.0,-80.0,-80.0,-80.0,-80.0,-80.0,-80.0,-80.0,-80.0
-34.346363,-23.032846,-20.66105,-20.87642,-22.434738,-28.332588,-30.562538,-27.677713,-26.495745,-23.366623,-26.258968,-36.372803,-33.31464,-31.101015,-25.647501,-24.26075,-26.127697,-27.391396,-29.684006,-25.983856,-22.296434,-27.797411,-25.831676,-25.121254,-24.143772,-22.656036,-24.47591,-31.458288,-29.930231,-29.448275,-20.89773,-21.854015,-27.240116,-26.28501,-21.954193,-21.76277,-24.385262,-25.98034,-21.479156,-20.650944,-24.544273,-25.143814,-24.125921,-26.675367,-25.52554,-26.440155,-27.911697,-26.502861,-26.443527,-26.171972,-25.29595,-27.703966,-25.146812,-21.47195,-24.92651,-26.544529,-23.326435,-23.627188,-26.466988,-26.154005,-24.980553,-22.277596,-25.640482,-24.61421,-24.668568,-24.135773,-23.763285,-23.799604,-32.065704,-34.035397,-31.566187,-28.423594,-28.940392,-26.080082,-28.826397,-30.613523,-30.693556,-25.873775,-24.797009,-26.030514,-25.699696,-28.066874,-27.503582,-23.882925,-29.519567,-25.32837,-21.893377,-25.884747,-26.733019,-27.365723,-31.186552,-27.105396,-27.407955,-28.798372,-30.394962,-25.556097,-25.12245,-27.68148,-25.456095,-22.679802,-25.337461,-25.574312,-22.173687,-26.89135,-30.626732,-27.11356,-24.73668,-25.032715,-22.873806,-27.016718,-34.369938,-36.80846,-36.12398,-33.316353,-34.12257,-34.927876,-33.029182,-29.689869,-31.88653,-31.562038,-39.731644,-40.21293,-36.615257,-34.561142,-35.904106,-40.273643,-41.799297,-35.361065,-28.26028,-24.6489,-27.096153,-27.133404,-23.278511,-27.462246,-25.88,-27.58707,-25.389263,-26.460142,-26.072561,-24.00188,-26.63224,-24.505564,-21.464046,-23.33618,-30.769365,-28.738672,-24.306702,-28.60247,-32.112453,-29.751411,-31.053686,-31.986118,-33.753254,-35.167927,-35.197865,-28.44666,-25.793188,-32.683823,-29.983818,-25.07782,-25.525425,-30.353777,-30.734135,-30.67726,-29.106895,-33.840088,-26.829243,-24.487745,-27.439062,-28.892754,-30.374971,-34.87282,-32.6689,-34.8924,-32.636482,-30.813313,-26.237923,-22.504963,-26.567394,-29.531141,-24.251163,-25.293804,-22.983122,-22.556366,-23.12286,-25.351027,-34.134216,-30.09496,-24.702877,-26.95693,-33.533978,-29.430115,-29.899687,-33.18653,-27.715292,-27.26691,-29.563389,-28.098717,-21.871582,-24.563587,-27.53925,-24.622892,-24.538927,-25.631046,-25.991398,-28.50837,-26.346989,-30.086765,-29.236809,-28.495544,-32.695076,-30.073605,-24.709219,-21.45814,-23.626593,-28.320433,-24.55333,-26.074055,-22.614904,-22.851896,-24.189465,-22.172178,-25.9655,-25.662075,-22.449879,-26.331665,-27.179115,-29.703367,-25.49098,-25.077389,-28.61935,-22.710154,-24.04255,-30.093138,-25.77361,-19.824638,-24.084347,-25.529425,-23.093533,-29.339886,-25.853012,-24.780212,-30.92389,-29.110926,-24.915478,-24.813541,-26.983898,-25.882679,-28.880789,-31.49907,-28.239256,-23.035614,-23.906372,-23.88131,-27.159153,-25.31069,-20.66802,-21.2096,-27.993732,-26.719788,-25.270802,-23.569504,-23.512945,-26.348278,-28.334087,-24.080769,-25.916222,-35.39778,-29.417717,-30.701199,-27.151463,-23.75851,-24.074383,-26.165249,-26.02442,-23.81534,-21.826664,-22.820889,-28.815859,-32.0857,-28.917778,-23.39743,-20.525898,-22.36488,-30.342245,-33.647457,-30.248455,-28.888895,-30.035023,-28.728405,-28.147514,-23.861923,-24.985977,-29.114368,-28.679893,-28.478212,-32.17236,-33.732708,-32.456493,-26.711956,-26.264599,-26.107447,-28.3832,-29.75457,-28.988342,-28.288157,-24.275105,-23.44093,-28.842012,-24.440626,-21.298737,-21.456188,-25.794008,-26.750744,-29.666306,-27.677263,-21.868996,-22.328716,-25.142048,-22.532696,-22.726814,-27.466467,-28.743412,-30.58584,-26.937244,-28.801224,-25.432602,-27.667082,-29.701296,-31.061426,-32.149937,-27.875027,-26.327768,-22.672565,-22.038162,-23.162518,-25.434444,-29.552069,-23.85877,-26.529823,-26.699516,-24.813202,-29.63654,-29.751797,-24.261417,-23.853294,-23.035902,-23.671078,-25.415337,-26.220062,-23.552618,-22.47987,-25.727392,-24.967127,-22.009403,-24.510345,-22.278828,-24.037483,-27.462498,-28.816853,-26.533943,-24.119429,-26.389479,-27.32559,-27.130577,-30.165854,-24.740173,-21.865925,-20.84709,-26.714087,-30.785442,-27.730091,-25.167057,-27.676334,-23.050459,-22.749985,-27.273352,-23.781414,-23.720673,-26.492615,-27.329445,-26.87962,-25.509197,-27.066196,-30.920603,-26.356949,-23.63809,-24.658882,-23.048138,-19.428951,-21.806152,-27.608482,-27.497128,-28.311474,-24.150732,-22.72927,-24.80252,-25.050108,-26.221832,-23.398603,-26.442957,-24.086529,-26.602417,-28.490648,-26.132692,-31.0075,-31.412123,-33.092827,-28.994286,-26.007778,-24.480724,-24.37202,-23.390095,-27.78615,-27.217842,-24.888021,-24.79182,-24.256403,-27.611246,-29.521118,-28.545929,-25.868523,-28.860283,-27.483784,-24.318764,-21.273659,-19.464134,-22.067184,-27.38911,-25.11652,-27.933172,-25.21982,-21.154243,-24.29506,-29.233305,-27.40361,-25.928501,-23.026941,-25.784805,-24.944897,-24.764881,-23.624939,-24.761322,-24.875736,-24.131998,-25.320473,-24.090899,-23.61618,-26.012794,-27.477608,-23.993038,-23.838348,-27.349438,-24.492897,-26.034882,-24.500473,-28.941336,-33.010044,-30.007599,-25.066189,-28.654045,-24.744072,-21.989885,-23.62748,-24.103905,-26.957287,-27.966118,-31.376234,-33.075214,-31.885883,-32.104286,-21.624294,-21.657467,-29.557663,-29.166063,-26.189085,-25.46658,-23.199062,-27.32231,-23.81206,-22.031847,-20.96066,-19.996912,-24.678093,-21.397259,-21.93321,-27.409653,-25.898859,-25.111443,-25.632076,-29.759632,-28.885761,-27.175873,-27.825539,-30.718828,-27.125204,-25.496048,-27.096893,-26.110058,-25.286549,-25.959675,-25.441605,-24.969305,-26.597013,-24.087643,-28.283932,-30.359392,-29.273188,-28.680058,-26.983244,-29.459751,-28.605923,-30.909325,-28.031517,-24.063255,-25.518665,-29.192028,-29.261248,-28.84194,-26.373348,-27.57069,-30.413143,-24.795486,-20.630142,-20.334408,-26.378174,-28.590408,-33.166878,-27.023945,-28.13707,-26.711475,-26.86964,-25.51151,-24.679632,-27.970434,-30.06934,-26.14691,-21.769867,-21.945316,-26.382296,-28.10125,-29.539028,-26.6587,-27.43061,-29.644115,-25.461739,-23.230675,-25.448957,-27.323938,-27.036453,-26.92218,-28.019579,-30.670174,-27.999184,-29.175983,-28.222086,-24.981842,-25.347063,-20.490284,-20.021076,-27.020077,-29.26675,-27.765348,-25.410004,-22.496834,-20.339458,-21.653847,-23.710644,-28.326773,-29.958296,-25.823208,-25.840103,-27.028198,-25.642885,-27.480669,-28.67188,-26.301765,-33.086,-38.30889,-34.735916,-32.382805,-28.761269,-25.511415,-24.527508,-21.481716,-23.251541,-26.360886,-24.230541,-27.460903,-29.20682,-30.86235,-29.134779,-23.667484,-26.14626,-29.613628,-30.247253,-36.666878,-31.780289,-26.117653,-27.202206,-30.91012,-26.470242,-22.126122,-23.52069,-24.678719,-25.093426,-27.698961,-23.757008,-24.628298,-31.85019,-25.789185,-24.893768,-31.91727,-34.381077,-28.764748,-28.26194,-21.585869,-17.021208,-15.813263,-15.788784,-15.776587,-15.772619,-15.780132,-15.78046,-15.782196,-15.78587,-16.874704,-23.386248,-44.393425,-80.0,-80.0,-80.0,-80.0,-80.0,-80.0,-80.0,-80.0,-80.0,-80.0,-80.0,-80.0,-80.0,-80.0,-80.0,-80.0,-80.0,-80.0,-80.0,-80.0,-80.0,-80.0,-80.0,-80.0,-80.0,-80.0,-80.0,-80.0,-80.0,-80.0,-80.0,-80.0,-80.0,-80.0,-80.0,-80.0,-80.0,-80.0,-80.0,-80.0,-80.0,-80.0,-80.0,-80.0,-80.0,-80.0,-80.0,-80.0,-80.0,-80.0,-80.0,-80.0,-80.0,-80.0,-80.0,-80.0,-80.0,-80.0,-80.0,-80.0,-80.0,-80.0,-80.0,-80.0,-80.0,-80.0,-80.0,-80.0,-80.0,-80.0,-80.0,-80.0,-80.0,-80.0,-80.0,-80.0,-80.0,-80.0,-80.0,-80.0,-80.0,-80.0,-80.0,-80.0,-80.0,-80.0,-80.0,-80.0,-80.0,-80.0,-80.0,-80.0,-80.0,-80.0
-28.856081,-22.418259,-27.314657,-24.43201,-23.001074,-24.84311,-30.334925,-31.455027,-28.722975,-29.505262,-36.539234,-37.547894,-27.553202,-24.551573,-25.94247,-23.570953,-23.69131,-26.080761,-30.516169,-25.305222,-24.310066,-29.83913,-25.938646,-26.086689,-27.593706,-23.812332,-26.30553,-29.630901,-25.825161,-27.210709,-22.731552,-24.962423,-32.191257,-25.663387,-21.654907,-25.198174,-24.027754,-28.22612,-25.08399,-23.899265,-26.065485,-27.07085,-24.28022,-26.884407,-26.073284,-24.099308,-24.22283,-24.841572,-21.874851,-25.889633,-28.101713,-28.087156,-24.646667,-19.42094,-23.427095,-33.43213,-27.67885,-26.002201,-31.532127,-25.435987,-21.104965,-22.24465,-26.449594,-27.502712,-26.484344,-22.202204,-24.958363,-26.072935,-32.751156,-32.16319,-25.906849,-23.607117,-26.026203,-27.102806,-27.972126,-26.400331,-23.966368,-24.43032,-26.321724,-27.390085,-25.6959,-24.764187,-21.69694,-20.159435,-25.578255,-24.095284,-22.161476,-27.932102,-26.705276,-26.036165,-23.881618,-26.448927,-26.008678,-21.287594,-24.228886,-28.44924,-29.597544,-29.918491,-23.60107,-23.163555,-26.038277,-25.874334,-24.435347,-29.07468,-28.85863,-22.7635,-24.202778,-27.228786,-24.530983,-26.923222,-31.866013,-36.70739,-33.65037,-33.705177,-33.448097,-32.84051,-30.044834,-28.552235,-31.257154,-32.18035,-36.96425,-39.83999,-37.56838,-35.304268,-40.372757,-39.114014,-43.03202,-35.70037,-31.202015,-28.159513,-28.651035,-27.771797,-26.332764,-26.507872,-25.257881,-29.19177,-35.8684,-35.53002,-30.51461,-26.58612,-23.487034,-25.100689,-25.976723,-29.209875,-28.780159,-27.93841,-27.204264,-25.55542,-28.720833,-25.671015,-27.553175,-32.662315,-32.46036,-28.317116,-27.1029,-27.44471,-24.384836,-26.448208,-26.691761,-27.199446,-26.934286,-26.452734,-25.853775,-32.61424,-27.35638,-30.498158,-28.07644,-25.987757,-29.519,-27.701893,-27.008469,-28.306406,-27.494915,-31.531185,-26.44479,-24.014786,-23.807335,-25.889393,-32.667007,-31.611168,-28.696693,-29.489048,-28.395157,-30.850437,-33.56031,-33.131653,-31.73875,-27.298004,-26.142483,-27.072708,-32.342915,-27.937374,-26.706673,-31.071882,-28.675762,-27.470095,-26.32566,-23.904629,-20.733845,-22.359642,-28.602268,-28.780373,-28.064566,-27.568855,-28.213634,-32.062103,-29.775167,-31.971285,-30.176155,-31.34681,-30.076593,-23.730803,-25.706902,-26.48547,-25.350235,-28.881998,-25.125168,-24.62508,-26.33943,-27.931042,-23.539766,-22.941248,-25.964722,-28.851295,-26.051655,-25.48235,-30.02623,-31.41898,-28.03749,-26.339342,-26.980251,-27.839918,-28.691837,-30.785772,-29.485897,-23.929722,-24.557064,-28.50462,-22.120396,-24.423176,-27.865116,-26.82929,-27.196644,-28.048412,-28.485891,-25.984129,-23.864168,-25.119972,-28.027107,-30.94713,-26.198036,-21.868242,-21.374577,-23.322733,-27.177536,-27.040537,-23.286177,-22.93128,-23.294096,-19.61271,-21.866407,-30.425882,-33.28744,-25.541435,-25.1165,-22.095755,-25.336235,-31.66494,-26.741886,-26.754307,-26.000154,-27.235603,-23.773891,-25.719212,-28.156689,-22.539265,-22.457966,-23.537651,-29.052078,-31.398987,-29.051933,-28.106821,-24.706406,-24.286678,-25.40213,-29.844309,-29.660759,-30.202028,-30.39576,-31.272371,-29.150522,-27.709755,-25.970165,-29.671597,-32.878124,-30.989132,-29.1344,-26.520199,-21.921423,-20.473198,-25.175549,-28.431221,-26.01363,-24.84747,-27.507206,-24.353718,-25.5775,-28.19794,-24.652092,-23.845844,-24.927088,-20.681217,-23.316769,-27.458149,-30.108042,-27.800474,-24.43652,-26.670525,-23.501968,-26.8016,-22.786192,-22.955873,-26.638786,-28.656036,-24.345387,-22.86856,-27.35387,-28.05399,-30.759682,-28.531033,-27.52774,-27.250101,-25.043493,-22.894339,-26.526749,-22.681051,-20.485094,-23.105362,-21.455608,-24.037647,-33.577362,-31.180828,-24.253529,-21.901785,-27.606033,-29.072933,-24.3237,-23.59364,-25.509342,-28.804937,-27.338106,-24.803402,-24.04884,-26.551914,-21.366104,-25.610764,-30.506647,-29.089712,-25.633303,-26.520176,-29.800114,-29.067457,-24.41373,-21.341486,-22.782936,-23.866434,-25.789541,-24.92515,-22.459164,-25.958431,-28.84584,-28.63942,-25.62938,-22.82684,-24.257793,-29.042868,-29.623951,-26.298122,-23.102505,-26.750917,-28.69005,-28.601261,-26.410212,-23.561317,-27.575499,-24.740582,-23.227947,-28.423168,-31.790344,-28.43045,-21.730942,-25.039558,-29.319675,-27.651253,-29.123203,-23.684849,-24.143032,-28.158098,-26.474634,-28.558651,-29.97801,-25.24926,-24.75908,-28.933472,-27.638859,-28.735703,-34.29937,-36.126976,-33.186295,-36.194458,-29.74881,-26.640476,-28.133846,-29.820107,-29.208584,-22.880978,-22.154331,-25.818764,-24.915098,-25.284592,-27.983215,-31.111067,-29.77515,-21.932148,-23.554993,-31.227734,-27.844692,-28.57701,-25.693699,-24.334663,-27.90925,-22.20924,-23.66746,-26.220325,-24.274662,-26.337202,-23.78458,-24.142963,-29.741142,-24.687191,-24.985023,-23.646002,-27.45666,-27.724443,-26.07585,-25.953186,-24.383156,-23.51529,-23.463078,-24.698587,-28.26181,-29.291409,-27.180115,-25.070227,-25.701912,-21.709917,-23.647728,-30.728561,-30.589909,-23.625282,-23.647097,-25.104748,-24.801762,-26.36602,-23.226711,-24.113745,-30.246054,-32.428406,-29.88425,-26.065655,-27.351648,-23.6664,-25.90191,-29.702223,-26.118275,-24.584476,-25.69383,-22.949852,-24.700865,-25.339298,-22.650867,-23.788956,-22.147087,-25.191349,-27.246609,-25.103954,-25.492323,-26.354244,-21.82291,-22.302427,-27.18452,-29.290806,-27.782951,-29.372314,-27.521925,-28.49204,-22.178823,-24.50678,-28.813608,-28.097343,-26.962902,-26.889538,-25.998032,-25.099316,-21.481686,-25.429792,-26.563265,-24.58154,-27.00977,-27.265774,-27.249897,-27.15267,-25.10332,-27.003979,-30.77882,-25.348526,-27.797081,-33.99553,-30.32387,-28.517525,-25.61739,-26.58038,-25.033089,-22.50995,-24.38221,-28.224955,-29.625048,-30.216541,-28.869768,-29.419346,-27.28555,-31.48992,-29.330078,-28.39903,-26.215153,-23.88382,-24.740904,-27.520092,-22.914864,-25.601902,-25.875473,-23.113441,-23.546932,-26.835903,-30.612646,-27.31469,-22.674404,-24.25967,-26.121075,-28.092033,-29.693413,-30.215094,-32.479485,-28.58655,-27.361412,-24.570368,-22.674768,-22.371607,-22.011833,-21.88467,-22.63955,-25.128723,-24.47176,-23.250881,-26.95527,-25.3745,-25.189491,-26.763258,-29.114737,-29.63076,-24.286022,-24.38774,-25.828876,-25.37212,-25.25099,-25.29083,-23.112988,-31.462334,-38.977608,-34.95075,-33.07197,-28.444813,-24.309889,-26.555988,-27.125877,-23.67392,-25.439636,-26.790207,-29.940563,-28.973684,-25.237574,-24.292831,-27.136566,-33.764755,-33.269264,-31.664524,-33.128952,-28.001167,-27.343853,-26.48853,-25.75623,-21.853897,-20.331139,-25.17233,-23.695404,-23.277374,-26.662703,-26.231499,-29.168262,-28.207277,-24.85653,-24.725513,-27.548538,-28.221893,-28.91809,-29.39289,-24.238106,-21.927874,-21.883926,-21.783203,-21.900372,-21.954758,-21.856546,-21.878847,-21.858536,-21.859375,-22.2775,-26.49643,-44.974648,-80.0,-80.0,-80.0,-80.0,-80.0,-80.0,-80.0,-80.0,-80.0,-80.0,-80.0,-80.0,-80.0,-80.0,-80.0,-80.0,-80.0,-80.0,-80.0,-80.0,-80.0,-80.0,-80.0,-80.0,-80.0,-80.0,-80.0,-80.0,-80.0,-80.0,-80.0,-80.0,-80.0,-80.0,-80.0,-80.0,-80.0,-80.0,-80.0,-80.0,-80.0,-80.0,-80.0,-80.0,-80.0,-80.0,-80.0,-80.0,-80.0,-80.0,-80.0,-80.0,-80.0,-80.0,-80.0,-80.0,-80.0,-80.0,-80.0,-80.0,-80.0,-80.0,-80.0,-80.0,-80.0,-80.0,-80.0,-80.0,-80.0,-80.0,-80.0,-80.0,-80.0,-80.0,-80.0,-80.0,-80.0,-80.0,-80.0,-80.0,-80.0,-80.0,-80.0,-80.0,-80.0,-80.0,-80.0,-80.0,-80.0,-80.0,-80.0,-80.0,-80.0,-80.0
-27.34671,-20.841316,-23.120316,-25.71345,-27.222473,-28.188313,-27.37495,-28.608795,-27.191616,-27.270393,-26.932163,-30.31861,-25.351894,-25.441349,-25.807594,-29.589613,-29.774063,-25.127697,-30.142185,-26.63764,-24.907116,-27.972445,-27.371431,-29.945454,-25.374191,-23.135277,-25.631378,-28.736315,-26.479488,-26.86111,-25.526691,-25.224167,-29.721634,-22.738352,-21.49139,-28.348175,-28.38788,-33.33757,-30.761866,-29.442787,-29.338749,-31.050106,-29.903698,-24.265709,-24.86324,-23.71085,-22.49774,-27.24384,-26.015736,-28.503918,-30.28604,-35.772453,-32.512684,-24.500477,-22.926792,-24.599983,-21.471699,-24.240053,-33.281803,-31.693155,-26.081741,-23.800869,-26.278912,-26.98256,-29.969826,-26.061884,-24.376608,-24.199104,-28.944345,-26.934813,-22.638376,-21.851044,-22.840576,-25.462784,-24.948652,-26.513517,-24.663961,-25.864918,-27.44457,-31.469868,-25.442944,-19.153399,-20.87904,-24.018919,-27.324436,-32.03048,-30.698486,-27.034077,-23.3443,-28.208635,-24.954224,-28.459244,-30.040804,-22.842468,-26.903175,-29.420334,-23.685116,-26.018871,-24.012468,-22.301752,-26.163425,-32.283943,-30.925476,-31.304205,-31.166159,-26.513414,-28.02186,-28.007637,-26.12364,-27.052711,-29.491846,-32.43325,-36.32515,-36.21657,-29.495323,-30.16456,-35.531536,-36.472466,-33.902138,-31.816565,-31.798044,-37.803616,-35.94325,-36.31281,-43.507996,-40.05981,-43.0185,-39.981903,-36.95866,-28.36575,-23.834454,-25.409782,-29.749893,-28.365726,-32.56742,-31.288584,-30.88849,-28.439507,-27.449322,-31.902508,-25.746553,-22.772154,-30.137608,-34.297802,-27.500374,-28.288906,-27.53569,-25.145168,-26.315468,-21.557697,-24.444384,-30.004858,-30.663115,-25.756989,-22.829922,-22.83146,-24.710524,-26.162758,-30.087257,-29.084805,-25.093493,-22.131615,-22.538513,-28.677107,-24.332829,-23.45165,-31.441082,-31.50009,-29.391203,-28.221855,-25.791275,-24.121426,-26.523287,-30.533573,-26.152557,-21.265583,-25.459412,-26.677067,-23.958889,-23.478062,-25.945553,-29.404903,-31.515182,-30.037247,-31.060097,-28.221546,-29.139711,-26.718529,-22.883774,-23.292719,-28.712444,-28.525345,-31.699986,-27.987514,-27.610601,-32.664192,-24.339302,-24.525963,-24.100456,-23.118633,-22.810005,-21.027596,-23.837114,-32.57655,-31.31636,-31.241955,-33.76014,-33.02379,-30.906282,-27.70773,-27.303226,-22.728493,-24.570438,-28.352787,-27.698122,-29.211163,-30.280506,-30.942871,-25.914557,-27.310307,-26.188786,-31.784693,-35.878975,-29.43332,-23.40817,-26.36672,-30.00226,-30.844854,-28.068718,-28.83393,-22.170986,-21.61795,-28.2376,-29.307207,-30.750645,-27.645721,-29.968695,-29.913015,-23.94823,-26.076786,-27.294487,-29.324757,-25.085701,-24.706348,-24.200022,-25.5755,-30.038502,-30.475643,-31.573673,-32.449547,-27.537495,-24.28728,-24.539497,-29.785446,-31.191639,-31.1353,-28.788227,-24.562332,-23.463387,-20.552118,-20.690464,-26.102652,-30.938345,-30.412966,-24.518822,-24.74575,-30.36105,-29.046038,-25.183277,-30.518682,-25.075798,-22.270824,-23.937233,-27.500292,-26.123045,-21.841112,-18.729422,-22.884062,-28.92397,-28.582535,-23.619608,-24.560741,-27.234041,-30.197016,-24.099026,-23.964466,-26.162308,-24.191324,-26.12638,-31.060478,-32.576344,-29.12581,-25.948158,-26.935753,-30.353048,-29.810867,-31.082556,-29.108303,-24.111866,-23.837118,-27.967098,-28.93822,-27.219414,-25.101513,-23.860893,-24.278366,-25.493214,-30.143053,-24.359419,-24.76304,-29.006287,-26.17469,-26.66295,-27.184925,-25.317219,-25.10453,-25.766378,-27.897068,-23.1796,-23.321781,-23.19698,-26.755775,-25.73022,-25.60357,-29.19603,-24.76146,-29.573757,-27.096663,-25.262712,-29.260817,-30.327143,-25.011963,-23.794006,-26.952621,-26.716454,-25.892723,-24.75383,-23.682209,-23.821598,-23.902903,-25.4553,-24.533577,-21.226295,-22.206005,-28.591795,-27.756174,-26.81802,-27.639818,-31.341217,-28.244457,-32.454926,-29.678867,-25.22778,-23.38059,-21.992214,-28.445108,-32.605286,-30.328861,-28.944962,-32.175648,-32.70755,-33.109043,-23.547897,-24.397419,-27.973948,-27.684729,-25.240105,-21.691996,-20.211689,-22.434359,-26.059832,-30.125416,-29.539066,-27.522633,-25.30962,-25.746082,-27.280315,-28.174576,-28.273535,-30.858137,-31.985992,-32.22206,-24.389385,-22.519543,-27.339718,-22.52988,-20.339136,-26.30478,-29.727013,-27.817299,-22.950817,-20.884369,-23.740433,-30.643154,-34.12228,-27.072773,-23.233202,-24.442425,-20.484758,-23.423496,-24.312017,-22.959463,-27.353722,-31.25872,-26.722906,-25.546425,-33.333565,-29.176048,-29.6874,-32.87162,-28.383179,-24.306606,-27.252228,-30.073582,-26.73822,-22.6087,-23.379942,-22.649734,-23.171288,-27.089535,-29.30641,-31.650051,-30.112282,-21.1702,-22.48997,-26.99648,-26.686703,-29.840857,-22.382137,-23.120132,-27.897486,-21.303375,-22.571043,-24.402046,-20.76751,-23.663416,-26.31923,-24.720413,-28.678823,-32.19541,-26.967356,-23.836143,-25.627693,-26.179066,-22.808865,-24.452839,-28.833107,-24.421501,-24.693802,-22.793686,-25.4378,-27.739477,-26.121256,-26.104267,-27.347702,-28.752413,-27.455294,-29.232758,-29.22166,-27.110527,-26.446043,-27.67099,-26.376682,-23.431238,-26.836449,-26.65057,-27.6377,-23.339619,-25.16201,-27.142445,-28.180557,-32.957138,-34.613766,-32.063763,-28.96641,-24.013466,-25.876102,-29.924076,-28.74291,-29.740593,-33.138237,-32.146343,-25.140873,-26.099606,-32.66463,-24.76287,-24.417377,-23.282053,-24.967985,-26.61922,-26.27716,-27.34882,-27.630877,-28.36442,-25.243244,-29.007557,-25.849768,-25.637276,-24.833405,-24.592224,-24.99418,-26.81884,-25.077871,-21.285934,-21.955383,-28.096922,-26.561073,-25.425686,-25.915773,-26.25132,-24.210733,-22.171719,-23.826553,-25.07886,-31.904707,-31.937075,-31.875607,-34.774353,-30.80197,-27.339252,-27.263428,-25.703863,-27.239418,-23.167906,-22.245312,-26.896378,-28.065273,-28.87915,-28.735582,-28.205566,-24.532244,-28.658009,-30.017359,-24.214293,-20.621647,-21.891897,-26.924726,-29.532444,-27.395401,-28.079952,-24.241749,-22.14167,-24.904732,-28.975824,-30.216677,-30.238897,-25.046047,-26.12913,-30.338436,-25.885983,-25.635004,-29.543161,-25.634705,-27.790403,-25.11278,-23.515265,-26.49581,-29.600037,-28.106487,-27.56881,-23.685692,-24.902834,-32.190647,-28.910738,-28.759247,-29.941116,-29.985367,-24.752285,-22.52645,-21.183125,-22.533718,-24.844193,-19.261461,-19.668583,-26.721436,-26.12905,-22.987452,-28.216879,-35.13028,-30.376772,-27.568005,-25.895588,-26.336445,-30.021128,-30.035349,-22.409075,-25.15828,-29.728928,-29.795404,-27.648258,-25.911537,-23.150728,-25.931955,-27.467669,-28.770145,-27.249851,-25.911026,-28.748547,-24.163733,-21.981756,-20.950356,-23.736235,-24.208172,-26.99524,-21.871346,-24.206959,-27.072958,-31.602697,-28.234673,-26.996698,-33.122536,-26.072933,-20.769592,-24.905293,-30.716192,-26.459427,-27.971165,-37.077377,-42.744453,-45.510292,-44.55781,-43.619415,-45.095177,-44.18313,-44.45482,-44.423973,-34.81197,-33.854294,-47.05133,-80.0,-80.0,-80.0,-80.0,-80.0,-80.0,-80.0,-80.0,-80.0,-80.0,-80.0,-80.0,-80.0,-80.0,-80.0,-80.0,-80.0,-80.0,-80.0,-80.0,-80.0,-80.0,-80.0,-80.0,-80.0,-80.0,-80.0,-80.0,-80.0,-80.0,-80.0,-80.0,-80.0,-80.0,-80.0,-80.0,-80.0,-80.0,-80.0,-80.0,-80.0,-80.0,-80.0,-80.0,-80.0,-80.0,-80.0,-80.0,-80.0,-80.0,-80.0,-80.0,-80.0,-80.0,-80.0,-80.0,-80.0,-80.0,-80.0,-80.0,-80.0,-80.0,-80.0,-80.0,-80.0,-80.0,-80.0,-80.0,-80.0,-80.0,-80.0,-80.0,-80.0,-80.0,-80.0,-80.0,-80.0,-80.0,-80.0,-80.0,-80.0,-80.0,-80.0,-80.0,-80.0,-80.0,-80.0,-80.0,-80.0,-80.0,-80.0,-80.0,-80.0,-80.0
-31.285423,-25.52056,-24.195412,-29.738209,-29.470886,-27.071844,-29.595879,-33.44236,-29.441628,-29.432613,-27.16692,-22.235218,-21.93607,-27.410213,-26.54083,-30.157583,-32.361374,-29.851057,-33.195034,-30.519802,-26.442347,-28.721783,-28.968275,-29.224894,-26.205866,-26.96624,-32.23359,-28.754654,-25.253017,-30.769596,-27.983826,-26.354486,-27.877462,-25.31998,-25.821388,-26.44763,-24.009531,-24.606441,-24.051517,-22.95314,-25.045723,-31.836594,-32.26979,-28.424282,-24.696728,-23.613552,-27.374926,-30.763262,-31.305573,-31.33307,-27.83509,-26.407913,-25.287148,-25.34738,-25.939964,-25.403307,-23.739208,-28.63955,-31.08503,-31.869705,-26.184513,-24.547411,-26.372467,-27.53045,-28.095592,-27.937386,-26.646832,-26.31157,-21.769474,-21.294273,-27.614712,-31.285221,-29.76926,-25.782822,-24.706802,-28.114786,-31.482464,-31.064308,-31.619925,-29.598766,-27.755083,-20.685175,-21.637287,-28.028625,-27.877048,-34.662186,-33.73605,-25.762157,-23.346212,-30.858822,-33.946507,-29.067299,-27.439217,-27.331858,-30.080997,-24.80553,-21.11306,-26.476204,-24.373543,-24.44434,-29.18008,-27.856373,-25.961823,-28.052275,-26.439274,-25.77525,-26.672356,-30.845219,-24.510418,-23.77657,-28.893806,-32.651802,-33.44623,-35.00753,-32.35339,-33.885387,-32.729362,-32.303455,-34.15548,-37.04255,-35.785526,-39.32921,-42.45097,-38.215263,-39.60044,-41.657207,-43.797836,-34.25579,-32.106236,-28.589876,-23.934122,-26.53341,-25.82317,-31.14115,-27.51113,-27.968676,-29.537693,-28.189548,-29.290405,-29.783829,-30.746054,-25.609016,-26.924648,-30.523842,-29.133636,-25.347313,-24.231152,-25.495943,-30.125477,-28.7453,-26.508282,-27.50764,-27.806923,-26.665722,-24.694607,-22.40572,-27.175323,-26.247572,-32.749218,-30.54717,-26.030643,-26.492403,-29.081478,-25.27856,-23.034126,-22.083992,-25.63874,-25.262196,-23.6921,-25.229046,-25.639444,-26.21035,-30.46665,-34.634502,-25.452984,-22.621822,-26.412098,-29.514431,-24.20404,-24.080696,-24.010626,-26.504673,-31.818031,-33.03038,-29.730402,-27.422812,-25.441475,-28.91338,-23.851841,-22.05756,-26.57227,-27.187162,-29.54101,-30.612644,-31.425283,-32.097496,-26.8073,-27.346626,-28.114996,-26.165964,-24.456306,-22.277805,-23.96443,-25.163029,-23.312435,-28.532516,-27.111961,-26.464344,-23.84056,-27.079517,-28.65027,-29.047478,-27.052017,-26.678286,-27.951944,-31.792316,-34.999584,-27.450798,-23.353436,-23.912699,-28.268845,-31.45594,-30.043243,-26.508518,-23.45631,-21.987387,-23.437786,-26.433311,-25.76173,-26.461174,-24.338192,-24.728386,-25.199568,-24.45301,-29.611904,-32.20158,-30.9997,-30.15105,-28.484138,-25.095188,-24.390182,-25.305096,-26.526014,-28.48524,-25.711174,-26.841911,-29.14034,-30.519806,-30.194023,-31.175068,-28.80703,-24.968437,-23.10488,-26.327463,-28.165686,-29.224546,-32.21085,-25.473171,-22.344316,-28.797085,-28.284983,-24.750942,-24.219193,-27.280064,-26.600533,-29.390163,-23.590126,-21.906519,-24.295254,-31.64592,-29.282627,-23.317978,-21.93607,-24.027819,-28.145792,-22.948107,-23.237747,-25.1036,-24.681862,-26.302483,-23.936615,-23.218988,-24.720205,-31.729465,-27.132547,-24.798458,-23.116602,-24.666864,-31.873158,-32.531647,-31.637115,-29.436089,-27.891647,-25.48909,-28.118084,-25.161049,-29.468416,-26.269112,-21.910608,-23.70327,-24.423122,-23.599464,-27.10261,-30.13395,-27.225657,-24.358488,-28.833126,-31.627586,-26.86224,-27.763939,-26.124126,-21.602913,-23.495714,-24.75216,-22.15815,-25.825031,-29.733803,-26.761463,-23.363827,-25.66327,-25.296915,-29.802757,-28.031141,-23.61476,-20.930088,-22.064238,-28.02366,-27.374794,-28.709274,-29.793737,-27.241983,-27.950241,-26.986458,-23.043047,-22.40768,-25.957952,-26.038593,-27.836876,-23.610703,-19.103558,-21.841322,-23.793194,-28.362957,-30.181862,-28.679588,-25.242233,-25.828587,-28.78398,-25.027542,-26.13938,-27.011822,-27.67683,-28.528542,-29.58966,-29.008768,-24.703327,-21.201822,-20.929558,-26.516985,-29.623135,-32.83176,-33.20606,-26.174479,-24.56234,-24.444313,-26.690979,-29.865011,-26.932354,-24.461765,-22.872873,-22.93582,-23.558897,-22.219828,-26.892584,-32.750645,-30.622408,-30.12294,-27.980938,-27.791494,-26.597328,-27.516075,-33.23977,-27.912138,-23.990786,-24.734138,-25.922443,-24.067211,-27.132812,-27.074923,-22.00781,-21.637745,-26.573315,-26.355223,-23.465263,-25.902126,-33.461388,-27.959957,-21.41303,-22.325731,-24.401142,-26.98846,-21.323492,-20.776424,-28.8958,-31.500662,-24.382187,-23.408253,-24.287842,-30.092024,-22.910192,-20.186504,-24.09708,-33.497276,-30.858538,-23.086853,-23.682684,-25.11713,-22.766521,-25.504717,-25.615942,-26.271185,-27.325594,-30.788223,-26.569904,-25.652515,-22.373121,-24.673775,-24.6026,-24.210941,-26.909857,-30.714182,-24.652641,-19.581076,-22.533653,-23.217672,-25.698563,-27.61756,-30.872894,-26.067196,-28.288712,-29.008684,-24.32057,-26.48548,-30.357548,-27.143318,-25.461645,-23.45844,-24.92732,-27.311058,-28.061886,-29.98389,-30.514742,-24.821781,-23.928173,-26.6055,-27.607563,-30.241789,-31.083855,-24.742912,-25.29433,-26.576841,-27.546814,-27.187437,-26.375666,-27.98158,-29.564274,-23.428717,-18.797976,-20.668818,-23.117077,-21.988829,-25.660488,-25.112848,-24.515574,-27.53197,-31.881927,-29.755976,-27.002653,-27.32082,-30.542595,-26.694248,-27.672043,-28.20433,-31.710638,-32.960293,-25.583569,-21.460518,-25.098572,-27.948238,-29.31264,-28.985798,-24.337831,-23.224855,-22.804407,-26.240719,-30.518383,-27.968494,-26.321707,-24.922588,-23.038147,-23.37189,-25.945158,-24.389502,-24.508965,-25.212357,-27.56982,-25.11987,-23.527225,-22.288572,-28.674826,-28.442299,-26.286192,-29.845257,-27.242088,-25.425962,-29.724937,-29.87944,-35.048737,-28.58176,-26.982029,-28.752584,-28.38473,-26.999268,-26.038048,-20.582024,-23.081604,-28.265633,-30.016733,-33.28734,-30.2048,-24.2029,-25.287786,-30.514946,-22.158855,-21.313972,-26.884045,-25.875498,-21.75703,-20.36665,-21.20829,-22.387854,-22.345167,-27.840723,-30.700607,-27.58002,-24.597885,-21.521404,-25.679184,-27.714787,-22.11395,-24.194515,-26.505266,-23.884964,-26.525892,-29.214867,-30.621292,-31.60913,-24.077034,-24.032288,-30.966244,-27.84555,-25.441921,-29.093983,-33.643467,-33.633896,-28.18911,-28.413177,-25.087648,-24.906197,-24.809658,-27.039248,-23.796822,-20.217972,-24.213163,-27.86274,-28.268883,-27.069391,-28.774094,-26.608925,-21.248055,-22.628815,-22.602943,-23.229126,-24.330635,-23.627647,-24.489134,-28.210358,-30.941051,-25.681126,-28.677612,-31.360203,-29.599182,-30.673761,-30.602362,-26.302471,-23.089607,-23.361273,-27.677265,-22.701649,-18.905052,-20.847908,-26.687004,-32.11882,-28.22013,-26.970778,-29.609241,-31.85889,-33.717564,-31.243845,-27.979597,-27.714893,-24.296595,-24.138893,-24.67536,-23.927727,-25.761532,-30.755688,-41.422493,-47.40262,-49.77018,-49.185036,-49.02456,-49.766342,-49.35687,-49.403023,-49.424202,-41.054565,-39.163223,-50.278435,-80.0,-80.0,-80.0,-80.0,-80.0,-80.0,-80.0,-80.0,-80.0,-80.0,-80.0,-80.0,-80.0,-80.0,-80.0,-80.0,-80.0,-80.0,-80.0,-80.0,-80.0,-80.0,-80.0,-80.0,-80.0,-80.0,-80.0,-80.0,-80.0,-80.0,-80.0,-80.0,-80.0,-80.0,-80.0,-80.0,-80.0,-80.0,-80.0,-80.0,-80.0,-80.0,-80.0,-80.0,-80.0,-80.0,-80.0,-80.0,-80.0,-80.0,-80.0,-80.0,-80.0,-80.0,-80.0,-80.0,-80.0,-80.0,-80.0,-80.0,-80.0,-80.0,-80.0,-80.0,-80.0,-80.0,-80.0,-80.0,-80.0,-80.0,-80.0,-80.0,-80.0,-80.0,-80.0,-80.0,-80.0,-80.0,-80.0,-80.0,-80.0,-80.0,-80.0,-80.0,-80.0,-80.0,-80.0,-80.0,-80.0,-80.0,-80.0,-80.0,-80.0,-80.0
-31.713139,-26.343672,-28.46718,-31.730396,-29.73285,-23.144602,-22.61248,-27.797739,-29.750673,-31.818375,-29.495358,-25.407354,-22.490736,-26.032726,-27.43049,-31.262348,-28.42282,-28.468218,-25.854351,-27.73605,-25.37218,-26.833155,-28.307669,-29.622942,-25.45042,-26.812046,-31.243708,-29.232794,-26.317255,-28.297184,-31.807693,-32.409107,-24.634392,-24.059105,-24.747116,-30.270672,-27.41425,-25.296005,-24.225441,-24.551064,-24.220343,-24.52824,-25.952156,-29.251423,-27.716417,-27.565779,-29.608774,-32.779305,-23.873528,-23.982471,-26.267223,-25.407187,-24.784178,-27.319706,-27.260069,-27.535118,-27.37162,-31.243011,-36.26147,-31.816397,-27.457289,-23.625298,-25.939777,-27.469782,-28.508305,-24.402706,-26.659088,-29.142256,-26.976948,-24.119286,-28.544418,-33.942398,-30.415346,-31.28348,-28.708927,-25.538074,-26.365925,-24.508654,-23.86215,-23.983524,-24.27063,-22.543367,-23.78439,-23.97486,-22.703598,-30.169872,-28.19865,-28.722609,-26.291733,-24.707441,-28.127705,-29.921999,-28.767416,-30.297106,-25.704082,-25.452282,-28.768448,-26.72753,-24.238424,-27.731276,-21.542858,-20.125204,-21.1441,-24.87455,-23.766376,-22.666565,-25.29225,-31.61436,-29.635925,-29.252241,-30.04766,-32.839775,-35.78212,-33.047935,-32.707233,-33.525387,-31.531149,-30.600235,-31.990465,-35.047955,-34.183235,-39.72108,-39.67518,-32.171757,-33.775368,-41.00281,-44.591545,-39.54062,-31.415188,-25.815542,-23.535112,-26.647993,-29.494806,-32.022152,-24.744408,-24.051723,-24.286186,-23.665216,-26.448679,-31.421099,-31.790926,-32.42213,-31.429234,-27.825674,-27.017078,-23.113907,-20.615976,-23.526909,-33.0449,-34.053673,-27.7542,-25.73476,-25.018545,-21.185661,-23.744219,-21.542805,-23.093102,-24.951736,-30.62486,-36.123837,-42.029892,-33.473976,-29.950026,-27.55412,-29.383446,-24.31594,-25.25468,-25.650833,-21.48537,-23.012312,-22.634512,-26.44854,-34.951004,-29.448158,-20.937908,-21.665306,-28.869923,-27.643293,-28.12983,-25.765581,-28.333502,-33.44773,-30.12376,-25.890478,-27.079632,-27.153961,-21.864979,-24.074976,-26.334282,-25.876507,-28.502401,-29.591995,-28.63085,-29.030788,-28.400723,-23.512733,-23.123766,-27.31311,-27.975187,-30.037317,-29.983793,-28.742287,-30.022783,-22.716784,-22.714935,-28.786663,-28.321228,-27.462765,-23.75176,-27.29829,-28.70551,-28.489368,-24.288769,-24.450436,-26.647432,-26.127777,-23.997227,-26.58731,-28.39478,-28.780197,-23.843246,-23.871342,-28.322319,-24.404785,-24.56283,-22.412006,-21.704666,-24.405148,-27.649885,-29.835764,-24.801476,-26.267038,-27.992878,-24.01313,-28.797295,-27.20657,-23.893938,-26.18721,-23.658014,-23.137419,-24.38549,-21.753923,-22.785576,-27.63804,-24.45503,-26.361658,-29.802502,-27.974133,-28.045012,-31.781612,-32.203373,-32.55121,-28.50132,-24.70347,-25.643608,-26.300838,-31.706545,-26.429836,-23.390205,-27.813494,-29.585714,-22.886543,-23.494904,-24.729904,-25.413414,-25.59055,-23.400656,-25.539255,-27.68589,-32.02812,-30.017504,-25.146515,-22.470167,-25.288366,-26.855526,-24.328047,-27.9238,-25.853483,-25.915897,-23.817196,-28.400219,-27.551638,-27.152996,-29.884338,-37.137787,-36.763836,-25.652233,-23.901373,-28.813229,-28.910166,-27.56975,-25.516191,-21.884903,-25.097633,-30.400679,-27.867756,-28.159489,-29.262314,-28.481014,-26.97512,-25.64383,-21.665997,-21.462582,-26.55162,-27.9449,-25.004717,-26.556997,-30.400108,-33.54348,-25.701256,-20.955898,-23.827526,-25.615639,-27.845785,-31.164167,-31.281166,-28.077923,-29.15315,-27.716192,-26.41155,-28.31812,-30.446707,-26.574848,-23.940353,-24.50113,-23.179031,-27.659214,-26.219332,-26.636194,-28.356289,-22.718525,-22.064201,-26.84341,-24.897907,-23.977367,-24.199303,-24.720158,-32.67647,-27.043034,-25.15486,-26.100826,-22.105124,-23.561184,-25.613365,-24.822304,-21.383362,-23.883833,-27.702564,-20.610123,-20.316563,-25.742146,-26.938019,-23.53025,-22.148724,-27.311468,-27.901201,-25.437801,-23.852886,-28.801237,-33.511,-30.064781,-25.787584,-25.067196,-25.027657,-24.622158,-25.740356,-25.809446,-25.713947,-21.56892,-22.146698,-23.166273,-23.111286,-23.642656,-25.177975,-32.809906,-26.177614,-23.689548,-29.410444,-29.293522,-27.660355,-32.226166,-31.487732,-28.744787,-23.688015,-22.539587,-25.965446,-24.364464,-25.18089,-24.991592,-23.761232,-26.7094,-25.659359,-24.203701,-21.662119,-24.796957,-32.716373,-33.70475,-29.416107,-27.430773,-26.711113,-27.845839,-21.545639,-23.305067,-29.381184,-26.312586,-21.938437,-22.598188,-25.878572,-28.264277,-22.13924,-24.959991,-29.035713,-26.16661,-29.221733,-27.36471,-25.140703,-25.330507,-27.341553,-27.906427,-29.309158,-33.169163,-34.06223,-34.299812,-27.62585,-21.871704,-22.876482,-27.239246,-26.835503,-25.044218,-30.385992,-36.104088,-31.219183,-27.657875,-28.785112,-26.79171,-28.129873,-30.588459,-32.22523,-25.648611,-24.970581,-25.449093,-23.585644,-23.569962,-25.868998,-23.611853,-25.603027,-27.031622,-26.14711,-29.988167,-27.358383,-29.203503,-32.07064,-26.027893,-25.501245,-25.494541,-24.519768,-27.504986,-33.325478,-25.483109,-23.407734,-27.216677,-27.128222,-27.69685,-24.211407,-25.457287,-21.899612,-21.175629,-26.837751,-24.901836,-22.93219,-24.10915,-26.185608,-26.4085,-24.954927,-22.121975,-27.73899,-33.55661,-28.563423,-29.1554,-29.151245,-27.484997,-32.47133,-28.537888,-26.574669,-26.377377,-26.035362,-26.40685,-27.37981,-30.823776,-27.815733,-26.094238,-19.753141,-19.755955,-24.75759,-27.125772,-23.573858,-25.32251,-29.677265,-24.46811,-20.531242,-22.58828,-27.940447,-25.306591,-23.28741,-29.88686,-36.687263,-35.48423,-24.505737,-21.862581,-26.660215,-28.278889,-29.783672,-28.413776,-26.240671,-25.977535,-25.936682,-28.855577,-28.8406,-24.051098,-25.368168,-25.746605,-25.633104,-31.257727,-27.387878,-25.696669,-25.383236,-27.959291,-28.12642,-28.769764,-28.473602,-28.223898,-29.726448,-30.640812,-30.196735,-27.85785,-25.80893,-24.249672,-25.380178,-25.15393,-25.195427,-30.02219,-26.5956,-29.93952,-32.684402,-26.687416,-22.10534,-23.594461,-27.450752,-21.253597,-20.020988,-27.380665,-27.981976,-24.75473,-23.569519,-24.563293,-28.178951,-33.44044,-25.498398,-24.00599,-32.68098,-30.270939,-26.96772,-26.556244,-29.33236,-25.950489,-25.601696,-28.078384,-21.973454,-23.493538,-28.196857,-26.812649,-25.787365,-26.436758,-29.911491,-31.002264,-27.256039,-26.062042,-28.713913,-29.429337,-22.3895,-20.397339,-25.988104,-25.213253,-25.218374,-24.512566,-20.489279,-23.14629,-30.24682,-32.00096,-31.759182,-27.96298,-28.066504,-29.226974,-27.59078,-25.665333,-26.366215,-30.882359,-29.694069,-31.056452,-28.055561,-25.333138,-25.436789,-26.579874,-23.879879,-23.376354,-26.046492,-24.473694,-25.291073,-22.98401,-21.91603,-24.61951,-26.062782,-30.341133,-28.37109,-25.068916,-22.683601,-22.816639,-30.847061,-46.394104,-52.583427,-51.602203,-51.39167,-51.7333,-51.825058,-51.978584,-51.460007,-42.53336,-41.683575,-53.90307,-80.0,-80.0,-80.0,-80.0,-80.0,-80.0,-80.0,-80.0,-80.0,-80.0,-80.0,-80.0,-80.0,-80.0,-80.0,-80.0,-80.0,-80.0,-80.0,-80.0,-80.0,-80.0,-80.0,-80.0,-80.0,-80.0,-80.0,-80.0,-80.0,-80.0,-80.0,-80.0,-80.0,-80.0,-80.0,-80.0,-80.0,-80.0,-80.0,-80.0,-80.0,-80.0,-80.0,-80.0,-80.0,-80.0,-80.0,-80.0,-80.0,-80.0,-80.0,-80.0,-80.0,-80.0,-80.0,-80.0,-80.0,-80.0,-80.0,-80.0,-80.0,-80.0,-80.0,-80.0,-80.0,-80.0,-80.0,-80.0,-80.0,-80.0,-80.0,-80.0,-80.0,-80.0,-80.0,-80.0,-80.0,-80.0,-80.0,-80.0,-80.0,-80.0,-80.0,-80.0,-80.0,-80.0,-80.0,-80.0,-80.0,-80.0,-80.0,-80.0,-80.0,-80.0
-32.693935,-29.901009,-27.771978,-26.759457,-27.96119,-28.414967,-27.152996,-27.134441,-27.97644,-29.74101,-24.847065,-23.382292,-25.863129,-25.702173,-25.306183,-26.900597,-22.094164,-21.62292,-24.398613,-28.819971,-26.889069,-24.008368,-26.417925,-31.245796,-28.12907,-25.953754,-26.715515,-25.169033,-29.28455,-30.098156,-27.979975,-27.99003,-28.432497,-25.27766,-26.581707,-32.872913,-33.9661,-33.89747,-28.129925,-27.390858,-25.994968,-27.18828,-28.05357,-31.836246,-25.078167,-24.286015,-30.167294,-29.417227,-21.667706,-22.983303,-26.660446,-27.443233,-26.414406,-32.232323,-29.158323,-29.200909,-23.770103,-22.725216,-26.11267,-28.579037,-28.505512,-24.583183,-25.358135,-25.091377,-29.695824,-24.771908,-22.278442,-25.956524,-30.662136,-24.063095,-22.519852,-26.58765,-29.170326,-29.76129,-21.996521,-22.255434,-28.701302,-30.821896,-28.798923,-24.793573,-23.627392,-25.246037,-24.02301,-26.432312,-26.504898,-30.082684,-23.137405,-23.967432,-26.926819,-24.830927,-25.831123,-30.980745,-25.380302,-23.599321,-20.995132,-21.250267,-22.557835,-26.935787,-29.962395,-30.100262,-25.941338,-23.920954,-23.732311,-23.72999,-29.673098,-30.41667,-27.698414,-28.362743,-29.761171,-26.103937,-28.6846,-33.32202,-38.974396,-39.03442,-33.725006,-31.51868,-34.592506,-38.42061,-42.623474,-38.775322,-35.134132,-38.98674,-33.174206,-28.543726,-31.966167,-37.02932,-41.48579,-36.293385,-30.405361,-31.3159,-24.943588,-24.967009,-25.789936,-28.350817,-26.219189,-25.909756,-26.940418,-23.635004,-26.478456,-27.618357,-26.54671,-28.287798,-29.00156,-23.753746,-26.706287,-29.722694,-29.077015,-28.95553,-29.910355,-29.037962,-34.63768,-27.258015,-24.16147,-23.934685,-26.571697,-25.956814,-26.680584,-25.273373,-22.533104,-25.203552,-29.41312,-25.765186,-22.806103,-26.774353,-28.61528,-24.539747,-23.204708,-29.449593,-27.193647,-24.331453,-24.01906,-22.890911,-24.098963,-27.867397,-21.082504,-23.065588,-27.236664,-25.81297,-24.739815,-22.48535,-24.06248,-32.008987,-27.787928,-28.320122,-31.805086,-25.828468,-24.666805,-28.008545,-25.845089,-25.066786,-27.255976,-26.100769,-23.887873,-25.687912,-22.609077,-24.094215,-26.43866,-26.19522,-28.771805,-30.319881,-28.131054,-23.816593,-21.845428,-23.443945,-24.613571,-22.98214,-23.54994,-29.623915,-26.71154,-24.329037,-26.943909,-25.86678,-24.349669,-25.547184,-23.338467,-21.243412,-21.962109,-25.782719,-26.574316,-28.670822,-28.352629,-22.279404,-23.020702,-22.266361,-25.963108,-28.869553,-29.295914,-25.411789,-26.801151,-29.149042,-26.416925,-27.082489,-24.8703,-26.565472,-27.921553,-23.309774,-22.816639,-27.410175,-23.763351,-20.968283,-21.390503,-22.634539,-28.695692,-31.841454,-28.771605,-21.782581,-21.976158,-27.810232,-23.595156,-26.89131,-27.564053,-25.150253,-27.11183,-26.58868,-24.208439,-22.860043,-27.379787,-24.152546,-27.100235,-29.48419,-31.167852,-27.460424,-31.519054,-23.983734,-20.613276,-24.139996,-27.26737,-28.189438,-26.80108,-28.146042,-29.38399,-24.000248,-26.34272,-27.633366,-28.77832,-24.445301,-25.959667,-30.011162,-28.568707,-26.208206,-26.402645,-27.027897,-30.682346,-31.208622,-35.80295,-30.599928,-24.579437,-27.27198,-31.542002,-25.107843,-24.545357,-26.069386,-24.49796,-26.226051,-30.136208,-27.241789,-28.389343,-28.870224,-29.294685,-25.575203,-26.932352,-29.606956,-26.269508,-29.441069,-23.464539,-20.740965,-23.558502,-30.33217,-30.545298,-28.438526,-23.68998,-28.66458,-33.531044,-27.591463,-24.81454,-25.966217,-32.526257,-30.483782,-32.010906,-31.301659,-31.102674,-25.637245,-24.759222,-30.671339,-28.32599,-28.783632,-27.89868,-26.83795,-26.8068,-28.299438,-26.375278,-21.088116,-24.236124,-28.632797,-29.402222,-28.331984,-25.18002,-29.572996,-32.569332,-33.40525,-29.742376,-26.787111,-23.344048,-22.406258,-26.291214,-25.192923,-26.958189,-34.28496,-23.478199,-22.353706,-24.86641,-24.07373,-22.302448,-22.270708,-28.89053,-32.881413,-28.560604,-31.021717,-32.36889,-30.754387,-25.887627,-24.192137,-25.350954,-25.987085,-24.96982,-24.480795,-25.390472,-23.658348,-24.55655,-22.440422,-22.555286,-24.535341,-24.480215,-26.440355,-30.477066,-26.885605,-24.633583,-28.57156,-30.411541,-31.351843,-31.81885,-28.263865,-26.929817,-23.168177,-22.581781,-26.245016,-25.352894,-23.086174,-25.415817,-29.693209,-31.21595,-25.386269,-23.624098,-26.30609,-27.55814,-30.986696,-31.398623,-33.833557,-32.08275,-27.249966,-24.271305,-19.119347,-21.53646,-29.363207,-22.665577,-21.497417,-28.139488,-26.17732,-24.464127,-21.92799,-23.013695,-22.508057,-21.244083,-27.034565,-30.27861,-28.321293,-28.934408,-28.9233,-26.501564,-24.974884,-22.67003,-22.364922,-27.744179,-25.29861,-19.96857,-21.079363,-24.601364,-27.694866,-26.065332,-28.890566,-27.62938,-24.925081,-22.835945,-20.952168,-23.978989,-27.679447,-32.77934,-31.081963,-26.661531,-28.463238,-24.380497,-25.305237,-33.654266,-35.529408,-27.40158,-27.387177,-26.984192,-25.915699,-24.80486,-25.650007,-27.792233,-29.422688,-28.833054,-24.407335,-23.52013,-24.883486,-22.670097,-21.942394,-26.440994,-29.064272,-29.844107,-30.807367,-29.621304,-25.142078,-24.442484,-22.91221,-22.85264,-26.205244,-26.590223,-29.961319,-30.349472,-31.061846,-27.86024,-22.25021,-21.710564,-26.6977,-36.774136,-28.454235,-23.541155,-25.699505,-25.809315,-26.463928,-32.15189,-27.670586,-24.295794,-28.650055,-30.04321,-26.22046,-26.86255,-26.339592,-22.925524,-21.935959,-23.61398,-26.110626,-22.881012,-23.039646,-28.299156,-28.47037,-27.014973,-25.486351,-28.152618,-26.205887,-22.634323,-23.397806,-25.129688,-25.180803,-28.896206,-26.757301,-22.602192,-28.455833,-33.972557,-34.828285,-29.57442,-26.978949,-25.71183,-25.757494,-23.909842,-23.775013,-26.719696,-27.050985,-27.779856,-29.616112,-27.034447,-23.859325,-28.485863,-26.541138,-21.842394,-24.882778,-27.44744,-24.672237,-25.20127,-26.39568,-29.022377,-27.51724,-28.470413,-26.576511,-23.470861,-25.87954,-25.828472,-26.078312,-27.909163,-27.008518,-24.91269,-26.922297,-24.671719,-23.644478,-29.640501,-30.99921,-25.640926,-23.229942,-27.303259,-29.427856,-26.819485,-28.140644,-25.296244,-23.979717,-27.660524,-27.831612,-28.318039,-26.625767,-27.948294,-25.124247,-26.567879,-24.666756,-25.85382,-24.340366,-22.307491,-21.523827,-22.293512,-23.884266,-24.160805,-26.767902,-32.009285,-28.616646,-26.914396,-25.553957,-27.364048,-27.361217,-25.212536,-25.611607,-23.8909,-24.804752,-24.604042,-21.994965,-21.973608,-22.442749,-22.418837,-30.199596,-33.956913,-32.020443,-24.84975,-26.93752,-28.340372,-24.776638,-25.021015,-28.580523,-32.51998,-31.773922,-31.637941,-29.053936,-22.219639,-21.51905,-21.239857,-22.114182,-23.271263,-25.236816,-23.341852,-23.150013,-21.109993,-19.341892,-19.391932,-23.075684,-25.265736,-24.836731,-26.819387,-22.929668,-24.230394,-29.594786,-43.653393,-53.59526,-53.12509,-52.85077,-53.386562,-53.151066,-53.246635,-53.065956,-44.800888,-43.840294,-55.818687,-80.0,-80.0,-80.0,-80.0,-80.0,-80.0,-80.0,-80.0,-80.0,-80.0,-80.0,-80.0,-80.0,-80.0,-80.0,-80.0,-80.0,-80.0,-80.0,-80.0,-80.0,-80.0,-80.0,-80.0,-80.0,-80.0,-80.0,-80.0,-80.0,-80.0,-80.0,-80.0,-80.0,-80.0,-80.0,-80.0,-80.0,-80.0,-80.0,-80.0,-80.0,-80.0,-80.0,-80.0,-80.0,-80.0,-80.0,-80.0,-80.0,-80.0,-80.0,-80.0,-80.0,-80.0,-80.0,-80.0,-80.0,-80.0,-80.0,-80.0,-80.0,-80.0,-80.0,-80.0,-80.0,-80.0,-80.0,-80.0,-80.0,-80.0,-80.0,-80.0,-80.0,-80.0,-80.0,-80.0,-80.0,-80.0,-80.0,-80.0,-80.0,-80.0,-80.0,-80.0,-80.0,-80.0,-80.0,-80.0,-80.0,-80.0,-80.0,-80.0,-80.0,-80.0
-31.12043,-29.535858,-25.878872,-24.19558,-27.002386,-34.75173,-33.15591,-30.19022,-26.0424,-26.368008,-23.516731,-25.88581,-27.246803,-26.4965,-25.331457,-27.799593,-26.240017,-26.486752,-29.454313,-31.918514,-27.678432,-24.756653,-25.64996,-31.545588,-25.05026,-24.588367,-28.139763,-30.64604,-29.684677,-29.992767,-24.556713,-21.54442,-26.396233,-31.772367,-28.769577,-29.2058,-32.528923,-29.562614,-24.09365,-23.986143,-25.058006,-22.473812,-20.235521,-20.859947,-23.304272,-24.038431,-22.250036,-25.77304,-25.32933,-22.85091,-25.885792,-24.187374,-22.286282,-25.830479,-26.540033,-29.498947,-28.900475,-26.14811,-28.210577,-29.837143,-27.367092,-23.412493,-23.841679,-24.55045,-23.555878,-24.915802,-25.797089,-26.789618,-29.43929,-26.692554,-23.757431,-27.706875,-30.493212,-29.833517,-24.7754,-26.988209,-31.698116,-25.059479,-23.135572,-25.782444,-26.021757,-28.135023,-27.458504,-29.08698,-28.903465,-22.694658,-22.147526,-29.434738,-25.934708,-25.25417,-27.714136,-29.967272,-24.338167,-23.49596,-24.565134,-23.106205,-24.748806,-24.69853,-29.870895,-27.167154,-26.354523,-29.78655,-27.588396,-26.167023,-33.05473,-29.669798,-24.539509,-24.800669,-29.120586,-25.590508,-26.481577,-32.579945,-36.777046,-40.848778,-37.418148,-37.60278,-40.78778,-38.99078,-34.66365,-33.47145,-34.296238,-39.369385,-35.360275,-35.555695,-36.64071,-35.1263,-38.411583,-34.87454,-26.490986,-24.430637,-25.656202,-22.31534,-24.307173,-26.810196,-25.024641,-24.875473,-26.63152,-30.23677,-28.94766,-23.866405,-21.271563,-25.554544,-29.953182,-27.79461,-22.205708,-20.277142,-24.538723,-27.98188,-26.18097,-29.09731,-31.36711,-28.011713,-24.089645,-23.518,-24.253149,-23.359196,-28.384457,-28.855553,-22.1479,-19.801119,-23.276533,-23.038193,-23.39962,-26.567595,-24.3591,-24.060581,-25.596842,-28.526077,-28.359848,-27.098953,-25.610601,-23.22726,-23.634567,-26.014767,-24.661053,-27.248451,-29.396751,-26.767467,-25.820253,-24.131603,-25.043627,-25.302599,-28.296597,-30.413473,-27.245071,-26.295883,-28.942944,-32.592636,-32.31401,-28.394169,-24.73154,-21.337513,-23.916664,-27.76952,-23.353607,-26.052399,-25.51978,-23.768587,-23.182323,-27.029713,-27.95444,-25.466667,-23.863329,-26.888477,-29.81306,-26.906498,-25.167843,-25.313057,-31.547314,-27.46309,-25.700472,-26.1039,-23.393574,-25.12469,-27.64431,-24.516953,-26.787155,-23.493397,-20.129969,-23.341148,-26.413431,-21.017849,-21.738087,-22.658623,-28.876537,-29.99451,-32.13098,-28.30825,-27.21939,-28.01514,-25.525572,-23.968758,-23.36031,-25.864067,-28.22545,-24.652477,-21.616327,-23.485502,-26.838186,-24.883823,-21.102589,-18.84166,-22.666481,-27.199585,-22.538164,-19.901184,-22.964733,-26.290485,-21.057262,-21.139668,-24.470594,-22.19424,-23.975452,-25.185938,-22.25669,-20.118713,-23.427855,-24.562088,-27.73448,-23.014393,-26.59304,-30.898485,-29.603115,-26.7934,-24.801357,-26.249628,-30.461338,-29.961775,-28.171862,-23.707012,-24.771091,-24.621008,-21.8248,-25.738972,-29.763374,-26.44176,-29.417437,-27.903118,-29.489248,-31.752172,-26.198654,-26.303421,-28.369669,-26.807148,-27.592627,-28.42957,-24.832409,-25.650913,-27.172205,-27.36988,-23.855083,-24.486916,-27.082314,-27.570873,-29.129677,-31.923532,-25.52982,-25.639034,-27.544691,-26.790382,-27.26056,-28.198744,-27.397583,-23.985456,-24.828373,-29.108162,-30.761806,-31.454311,-28.65783,-25.86312,-25.541689,-23.93309,-27.264534,-24.645218,-23.9385,-24.921722,-32.92423,-31.51943,-26.613064,-27.448187,-29.336544,-24.616585,-24.663363,-27.0486,-23.75167,-23.853155,-28.220592,-28.1329,-26.968166,-25.026686,-27.869486,-26.824905,-25.695496,-26.157087,-27.999268,-28.509106,-22.99691,-22.195084,-24.399462,-30.71202,-30.661503,-29.560364,-27.310705,-28.64605,-29.069523,-28.403322,-24.766289,-23.615088,-24.905289,-22.625427,-22.636322,-22.748575,-24.405449,-30.98468,-34.00126,-31.591373,-26.431278,-27.413149,-27.083817,-26.828007,-27.211926,-27.573057,-27.31985,-22.691925,-23.286453,-26.1026,-23.908472,-24.586395,-26.750433,-26.450565,-21.598972,-24.178616,-24.318888,-24.971558,-29.283136,-27.738312,-32.013763,-26.017128,-25.76638,-34.97935,-33.39659,-30.15221,-29.691257,-22.811422,-21.448402,-25.083363,-23.373837,-20.968306,-23.44566,-29.614721,-28.319511,-27.09243,-27.421425,-23.338326,-23.679296,-32.188034,-27.305794,-28.509693,-31.750854,-27.273438,-25.469532,-23.371647,-22.476505,-24.819315,-27.553368,-24.680285,-25.006289,-27.775536,-23.467228,-22.60417,-21.58937,-22.77269,-22.498611,-27.031433,-28.261003,-26.979784,-23.920822,-25.462841,-29.204163,-28.766123,-23.772825,-18.749374,-23.461208,-32.28663,-27.783867,-24.07562,-23.616627,-24.728426,-22.139261,-22.867962,-24.234657,-19.381985,-17.840664,-19.698345,-28.18977,-24.118992,-22.741385,-23.488379,-28.09549,-36.78626,-31.469868,-27.72633,-26.17786,-30.712458,-22.928232,-20.439655,-25.264254,-27.555641,-26.851173,-25.353973,-26.55217,-24.26914,-29.035378,-23.716583,-25.438145,-24.442486,-23.320282,-20.989029,-26.671776,-27.222872,-25.995775,-26.00587,-26.314335,-24.934332,-24.85409,-23.837456,-27.389278,-26.663506,-31.2481,-34.26103,-30.942188,-29.909292,-26.979202,-28.967957,-29.25253,-30.649914,-31.208008,-22.774824,-22.019983,-22.05442,-20.906868,-21.781654,-25.574219,-27.496382,-27.410458,-32.00982,-28.724577,-26.525312,-29.636593,-31.12154,-31.081747,-24.677141,-23.214428,-25.172682,-25.885527,-23.607712,-26.356394,-21.19341,-22.113678,-24.953125,-26.508915,-28.887768,-22.200294,-22.409317,-26.138767,-24.54723,-26.653248,-28.007969,-24.023851,-26.733154,-32.14473,-32.09769,-27.756977,-21.810581,-21.174612,-27.130348,-29.18243,-29.687435,-28.642162,-28.11323,-33.22012,-32.75286,-26.772324,-28.074877,-25.362324,-26.966656,-23.910465,-23.01427,-30.049862,-27.431347,-25.620308,-26.19145,-24.969212,-27.706736,-31.15134,-29.890982,-25.59424,-25.914818,-24.16386,-24.486279,-26.955118,-27.303785,-23.812454,-20.993801,-22.652569,-23.713081,-23.727703,-29.890781,-29.134493,-30.87947,-30.899618,-28.945713,-29.68483,-32.779552,-25.550535,-24.420074,-27.25648,-32.461666,-27.835693,-24.750393,-28.87095,-29.378716,-26.31247,-22.65067,-28.107124,-31.15037,-24.957268,-21.289743,-23.46183,-26.903166,-23.835638,-26.046717,-27.141514,-25.648872,-25.847626,-24.683521,-25.59427,-28.312016,-24.213327,-26.135801,-30.571154,-25.727556,-26.066755,-21.05935,-20.363247,-26.118134,-23.975863,-22.399696,-27.377987,-30.41827,-27.293545,-25.777077,-24.201366,-25.565937,-24.74339,-24.189005,-29.07719,-31.06073,-28.160404,-29.41616,-25.13763,-24.995544,-21.943195,-20.874786,-24.42941,-26.832413,-25.658897,-24.196978,-19.0161,-20.52237,-22.70779,-23.395655,-26.759693,-26.7591,-32.356705,-28.069372,-26.054884,-28.707579,-43.391514,-54.271935,-53.411716,-53.183907,-53.630737,-53.64328,-53.755173,-53.637573,-46.807728,-45.479477,-57.16064,-80.0,-80.0,-80.0,-80.0,-80.0,-80.0,-80.0,-80.0,-80.0,-80.0,-80.0,-80.0,-80.0,-80.0,-80.0,-80.0,-80.0,-80.0,-80.0,-80.0,-80.0,-80.0,-80.0,-80.0,-80.0,-80.0,-80.0,-80.0,-80.0,-80.0,-80.0,-80.0,-80.0,-80.0,-80.0,-80.0,-80.0,-80.0,-80.0,-80.0,-80.0,-80.0,-80.0,-80.0,-80.0,-80.0,-80.0,-80.0,-80.0,-80.0,-80.0,-80.0,-80.0,-80.0,-80.0,-80.0,-80.0,-80.0,-80.0,-80.0,-80.0,-80.0,-80.0,-80.0,-80.0,-80.0,-80.0,-80.0,-80.0,-80.0,-80.0,-80.0,-80.0,-80.0,-80.0,-80.0,-80.0,-80.0,-80.0,-80.0,-80.0,-80.0,-80.0,-80.0,-80.0,-80.0,-80.0,-80.0,-80.0,-80.0,-80.0,-80.0,-80.0,-80.0
-33.13862,-29.128876,-27.74432,-23.65745,-26.642582,-33.898575,-31.837267,-31.08446,-30.199623,-30.282146,-30.331062,-29.615204,-28.454138,-31.097992,-27.653278,-23.660826,-25.319506,-28.378181,-28.120712,-29.414217,-28.98965,-30.520638,-27.654562,-30.82514,-28.931248,-32.61782,-35.70575,-37.459213,-29.563816,-28.502026,-22.112831,-21.023893,-26.172771,-26.920197,-27.024384,-24.973192,-22.591774,-25.756346,-28.374807,-30.70152,-32.41143,-28.92746,-22.241508,-22.593386,-23.650452,-25.670622,-27.918266,-26.878456,-25.277313,-23.969452,-24.626238,-24.91774,-27.22232,-26.613207,-27.825396,-29.058283,-28.141983,-26.531925,-23.699745,-27.597706,-26.32668,-27.723576,-29.2038,-26.835884,-25.646683,-24.737415,-28.5881,-30.402035,-32.15802,-33.27204,-30.082886,-26.710743,-29.30219,-29.223938,-30.59428,-31.640022,-31.500803,-30.452991,-24.20093,-26.767418,-33.41246,-31.919273,-30.627232,-27.875908,-27.120333,-24.645502,-28.186584,-29.666748,-24.747932,-24.954174,-26.020142,-22.449646,-22.20779,-23.938862,-29.073776,-30.241919,-26.692295,-25.587807,-27.8978,-27.890697,-24.445873,-24.833704,-29.420097,-34.71639,-30.634068,-27.032492,-29.351007,-28.6086,-24.85595,-23.3951,-29.355015,-35.68195,-39.20187,-34.39384,-31.53908,-31.706741,-33.711758,-36.0528,-32.367508,-36.320686,-35.599583,-40.797943,-42.110516,-38.996613,-40.867756,-36.06839,-36.81577,-31.072258,-27.959753,-26.254688,-23.743217,-26.09309,-26.27211,-25.751904,-27.862625,-25.899906,-26.950813,-31.979073,-33.26459,-30.483025,-27.609474,-26.879902,-31.604563,-31.64426,-22.293034,-21.872604,-30.20589,-33.391224,-31.076296,-27.264057,-27.442137,-27.723362,-28.797104,-28.862978,-27.834036,-25.483421,-22.97416,-24.426538,-24.078438,-24.513607,-24.43784,-22.955347,-27.753832,-29.038967,-26.00233,-23.398018,-25.815256,-28.061962,-24.784935,-23.57077,-25.74937,-21.728027,-22.32344,-24.491491,-26.250698,-26.936518,-26.722122,-28.167244,-27.72484,-22.519367,-21.299456,-26.906548,-29.569199,-27.390223,-26.481543,-26.615633,-29.83342,-29.70475,-27.80393,-24.180222,-26.1977,-28.276203,-31.6209,-27.768738,-23.246906,-26.122604,-26.21952,-28.764791,-28.1372,-27.246542,-29.574844,-29.777708,-24.017279,-23.052221,-29.441936,-27.93588,-25.42554,-24.045597,-28.131367,-24.965199,-23.710155,-27.370289,-27.267773,-25.361454,-26.592838,-27.270367,-31.488514,-25.887466,-20.888119,-24.462326,-31.100143,-28.65572,-24.332006,-22.59925,-30.479004,-28.7089,-25.59818,-27.924282,-26.112036,-26.556482,-27.241364,-23.89707,-23.29158,-24.951572,-29.879313,-32.29117,-26.434292,-27.49274,-31.362066,-23.280882,-22.607082,-27.786987,-27.60548,-26.621624,-24.747059,-24.695509,-28.096514,-29.126287,-29.898615,-26.612442,-24.81465,-24.004368,-22.414566,-28.460125,-26.780453,-24.795849,-25.104225,-26.843157,-26.260735,-24.14253,-29.866192,-33.09347,-30.16926,-30.090403,-24.105772,-23.703638,-23.417753,-22.982544,-26.84105,-26.76352,-31.306953,-21.938267,-19.869278,-27.650236,-31.380537,-34.319187,-35.537754,-28.034939,-27.517239,-26.848555,-25.881908,-27.952757,-27.082273,-25.078205,-28.874027,-32.92296,-24.853313,-23.845566,-26.89449,-30.77572,-27.935549,-29.215353,-23.00911,-23.95436,-28.95306,-26.950546,-23.529335,-22.595692,-25.083672,-30.117695,-38.600338,-31.18826,-29.853832,-27.005459,-27.479382,-27.852966,-26.822536,-27.373848,-30.368332,-22.600733,-23.866852,-25.99141,-29.80387,-29.14707,-27.523943,-26.384941,-23.904743,-22.987392,-27.340088,-36.607067,-29.209877,-27.204586,-28.687893,-26.898197,-27.307137,-25.825882,-26.638052,-29.204855,-30.15734,-25.62862,-28.49158,-31.082184,-34.376244,-35.34635,-30.403084,-28.420336,-27.695076,-25.10563,-24.743221,-29.030067,-29.08128,-25.927895,-22.28888,-25.130898,-30.798721,-28.389635,-25.719227,-22.833683,-24.850939,-25.730862,-22.768723,-20.992882,-27.188969,-29.423965,-25.837101,-24.897873,-28.174294,-23.574162,-21.846577,-25.748491,-28.839716,-28.2712,-29.840689,-29.888847,-31.43472,-29.890684,-27.71537,-25.578949,-26.031826,-26.109293,-26.186668,-27.456234,-31.886763,-28.161182,-28.540638,-22.693579,-24.835972,-25.366337,-27.51774,-32.497894,-27.725887,-27.024757,-31.96759,-25.982172,-25.504356,-25.458286,-24.819023,-26.877304,-35.685204,-36.105106,-32.356525,-28.215961,-22.490795,-21.17232,-24.231377,-33.208405,-29.60108,-30.653973,-37.52945,-31.307156,-30.47986,-28.726547,-24.472076,-24.040775,-27.83743,-24.267847,-22.548054,-23.417797,-20.902739,-27.51009,-28.563498,-24.141851,-24.097467,-25.668205,-30.342476,-37.880287,-28.049568,-23.841986,-26.34565,-26.896122,-25.52081,-22.928637,-22.668056,-29.740461,-25.085247,-22.777645,-21.96394,-27.926327,-27.447489,-27.80067,-29.045359,-30.302067,-28.355335,-25.750746,-29.623001,-25.309338,-22.913708,-20.493126,-22.99497,-28.53096,-29.518085,-25.04972,-21.470388,-26.021515,-28.763132,-23.866562,-24.787413,-25.582512,-27.518963,-25.688288,-23.05439,-24.294403,-25.466843,-24.923706,-28.349535,-29.984388,-29.476698,-28.847414,-28.962053,-28.806904,-27.001678,-25.801989,-25.735382,-26.543837,-27.01518,-25.970848,-28.206547,-27.962576,-27.552038,-31.70742,-25.909447,-24.16563,-26.049355,-29.73991,-27.794138,-30.550116,-27.37083,-25.69191,-27.197561,-21.114506,-20.488325,-24.577866,-26.182032,-24.573612,-26.62492,-24.212357,-23.319138,-22.06121,-24.443302,-24.580448,-22.828636,-24.459633,-27.863436,-29.432095,-25.603195,-22.437977,-25.719656,-23.070667,-22.653862,-26.767313,-29.94262,-27.729733,-24.393002,-23.235237,-23.37648,-28.43255,-28.156567,-28.257133,-28.220924,-28.912855,-31.20863,-31.493662,-28.087912,-25.86251,-26.076859,-27.800581,-26.87827,-27.518444,-23.159624,-25.262135,-33.15453,-27.362509,-28.095766,-29.601158,-25.350918,-22.91803,-21.734955,-22.500616,-21.466293,-24.204994,-31.031612,-29.476494,-22.64999,-24.083935,-29.453543,-25.2873,-22.948612,-26.58287,-23.057526,-25.133835,-26.814425,-27.313166,-23.752533,-22.855436,-24.258577,-28.103794,-23.992424,-21.242466,-22.974857,-28.08937,-29.882532,-24.617313,-25.613739,-31.234385,-31.745481,-28.235699,-26.81625,-28.187191,-26.435925,-23.373007,-27.172249,-29.880703,-30.844568,-25.614754,-26.684462,-30.295765,-28.09612,-31.098162,-36.161327,-33.108135,-31.030487,-26.919235,-25.752972,-24.427444,-22.94598,-27.127544,-26.861439,-26.241814,-24.084278,-29.20943,-29.144348,-25.857307,-30.670656,-26.115362,-21.865501,-26.2536,-26.036587,-24.136234,-24.676617,-28.322163,-28.81762,-28.47176,-29.7538,-28.332535,-26.434221,-26.105423,-32.704967,-33.430836,-29.318352,-27.68767,-27.030825,-24.546577,-22.226707,-18.764275,-18.079704,-25.57742,-27.322517,-27.386309,-21.590708,-19.47477,-22.93945,-27.936325,-31.210876,-35.17699,-29.630127,-29.747824,-27.983936,-29.724653,-49.33703,-54.467796,-53.838463,-53.515976,-54.090973,-53.918316,-54.038795,-53.56904,-46.219673,-46.181576,-58.83396,-80.0,-80.0,-80.0,-80.0,-80.0,-80.0,-80.0,-80.0,-80.0,-80.0,-80.0,-80.0,-80.0,-80.0,-80.0,-80.0,-80.0,-80.0,-80.0,-80.0,-80.0,-80.0,-80.0,-80.0,-80.0,-80.0,-80.0,-80.0,-80.0,-80.0,-80.0,-80.0,-80.0,-80.0,-80.0,-80.0,-80.0,-80.0,-80.0,-80.0,-80.0,-80.0,-80.0,-80.0,-80.0,-80.0,-80.0,-80.0,-80.0,-80.0,-80.0,-80.0,-80.0,-80.0,-80.0,-80.0,-80.0,-80.0,-80.0,-80.0,-80.0,-80.0,-80.0,-80.0,-80.0,-80.0,-80.0,-80.0,-80.0,-80.0,-80.0,-80.0,-80.0,-80.0,-80.0,-80.0,-80.0,-80.0,-80.0,-80.0,-80.0,-80.0,-80.0,-80.0,-80.0,-80.0,-80.0,-80.0,-80.0,-80.0,-80.0,-80.0,-80.0,-80.0
-31.32655,-25.332462,-26.35151,-25.974838,-29.018288,-33.540627,-32.684437,-31.70274,-30.18885,-32.65503,-29.522324,-29.280464,-31.464283,-32.441944,-26.796894,-22.51456,-26.00195,-32.066177,-27.652817,-24.522198,-28.010214,-30.568682,-29.691301,-29.85126,-28.951777,-27.740112,-27.67635,-28.369492,-25.434376,-28.00027,-32.00407,-24.231604,-21.400036,-24.101507,-24.60455,-21.666489,-20.84874,-22.798265,-33.628555,-34.14728,-31.948368,-31.514315,-25.435299,-23.945368,-26.541233,-24.486263,-21.574268,-22.269121,-26.207966,-25.432495,-25.953861,-32.41024,-32.234795,-26.211208,-26.481508,-25.89204,-24.660301,-25.203417,-21.667353,-26.143805,-27.305384,-25.57695,-25.152412,-24.278913,-24.701347,-29.665829,-31.346218,-29.83733,-26.831566,-25.796577,-28.989931,-28.90398,-28.009682,-28.607113,-29.861597,-24.96062,-24.588797,-30.214495,-29.553286,-34.53498,-30.84503,-28.692217,-28.454344,-22.926384,-21.059156,-25.090578,-26.959024,-23.625795,-23.589626,-21.928787,-27.817495,-23.825089,-24.764923,-30.578518,-32.34182,-30.713982,-31.503222,-30.024372,-30.17912,-32.7502,-27.950176,-27.91524,-24.872078,-26.762182,-29.944305,-27.012938,-28.751534,-27.935286,-24.440239,-28.665634,-34.401062,-33.031506,-36.660202,-32.584988,-31.62188,-33.02053,-35.075874,-37.780273,-31.61875,-31.565378,-33.92099,-40.90128,-36.597435,-32.365932,-37.7035,-43.20507,-39.32278,-33.638718,-27.364872,-24.602524,-24.41917,-25.249464,-26.633282,-25.817417,-25.173746,-27.412935,-31.301346,-36.108692,-34.61059,-32.11531,-29.867744,-24.261051,-26.424334,-24.503307,-23.210136,-25.727919,-24.844273,-28.537123,-29.3848,-27.794146,-29.399738,-27.849943,-29.277802,-28.184488,-23.357841,-25.441792,-28.437996,-26.762161,-26.967712,-27.591883,-26.833704,-26.392899,-26.89957,-27.03502,-29.63328,-24.531364,-23.617191,-26.561031,-26.150728,-26.937336,-28.041058,-23.708881,-23.169361,-26.968164,-23.51882,-24.89942,-29.087406,-30.251139,-27.46481,-23.307016,-19.508118,-23.713476,-29.018372,-26.14782,-25.868324,-28.21434,-26.409193,-30.6802,-30.653465,-25.495687,-26.476528,-28.506811,-27.979267,-22.430119,-22.331486,-24.77708,-26.582834,-28.107563,-31.25903,-27.395859,-24.420961,-26.21959,-26.090778,-22.688978,-26.372461,-25.726135,-26.445192,-31.4777,-28.98128,-25.900442,-26.14905,-27.80487,-26.30038,-26.706753,-25.391735,-24.091764,-27.911802,-25.8918,-25.959185,-30.811756,-34.443024,-25.784561,-19.377842,-21.175766,-29.700817,-29.14648,-24.368244,-21.798935,-21.341463,-27.507298,-32.176662,-28.155685,-29.258133,-28.456726,-31.974966,-32.45123,-32.82963,-27.443377,-26.52084,-24.320274,-22.524849,-26.390596,-25.53986,-25.357521,-22.482574,-25.351974,-26.482464,-24.12147,-28.531385,-30.686516,-30.071848,-27.387634,-24.628126,-23.908289,-23.247223,-29.912113,-31.166302,-29.329346,-25.70895,-26.063778,-31.752508,-31.00044,-32.529366,-32.81004,-29.522999,-27.365242,-26.591635,-28.272001,-28.802534,-31.160646,-25.297241,-21.828056,-22.82474,-26.231129,-24.547659,-26.387905,-31.813448,-26.366613,-23.095573,-22.467415,-27.94504,-27.679213,-27.00941,-29.333576,-33.612675,-31.946985,-27.810783,-27.707132,-28.806995,-25.46576,-25.278248,-27.556335,-23.620575,-23.955332,-26.70641,-24.324883,-23.31318,-24.663443,-24.772766,-30.218815,-31.618917,-33.51722,-26.075857,-24.29154,-28.398304,-22.427969,-21.28012,-28.32114,-26.090714,-22.201824,-25.60332,-26.757874,-23.79559,-24.198334,-24.126085,-24.820114,-23.008663,-24.670244,-32.09907,-28.979391,-27.220264,-28.152466,-29.132875,-25.52623,-22.854,-26.826878,-26.855091,-29.74981,-29.858528,-26.940096,-29.558552,-26.983168,-27.59804,-26.955233,-29.305267,-29.7828,-27.85638,-24.980612,-21.338036,-25.746151,-30.151155,-29.683655,-24.993858,-26.973614,-26.463535,-26.63522,-25.843323,-26.388865,-24.479647,-25.922384,-25.164873,-26.083954,-25.352055,-27.168928,-25.591877,-20.776562,-25.382137,-26.776402,-26.316929,-28.844296,-31.283876,-30.761784,-30.116364,-29.489695,-25.459717,-27.00945,-26.690283,-27.682438,-29.3153,-30.998974,-23.608278,-23.215733,-28.708088,-29.521929,-31.676657,-22.637255,-23.217972,-27.159618,-27.30347,-30.321426,-26.143082,-25.730326,-28.917904,-29.904959,-24.950981,-25.75798,-26.308895,-23.658691,-29.835081,-31.982044,-25.397282,-26.383236,-26.27803,-27.289967,-32.023422,-31.127413,-30.062923,-29.614594,-29.388882,-24.25552,-24.416332,-25.360214,-26.143333,-25.108744,-26.747274,-26.327726,-24.744389,-22.679192,-23.355232,-24.669537,-25.683874,-26.995884,-21.193521,-21.933956,-25.759996,-31.909328,-29.941065,-28.197372,-26.527897,-25.09726,-28.237906,-26.10735,-26.50782,-27.341343,-23.310198,-23.866356,-26.645727,-30.4761,-28.753763,-27.556686,-29.339329,-30.448948,-27.480745,-20.47745,-18.857016,-22.024185,-21.704466,-21.165188,-24.213898,-26.652748,-25.074026,-29.420591,-27.020824,-25.7319,-27.425194,-23.88428,-23.857002,-21.693636,-21.0756,-26.241547,-26.074657,-27.505365,-29.576162,-26.339632,-28.226252,-28.936218,-30.27555,-31.528534,-30.78695,-24.922663,-24.245918,-24.063671,-23.78977,-23.501196,-26.08802,-27.188467,-31.090462,-30.055418,-29.151173,-30.345715,-27.178192,-28.720434,-25.8484,-23.304941,-22.742857,-28.014187,-27.958273,-28.477257,-28.481735,-21.031374,-20.818264,-26.654299,-30.135168,-26.28897,-29.010971,-27.317074,-23.69992,-24.21861,-25.482262,-20.299795,-22.72331,-26.964556,-26.3954,-24.512936,-25.761835,-23.933426,-25.733555,-30.08941,-29.283693,-28.218794,-32.802116,-30.609957,-27.178078,-22.020699,-22.787191,-27.349989,-25.181898,-30.184273,-28.297726,-26.32534,-32.520245,-26.527592,-24.128935,-28.21594,-25.532543,-22.494818,-25.164057,-29.33191,-27.744654,-27.869202,-29.674194,-28.880613,-29.134058,-28.55822,-26.792374,-22.891565,-22.615173,-23.203283,-23.815994,-26.494097,-27.946123,-28.479042,-24.175117,-23.204826,-25.573471,-28.208721,-26.047985,-25.863724,-27.113201,-27.176914,-27.87455,-28.14672,-24.00969,-22.428045,-24.710255,-27.238304,-24.65812,-22.25349,-26.402029,-25.877281,-22.118526,-21.346912,-24.720997,-27.505081,-30.923672,-26.956987,-23.643282,-22.748741,-24.488361,-22.587563,-26.002232,-35.458363,-35.89903,-28.459858,-24.622866,-29.322224,-26.10096,-26.180492,-29.220016,-31.63243,-25.057692,-25.037167,-25.987785,-28.69362,-24.734146,-27.118069,-25.398214,-27.062855,-28.35532,-27.53514,-26.762589,-24.652084,-23.720715,-22.008278,-25.286255,-28.506622,-30.295168,-25.135845,-24.023071,-24.409218,-23.158669,-26.66688,-26.640945,-24.899412,-24.535957,-26.001284,-29.940804,-30.057556,-27.688944,-29.053192,-26.003227,-28.020199,-28.640831,-24.079681,-22.647974,-26.341518,-26.657763,-26.112713,-28.670895,-22.620098,-23.127808,-25.612513,-31.199959,-32.270855,-27.857304,-26.456915,-26.5867,-28.9856,-45.809402,-53.501118,-52.84433,-52.62257,-53.060287,-52.973927,-53.07367,-53.277954,-49.529114,-48.093628,-59.5403,-80.0,-80.0,-80.0,-80.0,-80.0,-80.0,-80.0,-80.0,-80.0,-80.0,-80.0,-80.0,-80.0,-80.0,-80.0,-80.0,-80.0,-80.0,-80.0,-80.0,-80.0,-80.0,-80.0,-80.0,-80.0,-80.0,-80.0,-80.0,-80.0,-80.0,-80.0,-80.0,-80.0,-80.0,-80.0,-80.0,-80.0,-80.0,-80.0,-80.0,-80.0,-80.0,-80.0,-80.0,-80.0,-80.0,-80.0,-80.0,-80.0,-80.0,-80.0,-80.0,-80.0,-80.0,-80.0,-80.0,-80.0,-80.0,-80.0,-80.0,-80.0,-80.0,-80.0,-80.0,-80.0,-80.0,-80.0,-80.0,-80.0,-80.0,-80.0,-80.0,-80.0,-80.0,-80.0,-80.0,-80.0,-80.0,-80.0,-80.0,-80.0,-80.0,-80.0,-80.0,-80.0,-80.0,-80.0,-80.0,-80.0,-80.0,-80.0,-80.0,-80.0,-80.0
-28.752827,-25.35709,-24.319387,-23.642342,-26.070189,-31.755684,-30.82014,-29.89606,-32.896645,-35.524616,-29.955511,-24.63475,-26.82251,-29.784771,-25.677485,-21.727112,-28.376293,-31.440748,-28.095463,-25.866402,-26.113003,-29.472073,-26.555328,-27.805511,-23.525417,-22.272732,-25.644732,-24.08315,-24.642574,-28.409054,-28.167358,-30.571838,-29.3936,-29.593857,-26.561035,-27.859234,-26.992783,-25.455431,-28.523739,-29.3596,-27.50704,-29.060022,-27.805965,-23.604488,-27.676062,-25.557964,-22.909397,-24.43175,-28.829897,-28.393848,-29.355679,-29.8312,-31.947641,-29.785614,-27.496414,-26.273693,-25.143444,-28.17197,-24.88145,-23.569708,-27.698536,-29.683395,-29.276875,-27.703655,-28.623941,-33.289604,-30.919254,-34.88944,-26.147308,-22.520798,-26.983315,-28.14045,-24.267262,-28.07342,-30.261423,-26.724375,-24.186073,-28.359772,-29.08596,-31.740154,-30.559536,-27.052536,-27.61066,-23.734886,-21.783905,-22.806126,-26.57285,-25.803488,-26.284603,-26.197483,-28.619278,-27.02052,-27.766901,-30.267801,-32.545124,-29.758476,-31.760427,-30.881502,-27.936743,-24.740736,-27.7534,-27.52038,-24.047367,-24.401512,-24.33725,-22.19964,-25.181541,-27.889904,-27.74605,-27.828468,-35.62503,-35.661816,-40.2824,-32.796963,-28.448915,-28.886429,-32.826447,-35.40447,-32.82708,-38.26722,-41.16535,-43.252087,-39.23275,-36.04774,-40.764046,-44.900963,-42.26133,-30.811832,-23.368519,-23.132051,-23.828522,-29.736738,-30.964909,-27.190235,-25.73721,-27.173105,-25.842392,-28.661655,-31.770647,-28.103271,-25.29086,-24.105814,-24.284096,-24.82985,-28.076836,-25.34454,-23.922022,-26.891283,-30.40906,-30.121098,-27.098108,-23.823597,-24.683832,-28.591146,-26.399689,-27.404032,-34.567406,-31.41315,-28.252213,-24.939297,-23.260487,-23.714767,-22.618185,-23.458735,-22.64627,-22.57774,-24.911068,-30.870434,-28.367384,-28.05312,-28.703152,-22.998863,-22.40568,-26.258797,-30.366352,-27.344908,-25.908413,-29.663052,-27.677177,-22.85908,-23.745462,-26.604788,-26.164207,-27.794422,-27.462914,-27.281013,-24.822731,-26.010933,-25.50204,-25.448206,-24.957945,-26.744926,-28.316717,-25.428717,-26.15435,-24.373968,-23.890041,-25.515545,-29.202343,-35.605476,-27.205826,-23.64213,-23.816242,-25.923594,-28.135136,-27.37448,-25.827919,-31.143219,-31.770327,-28.415134,-29.593616,-26.579882,-27.592175,-28.406292,-22.560846,-21.439644,-23.607916,-23.494362,-25.996626,-26.181711,-26.108318,-30.197233,-25.6097,-26.058987,-29.110867,-30.28353,-26.071827,-23.697802,-25.296928,-24.00178,-28.697771,-36.636192,-26.599758,-25.15678,-30.051643,-25.181488,-25.028378,-26.188446,-23.421537,-24.096907,-22.446188,-26.575924,-26.714298,-26.72293,-26.376575,-27.160076,-26.26787,-27.266806,-27.29335,-30.311924,-30.613462,-31.102892,-26.781284,-25.895927,-26.14915,-29.302721,-28.568687,-24.821102,-23.220238,-22.908922,-24.387218,-23.240852,-28.073284,-36.194645,-35.013287,-27.4483,-25.381311,-32.321815,-33.186176,-31.304003,-22.646412,-21.616117,-26.558735,-25.809093,-30.433651,-29.783543,-30.796877,-31.41481,-25.646751,-24.99598,-25.417946,-25.605724,-31.862888,-33.048107,-28.716583,-27.849876,-25.439388,-23.278687,-29.40839,-28.531378,-23.16021,-25.228558,-23.655048,-23.00267,-25.677782,-24.830688,-20.849419,-22.810417,-23.742455,-28.03754,-26.476635,-27.65614,-24.212929,-22.805588,-25.79179,-23.658583,-24.58971,-25.671299,-27.657158,-31.68178,-28.32277,-22.148222,-22.922218,-27.537968,-23.944548,-27.253,-31.214493,-26.96194,-29.649109,-26.702456,-28.387634,-27.458857,-29.517487,-27.654894,-24.7467,-26.567917,-28.98032,-26.18367,-26.629343,-29.913158,-29.82419,-24.868763,-23.462349,-27.218788,-28.810183,-30.282988,-25.029497,-22.77629,-20.972414,-27.159445,-28.439447,-29.613668,-30.072166,-24.439274,-23.157692,-27.504345,-24.635223,-24.758102,-27.808865,-30.607864,-34.608067,-33.269737,-23.575994,-23.99715,-25.923409,-24.722519,-27.936893,-27.028831,-24.066803,-22.768553,-30.072784,-28.572117,-26.067165,-27.202911,-24.656565,-27.385397,-26.168755,-24.366917,-24.297955,-24.411861,-21.572533,-25.118431,-34.52283,-27.014282,-26.173937,-26.623856,-28.087042,-27.00137,-27.800074,-29.432129,-24.65671,-27.475506,-27.780779,-25.46119,-23.744595,-28.451115,-30.303286,-25.287855,-25.567276,-31.877293,-27.376461,-25.115124,-29.118702,-34.193153,-33.007065,-25.2605,-24.632368,-24.344194,-24.098507,-25.514538,-23.068707,-27.696028,-28.679413,-26.655079,-26.819323,-30.596416,-26.797552,-22.553782,-27.30069,-31.016634,-27.472801,-28.93791,-24.46823,-26.996208,-25.643778,-25.702103,-30.02324,-28.77195,-24.722322,-24.334774,-27.639769,-28.823963,-24.008024,-25.436226,-24.978312,-26.019691,-24.981255,-25.828377,-26.30235,-25.329605,-25.466782,-24.782265,-27.737791,-26.291737,-21.637865,-21.77253,-27.168861,-35.040012,-27.669716,-28.044218,-25.674988,-27.940445,-31.4035,-28.235294,-27.744755,-25.629091,-25.580294,-25.922512,-26.168892,-26.463228,-23.308031,-23.953682,-30.953215,-25.618624,-25.30138,-28.986763,-25.29393,-26.106297,-30.335821,-31.632149,-31.190674,-26.155281,-23.364216,-25.739601,-29.89757,-29.871773,-31.994665,-31.506104,-28.687998,-25.324543,-23.964947,-28.139114,-26.436964,-26.134638,-25.181591,-24.639008,-26.329124,-28.145369,-26.259817,-26.44626,-27.247799,-30.919485,-29.220919,-28.453144,-25.738068,-27.862793,-26.95047,-25.990194,-26.643467,-22.914108,-24.803734,-28.690487,-26.389881,-25.293432,-31.26328,-24.176254,-26.194744,-33.755272,-32.44677,-30.011492,-30.032726,-25.565016,-28.112223,-32.00987,-28.370163,-26.41083,-27.700369,-31.316462,-29.169312,-23.488194,-26.91008,-32.22786,-25.360754,-26.025852,-22.785587,-23.084059,-27.05595,-28.439505,-27.900377,-26.69574,-28.753029,-28.80556,-29.674036,-28.30293,-26.516115,-22.296446,-23.687218,-24.47077,-23.210403,-27.13387,-27.24475,-31.244993,-29.54936,-23.57299,-25.126534,-24.808363,-25.206757,-27.299282,-24.735088,-22.380404,-26.404152,-25.0595,-26.439,-29.456379,-25.013834,-22.969536,-23.647785,-25.5033,-28.52409,-29.934444,-27.088177,-26.73552,-23.397049,-24.701874,-26.385635,-29.00243,-27.230215,-29.539057,-27.214212,-26.889027,-26.842861,-28.81437,-30.547375,-28.47645,-28.205843,-26.165375,-21.987988,-23.378424,-24.485603,-24.516754,-22.97303,-23.85133,-23.940128,-24.37535,-24.841875,-26.707394,-25.062918,-24.927807,-31.60116,-29.50793,-23.54387,-25.203016,-24.268925,-23.180088,-28.395193,-27.938576,-28.30101,-25.72394,-23.77535,-23.39428,-22.07697,-25.603168,-26.220688,-25.728386,-30.718056,-30.1391,-28.071758,-32.864986,-33.22658,-26.688967,-25.09678,-26.696081,-25.744898,-27.532988,-30.731699,-27.973776,-26.576336,-27.132986,-29.419449,-26.57535,-24.999207,-27.460388,-26.149353,-25.681698,-31.4919,-26.944447,-26.10384,-32.750706,-43.570263,-52.571106,-51.78908,-51.456543,-52.081818,-51.926483,-52.05582,-51.62908,-45.89771,-46.946045,-60.50656,-80.0,-80.0,-80.0,-80.0,-80.0,-80.0,-80.0,-80.0,-80.0,-80.0,-80.0,-80.0,-80.0,-80.0,-80.0,-80.0,-80.0,-80.0,-80.0,-80.0,-80.0,-80.0,-80.0,-80.0,-80.0,-80.0,-80.0,-80.0,-80.0,-80.0,-80.0,-80.0,-80.0,-80.0,-80.0,-80.0,-80.0,-80.0,-80.0,-80.0,-80.0,-80.0,-80.0,-80.0,-80.0,-80.0,-80.0,-80.0,-80.0,-80.0,-80.0,-80.0,-80.0,-80.0,-80.0,-80.0,-80.0,-80.0,-80.0,-80.0,-80.0,-80.0,-80.0,-80.0,-80.0,-80.0,-80.0,-80.0,-80.0,-80.0,-80.0,-80.0,-80.0,-80.0,-80.0,-80.0,-80.0,-80.0,-80.0,-80.0,-80.0,-80.0,-80.0,-80.0,-80.0,-80.0,-80.0,-80.0,-80.0,-80.0,-80.0,-80.0,-80.0,-80.0
-26.188602,-26.084373,-27.417631,-27.670748,-25.688433,-28.587086,-26.20007,-24.11297,-27.534195,-31.184147,-27.218788,-24.625828,-28.362263,-26.83834,-24.503004,-24.928358,-28.7182,-29.014896,-27.039728,-28.444202,-28.227184,-28.07773,-26.411224,-26.947842,-26.229061,-24.211597,-27.507505,-26.73571,-25.025528,-24.713173,-24.360777,-26.399881,-26.511106,-25.89294,-26.707355,-27.653587,-25.57087,-25.69152,-27.138525,-26.784681,-26.17469,-27.023237,-24.218569,-24.534866,-22.24078,-21.862543,-25.42706,-26.46577,-24.427713,-25.167171,-24.451254,-25.56677,-25.113918,-23.710842,-25.985691,-23.978237,-22.80767,-22.254126,-20.260769,-23.401926,-24.507847,-23.743282,-27.881725,-29.21559,-26.751944,-26.451025,-28.379784,-30.742197,-24.704054,-22.463118,-26.593925,-31.414545,-29.138744,-32.29128,-31.684303,-28.551414,-26.332134,-27.725866,-32.090183,-30.938179,-28.09889,-29.907656,-29.05928,-33.455242,-32.220184,-28.292696,-26.459324,-30.820168,-29.25932,-25.587887,-26.286512,-26.054365,-25.404095,-26.842077,-28.601082,-32.831184,-29.574978,-24.921219,-25.726038,-25.104115,-25.552929,-25.551779,-25.876827,-25.844328,-26.37421,-23.598358,-23.35035,-28.554008,-25.771904,-27.562588,-33.969334,-30.879107,-31.527714,-34.84469,-34.97459,-34.07036,-33.704945,-36.404793,-36.319763,-38.68607,-38.049038,-42.118824,-38.358185,-39.07347,-42.80892,-35.898766,-36.7001,-33.153507,-25.836151,-26.562187,-28.935902,-26.493559,-24.494694,-21.663668,-25.579807,-26.789536,-27.51559,-29.05596,-27.448082,-26.130941,-26.715029,-26.483452,-27.802925,-26.410776,-30.304285,-28.05312,-23.33977,-22.992197,-22.28952,-23.942997,-25.924852,-24.555914,-22.4061,-25.20319,-26.341934,-26.138979,-25.56627,-27.466545,-25.491468,-27.488033,-28.485302,-25.65944,-26.85945,-24.090261,-22.058361,-20.984383,-20.747797,-23.552794,-29.398533,-28.645798,-23.225,-24.401077,-22.130598,-21.665056,-28.73742,-24.557325,-22.564377,-27.282108,-29.712547,-28.035442,-26.943287,-27.853518,-27.501778,-24.829659,-22.861832,-23.86714,-28.001198,-27.627148,-25.088951,-23.531965,-24.32688,-25.022427,-27.10088,-36.657814,-30.469852,-26.243332,-22.947908,-24.563494,-27.445717,-28.729597,-25.153412,-27.35863,-32.070587,-29.153591,-29.120525,-24.678864,-24.955116,-31.72514,-31.73931,-27.37897,-24.066236,-23.332535,-25.307968,-25.230244,-22.920134,-24.595995,-21.556583,-24.582542,-30.137047,-21.831459,-20.626522,-25.778048,-27.533804,-27.438656,-29.737162,-26.975323,-27.678347,-25.24186,-25.204231,-24.206959,-23.814175,-25.253372,-21.682259,-22.081074,-26.627731,-28.841724,-26.865345,-24.864891,-26.246622,-24.727875,-23.613764,-21.410885,-22.1609,-24.4421,-29.391666,-30.978432,-27.447231,-25.060928,-25.348381,-29.55803,-30.05846,-29.863358,-27.771385,-27.424887,-27.193726,-27.060228,-25.266268,-24.155113,-22.4267,-21.199465,-23.526695,-24.299519,-25.780678,-27.122826,-29.296793,-29.72609,-25.670895,-26.64506,-26.08923,-26.241474,-23.973934,-25.093262,-26.501402,-23.318043,-27.433655,-32.132504,-25.975151,-26.011309,-25.56128,-21.93619,-24.447313,-26.394896,-31.23474,-31.669546,-27.151506,-25.369076,-23.749233,-25.4925,-28.437548,-26.074005,-23.95298,-23.894043,-24.228636,-25.858467,-24.191372,-22.964916,-24.687479,-28.608028,-29.253181,-27.834042,-21.433023,-22.956968,-23.458595,-24.699905,-25.375345,-23.219086,-23.290512,-21.594349,-23.737339,-26.375072,-25.233343,-22.27918,-21.282333,-24.997265,-24.325394,-22.080883,-21.390133,-20.949476,-24.752869,-25.103191,-24.724846,-27.480673,-32.601303,-30.141499,-27.8517,-26.569664,-25.958355,-24.383457,-24.04342,-24.594364,-32.820187,-26.7176,-26.355207,-28.266914,-33.090214,-27.370724,-23.81987,-20.557056,-24.2446,-26.504257,-26.30247,-27.494808,-24.280645,-20.753416,-24.857727,-23.393782,-22.478317,-24.237389,-22.204762,-25.963505,-28.48284,-29.540497,-26.485317,-23.278734,-21.62242,-24.37284,-25.137526,-23.468117,-22.27524,-21.247478,-26.183987,-24.29025,-22.868874,-29.41991,-27.583689,-25.755238,-28.882977,-27.69016,-23.815252,-21.50832,-23.429508,-24.213781,-30.025103,-24.207798,-24.323738,-27.979399,-28.892374,-28.318253,-28.367609,-26.238441,-23.816677,-23.738022,-24.941513,-26.10189,-25.723083,-25.37228,-24.401136,-27.053238,-26.183382,-27.766087,-33.984283,-29.277214,-27.500862,-29.443623,-23.593779,-22.0814,-22.605173,-24.773647,-28.683382,-27.682522,-27.684162,-28.698776,-26.533766,-27.36522,-24.63205,-28.73212,-32.217735,-25.691406,-26.939293,-30.060585,-28.156654,-30.926636,-30.256744,-27.120407,-25.849903,-24.949657,-27.912006,-27.509007,-23.740583,-22.335835,-26.722385,-34.65878,-28.51952,-28.020458,-27.989567,-26.160776,-25.539951,-27.138824,-24.788382,-24.328243,-23.34875,-24.5429,-29.344814,-31.133017,-25.636894,-22.738514,-22.883493,-26.65311,-26.934643,-26.556988,-22.324966,-25.470165,-30.462324,-24.633194,-25.339153,-24.185602,-22.301443,-26.201733,-30.099068,-28.569942,-22.442972,-22.01796,-28.878502,-28.939953,-23.240604,-23.977064,-26.449034,-25.91217,-27.259016,-28.043629,-32.66308,-26.086208,-26.316286,-30.309458,-31.152859,-31.221914,-34.89096,-28.409832,-28.049637,-25.667067,-23.531881,-24.152351,-29.521587,-27.351065,-25.803923,-29.34814,-29.324608,-26.482744,-28.508772,-29.207172,-32.102764,-31.233437,-27.426826,-25.16771,-28.594065,-28.28483,-23.733505,-25.84496,-27.558027,-27.356216,-25.986584,-26.029337,-27.607327,-24.61413,-28.249912,-23.844555,-26.082987,-31.681568,-28.184055,-27.432322,-26.6642,-25.854403,-24.722656,-26.958107,-26.947546,-31.663994,-29.733543,-25.874214,-25.455582,-23.511692,-25.558372,-27.235514,-23.824842,-25.640858,-24.104837,-28.377222,-25.765322,-26.135624,-29.236229,-28.568806,-26.831917,-28.840626,-29.34094,-29.053932,-29.645851,-29.660366,-31.490938,-25.303001,-23.327816,-30.395191,-27.257591,-27.777224,-31.403732,-25.3069,-23.540657,-24.230438,-27.460175,-26.691479,-20.627762,-20.026321,-27.35862,-27.726727,-27.789421,-31.297424,-26.527533,-25.617067,-25.794977,-28.712078,-32.35971,-28.073298,-22.460402,-23.326939,-24.986687,-25.313148,-23.05635,-25.70757,-23.62252,-23.822557,-27.858904,-26.671362,-24.773323,-23.001808,-23.040192,-25.986504,-30.610168,-26.606611,-21.552475,-24.784721,-27.833218,-24.94463,-25.450546,-29.296223,-27.830177,-23.592041,-20.70538,-24.145184,-23.555506,-26.07154,-27.40979,-28.98816,-26.261036,-24.099272,-27.596018,-26.109676,-26.686232,-25.129662,-25.700863,-26.375877,-25.862385,-27.620594,-26.113783,-26.687706,-26.173065,-23.870323,-25.888327,-32.531532,-31.034897,-27.822517,-27.909763,-23.098759,-25.74921,-26.375763,-27.545216,-23.41072,-24.55374,-26.47408,-29.806843,-27.788105,-24.980583,-21.027729,-23.720282,-31.953892,-26.895004,-25.139414,-27.672285,-26.28025,-25.245144,-29.597637,-44.00167,-49.125343,-48.45975,-48.24948,-48.66394,-48.60815,-48.709663,-48.819927,-48.332306,-48.778805,-60.66341,-80.0,-80.0,-80.0,-80.0,-80.0,-80.0,-80.0,-80.0,-80.0,-80.0,-80.0,-80.0,-80.0,-80.0,-80.0,-80.0,-80.0,-80.0,-80.0,-80.0,-80.0,-80.0,-80.0,-80.0,-80.0,-80.0,-80.0,-80.0,-80.0,-80.0,-80.0,-80.0,-80.0,-80.0,-80.0,-80.0,-80.0,-80.0,-80.0,-80.0,-80.0,-80.0,-80.0,-80.0,-80.0,-80.0,-80.0,-80.0,-80.0,-80.0,-80.0,-80.0,-80.0,-80.0,-80.0,-80.0,-80.0,-80.0,-80.0,-80.0,-80.0,-80.0,-80.0,-80.0,-80.0,-80.0,-80.0,-80.0,-80.0,-80.0,-80.0,-80.0,-80.0,-80.0,-80.0,-80.0,-80.0,-80.0,-80.0,-80.0,-80.0,-80.0,-80.0,-80.0,-80.0,-80.0,-80.0,-80.0,-80.0,-80.0,-80.0,-80.0,-80.0,-80.0
-25.067822,-22.668205,-23.450909,-27.88073,-29.651915,-30.57737,-28.07299,-25.822443,-25.129719,-28.158388,-35.078564,-35.058414,-32.12648,-24.885637,-24.793087,-25.344524,-26.217117,-31.225449,-26.875801,-23.055239,-24.634228,-26.325827,-30.478796,-29.469713,-26.15769,-26.885841,-27.159695,-23.568249,-23.44707,-26.875221,-28.281475,-24.67477,-23.858147,-24.0545,-23.366215,-25.638374,-23.606125,-28.710966,-30.818611,-31.007475,-26.38921,-26.067427,-26.095402,-29.128197,-29.069414,-26.94299,-27.292587,-30.849472,-28.794662,-25.791971,-24.512844,-25.057432,-23.32977,-20.786663,-22.544546,-24.041355,-24.53174,-29.01034,-24.73594,-24.573992,-30.266571,-25.241259,-26.102907,-30.22484,-28.97249,-28.562748,-28.09689,-28.731411,-24.182903,-24.315388,-28.632366,-30.283014,-29.108654,-26.47541,-24.342926,-24.820282,-25.506508,-24.8751,-28.962566,-26.949116,-23.624363,-25.979244,-31.211435,-27.016327,-26.77581,-24.406359,-23.605461,-27.406094,-24.2729,-25.366156,-27.002905,-28.029324,-24.802664,-26.618307,-32.850494,-30.032936,-27.536304,-27.10471,-24.899374,-25.94104,-22.241232,-21.361519,-23.941395,-26.756584,-27.712965,-24.808596,-23.767553,-25.339062,-22.796501,-22.974564,-30.798792,-32.971508,-30.123367,-32.884804,-33.335606,-31.458227,-33.463924,-36.424164,-37.374237,-32.642757,-32.32388,-39.315926,-36.482624,-37.54366,-40.56009,-36.110535,-38.76491,-37.325825,-32.074104,-30.779404,-31.306057,-23.624977,-24.440369,-27.266182,-26.765543,-23.835743,-26.444052,-28.0293,-28.141075,-29.228527,-27.125843,-30.129818,-30.130291,-32.131992,-30.20984,-27.367275,-26.936632,-27.19477,-26.415344,-27.666018,-26.737688,-26.474827,-23.46731,-24.114767,-25.87253,-27.797031,-25.619686,-26.562187,-28.099432,-28.373453,-27.704018,-30.25507,-27.691252,-26.221878,-30.337128,-30.086739,-24.500185,-23.873726,-32.281406,-26.479889,-23.059753,-26.448586,-26.292822,-27.179626,-30.035076,-32.872826,-28.827742,-28.948284,-27.330658,-26.78485,-26.558813,-29.86869,-29.120941,-29.026783,-28.555647,-28.857927,-33.639248,-27.559734,-24.873476,-27.281595,-26.172121,-21.59504,-24.212868,-30.524197,-27.878944,-25.987015,-24.108618,-22.260391,-22.885536,-24.94387,-24.53401,-31.042356,-33.34655,-28.923677,-27.008032,-23.439507,-27.422188,-29.750648,-30.716051,-27.96801,-30.438599,-26.237856,-23.337479,-23.401646,-25.918392,-25.102713,-25.42197,-24.694088,-24.278614,-25.87693,-27.399302,-27.192799,-26.903738,-25.493702,-27.038418,-23.243267,-25.902664,-30.277504,-33.354904,-26.291332,-24.839043,-22.098755,-22.858932,-23.003958,-24.311884,-31.592735,-29.453506,-24.317883,-23.378788,-29.511116,-29.33704,-26.646976,-24.436924,-27.755527,-31.593952,-29.596329,-26.664215,-25.406124,-21.983324,-24.912521,-28.991447,-24.501526,-22.09298,-24.410719,-22.334349,-25.204117,-27.932915,-27.636505,-22.603865,-24.567722,-26.964668,-23.065928,-23.566593,-27.870308,-26.648026,-31.452667,-32.52539,-26.494852,-24.301231,-28.161674,-24.7302,-27.102692,-26.277502,-24.283558,-27.630117,-31.106663,-28.51451,-27.999323,-27.0758,-24.234594,-23.055227,-24.006252,-28.930813,-32.276154,-29.100388,-28.171383,-26.889568,-24.901281,-24.595985,-25.80275,-26.329123,-32.326397,-28.557182,-24.131256,-24.349808,-27.41452,-29.518545,-26.445969,-28.177362,-26.728699,-23.886976,-30.255104,-27.168968,-22.819246,-22.834415,-26.052288,-24.302614,-22.904037,-26.986633,-26.580801,-25.322948,-25.132534,-26.35964,-25.339846,-22.16645,-22.521706,-28.148249,-26.227169,-24.268742,-23.592117,-23.529016,-23.125954,-24.04965,-28.59363,-31.68945,-31.231386,-33.846413,-31.627886,-23.985023,-23.625853,-28.31774,-26.7328,-28.312954,-29.407234,-30.682234,-26.429234,-24.474976,-22.437283,-25.52304,-26.33231,-29.637787,-27.351517,-24.184505,-24.236603,-28.401093,-22.694471,-25.612736,-28.307533,-23.363403,-25.222935,-28.975044,-26.643179,-29.524387,-25.53656,-23.831295,-23.49679,-25.7918,-26.588009,-28.37519,-28.803404,-26.807768,-24.500795,-25.303398,-29.387077,-24.691212,-24.340172,-25.811367,-27.450464,-24.137497,-26.739414,-28.022152,-26.468315,-28.495245,-26.375042,-23.744507,-24.63046,-28.57835,-29.13654,-33.92306,-28.68492,-23.677193,-27.398281,-28.607573,-28.96257,-28.753773,-22.997355,-23.991024,-29.788624,-26.94191,-26.327118,-26.789488,-24.090624,-24.494246,-26.556452,-23.032639,-21.176281,-26.058361,-31.111492,-31.15328,-25.581453,-23.040829,-24.184673,-20.937798,-25.287025,-27.700386,-25.338541,-26.716599,-29.229975,-28.105509,-27.54535,-24.176785,-26.300306,-30.425308,-27.825737,-22.802786,-23.978218,-28.137505,-29.445627,-24.25085,-24.053333,-24.423382,-32.26607,-34.37814,-31.943827,-27.78356,-24.473026,-22.105526,-26.469707,-30.81218,-26.946487,-27.019566,-26.060051,-29.388405,-24.03735,-21.781263,-22.596746,-24.873295,-28.647041,-26.139534,-27.314898,-26.50795,-30.457481,-32.67019,-32.259224,-24.680931,-22.11821,-23.566929,-24.68216,-25.78054,-25.181347,-24.850407,-24.157358,-23.637615,-22.299458,-20.47141,-20.03899,-26.309727,-26.587015,-27.156925,-29.279015,-27.588568,-24.302025,-27.235548,-32.909412,-29.04639,-29.183815,-29.463606,-25.984037,-26.241085,-25.078707,-23.71387,-25.352585,-27.431866,-26.371006,-24.556017,-27.342457,-23.637836,-20.813309,-24.158497,-27.097916,-31.930157,-33.308445,-31.3885,-25.925562,-27.091612,-27.693062,-27.64244,-29.581297,-29.103579,-31.255428,-28.405197,-26.45016,-24.629177,-29.770134,-31.136272,-25.001614,-24.65031,-29.871578,-28.282063,-25.671535,-26.719048,-27.741215,-28.988548,-32.290573,-34.60761,-30.533646,-27.58419,-28.413189,-26.1264,-20.171911,-21.564085,-25.03571,-26.780384,-27.639366,-23.665653,-23.59564,-27.240955,-27.038767,-27.943731,-25.657627,-24.194511,-27.263302,-26.220104,-27.597614,-28.13404,-29.57727,-33.518845,-31.891125,-26.872448,-27.03491,-21.685865,-23.610495,-31.55484,-27.9174,-24.106573,-26.929415,-25.184422,-22.75856,-25.58311,-24.786549,-26.775278,-26.745817,-25.18581,-25.733562,-28.228607,-27.711521,-21.99533,-24.842876,-26.742186,-25.87373,-25.419018,-32.52561,-32.420906,-29.598576,-24.384958,-23.744728,-26.766844,-28.562916,-32.670063,-25.598824,-21.429903,-25.30183,-25.319275,-22.644531,-23.735907,-27.51725,-22.571093,-23.517996,-28.593966,-33.774406,-30.454153,-28.939045,-27.274647,-26.981411,-26.390476,-27.390352,-27.297302,-31.578568,-27.305408,-28.8934,-25.495697,-24.287794,-22.462393,-24.161472,-27.844963,-25.734097,-21.36285,-23.390684,-25.349564,-27.482672,-27.587105,-29.19669,-31.797478,-25.686632,-25.10505,-30.968716,-30.70256,-24.021742,-25.229725,-25.332916,-28.021187,-27.049908,-24.163769,-26.132431,-28.79178,-25.093136,-27.515118,-26.33931,-23.36816,-25.913298,-30.047186,-32.22492,-29.230915,-27.457724,-30.885582,-31.568792,-27.878601,-29.37921,-40.074314,-42.01322,-41.3686,-41.110863,-41.59002,-41.48552,-41.591145,-41.452736,-39.246098,-43.23313,-62.321053,-80.0,-80.0,-80.0,-80.0,-80.0,-80.0,-80.0,-80.0,-80.0,-80.0,-80.0,-80.0,-80.0,-80.0,-80.0,-80.0,-80.0,-80.0,-80.0,-80.0,-80.0,-80.0,-80.0,-80.0,-80.0,-80.0,-80.0,-80.0,-80.0,-80.0,-80.0,-80.0,-80.0,-80.0,-80.0,-80.0,-80.0,-80.0,-80.0,-80.0,-80.0,-80.0,-80.0,-80.0,-80.0,-80.0,-80.0,-80.0,-80.0,-80.0,-80.0,-80.0,-80.0,-80.0,-80.0,-80.0,-80.0,-80.0,-80.0,-80.0,-80.0,-80.0,-80.0,-80.0,-80.0,-80.0,-80.0,-80.0,-80.0,-80.0,-80.0,-80.0,-80.0,-80.0,-80.0,-80.0,-80.0,-80.0,-80.0,-80.0,-80.0,-80.0,-80.0,-80.0,-80.0,-80.0,-80.0,-80.0,-80.0,-80.0,-80.0,-80.0,-80.0,-80.0
-28.618874,-23.26708,-25.794405,-26.86242,-24.99448,-25.39294,-24.118143,-23.474033,-26.138254,-26.58052,-31.80706,-31.329346,-28.445276,-25.002932,-21.95994,-21.362782,-24.682682,-26.820704,-26.165913,-26.401773,-25.773294,-26.93442,-25.88171,-30.323612,-32.86194,-31.936232,-25.855185,-21.11618,-24.686043,-28.79124,-26.405916,-25.066616,-25.019543,-26.010517,-26.002384,-24.045563,-21.579227,-21.169472,-25.18009,-28.048557,-27.474398,-26.91571,-29.7745,-25.020996,-24.184162,-28.065058,-31.802532,-34.20581,-35.899185,-29.587746,-24.735348,-28.574286,-28.085224,-24.542511,-23.292732,-23.868126,-23.360437,-24.202301,-26.054703,-26.434792,-29.527544,-24.865736,-25.011473,-30.399172,-30.440742,-24.136438,-25.878506,-28.559544,-24.163614,-26.389362,-28.46413,-28.292845,-31.676159,-25.760689,-23.716328,-23.198774,-25.25378,-26.393135,-26.846136,-25.661682,-23.848219,-24.944504,-30.1489,-28.984385,-25.905823,-23.457308,-26.905903,-23.388824,-22.717611,-22.979317,-26.895874,-32.56256,-34.53771,-27.595032,-26.603224,-25.920183,-20.657686,-22.986963,-26.093334,-24.52092,-25.73906,-24.787834,-24.557257,-30.27426,-30.155037,-26.763016,-24.559032,-22.31932,-22.57995,-27.545126,-29.080229,-33.48773,-32.95321,-31.131945,-28.998348,-28.755497,-31.339537,-35.883377,-35.77438,-33.370445,-34.3809,-40.497192,-35.967392,-37.790424,-43.73124,-40.799637,-41.894897,-37.41217,-28.175148,-25.827297,-27.79284,-26.287643,-26.760601,-31.748793,-29.930714,-28.1069,-24.545006,-22.02372,-25.711613,-29.560822,-27.796078,-28.059155,-29.759161,-28.22692,-28.038929,-30.106602,-30.769842,-30.214394,-31.88949,-30.812393,-25.16208,-22.557545,-24.740437,-24.581806,-26.188065,-23.976028,-25.620003,-27.673618,-27.47608,-28.882153,-29.379705,-33.337357,-34.7337,-28.076347,-28.215015,-32.05197,-28.289875,-25.03482,-26.726784,-29.916315,-28.416039,-24.042336,-25.109224,-24.056393,-27.543911,-31.677973,-26.969265,-27.391277,-28.527103,-24.109488,-26.879799,-29.589422,-29.958277,-33.68334,-29.593033,-30.513302,-32.896988,-30.324804,-29.251385,-26.073135,-29.399323,-27.40335,-25.61012,-27.112099,-28.074093,-27.141802,-25.211908,-22.709538,-27.01162,-26.33434,-23.505821,-25.105711,-23.464195,-24.976921,-25.490894,-26.95453,-30.646935,-29.868889,-34.00136,-32.217316,-30.18,-27.754066,-29.328808,-25.346169,-25.242584,-26.047844,-30.071413,-23.940258,-21.880438,-27.275051,-28.087471,-26.912785,-26.280762,-28.614683,-26.677929,-26.512589,-25.88583,-24.866455,-31.03345,-26.444738,-25.4764,-29.48886,-25.158422,-21.827215,-24.10052,-31.375683,-30.288607,-28.89734,-24.202847,-26.171494,-23.137724,-23.638283,-26.783491,-29.130135,-31.713123,-25.910288,-25.356724,-28.311272,-25.22763,-25.78869,-29.306583,-25.506662,-25.93549,-26.512363,-24.434872,-29.63895,-28.528023,-23.573135,-24.50557,-25.896313,-26.46149,-20.625103,-22.850471,-28.298565,-28.772655,-26.915386,-28.774582,-24.264648,-24.409746,-23.301697,-25.578812,-31.385117,-31.036337,-30.067692,-23.707264,-20.59187,-23.239353,-26.450947,-29.29948,-26.24639,-20.617409,-23.59368,-26.264063,-26.207977,-25.322975,-22.806479,-22.49201,-23.418734,-26.73938,-25.719608,-24.963406,-25.174925,-30.39115,-28.574753,-24.333214,-26.481747,-27.937939,-25.190529,-25.005745,-27.99843,-26.542892,-25.572783,-24.386806,-21.186642,-21.875168,-26.757496,-27.450672,-23.969088,-23.23959,-23.500614,-20.632114,-24.102684,-30.465916,-29.096344,-28.372543,-28.028896,-31.454405,-33.67673,-32.967457,-24.065338,-21.004095,-23.871954,-25.933939,-27.149363,-26.398687,-31.629738,-29.544209,-27.382792,-25.911705,-26.26273,-25.70126,-28.164013,-30.978321,-24.290257,-23.684574,-27.166393,-27.898836,-27.775978,-27.635984,-25.585264,-28.818052,-28.363169,-28.354324,-28.365295,-29.6763,-27.59464,-27.203106,-27.144543,-24.416904,-26.902037,-26.050268,-27.029078,-25.15501,-26.50755,-23.33546,-23.057373,-26.267935,-27.86327,-30.361464,-30.047087,-25.802576,-24.787888,-27.037794,-23.43623,-24.077442,-24.903664,-26.931229,-30.090952,-26.9226,-28.656769,-26.317362,-23.94655,-24.788036,-28.439142,-24.994019,-22.896114,-24.760662,-31.07622,-33.561317,-26.145905,-24.35379,-26.670189,-26.509142,-29.406872,-34.353016,-29.93038,-28.11684,-27.816551,-25.018166,-22.95744,-23.373808,-25.44894,-25.196688,-25.19131,-27.110767,-24.205267,-24.728432,-32.115864,-30.426653,-23.809784,-24.18766,-24.40485,-23.864075,-25.326715,-21.49723,-20.507246,-21.392557,-24.857866,-31.7302,-28.161116,-24.630482,-23.870098,-24.144135,-25.717245,-26.895712,-25.794685,-23.368689,-27.228052,-27.27198,-26.332243,-26.646547,-27.457012,-24.27628,-25.122854,-28.661224,-24.15964,-26.78085,-29.313532,-26.74004,-23.352062,-24.906208,-28.201143,-29.002016,-24.861225,-26.471745,-26.906279,-28.355814,-26.74826,-27.358414,-29.582373,-27.568203,-28.05375,-27.983974,-27.88874,-29.142582,-26.524626,-26.215088,-28.179638,-27.80667,-26.647537,-25.656548,-21.697325,-23.72308,-24.81529,-20.900173,-24.201447,-25.449362,-24.635117,-29.247353,-30.449627,-26.09048,-20.730356,-21.851593,-24.814241,-28.57931,-25.662254,-24.647652,-24.74905,-27.47077,-29.48983,-27.317963,-27.125769,-28.369633,-27.266266,-22.831308,-22.88538,-21.869408,-23.736897,-26.025764,-30.238789,-31.162058,-28.362667,-28.768648,-26.892126,-26.822903,-27.005392,-26.746891,-31.87667,-30.808537,-27.658411,-27.320145,-24.550697,-24.206406,-28.585365,-24.624634,-23.205439,-22.560146,-25.23768,-26.96019,-27.235126,-27.1917,-28.735744,-31.482456,-33.232456,-28.873604,-26.123377,-29.048672,-28.213123,-28.3253,-23.287941,-25.327728,-27.117878,-26.609234,-25.082588,-22.008636,-24.82096,-25.609116,-27.646017,-25.800228,-27.585312,-26.994293,-23.83869,-25.49853,-25.492577,-24.200214,-25.109684,-31.897276,-29.541,-24.663984,-26.59448,-26.990807,-29.568779,-34.04431,-27.8358,-29.172588,-32.24455,-24.862297,-20.552637,-21.239876,-22.91111,-23.923817,-28.951385,-28.186857,-27.07094,-31.033918,-31.179787,-23.454266,-24.244804,-27.270597,-25.71375,-28.212927,-29.036415,-27.019548,-26.216124,-28.942806,-31.076767,-30.665848,-28.464317,-29.58783,-29.764992,-25.533188,-28.601883,-31.58399,-24.612259,-24.634283,-26.765694,-22.955902,-24.387497,-26.898802,-27.207806,-28.415321,-26.77335,-29.771954,-25.810783,-23.244362,-28.065866,-28.685188,-26.439947,-28.532135,-35.0332,-27.654724,-24.421652,-26.198532,-26.081722,-25.543724,-23.34801,-24.477512,-27.381622,-24.264496,-25.56393,-23.092499,-24.556343,-33.163815,-30.632992,-25.466927,-25.877302,-31.614664,-23.097862,-24.175335,-24.992828,-24.041119,-26.362642,-24.281227,-25.910437,-28.151184,-26.394398,-23.112352,-25.95987,-27.92355,-29.62745,-29.953537,-25.787052,-27.91855,-29.396608,-29.551247,-31.824997,-30.266365,-33.267925,-35.628044,-34.699116,-34.904213,-34.985863,-34.83775,-34.85325,-34.820522,-34.874336,-36.93859,-44.071594,-66.53824,-80.0,-80.0,-80.0,-80.0,-80.0,-80.0,-80.0,-80.0,-80.0,-80.0,-80.0,-80.0,-80.0,-80.0,-80.0,-80.0,-80.0,-80.0,-80.0,-80.0,-80.0,-80.0,-80.0,-80.0,-80.0,-80.0,-80.0,-80.0,-80.0,-80.0,-80.0,-80.0,-80.0,-80.0,-80.0,-80.0,-80.0,-80.0,-80.0,-80.0,-80.0,-80.0,-80.0,-80.0,-80.0,-80.0,-80.0,-80.0,-80.0,-80.0,-80.0,-80.0,-80.0,-80.0,-80.0,-80.0,-80.0,-80.0,-80.0,-80.0,-80.0,-80.0,-80.0,-80.0,-80.0,-80.0,-80.0,-80.0,-80.0,-80.0,-80.0,-80.0,-80.0,-80.0,-80.0,-80.0,-80.0,-80.0,-80.0,-80.0,-80.0,-80.0,-80.0,-80.0,-80.0,-80.0,-80.0,-80.0,-80.0,-80.0,-80.0,-80.0,-80.0,-80.0
-28.891098,-24.043861,-26.033203,-29.326754,-23.501091,-21.6959,-26.56169,-25.715998,-24.156225,-24.437794,-24.816128,-28.849237,-28.073019,-25.444294,-24.362938,-22.3875,-26.390184,-29.962364,-25.49096,-25.870472,-27.583961,-28.463043,-30.067398,-34.204338,-32.76454,-29.112698,-27.988525,-27.464264,-27.909485,-24.54243,-23.874693,-24.458733,-25.403969,-23.92522,-25.051472,-24.485874,-19.310555,-18.598726,-21.504435,-26.914688,-29.32714,-31.353455,-27.596725,-27.05588,-24.93047,-25.261496,-25.418367,-25.669153,-30.424698,-27.918354,-27.238428,-26.336365,-28.762135,-30.267977,-27.000507,-28.263487,-28.902813,-27.272945,-23.998238,-25.119633,-27.496525,-28.129519,-28.218431,-32.32523,-28.555387,-27.672688,-28.396152,-25.15475,-26.354486,-27.29568,-31.597908,-32.386127,-35.30598,-27.455635,-24.742311,-24.775723,-28.30115,-25.658936,-21.389477,-24.33478,-27.694979,-30.175623,-33.34443,-41.06903,-32.464073,-28.012709,-28.68736,-26.273903,-27.104221,-25.58667,-24.499882,-25.765446,-31.388369,-28.46019,-28.379604,-25.062168,-24.89293,-25.608885,-27.104706,-28.891947,-30.76741,-27.203882,-26.03141,-29.921541,-30.386204,-25.73417,-22.684593,-21.94285,-27.007164,-30.738443,-33.618923,-33.262028,-32.821297,-37.66177,-33.300354,-31.400234,-34.42225,-37.773594,-34.92804,-33.94181,-36.188538,-46.132744,-39.108925,-36.335396,-42.399208,-46.83176,-42.60679,-41.372997,-29.988033,-26.754665,-29.649261,-25.951866,-23.673573,-30.43603,-33.669765,-30.20682,-24.565624,-24.277906,-28.961977,-29.083097,-27.511982,-27.782986,-27.526512,-24.003307,-26.450115,-38.52124,-30.605455,-23.81234,-24.366257,-29.398842,-28.49765,-29.079094,-29.335018,-23.455513,-24.147594,-25.688202,-25.433195,-25.074593,-24.58359,-26.78803,-30.057339,-34.65355,-34.10279,-29.850924,-25.645449,-25.592722,-28.888147,-22.66497,-21.44428,-25.709112,-28.180761,-27.083082,-26.38708,-26.61397,-26.577324,-27.518684,-26.069736,-25.799732,-25.952633,-24.599934,-25.796013,-30.458805,-29.330864,-28.68649,-27.416893,-25.53021,-29.702015,-29.28963,-25.410212,-24.796762,-30.467566,-28.772125,-22.140549,-23.222176,-26.448925,-26.015398,-25.657522,-24.020573,-27.93206,-26.00599,-22.897736,-23.002258,-21.675842,-24.098866,-25.78893,-29.55222,-27.141499,-28.41352,-30.926662,-26.00854,-26.57836,-29.883896,-28.643797,-27.23712,-26.851578,-26.980595,-27.313509,-29.250725,-27.535397,-25.712006,-26.508905,-29.551416,-26.285275,-23.164349,-24.256996,-22.944706,-25.524567,-24.681484,-24.539583,-26.296734,-26.706455,-26.403019,-26.954927,-26.690033,-26.99982,-24.794876,-27.420263,-23.967896,-23.850563,-25.933573,-25.955448,-25.302122,-25.53162,-26.964806,-28.534065,-25.622383,-26.04211,-26.503452,-29.692713,-34.792038,-29.7449,-26.194202,-26.13107,-26.41157,-28.536118,-29.674397,-28.427023,-24.99216,-22.324665,-23.238716,-29.939112,-29.277174,-24.072178,-21.967604,-26.71595,-29.88282,-24.35065,-23.047249,-25.412617,-24.251686,-30.564344,-34.952526,-30.312042,-26.828129,-23.966839,-19.363937,-21.044584,-27.78387,-24.538723,-24.387558,-23.530647,-24.5765,-27.0257,-30.136261,-28.86207,-27.268799,-27.667698,-27.7431,-29.573118,-28.60656,-24.45855,-26.149094,-29.202896,-27.433071,-24.144611,-24.822266,-26.607645,-24.252722,-25.185474,-26.063816,-25.863522,-22.50071,-24.937214,-27.75515,-23.00659,-21.959782,-24.229336,-25.089378,-22.85083,-26.929111,-26.517654,-25.925083,-25.875027,-23.762457,-25.18007,-24.496288,-26.542572,-26.1781,-30.03254,-27.833336,-26.023806,-24.23497,-22.384651,-25.905659,-27.11704,-28.816227,-25.55656,-23.881989,-25.222042,-27.097486,-26.045113,-25.285086,-29.595327,-28.160133,-28.574821,-26.98344,-27.79535,-27.291025,-27.139263,-25.44994,-26.345581,-26.842255,-25.879896,-27.892445,-27.96571,-28.481861,-29.167675,-28.715597,-30.44666,-26.89468,-27.238146,-30.384705,-29.92992,-26.48267,-27.69949,-30.759222,-26.267527,-24.888062,-28.027601,-25.702244,-24.432264,-22.935946,-27.54818,-28.3004,-24.800236,-23.976803,-26.009638,-32.217,-31.04682,-27.532938,-27.94699,-27.146042,-25.874367,-31.112223,-32.12413,-27.446892,-25.819038,-30.939638,-31.882938,-24.255924,-22.4742,-25.193634,-24.538092,-27.953693,-30.989649,-26.225174,-27.179401,-26.235931,-27.314434,-26.340542,-24.552505,-26.636236,-25.98442,-24.899582,-27.399506,-23.290123,-24.145256,-32.81247,-33.048626,-27.741247,-24.416964,-26.208248,-27.957832,-24.054384,-22.393019,-25.658684,-26.742357,-24.981354,-25.13013,-23.17865,-23.641037,-23.688002,-24.521519,-28.210405,-30.446785,-30.528759,-27.68426,-28.86673,-31.33519,-31.3077,-26.746107,-25.284508,-22.601551,-23.03946,-23.481068,-26.289309,-31.753805,-31.73345,-28.496084,-25.005093,-23.433199,-28.160732,-29.448996,-34.200424,-28.495295,-27.62983,-26.081926,-23.80927,-26.370975,-33.594143,-31.661,-28.135786,-26.322517,-23.839497,-24.302303,-26.746542,-25.380745,-24.696962,-26.916225,-27.712936,-28.26896,-25.273977,-23.956873,-25.331451,-28.951424,-32.467545,-27.465347,-21.077772,-22.310974,-27.990818,-26.14993,-24.307758,-24.171871,-26.458855,-29.214317,-29.90764,-27.66598,-27.725689,-29.08476,-28.083939,-25.155361,-22.240543,-23.383049,-29.139147,-29.06937,-28.296757,-22.926949,-23.94831,-29.641146,-33.54605,-34.21708,-30.098106,-31.57588,-28.90501,-25.037596,-25.112553,-33.538937,-29.724773,-28.991121,-26.603344,-22.744421,-22.978119,-28.975344,-29.460485,-28.54022,-29.294561,-24.781391,-24.403524,-28.733234,-28.154037,-25.426155,-21.02938,-22.473055,-25.661873,-28.845905,-24.101494,-24.223228,-29.72565,-30.696663,-28.226221,-27.726334,-27.006464,-25.739574,-22.489052,-24.443256,-28.385857,-26.104992,-26.889828,-31.33326,-31.46659,-25.910696,-25.282852,-30.278755,-27.094843,-25.362284,-23.895727,-29.174343,-22.8251,-23.310707,-23.47374,-27.28078,-31.330454,-27.369652,-24.918098,-24.688519,-28.749126,-32.0311,-30.23843,-28.190788,-34.055748,-33.03312,-28.945633,-29.742699,-32.029934,-34.618538,-34.385338,-31.020155,-29.535305,-27.720367,-27.097033,-26.286934,-25.72402,-24.167326,-25.20721,-29.205923,-29.908266,-29.422579,-29.683537,-30.237164,-27.45064,-26.779102,-27.949604,-31.257465,-24.391733,-25.102467,-27.01521,-22.363684,-24.941233,-30.422647,-29.706211,-30.485975,-29.134836,-28.026508,-29.729725,-30.431032,-30.560616,-30.406588,-25.038895,-27.452305,-30.795141,-32.3722,-30.077667,-29.462433,-28.652252,-25.443851,-25.383745,-29.844093,-30.541878,-29.726715,-31.799034,-24.447865,-24.991299,-33.672855,-36.107056,-28.130392,-26.413359,-28.962967,-22.786055,-24.712296,-28.868757,-24.2165,-24.865078,-25.363127,-26.986147,-29.153652,-28.429764,-28.488579,-28.7089,-29.3244,-25.317377,-26.93591,-25.634731,-22.426905,-23.255856,-25.453388,-25.035006,-28.964249,-32.865257,-37.238503,-38.663013,-38.81448,-38.921936,-38.727016,-38.823765,-38.789513,-38.744926,-40.569927,-47.071857,-71.200775,-80.0,-80.0,-80.0,-80.0,-80.0,-80.0,-80.0,-80.0,-80.0,-80.0,-80.0,-80.0,-80.0,-80.0,-80.0,-80.0,-80.0,-80.0,-80.0,-80.0,-80.0,-80.0,-80.0,-80.0,-80.0,-80.0,-80.0,-80.0,-80.0,-80.0,-80.0,-80.0,-80.0,-80.0,-80.0,-80.0,-80.0,-80.0,-80.0,-80.0,-80.0,-80.0,-80.0,-80.0,-80.0,-80.0,-80.0,-80.0,-80.0,-80.0,-80.0,-80.0,-80.0,-80.0,-80.0,-80.0,-80.0,-80.0,-80.0,-80.0,-80.0,-80.0,-80.0,-80.0,-80.0,-80.0,-80.0,-80.0,-80.0,-80.0,-80.0,-80.0,-80.0,-80.0,-80.0,-80.0,-80.0,-80.0,-80.0,-80.0,-80.0,-80.0,-80.0,-80.0,-80.0,-80.0,-80.0,-80.0,-80.0,-80.0,-80.0,-80.0,-80.0,-80.0
-32.804905,-28.154919,-29.021187,-28.818138,-25.518185,-24.514153,-27.158016,-24.5221,-22.763643,-22.25595,-25.655788,-29.196693,-29.248463,-25.806416,-24.53347,-27.107468,-32.141,-30.55053,-27.599573,-25.5987,-30.899387,-32.690304,-27.80107,-24.153252,-23.902643,-28.59724,-30.321173,-24.642292,-24.730936,-26.293163,-26.730942,-30.768162,-30.192947,-27.279915,-26.287434,-28.261213,-26.861729,-25.998365,-25.177034,-27.718372,-28.396294,-29.384382,-24.72895,-26.05572,-21.720503,-20.448933,-26.223753,-23.885258,-26.015541,-24.9864,-25.718697,-24.566483,-25.045567,-27.355797,-26.619371,-23.760086,-25.48803,-36.23242,-33.16805,-29.94493,-28.543484,-27.661434,-30.198738,-33.67122,-31.6454,-32.252506,-30.665573,-27.769728,-23.084044,-22.913578,-27.849388,-25.609146,-24.161533,-26.10987,-25.30611,-22.685345,-28.087313,-29.81241,-24.320042,-24.885662,-24.458456,-25.59378,-32.23532,-34.342873,-27.75931,-28.061964,-26.224459,-25.390839,-25.017895,-28.534824,-26.428503,-25.708488,-30.845587,-27.742666,-27.205784,-24.788588,-27.645037,-26.40107,-26.59372,-24.743599,-27.491772,-24.820421,-26.781887,-27.894669,-26.058153,-22.065914,-22.123222,-25.353031,-28.042854,-29.203197,-30.7234,-32.605904,-32.31942,-38.652042,-40.30487,-40.152786,-36.269268,-39.52525,-38.70079,-39.85142,-37.98465,-43.138954,-40.190895,-33.634014,-36.499416,-41.581856,-41.05207,-37.61792,-29.79763,-28.439415,-28.14529,-24.551231,-23.890347,-31.615053,-39.599373,-30.048979,-24.77854,-26.427013,-29.290947,-27.079449,-26.754253,-24.979261,-26.142157,-27.655077,-29.722776,-29.591803,-24.709564,-24.095985,-25.283241,-24.839342,-25.558186,-26.10978,-29.13697,-27.18337,-25.024508,-25.648682,-23.79549,-24.869438,-26.286749,-25.934292,-28.145433,-30.521015,-26.100063,-27.67917,-28.255823,-28.18366,-28.880508,-26.204575,-23.060799,-21.824629,-24.126205,-28.779753,-31.13778,-30.49177,-28.78036,-27.049973,-24.833246,-26.050756,-22.981148,-24.350616,-26.824059,-27.127325,-28.01778,-29.583237,-28.006935,-25.84829,-30.506397,-31.423347,-28.748404,-23.192974,-23.106487,-25.566545,-24.771786,-26.922083,-26.064995,-23.417162,-27.511433,-28.055658,-29.988365,-28.431587,-27.331636,-29.65366,-24.365393,-23.355135,-26.075169,-26.780767,-28.663898,-29.052052,-27.893911,-28.658695,-27.172901,-27.578402,-25.557316,-29.006111,-29.32825,-26.736206,-22.564299,-23.142399,-21.515947,-22.712627,-24.82406,-24.549625,-30.019796,-28.234686,-24.153114,-23.55038,-29.250614,-29.545412,-26.83118,-27.257404,-26.008013,-23.421392,-26.885227,-27.666197,-26.298662,-22.428932,-26.788483,-27.462944,-28.041512,-25.92784,-25.651129,-29.25486,-28.277609,-26.15364,-30.65062,-27.52565,-25.40567,-27.496067,-28.711256,-27.939243,-28.075089,-26.733013,-27.346344,-22.234688,-24.056444,-28.283405,-26.35397,-28.970972,-27.457905,-27.283978,-26.203468,-25.156843,-26.54855,-24.74069,-22.801441,-25.363184,-25.70152,-26.481226,-29.99291,-30.951302,-28.639,-29.356606,-30.551075,-26.591877,-25.123241,-23.813292,-26.702442,-29.643711,-24.978573,-24.323034,-25.428028,-26.253983,-27.412327,-29.944632,-30.661898,-31.281721,-26.00076,-23.928955,-23.838179,-25.595526,-27.58722,-29.963276,-30.440578,-29.329058,-32.992046,-32.409557,-24.809324,-22.969517,-24.553425,-26.596651,-27.023764,-23.365448,-23.89385,-25.80853,-29.545656,-28.093273,-25.499504,-23.624916,-23.526915,-26.48187,-27.214825,-24.001461,-24.945137,-28.894615,-28.501976,-29.073645,-27.090168,-27.417805,-29.374634,-25.450241,-26.983643,-28.292704,-22.210236,-24.892578,-25.712091,-27.559404,-26.526047,-28.437176,-33.90404,-31.040245,-28.55171,-26.249128,-27.139154,-33.361504,-27.118498,-25.176548,-27.676292,-23.823935,-24.21011,-25.041435,-26.803043,-31.206514,-24.525623,-24.044373,-23.580177,-22.121643,-23.091564,-27.539665,-30.857622,-30.373238,-29.173397,-29.103003,-31.323818,-31.33515,-29.155083,-27.124666,-25.266129,-23.727037,-26.091017,-28.44356,-27.067673,-26.02967,-31.539028,-29.842125,-25.8014,-24.163147,-24.395601,-28.465462,-29.087318,-27.944576,-23.894346,-26.052547,-28.510466,-29.188183,-28.071457,-24.934807,-28.402134,-33.261276,-29.512745,-26.133427,-26.29786,-28.442562,-26.11774,-26.278206,-24.172913,-23.20219,-25.89144,-22.444855,-23.907845,-25.617617,-24.897217,-27.812738,-28.075268,-27.972958,-29.919674,-28.539698,-25.766369,-29.583351,-31.72065,-30.454163,-28.983784,-29.29821,-27.084566,-21.783371,-20.201029,-24.368662,-29.584545,-29.629055,-30.513643,-26.478804,-24.306152,-25.566097,-23.333687,-25.729752,-27.718325,-24.576733,-25.78566,-27.58356,-30.216906,-27.025312,-27.061747,-28.48989,-26.366796,-24.301815,-23.586071,-22.187185,-24.491787,-25.871492,-23.103651,-24.89151,-24.95964,-27.796085,-31.09516,-25.408188,-23.238274,-22.110033,-24.140436,-23.453232,-24.877796,-25.451036,-28.020624,-26.445583,-23.849922,-24.223223,-26.830393,-29.41464,-29.25191,-25.820429,-22.367569,-23.373592,-27.197733,-24.396603,-27.383745,-27.08131,-25.715263,-29.163162,-26.510601,-20.59996,-24.202425,-28.615036,-28.94105,-31.447178,-22.403427,-22.64438,-29.770208,-30.110409,-30.990158,-30.371195,-28.058405,-26.618069,-25.78315,-24.020634,-28.25903,-27.918396,-26.320995,-27.669914,-22.662909,-23.676992,-32.238297,-32.12135,-31.373415,-31.307165,-32.665894,-32.69592,-24.325064,-25.781267,-30.044706,-26.832413,-21.641254,-20.900097,-26.698925,-29.56489,-31.600971,-32.688755,-29.66077,-28.88068,-26.896755,-25.663204,-27.817694,-27.456327,-25.356071,-25.05825,-26.204472,-25.10532,-29.15615,-24.873856,-27.274002,-31.361317,-27.478928,-24.254328,-28.704678,-30.718996,-29.469685,-27.278107,-28.446241,-28.91859,-32.070236,-33.65752,-31.029774,-26.916056,-25.051003,-28.220053,-26.846031,-28.078299,-28.502869,-25.692759,-26.993004,-24.327944,-24.365896,-23.266582,-23.648462,-26.660202,-25.082684,-25.339401,-27.088276,-24.633526,-24.52272,-27.76709,-26.677576,-26.255667,-27.44863,-21.185204,-22.256325,-28.379736,-31.834408,-27.02512,-26.898386,-31.449566,-23.071487,-21.16856,-24.688683,-25.25971,-26.097004,-30.341599,-30.369751,-24.78541,-26.122208,-26.06338,-29.2574,-26.093098,-24.692446,-26.26355,-28.10698,-22.71027,-26.680283,-26.872524,-25.306942,-30.826653,-29.830986,-26.912453,-24.544945,-24.859962,-31.645813,-36.81547,-36.034546,-29.40017,-28.282633,-29.340054,-30.919497,-26.389128,-24.976545,-25.018198,-25.676239,-22.445889,-26.612194,-30.296328,-25.377075,-24.79488,-27.845608,-28.81667,-26.61285,-24.208094,-29.270546,-35.11422,-31.189693,-24.441956,-24.240282,-24.417665,-27.373634,-30.70289,-31.038897,-25.770813,-23.375315,-27.528906,-30.309061,-29.368156,-28.133003,-27.530602,-28.18513,-29.622677,-28.626385,-29.042389,-28.906183,-31.434654,-28.990921,-23.472797,-23.401665,-26.623402,-39.27518,-47.031555,-46.38016,-46.05385,-46.668037,-46.41376,-46.53705,-46.50215,-43.82743,-47.77867,-66.96796,-80.0,-80.0,-80.0,-80.0,-80.0,-80.0,-80.0,-80.0,-80.0,-80.0,-80.0,-80.0,-80.0,-80.0,-80.0,-80.0,-80.0,-80.0,-80.0,-80.0,-80.0,-80.0,-80.0,-80.0,-80.0,-80.0,-80.0,-80.0,-80.0,-80.0,-80.0,-80.0,-80.0,-80.0,-80.0,-80.0,-80.0,-80.0,-80.0,-80.0,-80.0,-80.0,-80.0,-80.0,-80.0,-80.0,-80.0,-80.0,-80.0,-80.0,-80.0,-80.0,-80.0,-80.0,-80.0,-80.0,-80.0,-80.0,-80.0,-80.0,-80.0,-80.0,-80.0,-80.0,-80.0,-80.0,-80.0,-80.0,-80.0,-80.0,-80.0,-80.0,-80.0,-80.0,-80.0,-80.0,-80.0,-80.0,-80.0,-80.0,-80.0,-80.0,-80.0,-80.0,-80.0,-80.0,-80.0,-80.0,-80.0,-80.0,-80.0,-80.0,-80.0,-80.0
-29.886578,-26.725306,-29.382061,-27.300453,-27.51444,-27.670145,-23.682995,-20.609821,-23.592611,-24.753853,-29.331749,-31.363811,-26.881317,-24.868519,-23.526825,-24.57243,-27.502308,-27.590042,-29.758335,-29.603973,-33.653706,-29.244087,-26.443298,-23.175013,-23.377773,-28.568905,-27.022951,-24.853584,-28.793047,-24.421604,-21.961384,-29.071302,-33.06846,-28.445356,-24.717606,-24.43105,-23.303806,-25.393541,-26.194935,-24.94564,-25.747791,-29.937119,-28.648525,-26.436909,-22.62576,-24.92476,-32.539547,-26.679365,-25.143839,-25.763073,-24.428612,-24.544685,-26.99741,-31.718842,-30.698818,-27.749008,-27.23228,-28.472897,-28.026142,-33.426353,-29.124786,-26.45427,-23.618242,-22.05486,-24.18993,-26.756588,-29.450598,-22.036295,-21.310123,-22.131002,-22.574226,-23.192944,-23.152966,-24.685497,-22.602978,-19.845734,-23.764147,-25.957685,-24.037792,-25.767708,-27.770023,-28.855263,-32.465584,-33.069664,-29.613743,-23.06675,-20.96866,-23.342129,-22.387262,-26.146774,-31.889725,-30.921469,-31.93951,-29.293158,-25.301525,-24.741928,-26.83611,-25.374249,-27.255993,-29.482521,-29.229847,-28.583126,-31.52136,-24.211044,-21.550884,-21.805954,-23.029398,-25.612795,-28.222351,-31.868717,-32.021656,-36.019455,-39.017437,-39.435326,-39.17941,-33.152172,-31.215996,-32.69599,-34.572533,-34.024994,-33.933422,-37.84621,-36.499207,-33.580597,-35.993244,-40.291573,-38.75001,-32.124325,-28.31458,-28.879692,-26.842813,-25.91156,-26.205273,-27.096825,-32.131767,-30.791561,-27.191036,-28.638252,-25.564493,-22.889757,-23.853224,-29.284899,-25.62306,-21.902502,-23.195705,-23.046291,-24.881287,-26.555462,-26.590061,-25.861664,-25.109604,-23.415768,-23.147316,-28.311518,-22.768322,-20.568974,-23.758152,-27.137432,-27.814535,-28.91846,-29.937576,-24.959324,-24.475292,-26.225842,-29.583023,-26.365047,-30.226957,-30.495573,-28.14058,-27.80594,-30.001028,-32.591278,-24.105469,-23.328777,-28.731339,-32.17737,-27.05595,-22.982018,-23.337969,-27.91174,-26.84207,-21.383295,-25.157143,-31.213612,-24.964848,-25.490124,-33.62636,-33.72355,-28.179981,-25.608341,-23.137695,-25.31144,-28.674791,-31.960812,-29.82756,-24.275478,-25.428905,-27.686459,-22.749298,-24.698036,-32.433384,-29.939121,-27.143446,-25.887226,-26.941204,-23.800056,-26.525011,-25.787598,-25.775196,-30.948915,-27.277718,-26.323282,-27.380836,-25.412144,-28.218594,-27.068731,-21.889896,-22.095327,-23.993698,-24.7299,-28.441008,-26.757118,-25.459175,-27.212887,-28.033762,-27.880978,-29.612165,-25.413223,-23.185812,-24.526608,-24.779583,-25.224625,-28.59815,-32.474808,-30.0634,-26.783957,-26.674072,-23.241512,-23.552317,-24.173504,-21.733955,-24.797592,-23.627102,-24.58712,-27.51025,-22.218761,-21.774426,-31.641403,-27.53923,-24.484148,-22.612206,-23.55754,-26.379093,-23.30866,-21.474068,-23.834076,-26.381289,-30.411823,-29.170347,-30.356167,-30.89143,-29.852886,-28.550781,-27.626791,-27.49267,-28.391068,-27.921936,-28.207747,-29.525791,-28.780518,-27.180334,-26.892021,-30.639626,-27.078274,-24.576687,-23.358625,-22.886124,-21.41732,-24.90025,-29.576889,-25.329296,-21.575346,-25.874279,-31.269596,-26.806862,-25.264713,-26.034355,-24.361927,-24.94812,-23.175667,-22.955261,-26.611176,-24.573462,-24.431068,-24.645844,-25.755547,-25.683018,-25.509594,-27.11215,-25.061472,-25.699486,-26.894691,-29.120623,-28.106863,-32.124493,-28.678783,-24.376276,-25.909407,-25.274952,-26.06313,-26.91653,-26.890554,-28.234024,-26.30056,-25.412037,-27.766838,-28.882034,-23.718643,-25.663193,-25.966839,-28.529804,-27.996008,-24.940973,-26.440077,-30.079697,-28.64713,-25.848751,-23.417332,-25.673607,-28.222649,-25.349724,-26.500952,-27.550056,-25.307316,-23.714794,-23.383286,-28.486227,-26.093243,-23.287186,-25.03638,-30.321682,-29.225912,-23.89558,-21.56011,-23.322674,-24.512627,-24.568562,-22.660263,-22.663841,-29.038181,-22.2808,-20.215282,-25.25906,-25.312313,-24.944538,-24.235287,-26.195204,-28.55524,-27.30802,-26.989807,-26.367575,-26.42949,-29.41241,-31.290337,-26.666676,-28.3867,-31.02905,-33.766212,-30.789902,-27.425938,-27.450409,-29.366297,-29.395025,-28.960892,-24.616405,-24.353455,-31.566208,-32.36866,-27.268795,-24.829254,-28.266464,-35.72735,-26.930183,-25.894224,-23.123308,-26.63828,-28.52678,-24.860012,-27.985855,-25.918282,-23.651482,-26.471317,-23.182365,-26.23428,-26.676311,-24.141409,-22.503681,-23.419855,-26.100346,-30.497772,-27.16549,-29.549625,-34.25391,-26.93784,-25.242308,-29.03371,-28.527153,-25.785719,-28.969925,-30.806782,-26.5139,-29.604748,-25.947866,-23.313686,-22.697187,-23.858742,-24.92141,-23.49999,-24.451908,-24.593681,-27.538982,-30.938065,-30.539228,-28.1365,-26.618147,-21.618408,-22.674017,-24.21519,-23.906857,-25.843504,-25.812561,-24.881237,-25.399313,-22.157425,-22.416801,-26.235352,-25.144867,-22.84133,-20.242775,-22.88868,-26.608206,-27.861568,-27.531189,-25.88672,-28.5484,-29.705471,-28.409801,-28.649778,-26.48161,-25.303871,-25.64957,-28.26911,-22.582539,-21.950981,-21.654053,-26.501328,-26.602785,-24.459152,-23.638062,-19.55802,-22.5634,-31.133873,-21.51152,-21.38219,-30.188671,-30.75179,-28.52084,-25.444805,-24.85573,-23.923805,-22.297821,-23.04492,-28.887518,-28.632977,-27.94635,-26.142872,-23.509527,-24.113281,-25.305477,-23.494053,-28.394913,-27.063179,-28.833307,-31.621696,-28.277472,-28.114214,-31.30276,-28.373726,-23.400211,-20.68911,-25.057037,-26.02972,-27.064157,-29.706242,-24.016777,-24.33958,-24.540915,-28.389341,-25.6185,-22.606401,-24.956518,-27.512184,-29.66897,-26.185083,-25.223698,-26.60823,-26.26733,-21.986614,-24.600342,-24.261497,-25.216114,-28.054667,-28.43481,-30.455606,-29.485147,-27.765318,-28.48084,-30.106155,-30.235518,-24.645206,-27.419605,-31.003366,-29.54116,-26.53781,-25.401798,-24.382257,-26.384758,-30.158428,-29.066952,-23.377384,-20.890644,-24.695555,-30.304987,-27.86309,-27.294867,-25.168436,-22.380493,-24.116062,-25.690123,-28.414555,-29.195637,-24.026497,-24.303896,-27.975834,-26.70784,-24.308002,-24.14563,-27.977629,-26.476004,-21.985115,-25.76371,-33.367275,-30.285847,-31.41228,-29.013016,-27.194168,-28.176987,-26.649487,-30.870834,-30.177837,-29.946657,-27.97424,-26.643116,-23.011337,-27.384535,-27.42554,-24.57995,-29.734692,-29.80296,-28.151102,-24.232485,-25.865269,-28.81373,-30.837112,-34.05658,-30.917171,-26.398548,-26.767723,-28.644041,-27.88863,-21.241684,-20.699284,-25.553486,-21.699387,-24.201479,-27.66876,-23.634953,-25.853008,-28.556385,-24.08388,-22.399826,-21.943382,-24.094082,-29.552212,-29.815243,-26.886292,-27.218765,-26.045633,-28.597042,-27.927158,-29.084528,-27.245125,-26.35998,-24.35233,-27.060297,-26.665407,-23.81631,-23.487434,-24.070595,-28.281418,-32.955704,-31.372917,-27.325195,-31.06937,-32.684284,-27.376976,-24.889233,-28.51451,-42.271404,-51.24887,-50.50481,-50.219746,-50.747047,-50.666813,-50.780647,-50.84062,-50.731964,-53.40319,-65.50142,-80.0,-80.0,-80.0,-80.0,-80.0,-80.0,-80.0,-80.0,-80.0,-80.0,-80.0,-80.0,-80.0,-80.0,-80.0,-80.0,-80.0,-80.0,-80.0,-80.0,-80.0,-80.0,-80.0,-80.0,-80.0,-80.0,-80.0,-80.0,-80.0,-80.0,-80.0,-80.0,-80.0,-80.0,-80.0,-80.0,-80.0,-80.0,-80.0,-80.0,-80.0,-80.0,-80.0,-80.0,-80.0,-80.0,-80.0,-80.0,-80.0,-80.0,-80.0,-80.0,-80.0,-80.0,-80.0,-80.0,-80.0,-80.0,-80.0,-80.0,-80.0,-80.0,-80.0,-80.0,-80.0,-80.0,-80.0,-80.0,-80.0,-80.0,-80.0,-80.0,-80.0,-80.0,-80.0,-80.0,-80.0,-80.0,-80.0,-80.0,-80.0,-80.0,-80.0,-80.0,-80.0,-80.0,-80.0,-80.0,-80.0,-80.0,-80.0,-80.0,-80.0,-80.0
-26.585968,-27.182878,-30.332487,-27.672588,-28.933573,-29.908548,-25.665672,-23.543552,-28.680096,-28.043999,-29.682537,-31.793045,-28.664616,-27.39499,-28.431309,-27.956654,-26.318277,-28.647188,-29.386301,-28.992474,-29.21649,-24.904053,-24.172083,-30.992317,-29.888752,-29.781622,-25.852028,-27.622545,-29.809906,-26.13781,-26.373657,-30.07849,-33.074757,-31.967741,-26.275085,-22.956705,-26.252666,-28.824152,-30.070261,-25.508123,-25.559586,-29.531174,-31.565868,-27.573055,-24.839588,-23.328716,-25.639866,-31.16195,-31.669281,-28.55743,-26.756916,-25.090132,-25.601871,-29.077044,-28.257633,-31.282505,-28.1668,-26.805626,-26.89704,-31.457432,-27.61987,-26.569519,-24.401642,-22.213573,-24.90691,-23.93178,-25.391,-21.073399,-20.18724,-24.355936,-26.071455,-30.17917,-30.320435,-27.324127,-25.64789,-23.183489,-23.682774,-26.38346,-24.407204,-25.213318,-26.922852,-30.944721,-29.490364,-29.467215,-31.898212,-27.374506,-26.98815,-29.40418,-29.174074,-26.782661,-30.9506,-32.60072,-34.48502,-29.527737,-25.009617,-23.938698,-29.352634,-29.356386,-28.45287,-27.249832,-23.159483,-24.774055,-26.510736,-28.077805,-26.687626,-23.485952,-26.430504,-22.575108,-24.16208,-29.03358,-29.809147,-36.986603,-37.88647,-33.89065,-33.21843,-29.961662,-32.941853,-32.76877,-35.07576,-33.820984,-31.357689,-36.20921,-35.346985,-35.15748,-38.36589,-35.20276,-34.69519,-34.33044,-30.402012,-28.946533,-30.99739,-32.307606,-29.198914,-27.70441,-28.341526,-26.75288,-24.12525,-26.457281,-25.59159,-25.5928,-27.619057,-27.556753,-27.63926,-23.302273,-22.735939,-23.326298,-28.175362,-29.768953,-31.744497,-30.205034,-26.530128,-24.10849,-25.000275,-27.3899,-27.343372,-26.053898,-28.986534,-25.464642,-28.927374,-30.209633,-28.695585,-29.562742,-30.337809,-30.775291,-26.9701,-27.856003,-29.162956,-24.858921,-23.443668,-24.80106,-27.389917,-23.937553,-22.21292,-23.846745,-25.406326,-29.859306,-32.738655,-24.848316,-25.185654,-25.39037,-25.821987,-22.07666,-24.73967,-28.285706,-26.372372,-24.142479,-30.181818,-30.69361,-29.742678,-25.45457,-24.95285,-26.389065,-29.034428,-33.550144,-30.403793,-25.359226,-23.883877,-28.082458,-24.024578,-24.831272,-24.754,-23.445322,-27.832329,-31.241562,-30.990782,-29.033257,-26.938194,-24.39708,-26.48212,-31.052664,-31.946053,-25.381977,-23.702324,-25.06245,-27.207514,-24.672598,-19.871439,-20.397223,-23.318928,-22.383856,-29.637054,-32.082607,-26.72414,-21.936384,-24.302502,-28.176817,-27.888157,-23.630705,-24.77219,-22.489647,-23.171902,-27.807629,-30.36126,-25.720118,-25.508932,-23.934029,-23.144335,-22.937134,-21.350195,-26.46438,-25.193018,-26.856281,-24.030106,-25.387056,-27.915592,-22.592834,-22.642452,-27.666708,-23.179333,-22.78868,-24.885479,-22.042706,-21.839006,-21.723083,-23.009005,-27.75456,-27.281925,-25.458565,-26.858227,-30.1634,-25.83157,-22.460712,-26.385948,-28.99694,-25.358227,-23.600916,-26.255896,-26.313885,-25.355356,-25.064281,-30.256458,-28.691729,-23.413229,-20.251497,-21.4003,-25.544308,-23.062725,-20.90086,-26.849201,-24.989454,-20.692728,-22.480808,-26.684399,-25.646555,-21.831528,-22.738615,-23.779203,-22.54191,-22.895947,-24.594318,-20.323635,-21.488949,-23.947727,-24.829426,-26.129824,-25.424595,-25.000515,-26.441774,-26.156567,-28.092733,-27.597115,-27.569094,-27.831913,-25.499249,-27.308765,-25.895603,-26.24803,-26.787144,-28.426838,-26.31597,-23.210054,-26.074451,-25.760021,-27.475735,-27.073826,-26.525684,-28.924225,-26.96193,-25.539677,-24.37989,-28.352957,-28.485964,-28.99696,-24.917412,-27.232319,-25.469856,-24.29959,-24.8647,-22.898027,-24.85548,-22.991327,-25.952227,-26.50288,-27.070442,-28.786207,-29.005928,-28.28541,-27.331425,-24.546217,-24.05396,-25.6785,-26.063477,-21.573467,-27.289036,-29.077852,-28.92898,-27.214361,-22.478943,-22.674767,-25.864307,-21.073647,-20.851093,-27.039818,-25.03673,-23.246256,-22.171242,-25.407745,-27.01521,-26.826782,-27.87698,-26.887932,-24.222683,-25.940784,-27.126715,-31.83009,-33.265873,-30.456116,-29.426525,-29.097439,-27.507612,-32.83966,-34.183117,-30.338223,-29.39158,-24.118652,-21.106035,-25.085012,-31.289959,-27.209326,-26.846725,-28.367275,-30.033024,-29.291502,-29.182508,-27.877905,-29.305555,-29.822256,-29.512003,-28.61652,-26.431297,-24.1675,-25.595345,-27.1583,-26.629608,-24.41813,-28.573957,-27.504433,-26.140255,-26.265327,-29.778175,-27.513664,-23.625608,-22.023403,-26.811094,-27.725296,-25.940376,-28.05603,-27.813889,-29.3368,-30.794163,-26.350306,-25.945461,-26.69498,-22.386635,-19.921955,-23.54675,-24.990063,-21.062046,-21.907337,-25.342083,-25.504377,-26.527657,-24.83762,-21.751247,-25.024052,-26.52755,-26.832338,-26.39431,-24.088078,-31.006334,-27.804373,-27.930954,-25.942268,-24.073864,-27.183027,-28.225035,-23.848066,-24.648746,-23.192745,-23.533861,-23.46941,-29.483013,-31.893497,-24.445751,-25.884415,-24.59152,-22.89119,-25.870731,-32.340435,-27.384756,-26.610928,-25.302568,-22.272118,-23.702446,-23.629473,-22.085,-23.749847,-23.895887,-22.0372,-23.398186,-25.361544,-30.509142,-27.676554,-27.521557,-29.610695,-23.608044,-23.129353,-20.649385,-19.870262,-22.823368,-23.828804,-22.003178,-22.922398,-27.323933,-34.13812,-32.901836,-27.597593,-27.22354,-25.836468,-24.195517,-25.186895,-27.604809,-28.238298,-29.277313,-28.28735,-26.506987,-26.074734,-29.51786,-30.257854,-28.333126,-29.354624,-27.038342,-23.3928,-29.20548,-26.724997,-23.19783,-25.700321,-26.42804,-24.688051,-23.32751,-27.52042,-24.698812,-26.84074,-30.371922,-24.282398,-21.156176,-23.962048,-24.620014,-24.645256,-24.560604,-21.723976,-22.718372,-25.23204,-30.0293,-26.501675,-23.105717,-22.880833,-28.764914,-24.791265,-23.69308,-28.371374,-32.959904,-28.904316,-24.758997,-24.698515,-27.542614,-30.416504,-25.975721,-22.043043,-25.300537,-28.706808,-29.421856,-28.579025,-22.893843,-23.184736,-26.229929,-26.759396,-24.500454,-23.68464,-27.365675,-33.0565,-27.884949,-25.838375,-31.654396,-25.975227,-23.333359,-26.071865,-23.445759,-25.952175,-25.155067,-24.375248,-26.179752,-28.152287,-29.163784,-27.170397,-29.535381,-27.829247,-28.652039,-29.9313,-28.693874,-30.732607,-27.102863,-21.058258,-24.494404,-31.28582,-29.804745,-32.318764,-33.78511,-27.125015,-25.827074,-26.634811,-25.120167,-21.920956,-22.75888,-26.64188,-27.62545,-22.522623,-23.043016,-28.53769,-24.681427,-19.8684,-19.52224,-24.847834,-25.283997,-28.43663,-32.54834,-30.390873,-23.767113,-24.889412,-25.481602,-24.52922,-26.65239,-25.150913,-27.932814,-28.132664,-27.198296,-25.688786,-27.476053,-30.390282,-25.056126,-27.415575,-27.567238,-27.703009,-26.021862,-28.986872,-32.385967,-27.227655,-23.040909,-21.036188,-25.149273,-28.61484,-30.294102,-28.725634,-25.125313,-25.055305,-22.952793,-24.387774,-33.039745,-47.927128,-53.418808,-52.628647,-52.383648,-52.874195,-52.81077,-52.934513,-52.673748,-49.052933,-51.12429,-65.28378,-80.0,-80.0,-80.0,-80.0,-80.0,-80.0,-80.0,-80.0,-80.0,-80.0,-80.0,-80.0,-80.0,-80.0,-80.0,-80.0,-80.0,-80.0,-80.0,-80.0,-80.0,-80.0,-80.0,-80.0,-80.0,-80.0,-80.0,-80.0,-80.0,-80.0,-80.0,-80.0,-80.0,-80.0,-80.0,-80.0,-80.0,-80.0,-80.0,-80.0,-80.0,-80.0,-80.0,-80.0,-80.0,-80.0,-80.0,-80.0,-80.0,-80.0,-80.0,-80.0,-80.0,-80.0,-80.0,-80.0,-80.0,-80.0,-80.0,-80.0,-80.0,-80.0,-80.0,-80.0,-80.0,-80.0,-80.0,-80.0,-80.0,-80.0,-80.0,-80.0,-80.0,-80.0,-80.0,-80.0,-80.0,-80.0,-80.0,-80.0,-80.0,-80.0,-80.0,-80.0,-80.0,-80.0,-80.0,-80.0,-80.0,-80.0,-80.0,-80.0,-80.0,-80.0
-23.762451,-26.18077,-29.158028,-29.964603,-30.259716,-26.489681,-25.940376,-29.930635,-30.125147,-25.467903,-25.291298,-29.59465,-34.977455,-32.39046,-30.8484,-28.685814,-28.672314,-30.372282,-28.88664,-27.82259,-32.12198,-27.363396,-25.429823,-25.37249,-24.957232,-24.991184,-25.152943,-27.639713,-25.234346,-26.618486,-23.854752,-26.62384,-26.661106,-26.244284,-32.558064,-30.489054,-32.012394,-27.751806,-27.475935,-28.76186,-26.770397,-29.835045,-30.172672,-30.822853,-29.607388,-25.67784,-24.748417,-29.308079,-28.73229,-29.535599,-27.378895,-24.619007,-27.758041,-30.773563,-30.180323,-25.930153,-25.944622,-34.98265,-32.356236,-28.612446,-26.172874,-29.1311,-29.34737,-29.131361,-26.829933,-28.772263,-27.179758,-27.125908,-25.925884,-26.053223,-23.913363,-27.293293,-32.474167,-26.535265,-23.485203,-24.586744,-22.899971,-23.810188,-24.762043,-28.158789,-24.389889,-26.634556,-30.504208,-25.195713,-24.518253,-25.835163,-26.424477,-26.451586,-27.169678,-22.982395,-22.254574,-22.472818,-24.954433,-25.134914,-26.344307,-23.795696,-28.690098,-34.89004,-34.01669,-27.428139,-23.071033,-23.387814,-23.124844,-22.303795,-28.038212,-29.31708,-30.61874,-24.929562,-26.444374,-28.299305,-31.816265,-36.798847,-39.445038,-38.980076,-35.182034,-32.454247,-35.353275,-36.718666,-37.03482,-35.32403,-32.115906,-37.3511,-38.787407,-34.297043,-37.98368,-36.153152,-36.800583,-39.231636,-32.68265,-30.873007,-27.574305,-26.384052,-29.521038,-30.880724,-28.09069,-26.586048,-25.363974,-23.451134,-26.79681,-27.76936,-28.451492,-29.13609,-27.144714,-25.684622,-26.377277,-26.516388,-29.573954,-28.86042,-26.643105,-26.57394,-26.10524,-23.760473,-26.993568,-25.7644,-22.401686,-21.718899,-27.291794,-28.894146,-25.60775,-29.398502,-30.870558,-31.250704,-27.438055,-25.884624,-24.297165,-27.92595,-26.85525,-28.38982,-29.784935,-29.31681,-28.24709,-26.146105,-25.993233,-25.854069,-25.136929,-29.083405,-29.836262,-26.427813,-27.55206,-27.436693,-27.017279,-25.884974,-24.175268,-22.461668,-22.609262,-25.596844,-30.79996,-30.037428,-29.56325,-29.555826,-25.893656,-26.342999,-26.71321,-28.661438,-27.47566,-27.584133,-24.89138,-27.245535,-27.424711,-22.078789,-20.998657,-22.130436,-22.089733,-23.869205,-30.347115,-29.986553,-29.370668,-28.575945,-24.852554,-23.450247,-27.88465,-26.461372,-25.675194,-25.563147,-25.094826,-23.638622,-25.81612,-24.48399,-26.207191,-26.3423,-30.862373,-29.652409,-27.385899,-24.249542,-23.792166,-25.64508,-27.343142,-26.962788,-28.33444,-28.370308,-25.537552,-28.076548,-26.775394,-26.464819,-26.923208,-24.477272,-24.919992,-25.660435,-25.444084,-24.46569,-24.995125,-25.274305,-24.825203,-28.342308,-26.064114,-24.024204,-27.71544,-24.37048,-21.71939,-20.618362,-22.963598,-23.983892,-27.307823,-28.276855,-29.8273,-28.14621,-30.14413,-25.417826,-23.813993,-24.315247,-25.52742,-24.355358,-25.375591,-26.41463,-27.084463,-25.373177,-26.253353,-22.649479,-26.310026,-25.888996,-26.99537,-28.793669,-23.863838,-24.441196,-22.840061,-23.904144,-26.576904,-25.577625,-22.648762,-24.222061,-25.30298,-24.51026,-24.638817,-25.27832,-25.566715,-28.794626,-27.047785,-28.02397,-28.02083,-30.00892,-23.663157,-22.322062,-25.864506,-24.465378,-27.756475,-24.255274,-23.379007,-32.017624,-30.565351,-28.26515,-31.305758,-32.41709,-30.44639,-30.116854,-28.516214,-28.07519,-28.744577,-26.883438,-27.545456,-24.75116,-23.927937,-25.333723,-24.576862,-25.547972,-25.28875,-26.727558,-29.581196,-28.38369,-26.978008,-27.42165,-29.11598,-26.417395,-24.555763,-23.701962,-25.650347,-24.988043,-27.231327,-29.248579,-28.97472,-30.949436,-27.605381,-29.520134,-30.023182,-26.991867,-27.512144,-24.897764,-24.306656,-25.29342,-28.116596,-27.760809,-24.802402,-24.344254,-21.27401,-27.128592,-31.278162,-31.418983,-32.42012,-26.272633,-24.796951,-26.33702,-26.04472,-30.518797,-31.737122,-28.43673,-26.873066,-24.795319,-25.419529,-26.399626,-27.770027,-29.530504,-26.59444,-27.50248,-24.419163,-24.895834,-28.425056,-25.807892,-24.711206,-25.91317,-26.544914,-26.319164,-30.023655,-31.27897,-28.570593,-24.681894,-27.109184,-26.638075,-24.386099,-28.60693,-27.71684,-26.118774,-24.955566,-24.24187,-22.70236,-28.41236,-32.337452,-30.971752,-23.89635,-23.618881,-24.607193,-24.303913,-26.472517,-26.442554,-27.838526,-25.822586,-25.672009,-28.972227,-24.735477,-29.078983,-31.5259,-29.228987,-27.40844,-26.079517,-21.724043,-25.052925,-27.333227,-30.788109,-32.841805,-28.51396,-28.625107,-25.183033,-22.805779,-26.070642,-24.327816,-26.614416,-22.969164,-22.961933,-24.280033,-22.747574,-23.061687,-25.143951,-22.685959,-24.312508,-24.949387,-25.963701,-25.13852,-23.26445,-24.495327,-25.633156,-26.060253,-30.378956,-26.42011,-27.881086,-31.239447,-30.381628,-33.44573,-28.291626,-26.19944,-29.921165,-31.014763,-29.666477,-27.495182,-29.768114,-27.29126,-24.544842,-23.584593,-26.797981,-22.241344,-22.405087,-29.156815,-26.511488,-23.539219,-24.821766,-27.366762,-26.468668,-24.800434,-20.480576,-22.22217,-24.52177,-20.68533,-21.775719,-26.617313,-26.595175,-21.36348,-25.135529,-25.861282,-24.128494,-30.735043,-29.779531,-27.223526,-28.747303,-29.862963,-30.028986,-27.384474,-25.637453,-27.28987,-34.23763,-31.427824,-24.348915,-23.170353,-22.88033,-25.088911,-27.472408,-25.968681,-26.622107,-20.556406,-20.4482,-24.013525,-30.205147,-26.840164,-24.148424,-28.151266,-28.930174,-22.839663,-21.45768,-23.472404,-23.29481,-21.358006,-24.546095,-28.426239,-24.520943,-26.066746,-23.362942,-24.677692,-24.467575,-24.60149,-25.268055,-29.422747,-36.276615,-30.89356,-29.694515,-25.971134,-22.982048,-26.914797,-31.603006,-27.654823,-24.204573,-24.754581,-25.793541,-26.742117,-27.156773,-28.131084,-29.677061,-23.21721,-23.277828,-26.861946,-29.230186,-33.059082,-26.72015,-24.195835,-28.343832,-29.524002,-30.678097,-31.238712,-26.0966,-25.76173,-26.904657,-25.32442,-26.821339,-26.974691,-28.21004,-28.310856,-29.642818,-33.07895,-28.995737,-22.690042,-23.03667,-27.21256,-25.009361,-27.400352,-30.139977,-27.54493,-29.54018,-25.380161,-24.773514,-23.750679,-28.127125,-27.562634,-29.128878,-27.452225,-26.038105,-24.84805,-26.909492,-24.835503,-27.666721,-33.918644,-32.253967,-26.826431,-26.880493,-26.14698,-24.264551,-23.771585,-27.31707,-26.674156,-28.908968,-31.628712,-26.109756,-24.84796,-27.055132,-27.383736,-28.936207,-29.451017,-26.98523,-23.844742,-25.73383,-27.849197,-27.917965,-25.60572,-25.71492,-26.648912,-28.469442,-25.666445,-27.048721,-28.421955,-26.268772,-23.20043,-27.639568,-26.627447,-29.094051,-27.009949,-28.394938,-29.972353,-26.911358,-30.044943,-32.29245,-34.61062,-27.080446,-25.189236,-26.708597,-24.580704,-25.845858,-25.766083,-27.195757,-27.575592,-24.353786,-27.866796,-23.705559,-24.124989,-30.453182,-46.15366,-54.003555,-53.636524,-53.313797,-53.909954,-53.539673,-53.62924,-53.945602,-52.509636,-53.28354,-64.790436,-80.0,-80.0,-80.0,-80.0,-80.0,-80.0,-80.0,-80.0,-80.0,-80.0,-80.0,-80.0,-80.0,-80.0,-80.0,-80.0,-80.0,-80.0,-80.0,-80.0,-80.0,-80.0,-80.0,-80.0,-80.0,-80.0,-80.0,-80.0,-80.0,-80.0,-80.0,-80.0,-80.0,-80.0,-80.0,-80.0,-80.0,-80.0,-80.0,-80.0,-80.0,-80.0,-80.0,-80.0,-80.0,-80.0,-80.0,-80.0,-80.0,-80.0,-80.0,-80.0,-80.0,-80.0,-80.0,-80.0,-80.0,-80.0,-80.0,-80.0,-80.0,-80.0,-80.0,-80.0,-80.0,-80.0,-80.0,-80.0,-80.0,-80.0,-80.0,-80.0,-80.0,-80.0,-80.0,-80.0,-80.0,-80.0,-80.0,-80.0,-80.0,-80.0,-80.0,-80.0,-80.0,-80.0,-80.0,-80.0,-80.0,-80.0,-80.0,-80.0,-80.0,-80.0
-25.683353,-26.266579,-26.880972,-31.073593,-31.778566,-28.962132,-27.71316,-29.101734,-33.89169,-33.34863,-28.613201,-28.46762,-29.114649,-31.332329,-29.303375,-29.838299,-28.012964,-23.30188,-21.196808,-23.575813,-27.935373,-28.717709,-23.9603,-23.243645,-27.749622,-25.184105,-22.90884,-26.66565,-28.627289,-28.340355,-26.283556,-24.681118,-24.628803,-27.243938,-27.811739,-27.559404,-29.7017,-27.825691,-30.726421,-24.944424,-22.288082,-25.671253,-26.694702,-32.574123,-36.469036,-29.666157,-27.386341,-26.787436,-28.72075,-28.081514,-25.111265,-27.112694,-29.160704,-27.866138,-28.031836,-27.073627,-24.005424,-24.12004,-25.57169,-23.213152,-24.730093,-23.831226,-26.415855,-27.803364,-29.384169,-29.905134,-30.433924,-28.333847,-31.543884,-27.619883,-27.265842,-25.364067,-24.932394,-22.127586,-25.674583,-24.454931,-24.286818,-25.748013,-27.330757,-26.788132,-24.774162,-28.64098,-29.608889,-27.362207,-28.007017,-27.001928,-26.66852,-23.93588,-24.879862,-30.345438,-31.510336,-30.302567,-33.411026,-31.43475,-24.809788,-22.250238,-25.527813,-25.713938,-24.504894,-23.915695,-19.977024,-22.23845,-26.840172,-24.898333,-27.968832,-24.228985,-23.540068,-26.315693,-25.575138,-24.052412,-27.921124,-33.028347,-34.640774,-36.251713,-40.195602,-37.732952,-37.376232,-37.05153,-33.274048,-34.32442,-39.74171,-41.64126,-40.351933,-38.489407,-40.03988,-40.09694,-39.555805,-34.350933,-32.099583,-31.316643,-25.995972,-23.34077,-26.386436,-26.952658,-28.114391,-31.962666,-27.356274,-28.010315,-31.369436,-27.90078,-26.610939,-30.451862,-29.90701,-27.711267,-25.538902,-26.915333,-30.977499,-31.649261,-27.927792,-21.95399,-22.427305,-24.38757,-25.33228,-25.614388,-22.879463,-20.820086,-22.951426,-26.666912,-25.990967,-27.175137,-28.18356,-27.63842,-28.220509,-26.701595,-25.545639,-27.443172,-25.608654,-29.187017,-30.155544,-30.50964,-27.32331,-28.20533,-27.979824,-27.514683,-26.18615,-28.273943,-32.317547,-26.169579,-27.323841,-28.761604,-27.870993,-25.313831,-24.040676,-24.590334,-20.151016,-22.327005,-26.856844,-29.236008,-30.563099,-31.802206,-30.224545,-26.957237,-29.349625,-27.529945,-27.924126,-27.498653,-24.842733,-27.753084,-28.305628,-23.11638,-24.559692,-27.132507,-25.135382,-25.781815,-27.053677,-26.051414,-27.745846,-24.575901,-24.994793,-24.295322,-27.86376,-27.932707,-28.120764,-27.1862,-21.24804,-23.05902,-26.3415,-23.064993,-23.403887,-28.86397,-32.99386,-32.72801,-24.999832,-22.746227,-26.042454,-26.855854,-27.40282,-25.48396,-25.688751,-26.834358,-29.19441,-27.439207,-28.97705,-31.232754,-30.859547,-31.777243,-29.256365,-26.472729,-24.659538,-22.046799,-25.36245,-27.996132,-26.966879,-27.39544,-30.011833,-23.04007,-24.097631,-28.946295,-28.167915,-23.993061,-25.61377,-28.366848,-31.426786,-29.238316,-31.635487,-31.308296,-28.683292,-24.864552,-25.640427,-25.873241,-22.019772,-21.93804,-26.235481,-28.129345,-29.888296,-29.609283,-31.7674,-24.68099,-23.785582,-30.118273,-30.159773,-27.508133,-26.788517,-28.74251,-28.070185,-24.696028,-25.092438,-28.161581,-29.659208,-27.952246,-30.44126,-27.050755,-26.92929,-23.430305,-24.75185,-28.967533,-27.650537,-27.097528,-25.558815,-26.52562,-29.305384,-24.999203,-26.498095,-29.114979,-28.22533,-23.641457,-22.303207,-26.061764,-29.98338,-30.589844,-24.610508,-21.451115,-25.382671,-25.816326,-25.441368,-24.260633,-23.782291,-28.037151,-26.543331,-27.225706,-27.314972,-24.978064,-24.056587,-24.823757,-23.9467,-25.399343,-28.036694,-32.95089,-28.78876,-27.375097,-27.444338,-28.439445,-29.599794,-30.474392,-33.0101,-28.77666,-28.596394,-28.049515,-25.647852,-24.891888,-23.499302,-25.606564,-28.02332,-27.454372,-29.826885,-25.262672,-24.57578,-29.160995,-29.926004,-28.493448,-25.088799,-22.860397,-24.90946,-29.154388,-29.684969,-25.241774,-22.526014,-23.231234,-21.912798,-29.10399,-30.277834,-25.740292,-26.051006,-27.665451,-26.584972,-23.213436,-26.313683,-26.27672,-23.31656,-26.140669,-26.276693,-32.49445,-30.730274,-26.907354,-27.044828,-27.893898,-24.924286,-24.910816,-26.001656,-26.192696,-27.714891,-29.168154,-29.252724,-26.94521,-24.148445,-27.072477,-28.187351,-28.045193,-22.317423,-20.49849,-23.285608,-25.60997,-25.209478,-23.85391,-27.531366,-27.141762,-25.21494,-23.826134,-27.924976,-29.645298,-28.96616,-26.845346,-25.694971,-25.58392,-23.797949,-23.653484,-27.64867,-25.680908,-29.294039,-25.376757,-23.253674,-27.990538,-26.354902,-26.177189,-28.228107,-24.774504,-24.471085,-24.70533,-30.255173,-25.953548,-23.217766,-25.410522,-29.833956,-31.37909,-29.090176,-29.24186,-27.236597,-28.72451,-22.609268,-20.571667,-26.94543,-27.880909,-27.98882,-34.94162,-29.891212,-29.445045,-28.253286,-28.489933,-31.814205,-31.607847,-25.505133,-26.174706,-28.539974,-29.827774,-31.002817,-29.855976,-29.29396,-30.189062,-29.1485,-27.672117,-27.651846,-27.432842,-26.650875,-27.873095,-28.163874,-23.863329,-28.131205,-25.129427,-26.635942,-26.236038,-25.130169,-30.852797,-28.813627,-28.105774,-27.070084,-21.786427,-22.999496,-25.70209,-26.469912,-26.21959,-29.73875,-29.18063,-24.396532,-26.134548,-24.249403,-23.242378,-27.062801,-29.944576,-29.386477,-25.13132,-23.353958,-25.282402,-30.232658,-29.59377,-25.847012,-26.919773,-27.569494,-27.378643,-22.319109,-19.05467,-25.182137,-29.494673,-25.281933,-25.821217,-25.07164,-24.420414,-24.518013,-25.599625,-27.714888,-28.473133,-28.72566,-27.645824,-28.232826,-23.21984,-23.627728,-23.928123,-25.673302,-26.501472,-27.986614,-25.800634,-26.794329,-21.18379,-21.53361,-26.482752,-27.078505,-25.441906,-24.332748,-26.222458,-31.366722,-33.365982,-29.185833,-26.042675,-28.642918,-30.416471,-27.392826,-28.381586,-30.089958,-31.805119,-25.632631,-21.297773,-24.421612,-25.039482,-28.900986,-27.49881,-25.499699,-29.24701,-30.686832,-32.76716,-29.79644,-22.606884,-23.946276,-27.499874,-31.24149,-26.192348,-23.40458,-25.369452,-26.606163,-25.066282,-24.457226,-27.6235,-28.323843,-28.867563,-28.144863,-31.043388,-28.002623,-24.294403,-24.459305,-26.456966,-27.679638,-30.700138,-30.792294,-28.57803,-27.55169,-26.952425,-31.966978,-29.591269,-25.822638,-26.130455,-23.818253,-26.655731,-29.040112,-28.720356,-25.241467,-31.258415,-31.754082,-29.418354,-26.309986,-28.928072,-28.201607,-27.539682,-27.53784,-25.22154,-25.061722,-24.899763,-29.358707,-27.522652,-23.975487,-24.829155,-24.432934,-27.404785,-25.464796,-26.455013,-23.452122,-21.900106,-28.765997,-26.797964,-26.59274,-29.037596,-28.77985,-29.822296,-27.8479,-26.940443,-30.12191,-26.865948,-26.527054,-28.905342,-28.141666,-27.864346,-27.466217,-28.339737,-26.999676,-23.487474,-28.088322,-28.749258,-28.938051,-26.359251,-24.037626,-25.20287,-22.41248,-22.309607,-22.504866,-29.030613,-27.905415,-28.115408,-29.859285,-24.14992,-25.099659,-36.476517,-47.918602,-54.19584,-53.66242,-53.3816,-53.916626,-53.680717,-53.7806,-53.738777,-49.90002,-51.252098,-64.27377,-80.0,-80.0,-80.0,-80.0,-80.0,-80.0,-80.0,-80.0,-80.0,-80.0,-80.0,-80.0,-80.0,-80.0,-80.0,-80.0,-80.0,-80.0,-80.0,-80.0,-80.0,-80.0,-80.0,-80.0,-80.0,-80.0,-80.0,-80.0,-80.0,-80.0,-80.0,-80.0,-80.0,-80.0,-80.0,-80.0,-80.0,-80.0,-80.0,-80.0,-80.0,-80.0,-80.0,-80.0,-80.0,-80.0,-80.0,-80.0,-80.0,-80.0,-80.0,-80.0,-80.0,-80.0,-80.0,-80.0,-80.0,-80.0,-80.0,-80.0,-80.0,-80.0,-80.0,-80.0,-80.0,-80.0,-80.0,-80.0,-80.0,-80.0,-80.0,-80.0,-80.0,-80.0,-80.0,-80.0,-80.0,-80.0,-80.0,-80.0,-80.0,-80.0,-80.0,-80.0,-80.0,-80.0,-80.0,-80.0,-80.0,-80.0,-80.0,-80.0,-80.0,-80.0
-34.293137,-27.83749,-22.073402,-26.776863,-26.184326,-25.449482,-26.69081,-27.376585,-28.058186,-31.850471,-26.579094,-28.26737,-30.83766,-27.929745,-23.884945,-22.516514,-24.34799,-25.186092,-26.689253,-22.927053,-26.163696,-26.904575,-29.669249,-29.882492,-25.740444,-25.531292,-25.19194,-27.69249,-28.92992,-27.952332,-27.222153,-28.33812,-31.12874,-33.622276,-26.252853,-24.54299,-25.107466,-25.719215,-27.575459,-27.205654,-27.56119,-24.174646,-28.29546,-32.248806,-32.269768,-27.1982,-27.034319,-28.733238,-28.464417,-25.389444,-23.17503,-26.192932,-29.03425,-28.218254,-26.427101,-25.695124,-29.686758,-26.264849,-23.138418,-22.045422,-25.06649,-26.35356,-28.469604,-33.623104,-28.85838,-28.68906,-23.9233,-21.404055,-28.1602,-28.51628,-26.92066,-28.779411,-26.108738,-25.499172,-27.84846,-24.311752,-21.107918,-25.054125,-26.615553,-23.491154,-26.379145,-28.911728,-29.883556,-28.005087,-27.691895,-27.127907,-23.39464,-24.14826,-26.35047,-24.845547,-23.905025,-26.601524,-29.865986,-25.395412,-23.8993,-25.271973,-23.695704,-27.596973,-26.832207,-23.166233,-21.414824,-21.57124,-23.614586,-27.458328,-27.465248,-25.852814,-21.413471,-20.614626,-25.582249,-29.79591,-30.773218,-34.909637,-31.601637,-35.58438,-38.03484,-32.434372,-32.608707,-35.843315,-31.550632,-29.903374,-36.226276,-43.97126,-41.748055,-44.687424,-45.64606,-43.90414,-41.18664,-33.031647,-25.958574,-28.220963,-28.52876,-27.429533,-26.604237,-24.73579,-26.645716,-29.395859,-27.751575,-29.484924,-35.10982,-29.731983,-27.200432,-30.01852,-29.338741,-28.388752,-28.09888,-27.920046,-26.415915,-27.9343,-29.640999,-27.44765,-22.932024,-25.145262,-26.687458,-23.80959,-26.437914,-25.77647,-25.761532,-27.334532,-26.680286,-24.796621,-26.345861,-27.775751,-28.830708,-29.504087,-25.971344,-23.497066,-26.264044,-27.913334,-28.393444,-31.116457,-32.700394,-30.934948,-31.889936,-28.565191,-26.543118,-29.987856,-30.058334,-27.65486,-26.149717,-30.364197,-32.230797,-34.647835,-29.444342,-22.071486,-22.578526,-29.765162,-31.92339,-32.09762,-29.490223,-28.404144,-30.539248,-26.28172,-27.96303,-29.13748,-28.812315,-26.51673,-27.77916,-28.978317,-28.535759,-28.63545,-27.924831,-28.778156,-26.445875,-29.070671,-24.73814,-24.418798,-24.73339,-21.799343,-23.32137,-29.30459,-30.369873,-30.437443,-31.472721,-26.3213,-20.687193,-25.660275,-26.944195,-27.088875,-25.983116,-25.735287,-26.942049,-29.571909,-24.98539,-23.090485,-25.776833,-23.629217,-26.923923,-27.64964,-21.452965,-20.456345,-25.219028,-29.64633,-26.741367,-23.780737,-25.882736,-25.450579,-27.986668,-31.60447,-25.365307,-23.869556,-26.975666,-30.576752,-23.777906,-24.673794,-32.0218,-25.764978,-25.19131,-27.763842,-25.79251,-21.96399,-24.201458,-25.910236,-24.927761,-26.692947,-29.683487,-26.73711,-27.96155,-27.220226,-25.622616,-27.330772,-25.552328,-22.965504,-25.341671,-27.551018,-30.259403,-26.410168,-25.7313,-26.660086,-26.181341,-28.453045,-25.847649,-23.745335,-23.692684,-25.945246,-26.247314,-27.446442,-28.497868,-28.041737,-26.441154,-27.302107,-30.130573,-27.321354,-26.034492,-23.646332,-28.179903,-29.99527,-24.743683,-24.043222,-23.075346,-25.096077,-28.45934,-25.878595,-25.33744,-24.577698,-26.455048,-28.129839,-26.980024,-23.821783,-26.779045,-30.984015,-25.18666,-22.797092,-24.916676,-25.15651,-23.32618,-25.482384,-26.378534,-28.35606,-26.920195,-28.70716,-25.8577,-27.278263,-32.7028,-32.82694,-29.949171,-27.2141,-30.438429,-29.34816,-29.91329,-29.447641,-25.151932,-24.674124,-25.97851,-25.656094,-26.638874,-25.408592,-27.874329,-31.674599,-33.385193,-28.978071,-22.742441,-23.576437,-26.699844,-24.596752,-27.21569,-25.047005,-23.340948,-28.14223,-30.807875,-34.62761,-26.400059,-21.104984,-23.545952,-26.752596,-26.331055,-22.5958,-22.171618,-23.452831,-23.638193,-23.573046,-24.096233,-22.236832,-25.512157,-26.072384,-25.356457,-24.633846,-25.162056,-25.002111,-21.696905,-23.020956,-24.745155,-27.618305,-30.97967,-31.798452,-26.746918,-27.504211,-28.523048,-27.032837,-28.174809,-28.880783,-26.071163,-24.304829,-28.54771,-29.686056,-26.481619,-28.410421,-24.219765,-21.756638,-25.7919,-26.839298,-27.953346,-32.13919,-24.136227,-22.46912,-26.823112,-30.1257,-24.404762,-23.865843,-25.3853,-26.539055,-25.701424,-24.7543,-26.518372,-30.036514,-24.111647,-23.26597,-28.114548,-28.925514,-28.374609,-27.007141,-25.999453,-26.656635,-27.923647,-23.076385,-21.67039,-24.855383,-26.571768,-24.86871,-25.60371,-25.337175,-21.97319,-23.59858,-33.71094,-35.55781,-26.270655,-25.050703,-22.963829,-23.565926,-24.037048,-20.664303,-23.37428,-28.928146,-26.987581,-30.97806,-30.961927,-31.305971,-26.670713,-27.771652,-28.927929,-28.66087,-30.96629,-32.87727,-33.70978,-35.102196,-34.20363,-30.298155,-28.619652,-24.411953,-21.411718,-24.301208,-27.823648,-28.011707,-33.65628,-29.843231,-29.640871,-23.017889,-23.962027,-24.91672,-26.146486,-30.372486,-26.508732,-28.304031,-30.691776,-27.845062,-25.482758,-26.01745,-26.281195,-28.858767,-32.352478,-26.041115,-23.991379,-27.538485,-23.85769,-21.758354,-26.741693,-24.989323,-21.8971,-26.454037,-27.36079,-24.863905,-24.820835,-22.919834,-24.952927,-30.091301,-26.991705,-28.750011,-29.619183,-33.47725,-30.813223,-25.713459,-26.14015,-27.536013,-27.970428,-28.834244,-29.71883,-30.054596,-25.96282,-22.450943,-21.771572,-26.296772,-26.752142,-27.929893,-31.040682,-26.203669,-24.569878,-27.661585,-24.911797,-24.217958,-26.829235,-29.585436,-26.758478,-24.874977,-26.328535,-23.816158,-25.960922,-26.94677,-23.244524,-24.929825,-32.627045,-30.33826,-28.445967,-30.085648,-24.99379,-24.213478,-25.236393,-25.86724,-27.006865,-27.042967,-27.105762,-22.808067,-24.595377,-28.54169,-34.37099,-29.709244,-26.303917,-26.539753,-29.906603,-30.672503,-29.911339,-26.914265,-24.424381,-25.402744,-33.735466,-28.661219,-24.459019,-24.232624,-27.5118,-27.664715,-26.2304,-24.736797,-26.666203,-27.900944,-27.03964,-26.992,-29.165798,-28.836464,-29.277283,-31.364517,-28.404049,-31.654263,-28.900772,-25.513119,-25.025356,-27.33437,-34.533516,-33.058857,-27.341633,-29.666735,-28.86337,-31.42831,-31.114628,-26.507294,-25.344296,-23.101286,-22.359077,-25.196644,-27.822386,-27.394241,-27.818926,-27.738426,-26.225018,-25.579102,-27.253311,-27.699995,-28.211906,-25.99509,-24.433773,-27.11544,-24.636698,-22.654003,-24.559612,-27.987915,-22.296047,-21.513557,-26.113047,-25.18708,-26.689983,-26.720505,-25.36876,-28.024212,-33.597374,-31.399584,-29.893976,-25.45383,-28.162651,-34.29935,-27.588696,-26.248756,-28.886326,-26.997211,-24.801867,-22.72555,-24.745804,-26.437378,-23.604153,-26.39133,-29.301216,-30.054426,-24.052406,-24.22343,-25.860481,-30.03398,-30.428017,-31.018322,-32.438305,-26.05478,-25.363192,-33.888653,-45.441055,-53.490494,-52.684425,-52.42407,-52.9423,-52.871166,-52.996708,-52.9377,-50.358612,-51.272987,-63.360527,-80.0,-80.0,-80.0,-80.0,-80.0,-80.0,-80.0,-80.0,-80.0,-80.0,-80.0,-80.0,-80.0,-80.0,-80.0,-80.0,-80.0,-80.0,-80.0,-80.0,-80.0,-80.0,-80.0,-80.0,-80.0,-80.0,-80.0,-80.0,-80.0,-80.0,-80.0,-80.0,-80.0,-80.0,-80.0,-80.0,-80.0,-80.0,-80.0,-80.0,-80.0,-80.0,-80.0,-80.0,-80.0,-80.0,-80.0,-80.0,-80.0,-80.0,-80.0,-80.0,-80.0,-80.0,-80.0,-80.0,-80.0,-80.0,-80.0,-80.0,-80.0,-80.0,-80.0,-80.0,-80.0,-80.0,-80.0,-80.0,-80.0,-80.0,-80.0,-80.0,-80.0,-80.0,-80.0,-80.0,-80.0,-80.0,-80.0,-80.0,-80.0,-80.0,-80.0,-80.0,-80.0,-80.0,-80.0,-80.0,-80.0,-80.0,-80.0,-80.0,-80.0,-80.0
-32.17516,-27.094837,-22.911022,-25.950125,-22.938742,-24.770386,-28.785133,-31.853924,-33.904636,-27.61051,-25.223484,-31.3864,-31.435545,-24.875883,-24.383717,-23.936611,-26.437914,-25.150066,-26.037249,-27.786882,-28.566732,-27.747894,-26.557852,-25.568497,-23.577559,-26.092678,-28.797947,-30.391327,-26.55884,-26.803167,-27.07476,-27.461674,-30.11499,-31.252434,-33.501736,-29.554409,-27.81859,-30.535257,-30.099995,-35.657604,-35.517765,-29.96762,-30.34481,-26.999321,-26.481524,-23.869543,-24.249289,-28.171642,-27.73428,-27.286905,-22.69949,-24.905956,-27.171753,-26.549717,-29.76485,-28.599773,-25.738108,-28.29084,-28.147854,-26.37968,-30.262024,-32.559864,-33.750423,-28.774796,-25.951418,-23.87407,-21.22656,-22.591833,-24.804182,-25.235247,-24.79908,-24.753298,-25.152592,-28.957409,-34.232136,-29.15314,-27.219337,-26.645012,-24.304531,-24.849636,-25.859325,-27.801136,-25.247478,-27.040558,-25.417234,-22.094131,-22.721786,-27.539198,-29.116837,-26.456675,-23.734818,-26.558855,-28.15161,-27.564043,-24.53077,-25.79247,-25.26115,-28.775372,-32.395325,-30.980604,-26.615622,-27.580845,-31.983122,-30.965418,-28.73362,-26.756977,-23.731283,-24.020813,-28.785965,-31.63539,-34.768517,-31.777908,-30.293753,-35.07315,-34.603886,-32.030296,-34.29243,-42.582138,-36.1417,-32.969364,-37.652462,-43.07344,-39.6247,-36.11048,-35.97153,-33.824615,-35.32759,-31.927155,-26.830387,-27.863447,-27.705559,-31.922764,-27.88198,-22.366936,-25.473156,-28.049532,-27.554901,-31.932016,-32.74393,-25.87897,-24.900047,-28.376312,-28.74551,-28.943726,-32.56846,-36.488598,-31.740593,-26.697247,-28.070969,-24.687033,-21.123423,-23.224705,-25.395077,-25.026558,-24.776184,-22.848833,-26.065498,-25.61396,-21.002369,-22.778578,-26.178524,-24.031523,-22.859125,-25.817102,-24.367483,-26.353294,-26.009218,-28.238514,-30.140041,-36.410404,-29.342335,-25.71797,-30.2191,-34.34909,-31.975449,-29.276321,-24.915821,-24.930758,-24.780819,-24.993942,-27.744875,-31.374655,-28.304302,-24.495712,-28.143902,-29.227318,-31.485727,-29.385963,-27.773972,-27.226845,-25.77349,-27.28902,-25.679703,-25.949108,-28.446041,-26.184025,-28.046818,-31.745924,-31.722712,-28.319342,-25.619598,-25.235518,-28.17406,-28.869257,-26.714167,-27.686972,-30.340353,-29.686686,-28.86385,-24.655159,-25.700144,-25.52438,-28.470005,-28.942036,-25.939182,-26.541195,-25.604975,-27.160275,-23.999252,-25.096195,-30.17186,-32.14012,-28.088608,-27.767237,-26.867426,-27.940683,-25.355696,-27.75958,-30.2029,-26.211555,-28.37113,-32.84861,-27.741245,-26.42927,-28.33614,-25.240929,-25.103775,-28.967896,-29.934853,-31.431835,-30.717745,-29.993504,-27.073591,-26.172306,-29.208963,-24.857,-26.980562,-32.168297,-29.976555,-24.320429,-26.81895,-32.74938,-23.378054,-23.007011,-26.096916,-25.207119,-29.383024,-31.171286,-30.020252,-25.398584,-22.601767,-21.691933,-25.699768,-28.259659,-28.951996,-29.755157,-26.86604,-24.135761,-22.426884,-26.27712,-24.20468,-20.457848,-25.350597,-30.290726,-27.840273,-26.400444,-26.235317,-25.965511,-27.275179,-31.956118,-27.685448,-20.316204,-21.446127,-28.263601,-28.824572,-25.94017,-24.362503,-25.154202,-24.893082,-27.654816,-28.772985,-27.049652,-25.393982,-24.880436,-27.47632,-33.10675,-28.439552,-23.91237,-22.050238,-26.312439,-24.239368,-22.88311,-28.960342,-31.66708,-26.370487,-24.779179,-27.507427,-25.336885,-25.829956,-29.114159,-24.393818,-22.80262,-28.085232,-30.173935,-31.051235,-26.65515,-27.248816,-30.051468,-26.629532,-25.389378,-24.353596,-22.503311,-23.35087,-26.27873,-25.894934,-26.372276,-25.30854,-26.39781,-26.718792,-22.653198,-23.824776,-27.11549,-27.300728,-29.27481,-25.924448,-22.819178,-24.589645,-25.620523,-27.858143,-25.836353,-23.995256,-23.424698,-23.04068,-24.574448,-22.114887,-25.187904,-26.994884,-25.018658,-27.185469,-28.491262,-22.656952,-21.002861,-24.482994,-29.821981,-25.434475,-24.80124,-23.477417,-25.412361,-23.21014,-22.33643,-23.018358,-23.634014,-29.689522,-30.989708,-29.41305,-32.235695,-33.743767,-29.204344,-27.919573,-29.422302,-27.926563,-26.248878,-26.684944,-27.187681,-24.464937,-23.520813,-24.510902,-22.947145,-26.868324,-28.94273,-24.4806,-23.032629,-24.218397,-27.844015,-26.381662,-23.710138,-26.180717,-29.860329,-32.29836,-30.060585,-28.442087,-27.606516,-24.16386,-25.172852,-26.869247,-26.404755,-25.707705,-27.868866,-29.426628,-23.274614,-23.492546,-22.848335,-26.326927,-26.288326,-25.389755,-23.434513,-25.040852,-25.697182,-25.433498,-23.979597,-25.982952,-29.916262,-28.581842,-27.846796,-24.426731,-25.904903,-28.008667,-25.009502,-26.377914,-27.055225,-26.740322,-23.913233,-24.39079,-27.723114,-27.359161,-30.091293,-26.240494,-27.386574,-24.520157,-22.241007,-28.742132,-33.217846,-28.362053,-30.162271,-26.38798,-26.265205,-22.618916,-22.922722,-20.620422,-23.573513,-25.448019,-27.024105,-34.224586,-29.228725,-27.683477,-27.69675,-29.710484,-32.281227,-34.359562,-36.639782,-27.37045,-24.158342,-29.804955,-26.78376,-25.274569,-27.229542,-29.781261,-28.269405,-31.375183,-27.024078,-23.422201,-24.536716,-28.558815,-25.378595,-29.543037,-26.170898,-22.526972,-23.005707,-26.169323,-25.996916,-26.354832,-23.391552,-21.281778,-28.33641,-30.920513,-28.973143,-23.344757,-23.041159,-23.92472,-26.410992,-27.584324,-27.003891,-29.697178,-28.173637,-29.496056,-30.924614,-26.228779,-21.218327,-21.962528,-27.894318,-26.867802,-27.62815,-30.17234,-25.360777,-27.138191,-26.272274,-24.117203,-25.237637,-25.590593,-27.872524,-29.10629,-25.876087,-23.942678,-20.588291,-21.053402,-25.889599,-28.446417,-26.482756,-27.220654,-28.38642,-26.69358,-29.959743,-22.830437,-24.607822,-26.976847,-26.167938,-26.644976,-24.558952,-27.329777,-26.153614,-27.507812,-31.460121,-29.989452,-28.56693,-29.82611,-28.575073,-27.93817,-26.271244,-24.738039,-24.895151,-26.741304,-24.79078,-31.976429,-28.635054,-26.687984,-25.126152,-25.14162,-22.911282,-25.472094,-24.76617,-26.526442,-24.204014,-25.013407,-25.993069,-29.111366,-28.988834,-29.704607,-32.348022,-33.08539,-31.327705,-30.097073,-29.32892,-24.396553,-26.432741,-30.536808,-30.822273,-26.652084,-28.573294,-27.864773,-30.463255,-29.256857,-29.460796,-28.943272,-26.770931,-25.293873,-28.395897,-30.14965,-31.595331,-29.705212,-25.950466,-23.478815,-21.59553,-22.242218,-28.359146,-31.951803,-24.77451,-23.494856,-23.879871,-25.972012,-25.991781,-28.417603,-26.829075,-26.033464,-29.51663,-26.39496,-24.661224,-24.240236,-26.762516,-25.727627,-28.312117,-29.281723,-28.854755,-27.222624,-26.28862,-29.196156,-32.800385,-28.922235,-30.514685,-32.169636,-36.38739,-26.643127,-24.232662,-27.02517,-22.843685,-22.754993,-23.287182,-23.501755,-25.222763,-23.783455,-21.711319,-24.418486,-26.88201,-27.913448,-28.694536,-27.112946,-28.017265,-25.824928,-32.06376,-42.636314,-51.216187,-50.303444,-50.01796,-50.566566,-50.55598,-50.682423,-50.549385,-48.460667,-49.809116,-61.59798,-80.0,-80.0,-80.0,-80.0,-80.0,-80.0,-80.0,-80.0,-80.0,-80.0,-80.0,-80.0,-80.0,-80.0,-80.0,-80.0,-80.0,-80.0,-80.0,-80.0,-80.0,-80.0,-80.0,-80.0,-80.0,-80.0,-80.0,-80.0,-80.0,-80.0,-80.0,-80.0,-80.0,-80.0,-80.0,-80.0,-80.0,-80.0,-80.0,-80.0,-80.0,-80.0,-80.0,-80.0,-80.0,-80.0,-80.0,-80.0,-80.0,-80.0,-80.0,-80.0,-80.0,-80.0,-80.0,-80.0,-80.0,-80.0,-80.0,-80.0,-80.0,-80.0,-80.0,-80.0,-80.0,-80.0,-80.0,-80.0,-80.0,-80.0,-80.0,-80.0,-80.0,-80.0,-80.0,-80.0,-80.0,-80.0,-80.0,-80.0,-80.0,-80.0,-80.0,-80.0,-80.0,-80.0,-80.0,-80.0,-80.0,-80.0,-80.0,-80.0,-80.0,-80.0
-28.963352,-28.892622,-27.663702,-26.53714,-28.71508,-28.74147,-26.761194,-26.46561,-30.850357,-28.354689,-29.667345,-29.95248,-24.82256,-25.101395,-26.243225,-27.281515,-30.84967,-29.276371,-24.611511,-23.609608,-29.285755,-27.129087,-23.070732,-23.37621,-22.55006,-22.099173,-22.391428,-24.501747,-26.203777,-27.610168,-26.269426,-24.3879,-26.669441,-27.8815,-30.16993,-30.89267,-30.215044,-30.250523,-31.251114,-29.936,-27.417192,-27.855825,-27.835754,-25.280565,-29.861874,-27.296251,-21.382126,-22.805382,-24.908985,-23.408546,-27.022404,-27.63488,-27.513367,-28.881641,-28.540749,-27.419262,-23.554768,-26.969402,-26.9129,-26.234552,-29.009254,-27.890615,-29.51173,-26.276373,-25.652084,-28.340965,-24.776674,-27.106594,-26.73188,-24.074947,-23.751148,-25.587269,-26.5895,-26.861938,-25.484669,-22.08812,-25.010298,-27.49094,-26.980114,-29.88495,-28.995354,-23.939705,-25.106451,-25.004543,-25.772202,-23.517567,-26.791578,-26.396202,-28.20829,-30.671183,-27.033567,-26.307055,-27.497145,-30.28983,-29.614029,-27.985157,-28.032948,-27.75185,-22.981869,-24.957445,-24.041176,-24.986143,-29.65228,-27.41461,-25.416416,-25.952896,-27.839031,-27.269804,-29.942867,-37.64211,-32.27286,-33.236866,-33.64319,-36.455254,-36.724194,-37.984623,-38.014854,-40.165936,-40.79724,-36.530758,-37.62737,-43.156433,-39.83489,-32.240265,-32.563583,-32.294205,-36.018814,-33.720272,-26.74229,-23.64878,-21.632004,-27.674128,-31.659973,-28.199324,-30.815104,-27.255466,-25.719814,-30.172138,-35.03982,-28.691502,-22.673546,-21.67793,-23.454325,-26.731705,-30.713379,-27.770535,-30.863106,-30.03366,-25.214893,-21.511425,-20.839079,-24.472027,-25.228062,-27.256788,-26.99329,-25.803467,-24.679752,-26.160133,-23.230268,-24.160532,-28.350391,-23.97124,-23.053307,-25.624866,-26.257233,-27.181911,-25.90226,-25.101814,-28.353685,-30.187391,-28.077644,-27.395658,-31.593702,-29.575747,-26.517426,-23.56369,-22.72239,-24.709442,-28.9558,-26.402866,-29.47912,-26.505222,-27.761393,-30.802284,-30.786167,-28.638483,-30.540674,-24.921036,-24.831253,-23.141354,-25.53348,-30.014137,-31.569609,-28.666018,-29.20476,-28.161882,-25.897324,-25.00224,-24.31538,-23.655186,-23.984337,-25.585733,-28.08523,-25.40096,-25.482578,-31.612291,-29.437769,-25.245358,-25.94064,-26.154045,-23.53164,-24.658714,-21.707222,-24.147308,-25.607399,-24.598238,-25.718424,-26.87128,-32.03472,-31.217249,-30.542547,-33.092705,-29.110592,-28.965322,-29.75488,-30.472242,-25.021639,-27.56083,-29.330482,-28.652433,-27.49484,-29.032215,-25.662683,-24.256079,-24.562946,-25.77151,-24.387718,-23.453592,-24.80896,-29.616505,-33.50057,-27.822636,-26.027105,-27.404474,-25.499111,-23.709545,-24.626919,-29.597263,-29.981194,-25.433914,-27.378277,-27.400667,-25.934338,-30.35102,-30.203022,-24.216604,-24.757473,-29.814037,-27.113129,-25.774872,-28.730099,-28.786201,-29.500252,-24.290752,-21.634037,-23.47337,-27.073503,-25.432453,-25.754635,-25.44155,-24.353928,-24.758528,-28.76561,-28.337212,-24.932697,-25.307167,-28.534054,-28.09903,-28.1243,-28.817762,-26.654007,-25.150942,-26.606781,-28.666153,-28.632202,-30.506495,-27.274582,-23.089931,-24.807222,-28.838352,-30.171352,-24.269356,-25.633295,-29.706905,-31.299583,-30.838312,-26.282,-23.197449,-23.65882,-25.631655,-25.731419,-26.844458,-26.808208,-25.760181,-26.039085,-25.489357,-23.138031,-25.350296,-27.839788,-27.840328,-25.268875,-24.36931,-24.585342,-25.314781,-26.528355,-28.422955,-29.441772,-31.090576,-30.23127,-28.276278,-28.31417,-30.225126,-27.630337,-24.92583,-25.59255,-27.59985,-27.531332,-23.315289,-22.111694,-22.447899,-25.26537,-27.082146,-27.054356,-25.06475,-24.46829,-26.16016,-28.721361,-25.523819,-25.572762,-24.9581,-26.627857,-27.058252,-21.893831,-22.04219,-24.738869,-28.093546,-31.084986,-31.754034,-39.09725,-34.902428,-29.163437,-25.201298,-26.02415,-29.547625,-28.070206,-27.238537,-24.808071,-24.992313,-25.468582,-27.382318,-27.1731,-28.396461,-32.057728,-26.772469,-25.18116,-33.217022,-31.099789,-29.898901,-31.500809,-29.68327,-30.371317,-27.923534,-26.744192,-26.516815,-24.447098,-23.513634,-23.912584,-21.782059,-26.372427,-30.744514,-23.690563,-24.1002,-27.294441,-26.290335,-29.438625,-21.475775,-21.714474,-29.340273,-26.804165,-28.240164,-30.222029,-29.538784,-25.779387,-26.227802,-28.53322,-24.764935,-25.80862,-28.312462,-25.742313,-24.879152,-23.121332,-23.696953,-26.629581,-22.81942,-23.01796,-24.490398,-24.084074,-27.492321,-28.856293,-27.139687,-24.734097,-26.982792,-27.040771,-26.014177,-22.87878,-24.173683,-30.449827,-28.96888,-24.709127,-27.201237,-33.341312,-24.54308,-23.801165,-29.08828,-29.53551,-24.534595,-23.640228,-27.493938,-26.416666,-24.83057,-26.169783,-32.519463,-29.984678,-31.438286,-28.544613,-27.095787,-26.664753,-30.432095,-26.339725,-26.984764,-27.179039,-23.3779,-25.42754,-25.283028,-26.152943,-29.95795,-26.713642,-27.052639,-30.299328,-34.515278,-32.79196,-27.985619,-32.397804,-28.748379,-23.285103,-23.516584,-25.951723,-28.892227,-33.319687,-31.553782,-24.058956,-23.094584,-24.763556,-26.181175,-29.695906,-30.071762,-28.086163,-26.42271,-29.164604,-24.538885,-25.87669,-27.397264,-23.203678,-23.036036,-27.846321,-28.841076,-23.715351,-23.368824,-26.41275,-28.34415,-28.500427,-27.580458,-27.192791,-29.456379,-34.34639,-29.473568,-24.412727,-25.687489,-28.805687,-25.729458,-23.131208,-24.127377,-27.749012,-30.246626,-30.031559,-28.425188,-29.046743,-30.147686,-26.86301,-23.879368,-26.346941,-27.052952,-23.389427,-24.150047,-27.536856,-30.872124,-30.575592,-26.192135,-20.828419,-22.535597,-25.845987,-27.54858,-24.423859,-24.67656,-28.266148,-26.413645,-26.868637,-26.35868,-28.523388,-32.12188,-32.88662,-32.849068,-28.570992,-26.126553,-30.864496,-31.115088,-32.09551,-34.487,-31.4676,-26.800652,-24.66048,-27.58103,-31.592493,-27.970978,-24.954618,-23.777708,-26.01455,-23.742981,-25.181904,-27.526869,-27.606333,-25.88485,-22.54694,-27.05542,-27.019745,-26.513817,-33.080585,-33.515797,-31.143368,-29.704933,-29.143398,-29.195156,-27.295105,-25.596249,-27.744202,-27.279587,-23.571434,-29.847736,-32.679417,-32.324657,-31.035635,-28.877653,-25.699808,-24.92838,-26.817957,-31.377836,-31.15129,-31.17779,-32.541073,-31.177347,-26.790874,-24.306051,-24.915882,-25.277899,-26.579784,-27.225443,-28.128212,-24.68004,-22.525887,-23.714851,-25.825653,-26.325176,-23.705326,-27.187819,-26.905088,-25.118408,-27.609745,-25.778519,-27.016996,-26.948414,-25.720804,-24.245583,-27.947384,-30.063353,-27.637245,-26.190212,-30.215458,-32.12287,-28.046356,-27.098625,-25.704254,-27.840565,-30.852858,-26.270239,-24.461369,-27.576994,-28.868025,-24.874466,-23.46718,-24.216328,-23.251913,-26.758917,-27.669136,-25.12212,-26.187931,-28.84977,-25.347538,-29.192966,-40.02077,-45.12364,-44.464035,-44.21036,-44.685253,-44.590965,-44.69854,-44.610855,-42.20127,-44.593983,-58.5447,-80.0,-80.0,-80.0,-80.0,-80.0,-80.0,-80.0,-80.0,-80.0,-80.0,-80.0,-80.0,-80.0,-80.0,-80.0,-80.0,-80.0,-80.0,-80.0,-80.0,-80.0,-80.0,-80.0,-80.0,-80.0,-80.0,-80.0,-80.0,-80.0,-80.0,-80.0,-80.0,-80.0,-80.0,-80.0,-80.0,-80.0,-80.0,-80.0,-80.0,-80.0,-80.0,-80.0,-80.0,-80.0,-80.0,-80.0,-80.0,-80.0,-80.0,-80.0,-80.0,-80.0,-80.0,-80.0,-80.0,-80.0,-80.0,-80.0,-80.0,-80.0,-80.0,-80.0,-80.0,-80.0,-80.0,-80.0,-80.0,-80.0,-80.0,-80.0,-80.0,-80.0,-80.0,-80.0,-80.0,-80.0,-80.0,-80.0,-80.0,-80.0,-80.0,-80.0,-80.0,-80.0,-80.0,-80.0,-80.0,-80.0,-80.0,-80.0,-80.0,-80.0,-80.0
-29.033283,-25.392063,-27.739288,-29.83098,-32.91848,-27.070723,-27.57098,-29.592169,-33.26613,-27.029682,-26.594555,-29.989475,-27.656183,-28.181465,-28.923977,-25.874193,-26.318035,-26.731789,-24.18383,-27.026901,-31.346386,-28.110085,-27.959047,-27.724127,-24.923807,-22.175365,-24.701653,-27.730433,-31.129204,-28.460299,-27.902027,-27.472967,-28.240944,-31.360344,-29.396702,-27.730778,-29.427828,-33.255867,-29.936573,-27.257868,-26.625164,-25.794,-21.88629,-22.493073,-28.568916,-28.907204,-27.366114,-24.486607,-25.522495,-27.077927,-31.50207,-30.80425,-31.277279,-29.858332,-28.696041,-28.579664,-25.455149,-27.630205,-27.752514,-27.742134,-25.937124,-26.714893,-28.090986,-25.097385,-25.2441,-27.487286,-25.719606,-25.754858,-28.432615,-26.2929,-28.321928,-25.4086,-25.64703,-28.07918,-26.845673,-22.52088,-27.117088,-33.38416,-30.124626,-30.16124,-27.706652,-24.916,-22.46338,-21.249096,-21.444645,-19.088465,-20.524122,-23.343851,-23.725258,-24.81616,-26.683176,-28.975431,-32.316635,-33.122612,-34.348904,-30.527609,-32.523857,-27.150867,-22.581955,-26.317514,-26.196587,-24.02633,-24.772268,-24.883488,-28.30979,-26.805344,-28.041988,-33.848484,-26.993519,-27.196775,-30.217112,-29.586658,-34.86237,-35.85468,-39.587605,-38.114735,-32.552628,-35.287354,-37.962334,-34.40808,-36.617294,-44.8226,-39.70858,-34.433212,-34.794746,-34.083275,-37.300575,-38.013767,-27.359076,-26.060486,-27.55629,-30.14611,-30.632402,-28.321768,-26.002586,-27.168047,-29.741947,-31.52973,-27.32669,-26.860998,-26.77462,-24.744083,-27.824482,-25.423885,-27.748333,-24.601467,-24.156296,-23.977879,-27.855236,-30.048069,-27.449242,-24.003002,-26.068314,-32.758316,-30.423338,-25.251205,-25.607498,-27.047077,-21.972908,-23.463554,-28.886124,-26.046194,-27.807758,-28.03672,-26.48826,-27.232647,-25.7219,-29.126978,-30.629383,-26.711227,-24.207716,-29.012714,-28.323929,-26.214428,-25.125195,-25.719643,-27.139885,-26.292873,-27.782944,-29.10878,-26.664648,-29.20017,-27.71969,-28.092087,-30.578114,-33.488358,-33.651527,-26.93473,-25.602861,-23.098907,-24.441666,-26.038034,-30.243568,-29.826454,-26.994886,-28.55914,-27.624655,-27.334776,-26.339848,-24.867867,-26.978106,-28.22808,-29.618526,-26.761784,-23.803963,-27.81356,-28.772625,-24.813396,-26.685926,-27.442932,-25.293388,-27.236008,-25.20293,-26.004225,-21.972912,-23.052113,-23.747778,-24.306591,-23.896118,-24.760107,-26.429777,-28.16448,-24.175543,-26.495827,-25.889154,-29.356596,-26.422842,-27.306986,-32.464516,-31.29329,-26.57891,-23.152428,-24.053104,-26.705141,-25.29183,-21.326942,-26.27594,-31.269905,-27.409363,-25.793509,-26.391191,-25.78074,-26.980742,-25.75772,-23.414948,-24.273052,-24.533543,-26.611275,-25.9604,-27.9264,-32.457024,-29.756308,-27.226479,-26.739716,-24.81172,-25.386066,-25.543564,-28.158796,-29.147278,-28.258575,-27.248636,-27.252602,-28.83907,-24.365406,-24.94401,-27.738977,-28.505295,-27.391138,-27.274065,-28.992813,-26.213654,-28.513334,-30.477768,-32.408836,-31.363846,-32.45269,-32.669132,-27.681583,-27.099405,-24.875303,-25.126373,-26.97752,-30.456194,-28.72395,-27.857306,-28.114557,-29.143917,-26.847057,-27.54084,-26.486504,-29.66316,-31.12931,-29.013744,-30.115585,-31.288696,-28.012129,-27.7425,-27.950054,-24.546911,-27.359875,-28.848633,-31.269901,-27.537106,-26.206438,-25.312004,-24.893194,-25.059797,-27.074823,-27.827202,-25.246754,-26.830276,-29.02119,-28.253262,-26.394293,-25.760141,-25.79388,-26.16729,-27.053484,-28.875431,-25.584084,-24.737303,-26.21991,-28.096775,-25.428108,-28.07688,-30.740679,-30.675264,-26.00108,-28.044785,-23.747768,-21.38997,-25.914722,-25.039772,-21.977024,-24.559256,-25.920656,-25.054302,-24.305693,-24.083296,-27.341187,-27.25915,-25.58623,-25.188845,-25.162426,-27.595821,-28.72888,-26.393658,-25.470459,-29.561214,-27.67609,-24.418596,-27.049004,-35.558186,-30.499561,-29.11138,-30.112213,-29.565948,-25.527752,-26.053778,-23.28348,-26.358707,-23.718063,-23.960613,-21.840067,-24.19912,-30.40356,-26.00441,-23.730396,-24.994091,-30.903502,-27.746511,-24.5765,-22.382675,-24.700037,-28.305086,-25.694975,-28.29171,-28.853067,-28.836975,-28.935497,-26.058802,-23.839695,-26.808952,-30.974928,-34.05046,-26.54482,-25.20629,-28.590563,-26.909649,-26.366451,-26.699272,-30.184982,-35.093582,-28.959826,-26.723167,-27.772892,-31.86094,-25.789986,-23.100327,-25.38581,-21.78807,-21.913712,-23.603325,-25.151005,-23.41106,-27.584732,-29.521835,-32.025127,-25.957668,-23.174568,-22.299385,-25.728367,-26.875574,-26.055672,-20.988705,-23.690908,-31.005299,-28.149166,-25.723118,-27.526085,-25.31023,-25.69674,-29.22705,-29.177658,-27.19183,-25.943077,-23.567207,-28.053274,-34.792004,-32.319992,-25.476795,-24.182417,-28.029387,-31.134615,-27.827396,-26.05929,-32.5768,-33.622692,-34.197617,-31.522327,-24.813492,-22.245846,-27.268463,-25.478743,-26.753513,-29.12399,-25.762331,-25.711664,-22.892075,-23.20061,-28.27023,-29.069937,-27.726547,-31.159893,-25.302372,-24.455761,-23.595753,-24.657536,-26.917048,-30.029325,-24.432602,-24.410183,-27.68177,-24.479267,-24.28815,-28.054619,-28.528416,-28.487692,-31.902685,-28.545122,-29.437008,-30.212837,-24.990292,-21.016924,-26.106129,-27.862787,-25.85242,-28.882172,-32.731205,-28.500622,-28.131155,-28.825401,-23.651083,-27.09527,-28.687748,-30.126156,-30.56562,-33.036125,-30.017715,-24.533308,-21.96267,-26.138542,-30.97967,-27.884857,-26.766548,-24.690235,-22.801706,-25.41439,-26.681473,-26.20874,-26.395676,-24.965076,-26.61785,-29.420639,-33.21615,-34.39366,-31.365238,-26.957445,-25.81289,-27.846601,-23.530313,-25.258923,-31.417091,-34.198895,-28.102932,-26.51038,-24.767584,-22.665962,-26.03932,-24.957798,-25.634254,-28.504284,-26.25407,-22.341373,-24.470797,-26.88422,-25.395885,-26.806072,-30.23233,-31.897932,-31.460629,-29.514103,-28.432816,-29.118858,-25.854939,-26.18089,-29.664324,-28.62188,-25.806637,-28.514484,-31.173405,-26.111914,-22.758747,-24.35764,-24.637386,-24.363842,-24.348312,-24.040085,-22.714035,-29.088268,-26.88583,-26.416739,-27.643784,-27.575514,-28.016111,-26.32066,-21.412949,-21.153042,-25.914158,-25.576647,-28.638401,-24.906593,-27.145613,-28.836246,-27.484884,-27.839695,-23.695698,-23.122974,-30.550104,-29.044668,-24.293655,-23.486017,-27.997149,-30.138016,-25.827217,-24.167095,-28.31472,-25.03474,-22.196423,-24.35688,-25.721611,-24.228937,-24.609158,-28.14777,-29.874363,-26.886387,-26.250057,-27.146673,-28.083538,-25.674921,-27.980633,-28.035091,-28.493473,-29.006432,-26.587616,-24.345028,-25.579922,-32.618885,-26.497559,-24.61172,-27.158508,-29.4031,-27.751453,-25.285236,-27.234806,-30.118813,-25.88465,-25.622114,-24.620716,-24.428806,-27.61859,-25.823917,-23.331173,-24.139313,-28.051414,-30.282936,-28.692331,-31.238556,-34.43764,-34.554325,-34.90365,-35.06613,-34.770706,-34.833504,-34.773613,-34.78638,-36.097755,-40.013,-56.81037,-80.0,-80.0,-80.0,-80.0,-80.0,-80.0,-80.0,-80.0,-80.0,-80.0,-80.0,-80.0,-80.0,-80.0,-80.0,-80.0,-80.0,-80.0,-80.0,-80.0,-80.0,-80.0,-80.0,-80.0,-80.0,-80.0,-80.0,-80.0,-80.0,-80.0,-80.0,-80.0,-80.0,-80.0,-80.0,-80.0,-80.0,-80.0,-80.0,-80.0,-80.0,-80.0,-80.0,-80.0,-80.0,-80.0,-80.0,-80.0,-80.0,-80.0,-80.0,-80.0,-80.0,-80.0,-80.0,-80.0,-80.0,-80.0,-80.0,-80.0,-80.0,-80.0,-80.0,-80.0,-80.0,-80.0,-80.0,-80.0,-80.0,-80.0,-80.0,-80.0,-80.0,-80.0,-80.0,-80.0,-80.0,-80.0,-80.0,-80.0,-80.0,-80.0,-80.0,-80.0,-80.0,-80.0,-80.0,-80.0,-80.0,-80.0,-80.0,-80.0,-80.0,-80.0
-33.256092,-27.783895,-25.883018,-29.962196,-30.483227,-29.036074,-27.661499,-27.847988,-28.824883,-29.882998,-26.331743,-28.840923,-26.963436,-27.597294,-27.349297,-24.544632,-24.79749,-28.75053,-29.446995,-27.60794,-27.257486,-28.760096,-31.788746,-30.747593,-29.82864,-24.528967,-25.497295,-24.720829,-22.618986,-25.513565,-28.393885,-26.705685,-27.727156,-24.046515,-23.091995,-26.976435,-24.503819,-22.712677,-24.912485,-25.34161,-28.523521,-29.450848,-23.185196,-25.157436,-25.75222,-23.85849,-27.836523,-27.23412,-22.784252,-24.41505,-28.681366,-32.752193,-26.625145,-25.734863,-30.314754,-27.588284,-27.963417,-31.668665,-26.947147,-24.332096,-23.900854,-25.05428,-27.765762,-29.917725,-25.320673,-24.307968,-25.51426,-26.139477,-25.822285,-26.341457,-30.247513,-31.21245,-30.99496,-30.32955,-31.94262,-29.315464,-29.697132,-27.606518,-27.314638,-31.095228,-24.203491,-23.345533,-23.484192,-24.107138,-21.340824,-22.653755,-23.331411,-23.818903,-26.771576,-25.734905,-24.01092,-26.373375,-27.294594,-31.710417,-33.004517,-27.937668,-24.709866,-26.431541,-22.863865,-22.56873,-25.938107,-24.381195,-23.706741,-24.396141,-24.625706,-28.271635,-32.6352,-33.676453,-25.803135,-24.81689,-26.362387,-30.852036,-29.761654,-30.482933,-34.81841,-36.98598,-36.159584,-39.459057,-41.455368,-39.077465,-37.648254,-42.01186,-36.9937,-38.231632,-42.7714,-34.402668,-34.365105,-36.613358,-33.63045,-27.397331,-27.6029,-30.250587,-27.30645,-26.694637,-21.341282,-21.12218,-25.906445,-27.541862,-26.25138,-28.02583,-26.232847,-29.161911,-29.393589,-25.993313,-29.963234,-30.902143,-24.13524,-22.967804,-25.4416,-24.675442,-23.534891,-25.746822,-28.645355,-30.85488,-30.856077,-25.791136,-26.823542,-32.650917,-27.330507,-25.569359,-27.03481,-28.031506,-31.231632,-33.622486,-29.220604,-29.46712,-30.166372,-27.882462,-26.741207,-25.678648,-25.083641,-25.459656,-24.019264,-25.691082,-21.046118,-19.51606,-23.02341,-28.279251,-27.058043,-24.35012,-22.639305,-26.624525,-34.125847,-37.280697,-29.194857,-24.906729,-28.381899,-31.465351,-27.726238,-30.24692,-27.19138,-25.542583,-24.698908,-25.975677,-25.214483,-24.27696,-26.096521,-25.975044,-28.677673,-31.607721,-30.017836,-27.318413,-24.69614,-23.970207,-25.696125,-28.201975,-28.63968,-26.632078,-25.285164,-26.76996,-25.807644,-25.740097,-27.272802,-25.450027,-21.489517,-24.50975,-25.690447,-25.856895,-23.774128,-29.396568,-25.9108,-26.395845,-26.86667,-27.522797,-28.414326,-24.957308,-22.904406,-26.989525,-27.880276,-25.248661,-25.240292,-25.192013,-27.525047,-31.982695,-27.952677,-23.887098,-26.84201,-28.952951,-24.604008,-23.14825,-22.397804,-25.268108,-32.58001,-32.530857,-28.688417,-28.090881,-29.036272,-27.370333,-22.618872,-23.271858,-28.727571,-27.738003,-25.68568,-25.688763,-25.473907,-28.51134,-28.218605,-26.804329,-28.447466,-32.37121,-26.919296,-26.267548,-27.377815,-29.093533,-30.149054,-28.274157,-25.495487,-26.44002,-25.526596,-25.690239,-25.373085,-23.436039,-27.702751,-36.122112,-33.395348,-29.36752,-29.65018,-30.32381,-28.10774,-25.567486,-23.800034,-26.29898,-25.751566,-26.700768,-23.881273,-25.739977,-26.27803,-25.994612,-24.952812,-23.93527,-25.650913,-28.611958,-30.207565,-28.531319,-30.323036,-32.528336,-29.384577,-25.084797,-23.678514,-25.887863,-24.908287,-26.353725,-27.180954,-26.83547,-29.820974,-28.972166,-26.89703,-25.683434,-27.547768,-28.600159,-27.354849,-28.284878,-29.996355,-31.653847,-34.51951,-29.922398,-23.614113,-25.117363,-30.313192,-28.013313,-24.739712,-24.540138,-31.439095,-27.59679,-27.626053,-32.580883,-32.104225,-30.466316,-28.397701,-25.953783,-26.434414,-29.135876,-26.135315,-25.740828,-29.238369,-30.528582,-29.745773,-24.520054,-24.176878,-25.168503,-25.790194,-31.70061,-30.458712,-31.497625,-36.195423,-33.069847,-22.899614,-22.446615,-28.229626,-24.571827,-26.687727,-28.130339,-28.237446,-31.089668,-31.724754,-29.76376,-25.893087,-25.636776,-28.726156,-28.463411,-29.583305,-22.490847,-22.625126,-25.633316,-27.924725,-25.611116,-22.421532,-21.828543,-24.981285,-28.26199,-25.99036,-22.576778,-21.905842,-25.181074,-28.816399,-27.209005,-28.173939,-26.863695,-24.170647,-24.40365,-27.758827,-31.188087,-26.807001,-29.119411,-27.966713,-25.915527,-28.052662,-28.434608,-26.22639,-27.216595,-26.588102,-28.465809,-26.109695,-23.614075,-22.401344,-25.278847,-29.938688,-25.018274,-24.697075,-26.265152,-27.570333,-23.845123,-25.02164,-26.593887,-25.374126,-23.04177,-26.03878,-29.665962,-28.548855,-24.184849,-22.583118,-21.390776,-24.906456,-28.534517,-26.073603,-28.817299,-26.33254,-24.350624,-25.703438,-29.009277,-26.974497,-29.776226,-32.109776,-29.59576,-28.080944,-26.759987,-27.275366,-30.077612,-32.866783,-33.674915,-25.809898,-25.32301,-26.666178,-23.90758,-23.631498,-21.841257,-25.563858,-24.917366,-25.177715,-28.949244,-29.848047,-24.985947,-24.848564,-28.288502,-28.02229,-24.74334,-26.168137,-26.537037,-25.958004,-21.695457,-25.611279,-28.625977,-26.079384,-27.285147,-24.666508,-25.085718,-24.4901,-21.106096,-25.940723,-30.275,-23.181288,-23.003578,-28.248617,-26.736303,-24.533699,-24.092443,-29.203661,-29.392256,-27.395155,-26.234276,-28.02203,-30.590937,-23.816322,-20.77231,-27.191063,-26.717596,-26.125032,-30.30493,-31.87658,-30.274586,-30.784605,-29.28299,-25.319782,-24.542732,-26.15093,-28.566132,-31.007286,-28.05628,-29.444473,-25.449612,-25.471457,-30.93628,-29.747787,-29.799433,-30.639372,-30.927528,-25.837776,-23.685518,-26.238966,-25.879875,-28.866034,-26.107437,-26.615814,-28.115791,-30.777672,-35.04943,-29.857471,-23.398993,-25.214455,-29.766815,-28.135662,-30.120695,-32.049355,-33.54631,-28.907175,-25.776714,-25.198704,-23.013798,-22.845161,-24.207298,-24.121172,-29.42957,-30.080166,-22.09004,-20.955624,-26.997263,-26.121943,-27.498735,-28.695517,-28.621376,-27.045073,-29.963251,-35.621796,-32.381874,-25.80373,-26.383612,-25.223522,-27.599758,-32.527813,-26.985981,-29.127943,-34.357742,-28.63206,-22.112146,-22.133005,-23.38635,-24.65649,-24.474045,-25.280994,-29.403069,-31.682888,-27.085918,-26.417124,-33.635025,-30.065575,-31.793686,-27.202126,-24.233828,-26.039644,-21.139278,-21.355907,-25.144245,-24.961777,-29.980799,-28.675634,-24.59742,-20.54864,-21.995613,-26.028507,-25.94632,-26.37685,-28.76121,-29.07121,-28.424143,-28.20036,-27.020588,-25.783125,-26.45697,-25.436693,-23.881535,-26.835556,-23.220057,-23.535515,-27.053566,-30.846699,-28.652676,-29.045698,-28.814573,-28.015245,-29.592457,-25.368187,-22.918587,-23.689175,-26.500256,-29.17931,-29.41317,-26.022877,-26.263977,-27.95647,-26.804419,-25.234356,-25.827242,-23.885292,-23.289963,-24.276297,-27.390734,-28.738808,-27.384636,-26.875172,-26.042679,-27.833452,-25.276974,-21.08873,-21.445568,-31.59076,-33.111626,-27.486036,-28.77597,-34.20415,-34.48845,-34.311375,-34.232357,-34.379265,-34.341343,-34.371624,-34.374805,-34.70183,-40.147243,-58.11942,-80.0,-80.0,-80.0,-80.0,-80.0,-80.0,-80.0,-80.0,-80.0,-80.0,-80.0,-80.0,-80.0,-80.0,-80.0,-80.0,-80.0,-80.0,-80.0,-80.0,-80.0,-80.0,-80.0,-80.0,-80.0,-80.0,-80.0,-80.0,-80.0,-80.0,-80.0,-80.0,-80.0,-80.0,-80.0,-80.0,-80.0,-80.0,-80.0,-80.0,-80.0,-80.0,-80.0,-80.0,-80.0,-80.0,-80.0,-80.0,-80.0,-80.0,-80.0,-80.0,-80.0,-80.0,-80.0,-80.0,-80.0,-80.0,-80.0,-80.0,-80.0,-80.0,-80.0,-80.0,-80.0,-80.0,-80.0,-80.0,-80.0,-80.0,-80.0,-80.0,-80.0,-80.0,-80.0,-80.0,-80.0,-80.0,-80.0,-80.0,-80.0,-80.0,-80.0,-80.0,-80.0,-80.0,-80.0,-80.0,-80.0,-80.0,-80.0,-80.0,-80.0,-80.0
-29.950565,-26.32786,-28.678226,-27.962358,-25.992779,-26.002884,-29.062767,-26.0438,-25.558231,-27.43011,-30.512184,-33.073936,-32.80444,-27.434383,-27.814987,-28.700754,-26.59055,-26.007557,-27.722754,-28.292316,-27.861927,-25.308012,-25.630987,-27.73207,-28.258066,-26.255135,-26.305288,-21.905268,-20.650368,-25.591389,-29.288738,-30.941572,-29.38766,-23.67033,-25.146267,-29.580229,-28.07933,-24.93161,-27.364803,-26.491392,-27.57155,-27.594591,-22.76113,-24.8578,-26.722845,-25.313461,-27.594797,-29.324947,-25.2158,-26.797733,-26.170238,-25.195686,-27.782873,-28.936546,-26.041552,-23.794365,-26.937103,-31.888554,-28.126534,-25.129131,-26.71172,-25.956448,-26.02063,-28.868176,-30.155605,-25.400646,-24.615973,-26.816628,-23.14344,-24.432705,-26.972063,-27.719622,-25.906986,-27.481258,-28.397268,-26.195583,-27.863247,-27.047806,-23.921677,-26.585037,-25.751053,-20.909447,-23.222294,-29.875261,-30.748344,-28.89431,-24.42432,-25.410625,-27.989313,-25.788269,-25.658092,-26.043285,-24.758013,-26.703386,-31.88178,-32.452995,-27.389668,-27.375841,-28.422907,-27.841148,-30.290737,-25.835743,-24.677595,-27.115906,-29.03527,-28.61412,-28.004423,-28.839928,-26.561762,-22.750122,-24.426048,-34.324085,-32.531128,-33.828915,-35.767403,-33.330482,-36.87491,-40.488323,-40.72811,-41.109386,-44.010227,-44.380676,-40.4092,-38.757366,-40.390804,-39.05262,-36.967648,-32.874783,-34.317326,-34.643677,-32.130127,-30.259798,-26.548985,-26.114014,-23.877296,-22.80906,-21.439533,-24.670998,-24.391949,-26.997652,-28.916426,-26.580109,-27.757416,-30.598354,-25.811916,-25.706964,-26.203737,-24.831425,-25.416042,-22.684374,-21.9306,-22.858807,-22.532703,-22.702265,-26.86208,-23.558134,-24.108334,-27.29652,-26.299343,-24.641747,-27.949966,-33.98499,-28.764465,-24.426903,-21.163555,-22.052372,-26.13426,-29.211311,-23.70465,-23.923943,-27.688541,-23.500046,-22.619537,-25.248062,-25.519127,-27.238125,-27.441236,-30.028763,-25.208784,-21.628351,-22.957508,-26.41224,-27.289467,-28.045683,-28.832493,-23.157448,-21.594193,-25.82286,-27.040165,-30.683458,-29.909489,-26.715971,-25.902067,-26.667057,-26.971252,-28.068539,-27.332172,-24.003422,-26.080624,-27.618832,-31.962381,-31.103588,-27.567417,-28.02753,-25.994678,-24.264359,-23.321161,-26.33028,-25.971043,-26.40757,-23.284588,-23.061596,-24.567112,-24.973,-25.70374,-24.832172,-25.775845,-27.18394,-28.637209,-29.479431,-24.618803,-24.017008,-28.581669,-28.788517,-25.361996,-22.76453,-25.692825,-25.600632,-24.104836,-25.574469,-28.15995,-31.353838,-32.921524,-30.097954,-29.709822,-30.669842,-25.364967,-26.678211,-30.74726,-28.682995,-27.685822,-32.36009,-32.60077,-24.591995,-23.797707,-26.530582,-24.85925,-28.394318,-29.60868,-28.579037,-29.718756,-27.758204,-25.801487,-26.614384,-28.754532,-31.37877,-27.167799,-24.538752,-25.086155,-30.615372,-36.243782,-32.27738,-31.55487,-31.32392,-28.514494,-26.452147,-24.887913,-24.069746,-27.22588,-23.88979,-24.31918,-29.912132,-28.61492,-25.31351,-27.811958,-26.907728,-21.879787,-22.444427,-27.543486,-23.500092,-23.677433,-22.913284,-25.487991,-24.21677,-26.033607,-29.006872,-27.942135,-28.982887,-25.65527,-24.80848,-26.439726,-28.16631,-27.587704,-30.850466,-30.080097,-26.426895,-22.0746,-22.727913,-23.33971,-21.78629,-22.677814,-23.562504,-25.440872,-26.203888,-23.202076,-24.666042,-29.538435,-25.71249,-24.84385,-26.482649,-25.939064,-25.186932,-24.191982,-25.354599,-29.99366,-29.290619,-30.399193,-29.317657,-28.303026,-28.375214,-26.86027,-23.844538,-24.411114,-26.176266,-23.998413,-26.25421,-23.134281,-24.744987,-30.94775,-31.376947,-27.393852,-25.533264,-26.804438,-28.125612,-32.8969,-31.299002,-29.007185,-28.336758,-27.459383,-24.815073,-23.368473,-24.659803,-28.778381,-26.359787,-26.151955,-29.815706,-25.382504,-27.844204,-25.542881,-24.174622,-28.677698,-23.090033,-22.259514,-25.786526,-32.555634,-30.006847,-25.241726,-24.811314,-27.225145,-27.787773,-26.685612,-23.954094,-22.801155,-25.488197,-26.738192,-24.08274,-24.789469,-26.909834,-29.470938,-31.339417,-33.500885,-25.427197,-22.530897,-24.145044,-25.903389,-31.037777,-31.42931,-29.83489,-25.229958,-25.349745,-30.119934,-31.469456,-27.722147,-28.870163,-26.651762,-24.666405,-26.874876,-29.065834,-25.032972,-22.767792,-25.07146,-29.418274,-26.287544,-23.619823,-23.70477,-25.456158,-26.20013,-29.174408,-26.460133,-26.539207,-29.449379,-28.899002,-29.230865,-28.71611,-31.30797,-24.040085,-24.01561,-29.894611,-28.80639,-25.902935,-25.869268,-28.805288,-34.945057,-28.878546,-26.816229,-27.342178,-28.02541,-26.112274,-26.40144,-27.581024,-27.238455,-28.739313,-30.564182,-26.86078,-27.050777,-26.668339,-26.356052,-29.056637,-29.092693,-31.546497,-33.614582,-33.065956,-29.98991,-25.843254,-25.827839,-25.731045,-26.606548,-27.642061,-24.919127,-23.359322,-28.857887,-25.210913,-22.73516,-23.160103,-25.763844,-29.885756,-30.900486,-28.581799,-24.315521,-20.175503,-23.041378,-22.523848,-22.52261,-24.364101,-24.156965,-24.85305,-27.360088,-24.132631,-24.93799,-26.397121,-23.298525,-25.038582,-25.87753,-25.016766,-26.583736,-26.34185,-29.191439,-29.142649,-24.791885,-24.21245,-22.183014,-24.542076,-25.354303,-24.189293,-24.249441,-22.76664,-21.74524,-26.486645,-28.970623,-29.481638,-28.607004,-28.588802,-25.479929,-23.432604,-27.14965,-28.902233,-25.469276,-21.557919,-22.543518,-23.118393,-23.944798,-26.374899,-24.153856,-21.178925,-22.754734,-29.130733,-30.213688,-28.96141,-26.934988,-22.949991,-27.135109,-27.68882,-26.728222,-27.361216,-28.23713,-27.64135,-29.687038,-25.519636,-23.838224,-25.330925,-28.324593,-32.14284,-32.018887,-27.34545,-24.465084,-26.201363,-26.071335,-26.496563,-25.714077,-25.87,-27.88206,-28.378418,-30.896301,-27.135397,-25.109596,-28.926628,-25.782864,-25.343159,-26.335468,-27.801872,-28.036926,-27.708324,-31.477896,-30.053848,-27.53059,-27.718477,-24.74276,-23.453714,-26.846703,-24.738926,-29.740782,-30.697569,-28.76168,-29.092735,-28.103672,-28.299475,-30.203274,-24.608482,-25.315487,-28.325462,-28.4326,-26.590733,-25.378567,-26.366966,-30.337976,-29.439964,-27.980404,-32.50121,-33.324226,-26.99643,-26.959248,-28.306301,-26.443203,-27.960796,-28.840792,-29.835222,-29.196106,-23.878525,-24.336311,-25.593302,-24.753284,-29.685268,-27.22507,-28.14609,-33.745163,-29.938614,-28.388811,-28.58889,-27.619814,-26.830734,-25.820953,-25.331867,-26.538149,-25.513815,-26.376575,-30.27695,-31.111454,-31.386072,-29.246878,-29.94045,-26.606468,-27.415451,-30.04701,-29.922356,-30.397001,-28.206598,-26.414036,-28.619331,-34.481876,-28.88756,-26.81924,-24.496468,-23.037342,-23.29314,-24.41174,-30.012074,-26.827621,-30.011599,-29.096195,-25.878864,-27.54258,-24.560944,-24.813196,-27.663872,-28.635925,-26.495182,-28.089712,-28.848042,-41.314465,-47.63445,-47.199196,-47.02787,-47.354164,-47.2908,-47.35967,-47.316635,-46.76451,-50.609886,-62.219673,-80.0,-80.0,-80.0,-80.0,-80.0,-80.0,-80.0,-80.0,-80.0,-80.0,-80.0,-80.0,-80.0,-80.0,-80.0,-80.0,-80.0,-80.0,-80.0,-80.0,-80.0,-80.0,-80.0,-80.0,-80.0,-80.0,-80.0,-80.0,-80.0,-80.0,-80.0,-80.0,-80.0,-80.0,-80.0,-80.0,-80.0,-80.0,-80.0,-80.0,-80.0,-80.0,-80.0,-80.0,-80.0,-80.0,-80.0,-80.0,-80.0,-80.0,-80.0,-80.0,-80.0,-80.0,-80.0,-80.0,-80.0,-80.0,-80.0,-80.0,-80.0,-80.0,-80.0,-80.0,-80.0,-80.0,-80.0,-80.0,-80.0,-80.0,-80.0,-80.0,-80.0,-80.0,-80.0,-80.0,-80.0,-80.0,-80.0,-80.0,-80.0,-80.0,-80.0,-80.0,-80.0,-80.0,-80.0,-80.0,-80.0,-80.0,-80.0,-80.0,-80.0,-80.0
-30.476063,-27.64059,-23.721226,-26.290186,-25.81398,-23.31667,-24.676859,-26.016037,-25.97217,-24.925114,-30.44456,-33.424667,-29.463863,-29.584677,-32.49961,-27.906292,-25.713964,-24.128555,-24.489174,-28.080269,-24.333694,-25.75138,-27.30296,-25.785885,-26.801523,-26.433304,-26.866282,-29.321142,-24.382793,-26.238728,-30.512348,-35.154263,-29.793415,-25.538635,-26.016502,-29.690687,-28.952888,-26.095905,-24.25485,-25.583857,-28.939945,-25.424217,-23.829496,-26.503553,-27.37165,-23.94669,-24.848429,-31.235731,-28.376545,-25.316792,-26.31917,-22.157383,-25.586128,-31.310844,-28.27651,-24.932281,-26.333181,-30.520578,-34.826515,-29.728996,-28.348167,-32.171272,-24.327137,-22.778801,-27.53116,-25.25486,-26.72889,-23.602276,-24.601967,-28.918707,-24.756851,-24.658152,-25.288189,-26.840132,-24.698498,-21.833443,-26.103184,-27.446854,-23.701643,-23.36063,-25.758535,-22.777853,-27.703629,-26.848198,-26.042076,-28.452995,-27.41647,-28.019745,-30.242537,-29.82174,-29.41224,-25.066938,-26.497631,-26.226357,-25.839424,-28.843294,-28.7787,-29.769926,-28.40801,-27.691774,-30.417027,-27.833622,-25.851978,-26.74674,-29.235058,-29.381718,-26.28238,-24.140266,-28.256607,-25.052874,-24.647236,-34.591892,-35.638866,-35.13302,-33.82521,-33.209763,-35.338146,-38.92165,-35.831024,-33.09326,-38.517197,-48.50626,-39.627285,-36.119343,-39.967262,-37.314568,-37.063004,-34.4753,-26.625116,-25.863354,-28.739576,-26.936914,-25.26282,-27.970243,-28.009813,-27.067814,-27.447956,-28.956047,-25.41197,-24.985718,-29.012058,-25.1163,-25.55434,-29.599339,-26.713766,-25.089596,-20.086197,-23.074131,-27.991161,-28.507671,-26.587349,-28.18919,-25.380993,-26.913544,-29.85726,-25.231756,-25.723673,-28.237698,-24.986013,-24.332607,-25.637794,-26.751312,-26.004398,-22.253813,-21.949743,-26.3595,-28.636581,-23.022799,-18.98002,-22.57542,-27.640009,-25.189909,-24.943779,-26.309738,-23.647636,-24.947384,-29.061857,-30.258049,-25.646126,-26.45089,-29.03889,-27.191425,-29.57689,-25.619366,-22.44533,-25.549723,-25.693722,-26.262768,-22.671066,-26.711851,-26.805143,-26.708712,-28.095219,-25.16409,-26.556414,-27.646732,-25.35336,-23.853474,-23.216593,-24.555592,-26.719547,-27.281494,-30.449099,-27.85775,-23.374424,-23.40208,-26.543587,-30.588331,-30.384802,-30.221916,-29.356197,-26.956167,-24.556248,-24.599518,-27.338295,-28.158485,-28.202492,-22.89805,-25.071625,-28.668037,-30.759863,-27.8238,-27.107393,-27.671946,-27.964226,-29.825565,-28.402298,-27.157446,-24.541931,-27.55709,-27.21777,-28.85315,-29.624155,-28.00892,-29.563572,-31.375687,-30.89613,-31.044483,-31.817692,-27.978945,-28.04361,-26.709574,-26.475288,-26.613977,-26.313807,-25.727066,-24.585546,-29.405123,-34.71085,-32.38598,-28.367157,-27.084082,-27.787073,-29.88965,-33.93948,-30.932447,-26.640007,-28.050087,-28.887495,-29.28181,-25.926102,-26.425806,-28.189941,-27.463827,-28.85632,-24.513432,-21.736923,-24.390224,-27.709436,-29.998753,-24.148884,-26.111172,-26.172983,-24.077885,-24.718735,-23.769001,-25.920639,-23.547123,-24.975418,-24.019514,-24.205574,-22.05866,-21.12669,-26.182522,-26.715282,-23.798897,-26.635185,-28.400303,-27.611923,-30.205177,-29.712296,-26.049465,-26.437172,-29.70914,-29.39857,-27.265469,-26.60845,-25.911963,-25.32302,-28.19733,-27.887352,-27.294615,-31.900866,-25.814041,-22.008114,-26.612448,-29.378637,-27.340824,-25.383831,-20.814087,-21.544823,-26.982788,-28.817665,-26.574436,-28.735697,-28.477009,-30.856224,-31.419495,-27.237947,-30.087086,-27.509417,-23.282444,-23.609493,-26.29628,-25.396656,-26.048176,-26.794092,-25.266449,-23.648855,-22.911589,-24.471436,-24.317127,-28.2074,-29.61001,-28.16779,-25.031502,-26.497486,-24.881565,-25.46351,-23.847809,-26.153652,-26.080061,-25.059795,-24.373354,-25.450352,-28.185215,-25.607944,-26.874346,-25.75388,-25.144424,-27.922535,-24.645597,-26.308205,-29.541466,-29.547575,-29.269007,-29.425993,-31.481024,-28.6553,-27.65327,-25.506172,-25.496262,-25.270733,-27.490799,-29.354723,-26.026764,-26.416435,-29.851803,-32.06099,-32.45056,-32.183525,-26.298409,-24.963829,-25.958626,-26.71436,-29.228596,-27.59536,-26.21001,-29.652203,-32.221165,-34.480587,-28.33021,-25.871983,-26.371506,-29.60167,-26.11356,-26.818516,-27.036787,-26.693882,-26.515198,-24.88332,-27.73302,-29.127653,-26.365057,-26.863678,-24.883188,-26.227257,-28.009012,-27.75297,-28.360277,-26.8386,-30.835066,-28.022175,-22.805216,-26.438555,-27.720383,-28.511364,-29.63692,-28.953993,-30.552996,-23.643635,-21.370815,-22.966522,-25.589561,-25.889256,-28.693848,-33.300236,-29.35289,-27.142544,-27.18794,-29.824205,-25.543943,-24.2055,-24.821896,-24.6406,-25.36023,-23.956507,-26.812592,-24.341412,-24.92099,-30.730328,-32.44212,-29.193727,-27.624458,-27.986153,-26.809637,-28.007107,-28.52339,-22.701958,-21.062967,-26.297146,-29.430336,-28.841784,-27.50837,-27.230637,-26.859962,-28.479454,-31.983772,-34.145668,-32.01161,-27.921455,-22.661514,-25.138187,-28.729794,-24.605797,-25.537247,-29.243637,-28.107862,-23.867966,-23.733015,-23.195232,-25.379984,-27.516136,-28.554434,-32.387608,-27.686338,-26.12687,-29.630999,-26.831518,-26.372746,-21.067825,-23.934772,-30.616877,-25.009981,-25.21233,-24.55164,-26.76683,-27.094482,-25.648306,-28.115795,-25.814346,-27.221064,-31.343775,-30.377514,-27.914154,-23.444193,-23.290766,-25.086054,-25.815882,-29.780075,-25.304394,-24.774742,-25.33298,-25.994484,-27.029654,-29.95881,-29.04365,-27.97401,-26.25726,-19.77066,-23.150543,-28.174824,-30.270987,-28.673832,-28.757175,-26.941381,-21.348545,-20.95845,-27.91158,-27.53496,-26.471891,-26.794865,-29.832336,-25.974167,-20.787628,-23.211637,-28.689323,-32.829563,-29.160923,-25.362057,-26.369625,-23.36835,-25.444073,-26.95725,-25.785124,-27.129335,-26.43027,-27.601166,-23.239511,-21.856943,-25.65429,-23.288803,-25.887596,-28.79509,-27.083914,-26.348543,-25.570824,-23.822514,-24.202633,-25.999428,-31.261166,-27.143858,-27.940344,-28.274776,-29.197578,-28.937765,-26.211142,-20.691936,-21.64497,-24.843945,-26.479616,-26.423592,-25.110168,-22.22554,-27.348885,-30.550875,-25.086092,-24.480604,-26.557028,-22.182995,-23.420765,-27.017458,-24.539982,-25.093967,-31.16326,-31.386106,-28.067047,-25.108395,-25.10358,-23.953302,-25.57043,-27.103127,-24.446182,-26.026608,-31.840675,-26.376896,-26.917423,-28.953789,-27.647562,-28.920977,-27.411812,-29.865946,-32.62718,-27.633575,-26.596783,-28.218664,-34.884476,-32.416595,-29.7061,-32.575996,-30.33503,-28.165821,-27.46384,-27.68128,-28.938784,-29.094372,-24.001202,-25.026888,-28.799852,-24.933508,-24.395473,-28.750496,-27.628834,-24.973423,-26.008884,-26.264603,-23.962944,-26.527805,-28.55706,-26.972628,-28.004845,-23.641226,-24.489443,-31.222813,-26.81443,-24.222612,-29.110756,-32.230175,-44.211678,-52.128265,-51.304276,-51.091248,-51.494225,-51.568974,-51.682785,-51.497337,-50.70707,-53.568367,-65.12535,-80.0,-80.0,-80.0,-80.0,-80.0,-80.0,-80.0,-80.0,-80.0,-80.0,-80.0,-80.0,-80.0,-80.0,-80.0,-80.0,-80.0,-80.0,-80.0,-80.0,-80.0,-80.0,-80.0,-80.0,-80.0,-80.0,-80.0,-80.0,-80.0,-80.0,-80.0,-80.0,-80.0,-80.0,-80.0,-80.0,-80.0,-80.0,-80.0,-80.0,-80.0,-80.0,-80.0,-80.0,-80.0,-80.0,-80.0,-80.0,-80.0,-80.0,-80.0,-80.0,-80.0,-80.0,-80.0,-80.0,-80.0,-80.0,-80.0,-80.0,-80.0,-80.0,-80.0,-80.0,-80.0,-80.0,-80.0,-80.0,-80.0,-80.0,-80.0,-80.0,-80.0,-80.0,-80.0,-80.0,-80.0,-80.0,-80.0,-80.0,-80.0,-80.0,-80.0,-80.0,-80.0,-80.0,-80.0,-80.0,-80.0,-80.0,-80.0,-80.0,-80.0,-80.0
-33.462128,-28.900343,-25.590805,-31.044746,-30.268974,-26.56245,-25.531132,-27.692396,-28.207893,-26.201458,-27.130638,-25.458729,-26.455383,-26.995258,-23.891376,-23.43313,-25.596462,-27.706682,-26.30371,-28.264006,-25.09924,-24.267931,-30.16182,-24.862572,-24.69548,-24.004187,-25.10293,-26.844854,-27.426193,-28.590937,-28.533566,-35.332947,-27.661072,-26.33597,-26.571218,-25.427444,-29.002594,-30.408651,-30.616865,-27.795475,-26.970575,-21.842789,-22.640522,-25.660006,-28.125147,-28.529716,-31.349764,-31.382359,-29.185326,-26.722218,-29.711243,-29.912373,-30.625792,-30.111923,-26.078314,-25.280836,-26.184921,-27.061255,-29.045038,-27.98973,-29.410051,-29.274725,-24.055292,-22.333393,-24.525892,-25.855793,-29.867973,-31.888094,-31.40218,-26.025288,-25.953499,-29.638186,-27.601175,-26.763084,-26.26807,-26.358013,-27.53019,-26.334286,-27.477274,-27.262386,-25.651365,-23.192451,-26.498976,-25.097324,-26.229385,-30.046041,-28.373241,-26.008831,-24.986626,-28.784645,-25.042187,-23.594925,-28.26287,-31.34611,-27.41369,-24.043976,-23.41021,-24.36926,-25.282871,-28.955307,-26.709118,-25.489872,-26.238884,-27.74523,-28.957386,-30.80085,-24.193521,-21.287333,-26.93224,-25.411446,-27.360027,-40.5476,-35.037548,-32.06939,-33.586456,-34.41942,-32.46896,-35.21661,-34.859703,-35.69462,-38.78006,-45.755905,-37.776882,-32.915928,-36.09889,-39.791595,-40.447506,-36.80624,-28.15091,-26.878117,-26.461277,-24.249731,-25.281965,-25.518148,-27.194096,-27.017044,-28.075262,-24.317772,-22.938131,-26.066746,-29.26015,-27.690723,-27.359892,-28.935741,-29.150875,-26.758566,-19.279888,-20.397078,-27.340702,-33.776794,-28.515709,-26.74776,-28.184723,-27.166416,-26.921421,-26.854181,-22.982855,-23.147331,-24.154184,-25.524984,-24.014297,-24.944702,-24.449955,-27.440493,-26.19824,-27.316204,-28.733364,-25.77324,-24.381847,-25.615202,-24.155937,-23.820835,-28.32197,-30.671074,-29.799934,-27.314024,-26.909075,-21.940842,-22.044117,-21.509304,-24.337402,-25.342863,-24.146908,-27.186983,-27.647507,-27.208176,-29.382572,-29.874023,-23.788528,-23.441845,-25.385883,-23.540482,-23.487997,-26.119825,-27.15414,-29.191587,-26.280891,-25.595737,-28.119059,-31.235443,-27.684002,-27.657398,-30.269958,-28.735146,-26.047812,-24.616304,-27.991184,-28.422192,-27.859854,-27.543869,-25.010384,-23.860647,-27.641535,-27.936459,-26.304577,-26.275015,-28.462574,-27.014828,-24.452961,-25.703176,-23.841362,-21.00167,-24.376162,-29.221867,-27.998564,-26.218525,-22.781387,-26.09565,-27.481884,-27.493505,-22.559555,-24.58421,-29.238762,-27.461967,-27.034065,-27.176023,-26.9878,-26.024462,-29.73401,-30.508541,-28.601414,-23.416723,-24.670307,-28.027035,-27.188248,-27.470598,-27.398453,-26.921856,-25.970596,-27.662582,-30.187605,-27.222652,-31.130451,-31.571411,-28.93425,-28.117027,-23.829735,-23.248276,-27.36033,-25.690784,-22.87251,-26.124718,-27.039238,-27.670475,-26.180546,-24.246317,-24.101107,-27.271114,-24.564182,-28.270693,-26.352835,-24.845482,-28.38293,-26.424526,-26.181337,-26.239962,-27.066942,-24.86311,-27.850218,-26.016943,-26.52275,-24.45329,-24.027876,-25.398096,-21.20589,-23.788189,-27.34296,-29.179422,-30.347136,-27.506742,-29.000736,-27.564611,-25.488827,-28.744392,-26.547558,-23.479694,-25.157753,-24.210627,-26.429134,-28.964605,-27.710184,-26.212337,-23.83004,-23.3743,-23.9475,-28.002176,-28.473959,-26.572184,-27.928469,-22.882181,-22.083271,-24.134716,-27.183474,-27.375237,-31.943508,-29.586336,-25.355919,-24.692604,-26.794254,-27.00373,-26.392813,-27.477882,-28.003119,-29.000183,-30.025393,-27.302887,-25.386242,-23.45525,-24.94241,-21.888664,-23.30541,-24.846275,-26.134441,-29.074371,-22.717543,-20.922617,-28.668718,-29.651882,-31.082277,-31.345247,-26.969915,-28.084103,-26.177603,-22.609234,-23.757801,-25.711973,-26.021723,-26.443272,-28.46888,-24.896864,-26.014137,-27.595734,-23.667877,-25.805561,-27.490297,-25.22356,-27.586353,-30.69695,-27.48244,-26.09584,-27.44364,-29.550493,-28.896366,-28.642208,-25.933334,-25.658873,-25.572601,-24.16336,-26.060581,-27.9408,-31.514488,-27.835386,-26.576914,-29.164146,-27.391249,-27.015907,-27.146702,-27.917458,-27.845442,-24.538208,-25.521755,-24.646307,-24.607265,-22.831234,-22.610264,-24.234056,-30.016308,-30.13454,-26.039398,-23.770985,-23.344734,-27.91315,-28.02324,-31.033035,-31.604628,-28.818949,-29.267529,-30.984524,-27.53584,-26.906162,-22.71456,-23.66013,-25.377438,-23.982855,-25.00235,-27.757818,-25.327003,-29.16792,-29.109215,-25.371023,-23.719463,-23.987572,-23.459019,-24.868301,-22.870903,-21.034134,-22.420208,-27.062225,-33.210888,-26.466717,-23.852797,-22.879047,-25.280556,-29.198967,-29.116888,-26.810379,-24.57891,-26.49793,-26.332785,-27.435675,-29.672497,-27.721092,-23.454811,-22.08197,-24.728672,-25.89729,-27.754574,-28.751625,-23.164404,-22.889038,-27.303835,-24.70884,-24.588593,-25.116138,-23.02568,-20.544369,-26.021112,-31.460304,-28.36157,-28.568857,-31.338856,-31.230629,-31.764923,-28.382174,-26.080332,-27.720804,-27.858574,-27.619286,-27.397446,-24.717749,-25.735283,-27.624247,-28.20802,-28.403576,-27.330849,-27.243397,-27.906424,-25.010456,-24.983559,-28.613743,-26.449669,-26.092695,-24.664017,-26.812548,-27.155617,-26.45892,-27.110382,-24.717999,-26.883598,-27.712204,-24.101246,-27.30568,-33.137875,-27.728634,-27.612644,-26.46199,-23.741539,-21.303564,-21.418343,-25.688358,-27.273998,-25.780096,-24.683979,-25.73384,-24.576141,-24.204832,-25.749052,-27.692863,-28.568096,-25.666971,-24.960068,-26.017395,-26.867434,-28.902061,-27.617569,-26.027046,-23.912565,-23.75097,-25.827364,-28.265831,-33.009987,-29.277256,-26.044281,-26.000557,-24.25764,-23.974339,-25.101389,-26.174574,-24.498848,-25.063356,-25.336796,-23.81144,-26.062168,-27.877914,-30.020592,-28.388977,-26.078108,-29.884542,-26.550863,-25.270878,-27.41055,-28.480515,-26.639168,-27.805128,-27.346048,-27.80898,-25.574286,-24.967606,-25.137945,-28.890392,-26.665657,-25.156046,-28.383642,-28.144852,-23.837498,-23.761354,-27.043427,-27.483112,-28.633821,-26.54382,-26.958456,-26.90269,-27.90174,-23.486485,-26.151428,-29.609934,-25.79092,-24.164696,-25.144447,-22.56543,-25.07049,-30.534622,-27.441063,-23.388233,-24.63916,-28.786844,-28.671547,-29.405693,-30.552433,-27.394203,-26.305874,-25.32935,-24.195564,-25.312874,-30.373001,-30.987043,-28.531107,-26.368084,-24.626785,-29.603367,-28.100538,-29.22699,-26.488668,-25.203302,-26.159782,-25.603962,-29.347359,-26.314974,-20.93452,-24.08039,-30.547749,-30.906218,-26.354525,-25.179804,-26.442616,-24.586887,-20.062527,-22.270935,-25.89653,-24.948776,-24.598507,-29.768763,-30.448727,-26.186865,-25.543287,-24.224667,-28.30658,-26.852262,-30.55114,-30.025177,-24.679914,-23.466326,-23.57986,-26.944368,-30.643612,-28.68712,-26.793303,-29.508469,-45.23609,-53.879986,-53.21582,-52.93428,-53.476242,-53.297653,-53.417202,-53.403145,-50.380802,-51.9398,-64.29937,-80.0,-80.0,-80.0,-80.0,-80.0,-80.0,-80.0,-80.0,-80.0,-80.0,-80.0,-80.0,-80.0,-80.0,-80.0,-80.0,-80.0,-80.0,-80.0,-80.0,-80.0,-80.0,-80.0,-80.0,-80.0,-80.0,-80.0,-80.0,-80.0,-80.0,-80.0,-80.0,-80.0,-80.0,-80.0,-80.0,-80.0,-80.0,-80.0,-80.0,-80.0,-80.0,-80.0,-80.0,-80.0,-80.0,-80.0,-80.0,-80.0,-80.0,-80.0,-80.0,-80.0,-80.0,-80.0,-80.0,-80.0,-80.0,-80.0,-80.0,-80.0,-80.0,-80.0,-80.0,-80.0,-80.0,-80.0,-80.0,-80.0,-80.0,-80.0,-80.0,-80.0,-80.0,-80.0,-80.0,-80.0,-80.0,-80.0,-80.0,-80.0,-80.0,-80.0,-80.0,-80.0,-80.0,-80.0,-80.0,-80.0,-80.0,-80.0,-80.0,-80.0,-80.0
-33.214504,-28.287365,-28.633293,-32.039364,-29.894444,-26.129374,-28.187037,-29.02414,-26.594915,-27.465588,-26.542152,-23.861462,-24.563927,-24.131912,-23.939953,-23.27325,-26.921604,-29.485058,-28.924334,-24.282906,-23.86346,-24.661007,-28.71756,-31.28117,-29.006058,-23.850172,-24.354645,-25.681692,-26.814663,-25.20055,-24.707424,-22.994133,-21.279778,-21.33057,-25.260502,-29.645733,-30.99748,-29.817322,-29.920147,-26.70266,-27.233093,-27.41138,-28.286972,-27.16251,-25.390034,-27.387367,-29.65682,-29.451557,-29.400877,-27.668703,-31.283865,-29.91728,-24.512497,-23.648918,-26.572542,-28.913872,-29.21255,-27.594238,-26.648787,-26.468628,-28.854418,-27.821865,-27.446268,-22.274338,-19.709843,-21.235746,-26.586475,-28.316822,-30.998028,-23.972414,-25.15227,-30.710169,-26.005589,-27.763468,-33.3906,-26.984472,-27.964046,-31.728184,-29.612553,-26.047594,-24.950203,-27.7066,-28.071634,-22.218323,-22.250057,-25.37759,-28.162697,-26.54444,-25.097736,-24.300978,-21.196272,-24.14478,-28.753542,-29.951487,-31.227142,-29.042126,-23.19374,-22.524448,-26.980726,-28.397493,-28.901638,-25.539719,-23.897587,-27.697067,-30.80061,-26.05301,-25.77053,-25.706608,-25.888424,-23.021324,-27.605,-36.89159,-35.300167,-34.165672,-33.82774,-31.734776,-33.124866,-37.373238,-37.420906,-38.735317,-38.03308,-44.076237,-42.001514,-35.21932,-35.593407,-42.734356,-43.344025,-35.89601,-28.89804,-25.676193,-25.65202,-19.381893,-21.036833,-27.780777,-28.897373,-26.284996,-23.836206,-26.391294,-28.108059,-28.316416,-27.720535,-29.677872,-28.292665,-28.288507,-30.572329,-28.53304,-24.491405,-23.708738,-24.603405,-25.845806,-27.137112,-25.023798,-28.574448,-28.106222,-26.852255,-26.529621,-24.306976,-23.406734,-26.364092,-29.387224,-31.62031,-27.586115,-27.5653,-25.920681,-25.694866,-27.615505,-23.89119,-23.510199,-27.892685,-26.92796,-25.504076,-25.246433,-27.831886,-29.854996,-25.771225,-27.632912,-28.045444,-23.340954,-23.584211,-23.19209,-25.884293,-28.088884,-29.680122,-32.783546,-33.255253,-31.492226,-28.529778,-23.864017,-26.065155,-28.614569,-27.036945,-24.68757,-25.794428,-29.355171,-27.281696,-30.8241,-32.14492,-28.941818,-29.515911,-31.470093,-28.358816,-21.935993,-23.432583,-25.08748,-24.805462,-27.336714,-28.13444,-27.719099,-30.818386,-28.62029,-24.775335,-28.432703,-37.001022,-32.032326,-34.12228,-28.963737,-27.56514,-30.298115,-31.193298,-35.759983,-26.930607,-26.008327,-27.488317,-28.11146,-29.584175,-26.83491,-28.029123,-27.653463,-28.529709,-26.975872,-24.034088,-28.941092,-31.564367,-27.795544,-25.725056,-28.000355,-27.707474,-27.404886,-29.524885,-28.715578,-25.03508,-21.57762,-23.334976,-26.490063,-25.908684,-27.180113,-30.000042,-28.1976,-25.84694,-25.148464,-27.093224,-28.193228,-31.475176,-25.215836,-23.318213,-28.642061,-27.331385,-25.786167,-24.298893,-27.635761,-28.646454,-30.48602,-30.2771,-26.673273,-25.46732,-28.055328,-31.713835,-29.051023,-24.180908,-26.148148,-31.189718,-26.894669,-25.141329,-25.730366,-28.11176,-30.497393,-28.794712,-27.84956,-29.095566,-28.49094,-26.306318,-28.20307,-27.15173,-25.491726,-23.573208,-23.052711,-24.021267,-28.665953,-28.09978,-28.163435,-30.052444,-25.207424,-27.138397,-31.718945,-24.84711,-24.45937,-26.226315,-25.460585,-26.65364,-31.350653,-34.452297,-29.702492,-25.803986,-28.391115,-30.32321,-28.489616,-28.045502,-26.030178,-28.059128,-27.6888,-23.635126,-21.958473,-24.81015,-26.592316,-28.28455,-29.91369,-27.322926,-27.06657,-28.160145,-27.77546,-29.345531,-27.230463,-26.684345,-30.048492,-37.232243,-31.120876,-27.465857,-25.888823,-27.268732,-25.03231,-27.201107,-26.020782,-25.60114,-30.151325,-25.881538,-23.914776,-26.523575,-28.772839,-31.592024,-30.720058,-23.587059,-23.444216,-27.391483,-22.834091,-22.65895,-23.056118,-29.514416,-29.698563,-28.548346,-23.11742,-20.90802,-24.507898,-21.411888,-22.911102,-23.732948,-25.452991,-28.009645,-27.313398,-23.536787,-25.468,-27.829334,-27.98647,-29.49667,-31.38866,-24.878208,-25.365747,-26.683807,-24.07537,-26.829323,-25.73003,-26.8694,-28.906319,-30.248095,-29.559343,-28.422987,-29.507614,-27.107822,-28.654547,-30.30915,-27.50026,-25.231312,-25.43246,-27.050798,-25.865286,-23.304085,-27.964115,-29.072613,-29.013466,-26.240963,-24.186909,-24.853752,-26.413298,-22.905777,-24.752941,-25.325306,-29.032804,-30.309116,-26.587831,-27.913425,-26.345757,-25.412943,-28.350922,-27.031506,-24.686565,-24.581358,-29.21593,-26.825108,-28.713099,-29.528023,-28.66495,-30.534893,-22.5392,-22.430056,-30.027308,-26.39563,-25.129929,-26.105595,-29.460854,-31.446917,-29.083424,-27.708067,-30.825958,-32.254868,-25.761967,-24.64471,-26.819633,-25.28984,-24.303577,-24.918125,-26.929684,-26.802334,-24.836115,-25.970226,-27.926933,-26.696901,-25.045973,-24.405231,-27.835659,-24.98388,-25.148825,-30.0248,-23.027863,-24.112339,-28.71761,-26.791203,-22.756247,-25.909756,-33.15256,-26.947517,-24.026329,-25.736221,-26.839687,-28.013573,-31.298159,-26.809273,-26.173248,-29.595165,-27.867676,-30.64633,-29.196842,-27.091928,-25.716042,-25.572845,-24.809698,-26.076048,-29.168793,-29.5457,-26.432388,-30.86049,-29.702824,-24.352118,-26.746504,-25.129301,-23.812069,-24.586205,-29.11001,-27.343515,-28.091124,-30.570509,-27.204702,-23.297356,-23.48945,-29.556517,-29.628174,-26.10704,-25.03532,-23.057573,-20.602781,-23.460056,-25.2272,-27.26221,-29.910412,-27.636452,-28.265171,-28.71077,-23.421246,-24.180107,-24.609694,-24.228592,-24.768566,-25.391243,-25.203209,-24.57662,-22.826275,-25.424786,-30.8299,-25.449827,-26.67112,-28.616617,-27.439968,-27.901241,-30.141783,-30.282799,-29.317995,-28.625324,-25.81422,-23.879404,-25.052721,-23.73106,-28.248476,-31.413021,-30.843777,-25.014717,-25.936964,-28.36423,-29.389116,-25.825975,-26.769327,-28.883295,-29.029507,-27.351656,-29.12389,-25.510899,-27.30766,-27.360569,-26.197721,-25.714748,-23.908615,-22.773445,-28.131996,-27.421047,-24.984589,-24.464462,-24.074532,-26.98191,-27.66575,-21.987854,-20.182472,-25.951607,-25.712181,-27.19774,-26.942112,-29.865475,-27.529308,-24.917902,-27.272017,-27.035324,-24.907799,-22.817951,-24.058594,-26.846638,-27.38813,-27.766989,-22.810925,-20.814762,-22.76036,-28.651731,-26.714096,-28.044754,-26.774685,-27.357006,-28.879173,-20.792297,-20.723846,-29.705603,-31.965143,-27.714386,-27.741922,-26.891096,-28.574072,-26.407742,-27.241978,-31.046312,-25.558208,-24.35411,-25.579414,-28.473373,-27.537186,-23.45235,-27.023249,-28.550774,-28.805937,-31.596115,-27.257189,-23.610363,-24.93658,-22.931652,-24.89567,-32.085754,-24.718136,-25.304424,-32.50125,-30.567785,-25.64465,-25.290668,-23.697622,-25.18969,-30.26835,-31.19847,-28.047132,-25.723541,-26.907063,-27.217278,-23.777218,-25.567738,-27.913326,-28.864983,-34.208195,-48.692574,-54.27216,-53.795876,-53.496857,-54.068226,-53.772804,-53.865273,-53.929707,-50.38788,-50.894173,-62.686016,-80.0,-80.0,-80.0,-80.0,-80.0,-80.0,-80.0,-80.0,-80.0,-80.0,-80.0,-80.0,-80.0,-80.0,-80.0,-80.0,-80.0,-80.0,-80.0,-80.0,-80.0,-80.0,-80.0,-80.0,-80.0,-80.0,-80.0,-80.0,-80.0,-80.0,-80.0,-80.0,-80.0,-80.0,-80.0,-80.0,-80.0,-80.0,-80.0,-80.0,-80.0,-80.0,-80.0,-80.0,-80.0,-80.0,-80.0,-80.0,-80.0,-80.0,-80.0,-80.0,-80.0,-80.0,-80.0,-80.0,-80.0,-80.0,-80.0,-80.0,-80.0,-80.0,-80.0,-80.0,-80.0,-80.0,-80.0,-80.0,-80.0,-80.0,-80.0,-80.0,-80.0,-80.0,-80.0,-80.0,-80.0,-80.0,-80.0,-80.0,-80.0,-80.0,-80.0,-80.0,-80.0,-80.0,-80.0,-80.0,-80.0,-80.0,-80.0,-80.0,-80.0,-80.0
-40.236687,-29.798649,-24.18701,-26.525375,-27.054958,-22.33712,-25.05436,-26.440971,-25.945515,-24.008932,-23.326889,-25.841057,-31.167524,-31.306597,-26.907455,-25.40689,-26.394129,-26.630037,-28.518736,-28.474361,-27.645718,-29.250267,-25.981213,-24.719517,-29.507933,-30.0638,-25.392893,-26.21833,-24.772738,-23.185875,-22.088306,-24.827396,-24.400732,-23.034494,-28.751476,-29.53682,-31.504099,-30.587847,-24.672335,-24.67466,-29.557634,-30.581928,-26.993416,-24.605713,-25.205982,-24.419996,-23.531248,-25.983234,-23.873318,-26.20015,-30.8289,-31.89197,-31.321346,-29.679424,-28.101145,-27.495518,-26.94603,-27.961311,-26.46103,-25.760708,-29.558239,-28.160965,-29.775402,-26.131346,-26.87672,-26.250916,-30.775297,-27.400368,-27.70109,-26.725868,-24.195675,-26.085836,-26.892204,-26.992683,-26.728447,-29.408466,-26.910446,-26.47735,-26.856298,-23.868904,-25.032017,-30.991674,-28.145971,-29.645477,-25.303715,-26.447058,-28.020601,-27.607544,-29.126629,-27.039316,-23.3639,-26.588787,-27.141567,-29.198555,-27.406097,-25.124613,-24.98267,-23.364025,-24.98568,-25.618246,-25.967285,-24.527637,-23.287472,-27.824837,-29.340643,-24.841007,-24.918098,-25.502638,-25.211117,-24.248787,-32.042343,-38.16884,-35.524292,-34.496365,-36.732162,-33.97241,-32.291435,-33.522816,-36.387787,-35.28716,-36.682606,-44.47873,-40.269928,-38.636257,-40.005875,-44.76226,-42.26918,-39.717743,-25.86375,-22.438171,-25.031353,-23.594074,-26.256895,-26.241096,-25.993252,-30.205679,-27.552023,-26.350195,-29.262356,-31.926926,-32.277634,-30.353464,-30.933102,-30.751842,-26.741333,-28.22301,-31.741272,-36.132557,-26.90981,-25.977703,-25.518734,-23.869175,-24.131496,-26.283321,-25.065739,-29.038841,-31.83145,-29.1228,-26.734497,-25.945564,-25.894402,-23.752605,-24.828281,-25.788773,-26.756388,-30.350887,-26.050444,-25.11339,-25.23637,-26.355267,-25.047127,-25.407215,-28.50781,-26.697092,-24.750526,-26.485611,-28.190952,-28.531242,-26.287838,-26.130947,-27.869057,-27.089222,-27.432129,-30.44249,-27.202456,-28.33006,-29.538727,-26.351711,-26.215649,-25.456985,-24.200474,-25.972889,-27.867682,-29.543713,-27.144482,-27.569504,-28.926994,-25.831097,-28.591658,-29.97525,-27.34447,-23.090343,-23.329342,-25.710258,-30.548756,-26.72329,-23.686127,-22.883614,-21.278145,-25.200089,-24.940752,-26.631298,-34.466793,-32.882126,-29.414482,-26.374678,-27.303833,-28.620592,-24.94735,-26.34048,-28.164173,-28.702267,-25.742865,-26.221853,-30.068897,-29.525978,-27.156013,-26.012081,-26.777315,-28.478706,-28.890745,-25.917084,-23.57309,-22.682825,-26.173424,-32.357742,-30.743343,-30.564491,-28.393242,-27.721872,-24.421722,-24.26054,-28.64413,-25.030006,-26.05214,-29.134619,-26.234169,-28.05435,-28.095932,-23.674221,-26.106731,-27.593979,-25.012154,-26.071014,-26.850975,-26.750593,-28.824686,-31.44448,-26.28899,-27.2379,-30.103264,-27.540035,-26.642523,-27.87843,-25.309952,-29.206736,-28.132496,-25.80772,-26.909628,-27.187954,-29.118519,-29.66193,-29.9664,-26.805574,-26.189697,-28.601679,-23.748354,-22.134064,-27.771736,-32.056194,-25.214077,-25.8946,-23.821596,-24.570097,-25.750145,-23.896416,-24.149336,-27.972698,-29.07798,-30.158895,-29.443132,-29.01022,-23.217113,-23.004725,-25.384813,-26.227108,-26.389996,-26.65942,-27.383726,-25.549051,-23.431473,-26.57911,-27.087654,-27.562862,-25.855652,-26.399174,-25.516117,-24.70543,-30.162231,-31.88557,-28.1412,-27.202076,-23.926683,-25.032768,-26.058205,-27.259043,-30.201792,-29.494946,-26.048489,-27.648151,-26.964136,-22.914318,-26.25251,-32.92633,-32.984287,-29.39514,-28.508263,-30.735954,-26.418182,-26.522526,-25.68412,-25.902481,-25.220135,-26.574799,-26.522509,-25.741507,-25.258007,-27.983198,-26.18425,-24.37318,-22.30894,-20.711514,-21.368778,-25.520042,-24.776134,-26.476633,-31.178333,-27.797384,-25.787893,-24.433523,-19.523643,-19.204351,-23.039415,-27.616655,-30.394573,-28.846416,-27.882412,-28.488472,-26.312893,-29.084778,-25.263641,-23.993975,-29.537237,-32.03853,-26.737934,-23.446806,-26.146606,-33.478443,-33.166153,-31.66515,-30.773266,-25.31788,-21.971857,-23.600327,-27.538315,-28.966335,-31.260578,-31.096628,-28.735794,-29.662249,-30.942741,-32.3307,-30.741009,-29.174118,-25.716097,-27.814644,-27.333904,-26.571312,-28.409725,-27.81291,-30.730747,-29.59139,-26.828869,-23.452642,-23.533712,-29.502607,-28.350048,-25.697277,-26.533802,-25.451414,-24.25727,-28.395805,-28.553007,-25.15062,-24.908665,-31.473236,-32.34037,-28.349316,-29.32398,-30.284763,-29.125652,-23.660385,-24.215641,-27.955368,-29.73774,-27.87983,-28.806528,-28.675028,-28.565506,-26.641785,-25.39402,-29.023506,-25.051994,-25.201303,-27.465923,-24.359228,-23.055573,-23.626888,-23.24779,-25.707947,-25.038673,-24.683584,-25.436071,-23.949793,-22.254044,-22.880402,-26.267557,-33.303898,-30.20198,-26.952488,-26.490032,-23.588207,-24.427689,-29.044762,-29.619146,-28.64331,-27.434187,-31.121353,-24.52824,-23.23481,-26.31902,-30.62431,-31.000553,-28.682636,-26.102427,-27.008705,-27.541645,-28.124062,-32.94182,-32.63343,-32.18556,-25.581755,-25.528996,-23.969309,-24.029335,-27.123856,-26.84646,-26.80687,-27.097977,-23.198994,-24.160866,-28.13332,-29.323341,-25.643719,-26.317673,-29.8132,-27.081432,-24.808538,-27.957079,-24.436255,-24.1338,-29.51622,-32.724834,-33.556988,-29.055706,-27.262203,-21.401436,-21.992981,-28.305935,-28.7333,-27.83313,-28.81136,-26.711143,-27.577862,-28.782001,-24.197481,-23.663445,-24.899649,-28.744785,-26.210903,-27.427155,-30.43912,-27.114794,-25.057205,-26.382517,-28.102821,-27.746922,-29.531696,-29.766665,-27.192032,-27.748953,-28.13285,-28.361374,-27.068459,-27.152767,-24.893724,-23.458736,-23.602907,-24.030502,-28.65319,-26.865349,-26.531685,-27.357544,-28.598717,-30.87039,-30.103085,-31.998146,-31.881546,-29.569803,-30.78259,-27.755661,-27.30667,-26.467846,-28.124056,-28.089249,-27.65784,-28.29459,-30.665962,-27.493586,-28.82411,-30.895231,-29.691776,-26.085754,-24.880371,-27.046585,-28.612125,-22.442904,-20.802666,-24.331114,-26.471802,-24.87286,-24.69102,-28.368364,-25.092684,-22.324635,-22.909042,-27.964695,-27.586536,-23.888542,-26.378353,-30.161062,-29.331898,-24.463005,-22.73747,-24.974598,-22.002165,-25.365988,-25.468365,-28.298908,-27.624767,-27.22663,-31.110695,-26.835083,-26.938086,-32.119637,-29.18021,-24.543877,-24.37435,-26.309187,-28.201063,-27.153091,-26.31451,-28.890661,-26.294807,-22.524649,-24.946747,-26.247635,-30.724884,-27.705511,-29.864244,-26.38093,-24.175144,-27.344612,-25.192333,-24.28933,-28.66497,-29.309902,-31.167744,-30.9782,-30.384546,-32.22857,-30.051342,-32.00299,-28.13478,-24.985641,-25.188286,-26.937275,-25.301414,-23.283499,-25.270355,-26.927631,-26.702568,-28.749979,-27.001938,-27.373304,-27.457882,-27.551468,-32.659985,-45.401054,-53.54036,-52.619926,-52.371635,-52.803764,-52.913322,-53.040283,-52.864075,-49.103302,-48.59909,-60.11215,-80.0,-80.0,-80.0,-80.0,-80.0,-80.0,-80.0,-80.0,-80.0,-80.0,-80.0,-80.0,-80.0,-80.0,-80.0,-80.0,-80.0,-80.0,-80.0,-80.0,-80.0,-80.0,-80.0,-80.0,-80.0,-80.0,-80.0,-80.0,-80.0,-80.0,-80.0,-80.0,-80.0,-80.0,-80.0,-80.0,-80.0,-80.0,-80.0,-80.0,-80.0,-80.0,-80.0,-80.0,-80.0,-80.0,-80.0,-80.0,-80.0,-80.0,-80.0,-80.0,-80.0,-80.0,-80.0,-80.0,-80.0,-80.0,-80.0,-80.0,-80.0,-80.0,-80.0,-80.0,-80.0,-80.0,-80.0,-80.0,-80.0,-80.0,-80.0,-80.0,-80.0,-80.0,-80.0,-80.0,-80.0,-80.0,-80.0,-80.0,-80.0,-80.0,-80.0,-80.0,-80.0,-80.0,-80.0,-80.0,-80.0,-80.0,-80.0,-80.0,-80.0,-80.0
-33.222485,-32.495266,-25.640509,-25.192497,-29.073778,-31.38956,-27.31704,-24.88551,-24.900566,-25.573954,-27.198984,-28.576782,-32.68289,-30.398834,-25.116299,-23.053608,-22.602303,-25.74598,-31.036179,-28.694775,-26.597437,-28.233189,-25.635202,-24.573805,-27.410248,-25.979536,-23.823114,-25.83561,-29.238338,-23.62805,-25.655483,-30.184399,-26.418793,-26.030415,-26.764915,-23.93777,-25.050575,-26.416815,-26.293629,-28.605083,-29.098516,-27.283405,-23.588867,-24.33009,-26.837948,-27.095673,-26.566372,-27.200815,-24.978485,-25.426056,-29.443764,-27.613422,-24.13824,-23.073977,-25.4235,-24.769236,-23.592052,-27.173416,-32.526142,-29.860598,-26.478172,-28.329905,-32.250153,-31.305126,-31.611858,-28.908484,-27.02277,-30.163132,-30.273335,-28.246479,-27.205719,-26.544998,-28.25976,-27.088589,-26.802053,-25.526575,-25.505096,-24.262753,-24.05122,-24.288338,-22.83525,-25.447681,-28.163637,-26.082111,-26.689943,-29.246395,-26.367844,-24.973583,-29.782974,-34.279785,-35.18888,-34.238228,-27.732712,-25.594051,-27.180084,-27.68078,-21.894142,-21.850632,-24.025093,-27.651709,-26.311949,-26.971636,-28.0947,-30.68106,-27.236477,-24.418089,-23.30652,-24.08125,-25.210133,-25.751156,-33.683846,-41.31199,-35.642933,-33.915867,-36.970615,-35.12528,-35.775097,-37.324238,-36.88997,-34.05108,-33.054993,-41.276817,-44.012367,-42.887466,-45.800873,-40.3646,-36.896637,-37.694653,-32.790787,-28.814655,-24.649426,-28.378008,-26.491201,-24.72971,-27.71536,-32.598648,-28.568201,-28.671024,-29.294983,-25.93954,-27.519653,-31.698536,-29.603756,-29.359726,-27.81532,-29.025848,-29.572533,-27.635328,-24.680538,-26.364643,-24.071678,-22.339098,-25.024704,-26.321245,-24.263317,-25.284208,-27.498814,-26.474886,-27.232239,-28.285576,-26.49777,-24.588663,-24.07695,-27.1082,-33.483875,-30.303444,-26.879917,-28.731312,-29.02098,-29.510073,-31.173513,-31.244408,-29.075153,-29.235598,-28.38242,-27.351217,-26.638828,-33.17297,-30.359892,-30.474323,-34.354607,-29.822166,-27.035357,-27.977367,-26.802958,-28.785706,-25.688953,-27.856579,-30.292404,-23.66634,-22.940262,-26.981945,-27.599545,-27.355719,-26.339005,-28.432915,-29.257336,-25.845877,-27.385494,-25.118935,-26.815102,-26.88614,-27.687649,-25.309124,-24.315796,-28.257471,-28.246868,-22.949982,-22.863884,-27.856892,-27.006779,-24.899853,-24.675209,-28.93882,-26.30429,-24.832619,-33.683502,-31.049606,-25.029972,-22.409609,-27.08789,-31.378963,-27.490608,-29.023733,-33.03749,-32.981983,-28.625141,-26.197124,-27.29702,-31.363302,-31.869482,-26.905666,-24.432606,-28.057734,-25.649717,-24.557304,-24.004906,-25.041763,-27.215452,-27.404213,-25.979017,-26.42252,-28.042587,-25.614529,-26.770037,-25.595943,-28.310364,-30.625074,-29.777702,-26.400787,-25.428623,-23.999737,-26.172657,-28.777271,-27.171288,-24.331627,-24.537361,-27.788551,-29.7256,-29.668919,-29.473972,-27.195179,-27.226744,-27.171349,-24.518383,-23.674473,-26.740398,-26.530994,-24.160389,-21.530418,-22.04109,-24.490961,-29.281656,-28.494568,-26.065968,-28.71703,-27.239088,-25.59049,-24.564964,-24.417627,-28.46624,-28.998764,-22.135075,-21.580889,-25.35941,-22.7663,-25.473349,-29.973171,-29.707619,-28.00595,-30.959002,-28.146444,-24.71386,-22.33969,-26.267918,-29.632298,-26.171263,-23.275143,-22.952915,-26.584091,-27.462227,-27.047628,-28.339842,-24.659653,-22.532036,-26.929947,-25.403399,-24.178925,-24.414793,-24.977,-29.89566,-31.613268,-26.539913,-25.122723,-29.426003,-30.37457,-24.786541,-23.84808,-26.487022,-29.938513,-28.608854,-26.024435,-26.934738,-28.290766,-27.477875,-26.78027,-27.452412,-31.112211,-27.915745,-27.865774,-26.256428,-25.815605,-25.955498,-24.879293,-27.418894,-25.954111,-26.768248,-32.240273,-27.189968,-24.029987,-26.245415,-28.259565,-27.041374,-27.071411,-24.328867,-25.546257,-24.002048,-24.531343,-27.098082,-31.023682,-28.70987,-23.456865,-25.975521,-27.703712,-27.12857,-28.27828,-26.417099,-28.382294,-31.327396,-28.39144,-26.457296,-24.735113,-28.536278,-27.196327,-25.589937,-24.876694,-26.67873,-32.084007,-27.549389,-27.747217,-29.313522,-26.576632,-25.593603,-30.90445,-34.67471,-32.537994,-30.429241,-29.604513,-29.637024,-32.44165,-28.86058,-28.131962,-28.670948,-27.459259,-28.205814,-29.719898,-23.94868,-22.970554,-28.09628,-30.834354,-28.307384,-25.994637,-23.459297,-23.262516,-29.500301,-33.85816,-26.343872,-26.836796,-26.696327,-24.57793,-24.999693,-28.454317,-23.725027,-24.55593,-25.231216,-26.46761,-31.399502,-26.656979,-26.043741,-27.467707,-23.169266,-23.709564,-23.799892,-24.891788,-30.035995,-29.346607,-28.499775,-28.87684,-27.244232,-24.90979,-26.254093,-26.276531,-26.583858,-30.391516,-30.858898,-25.050419,-26.416769,-29.020329,-25.43967,-25.587673,-23.813839,-22.835655,-23.498707,-24.248016,-27.271198,-28.928305,-27.007881,-28.262749,-26.824398,-24.041327,-23.445675,-23.341919,-23.635647,-26.52009,-26.883823,-24.799976,-24.1551,-24.94191,-28.256205,-28.536343,-28.034992,-30.007042,-29.822933,-25.02889,-20.588722,-23.652555,-30.572,-26.372225,-24.2685,-26.336237,-31.706835,-30.235699,-28.020367,-27.217997,-25.29358,-25.881367,-28.400757,-23.672005,-24.90556,-26.467283,-24.655668,-25.164783,-31.619686,-29.38486,-26.370525,-31.221478,-27.41576,-25.805454,-26.81017,-27.997046,-30.334404,-32.976494,-28.819805,-29.46997,-30.213308,-24.450928,-20.643364,-22.47493,-29.470764,-26.199932,-24.66235,-28.396948,-30.195816,-29.937431,-29.171883,-23.110455,-22.615414,-26.51354,-29.135721,-26.99668,-26.577929,-26.536003,-23.700052,-21.996593,-25.792343,-28.7741,-26.919518,-25.209105,-27.639856,-26.983936,-29.427492,-32.279865,-28.894972,-27.159437,-27.098186,-26.952988,-25.993647,-24.401085,-24.321114,-27.996264,-25.201138,-27.191507,-29.882946,-28.030094,-24.894741,-27.920036,-31.731289,-27.42395,-24.123688,-25.863468,-29.286015,-28.622576,-25.131004,-25.870094,-29.026217,-25.542221,-25.17117,-31.495539,-26.942232,-26.24552,-28.164314,-26.619522,-29.582834,-32.463364,-31.647102,-31.415482,-27.869291,-24.30795,-26.469286,-30.438824,-28.716911,-27.891245,-26.242077,-27.465961,-26.436432,-27.990957,-26.229868,-25.951572,-25.409454,-30.04933,-28.83193,-27.050518,-26.998543,-28.716766,-28.118101,-26.346586,-24.138823,-23.337154,-25.368156,-25.166859,-29.22869,-28.635288,-27.256897,-22.22393,-23.013805,-25.964857,-29.410625,-27.427198,-26.536541,-28.437485,-28.399925,-25.538431,-27.492222,-27.298544,-24.743511,-26.463947,-27.148533,-28.406994,-25.152718,-26.634995,-25.532848,-26.000679,-25.588139,-23.433918,-25.17136,-32.00123,-29.040552,-24.617424,-24.154057,-25.51645,-28.021315,-29.243673,-22.037212,-19.79578,-22.245165,-24.073355,-25.401606,-25.650127,-25.691929,-26.934519,-27.469563,-25.273329,-24.336397,-23.979227,-24.662495,-25.840017,-26.614792,-30.944477,-40.620922,-50.579945,-50.148743,-49.878384,-50.37226,-50.106422,-50.199806,-50.198017,-44.38851,-44.144257,-55.907116,-80.0,-80.0,-80.0,-80.0,-80.0,-80.0,-80.0,-80.0,-80.0,-80.0,-80.0,-80.0,-80.0,-80.0,-80.0,-80.0,-80.0,-80.0,-80.0,-80.0,-80.0,-80.0,-80.0,-80.0,-80.0,-80.0,-80.0,-80.0,-80.0,-80.0,-80.0,-80.0,-80.0,-80.0,-80.0,-80.0,-80.0,-80.0,-80.0,-80.0,-80.0,-80.0,-80.0,-80.0,-80.0,-80.0,-80.0,-80.0,-80.0,-80.0,-80.0,-80.0,-80.0,-80.0,-80.0,-80.0,-80.0,-80.0,-80.0,-80.0,-80.0,-80.0,-80.0,-80.0,-80.0,-80.0,-80.0,-80.0,-80.0,-80.0,-80.0,-80.0,-80.0,-80.0,-80.0,-80.0,-80.0,-80.0,-80.0,-80.0,-80.0,-80.0,-80.0,-80.0,-80.0,-80.0,-80.0,-80.0,-80.0,-80.0,-80.0,-80.0,-80.0,-80.0
-31.86158,-28.9791,-26.712141,-24.121555,-26.73168,-31.135841,-28.480675,-26.336145,-24.888294,-23.231236,-26.111849,-29.023186,-29.442894,-26.616085,-23.857613,-22.665533,-24.219812,-25.208084,-27.958881,-24.998447,-25.364323,-32.571285,-27.124498,-26.404865,-27.276897,-28.312645,-31.435093,-28.21622,-25.905422,-23.47603,-23.718239,-30.26193,-30.133724,-27.604273,-26.092878,-27.597977,-25.410967,-24.731306,-25.345507,-29.002846,-28.126495,-25.794735,-24.054413,-24.6661,-27.384691,-26.354555,-24.898733,-24.75058,-25.679642,-28.73238,-24.16823,-21.771587,-24.812464,-26.309902,-26.398779,-25.221237,-24.914642,-27.65249,-30.207129,-29.063965,-27.46866,-30.051003,-28.80405,-26.317352,-24.844164,-23.975414,-25.26909,-29.231369,-27.050053,-30.231728,-33.2109,-26.764645,-29.357489,-29.611113,-24.26194,-22.915585,-25.289755,-26.449783,-24.359425,-23.342327,-24.381172,-27.479698,-25.705994,-24.129417,-29.082602,-35.70269,-31.20476,-29.211296,-32.597305,-30.895334,-31.794676,-31.286135,-29.343102,-29.091154,-28.992863,-26.796898,-23.594778,-25.319946,-27.626179,-27.229029,-24.219776,-24.053696,-26.699924,-29.138327,-30.082558,-31.942202,-29.376396,-28.032654,-28.032728,-31.80454,-36.471985,-38.59816,-35.026722,-32.48981,-34.771423,-31.047787,-35.193905,-40.88744,-40.288467,-40.95687,-40.182144,-44.752693,-42.924507,-39.19506,-43.008354,-38.62718,-36.8636,-37.426556,-34.490612,-27.75549,-23.449497,-28.110142,-27.093496,-24.91956,-23.73336,-26.733212,-25.262398,-28.61598,-27.770817,-23.633877,-24.188541,-28.462215,-23.873749,-23.501364,-29.221794,-28.980333,-27.084274,-26.256866,-25.97302,-24.899197,-22.789574,-20.17709,-21.92381,-24.434916,-25.320423,-25.962582,-23.053799,-24.945652,-27.189636,-25.45848,-27.079678,-30.027428,-24.048061,-24.869328,-28.185133,-26.563133,-28.53175,-30.688074,-32.16974,-29.307928,-32.423035,-25.728031,-23.252247,-28.855593,-30.90904,-27.638071,-28.637247,-28.752853,-27.225708,-31.152729,-31.255054,-27.07556,-24.932636,-24.26873,-25.52282,-25.975824,-27.938784,-29.445385,-27.267595,-26.679031,-28.08652,-27.362478,-27.533377,-29.282505,-29.167727,-30.69629,-29.331083,-24.525597,-26.41272,-26.89722,-25.65168,-24.40678,-23.697645,-24.758755,-24.38102,-25.790493,-27.825977,-25.869492,-27.843586,-32.620983,-30.944641,-29.059559,-26.591097,-29.878685,-30.306568,-28.648083,-28.794292,-30.522507,-33.8159,-28.945295,-27.478235,-26.387707,-28.428688,-27.520496,-32.664352,-32.311455,-28.755505,-24.386736,-24.286507,-27.537203,-28.196735,-27.070312,-27.004768,-28.213276,-26.77713,-27.703608,-25.078207,-24.815903,-27.962772,-26.137157,-23.931955,-20.7904,-23.272049,-29.746534,-27.587902,-26.181723,-29.204288,-30.228186,-30.402788,-28.694862,-27.579414,-28.959785,-33.907944,-31.979671,-29.666227,-30.691992,-27.6853,-24.27235,-26.780592,-29.460636,-23.938505,-21.621582,-22.38699,-25.322052,-25.099949,-23.131746,-24.884102,-26.1299,-24.73841,-24.698338,-24.436283,-25.074467,-25.568113,-27.10373,-30.413687,-25.681004,-23.788263,-23.36079,-24.294605,-23.77479,-26.286423,-25.658073,-23.17792,-22.628834,-25.671833,-30.732498,-29.417656,-27.884563,-26.24054,-25.069359,-27.723034,-28.858685,-28.849222,-28.18621,-28.475338,-28.633755,-27.625826,-26.938194,-25.170383,-26.7915,-27.164078,-24.39597,-26.763597,-27.518473,-31.238153,-32.56429,-29.092236,-25.710037,-21.984217,-22.26342,-24.053764,-28.428337,-26.451982,-21.946304,-24.436424,-31.23933,-27.330856,-27.052917,-27.316246,-23.324097,-24.31454,-27.83672,-25.183481,-24.47445,-22.178436,-26.433048,-28.808933,-25.843008,-28.625206,-31.169302,-28.398888,-27.489899,-27.226822,-24.917444,-24.224447,-25.464363,-27.626013,-29.567135,-30.100082,-28.217155,-27.300343,-26.657757,-25.183617,-25.757418,-29.408308,-26.364872,-21.17633,-25.251427,-29.738773,-28.707886,-27.404432,-24.713833,-26.087551,-28.566067,-25.31009,-27.20069,-27.760708,-27.002838,-30.054909,-28.838787,-26.426847,-27.812004,-30.977222,-26.759415,-25.289291,-23.252676,-23.752337,-25.874092,-25.687622,-24.470325,-23.342674,-27.420687,-30.463161,-31.058472,-31.048817,-28.078386,-26.097298,-23.836708,-25.898853,-27.834332,-28.546574,-27.803896,-29.519585,-24.839607,-24.931772,-26.284647,-26.168789,-23.537867,-24.63935,-26.929613,-32.057003,-32.258144,-27.198273,-23.316141,-26.525326,-27.642391,-26.993198,-25.641644,-22.365362,-22.895365,-25.76399,-25.588398,-23.915432,-27.950241,-26.634674,-27.242434,-32.574825,-27.395554,-27.284262,-30.652157,-27.977583,-27.490623,-25.003347,-22.366604,-25.969694,-28.352903,-30.28577,-27.97903,-23.94274,-23.26933,-28.30088,-28.467562,-26.805573,-30.975136,-34.153248,-26.937563,-25.023174,-29.020142,-27.86215,-25.466427,-24.017052,-24.605118,-27.403687,-27.151463,-24.97871,-26.405886,-25.984274,-25.220726,-29.634455,-27.847034,-25.8006,-24.35982,-23.256485,-25.899136,-21.063026,-21.955606,-23.390701,-26.200611,-31.554945,-31.953001,-26.798618,-27.737461,-26.238531,-25.648117,-22.1576,-24.962292,-27.572338,-26.94056,-27.7668,-27.733858,-26.938766,-22.77503,-19.546556,-22.22561,-23.120213,-24.638458,-20.921242,-19.472889,-22.554642,-27.617825,-28.566433,-28.434084,-27.30332,-29.909883,-26.242247,-26.18919,-29.863167,-27.928701,-23.223682,-24.48075,-26.94313,-23.80762,-25.68245,-31.453094,-34.977047,-26.67707,-24.353962,-23.706451,-23.21782,-26.37994,-29.874187,-27.767216,-27.429276,-33.8137,-27.542826,-22.299484,-20.235882,-21.535164,-23.301172,-25.689423,-27.443615,-26.718744,-23.785263,-25.093748,-27.993645,-27.293324,-28.025017,-28.528713,-28.956022,-28.417997,-25.539124,-26.778608,-32.78302,-31.347912,-25.185497,-24.413784,-24.949875,-25.742867,-20.923403,-22.394081,-23.232975,-27.445889,-28.00581,-28.482113,-24.45904,-29.608295,-32.769753,-28.401814,-26.40722,-29.210981,-27.2597,-26.975632,-23.198238,-22.45322,-24.012583,-23.38995,-27.679197,-29.044422,-23.053732,-24.287354,-26.499239,-28.400448,-30.63121,-32.863167,-31.604893,-25.726513,-24.92071,-22.969658,-23.968857,-25.997068,-25.635727,-23.809223,-25.702461,-27.12973,-25.047127,-25.596573,-26.194141,-26.43802,-25.024677,-26.11827,-27.995363,-25.587317,-24.160816,-25.34313,-23.455343,-25.622967,-26.768074,-30.063345,-28.801905,-28.772114,-27.144955,-26.45958,-27.063457,-24.65472,-25.028038,-25.370941,-24.810263,-24.504427,-27.398352,-32.13878,-27.427427,-24.790142,-23.179722,-24.692219,-21.775196,-26.0882,-32.58541,-25.905384,-25.514317,-26.748604,-25.485992,-26.10244,-27.370834,-26.622248,-28.663588,-32.88746,-32.06527,-26.632027,-26.100876,-26.14807,-27.222351,-29.978796,-24.802015,-23.199368,-27.98822,-28.347713,-27.590744,-26.504272,-26.153242,-28.646147,-29.799799,-26.562607,-25.75002,-25.367588,-26.862986,-27.911745,-25.408978,-27.918722,-30.577185,-31.17347,-30.98343,-30.900946,-31.054996,-31.01731,-31.049593,-31.030737,-30.50884,-34.271038,-50.8525,-80.0,-80.0,-80.0,-80.0,-80.0,-80.0,-80.0,-80.0,-80.0,-80.0,-80.0,-80.0,-80.0,-80.0,-80.0,-80.0,-80.0,-80.0,-80.0,-80.0,-80.0,-80.0,-80.0,-80.0,-80.0,-80.0,-80.0,-80.0,-80.0,-80.0,-80.0,-80.0,-80.0,-80.0,-80.0,-80.0,-80.0,-80.0,-80.0,-80.0,-80.0,-80.0,-80.0,-80.0,-80.0,-80.0,-80.0,-80.0,-80.0,-80.0,-80.0,-80.0,-80.0,-80.0,-80.0,-80.0,-80.0,-80.0,-80.0,-80.0,-80.0,-80.0,-80.0,-80.0,-80.0,-80.0,-80.0,-80.0,-80.0,-80.0,-80.0,-80.0,-80.0,-80.0,-80.0,-80.0,-80.0,-80.0,-80.0,-80.0,-80.0,-80.0,-80.0,-80.0,-80.0,-80.0,-80.0,-80.0,-80.0,-80.0,-80.0,-80.0,-80.0,-80.0
-27.925663,-24.18137,-27.860481,-25.978397,-24.448332,-26.496937,-26.574364,-24.514694,-22.578354,-23.594164,-28.369713,-26.70864,-25.657967,-24.162556,-24.535395,-26.13935,-27.07391,-25.849548,-29.317284,-27.472939,-24.061579,-23.754272,-27.67725,-24.39399,-25.141281,-30.19431,-30.951548,-28.866821,-27.323626,-25.674532,-28.27023,-28.003439,-26.94774,-26.227554,-25.755299,-24.99747,-21.589355,-25.57543,-27.078657,-26.985262,-28.051426,-30.795015,-31.113007,-28.102066,-28.818697,-28.41523,-26.476292,-26.007925,-32.833298,-29.216253,-24.490889,-21.28712,-25.577845,-29.190086,-25.73793,-26.385523,-27.33957,-29.524641,-26.270224,-24.261763,-26.846027,-27.113672,-28.036129,-27.713749,-24.747437,-24.19902,-22.649292,-25.346287,-26.651398,-29.550497,-33.4247,-29.631489,-28.564514,-25.67093,-27.803053,-30.507252,-30.656347,-28.335989,-27.913464,-23.545189,-25.48152,-31.635746,-32.408455,-31.38977,-29.547848,-26.309044,-27.140442,-26.860106,-29.294842,-29.880013,-32.879505,-30.135967,-28.874702,-29.549606,-30.094133,-25.117174,-22.17978,-23.957136,-26.8693,-26.91043,-25.015816,-26.221554,-25.850424,-27.80658,-32.065075,-30.699955,-29.484573,-30.00143,-27.383722,-31.277056,-39.783287,-41.4757,-37.196987,-35.586063,-33.858032,-34.6891,-39.315857,-41.88255,-43.785873,-46.283394,-44.31488,-44.883156,-40.61003,-36.576942,-40.488056,-39.988052,-40.19124,-38.246014,-35.527554,-31.320421,-26.8232,-30.218132,-30.96598,-26.372356,-25.475441,-28.744879,-29.217686,-28.270847,-29.953148,-28.243252,-24.856398,-24.434635,-27.5452,-25.91243,-28.497992,-31.255281,-30.941431,-27.416433,-26.449196,-27.82725,-27.898083,-27.360144,-26.05194,-28.014568,-28.715832,-27.890404,-25.119081,-24.032028,-24.42553,-24.698418,-22.657404,-24.757336,-26.970259,-27.975569,-24.518898,-25.87323,-27.639454,-27.03408,-28.959373,-31.008259,-32.881386,-28.548851,-27.272663,-32.54401,-28.483047,-23.593613,-26.437742,-27.81485,-27.373562,-29.193047,-29.856874,-24.28756,-24.08497,-26.222694,-24.812187,-24.580502,-28.526917,-26.055666,-25.484474,-29.065752,-31.010824,-29.993877,-27.143875,-28.251087,-29.122719,-30.069351,-26.975056,-26.141045,-26.302427,-22.4959,-23.95759,-25.741714,-25.76964,-25.5127,-25.032269,-27.176727,-27.579891,-27.021328,-30.04696,-30.58921,-28.395805,-28.175339,-31.776165,-29.664104,-30.1754,-30.38327,-24.739067,-25.435457,-32.697727,-29.360233,-27.496899,-23.544428,-26.124432,-30.39317,-29.377676,-29.362926,-26.727749,-26.67366,-26.806732,-26.38472,-29.597002,-30.889513,-29.215752,-28.294857,-25.712803,-26.503784,-28.54091,-30.047873,-32.94099,-27.673864,-25.84554,-26.020164,-26.026325,-26.101933,-27.153177,-26.451498,-24.662395,-26.863037,-26.11567,-27.968767,-27.527958,-29.296366,-31.203407,-31.25738,-27.710133,-28.746353,-29.680079,-26.726841,-25.20728,-26.719244,-23.678947,-23.435669,-26.738356,-29.998676,-27.18072,-23.549595,-24.948364,-28.808537,-27.613085,-27.769117,-28.305187,-27.96961,-30.425735,-27.630283,-25.123672,-25.66426,-26.881598,-25.765156,-26.330544,-23.894138,-21.439564,-23.682026,-23.78889,-24.9096,-28.062183,-30.396812,-27.795034,-25.292109,-25.753437,-24.997545,-26.434526,-27.346775,-32.660225,-29.65077,-25.312822,-24.92447,-25.765587,-26.634758,-25.415287,-25.97181,-23.850597,-23.163961,-24.896427,-26.79242,-29.088802,-30.93529,-26.671362,-23.379492,-25.858528,-30.390789,-29.887424,-31.012642,-25.785358,-22.068699,-24.395212,-26.814636,-25.685751,-27.6903,-29.55793,-27.258434,-26.308893,-26.148365,-23.94064,-24.941032,-28.568525,-29.010033,-29.455006,-27.829758,-27.853024,-26.072832,-25.13739,-26.068174,-25.96215,-24.789429,-27.331219,-25.221802,-30.368776,-29.390879,-25.269619,-28.815193,-29.540209,-26.447159,-24.793163,-26.447754,-27.89162,-27.048811,-26.514996,-27.119015,-30.893927,-29.295925,-29.15921,-28.901176,-28.418299,-27.411617,-25.586973,-25.608082,-25.365421,-26.719944,-27.097967,-29.781101,-27.15144,-25.92491,-26.577606,-24.722496,-26.296106,-28.135454,-26.887642,-24.809788,-23.485003,-23.547976,-25.478518,-26.889023,-29.727623,-30.735247,-27.105984,-24.90863,-24.39079,-25.446938,-26.584377,-25.805218,-25.690437,-29.97928,-31.154886,-28.80781,-27.925606,-30.268122,-25.750353,-23.122223,-23.391184,-26.552877,-30.622599,-28.519552,-27.820292,-24.965672,-22.992048,-27.317978,-24.401539,-23.238556,-27.931358,-25.739061,-22.049019,-24.340843,-26.8294,-27.31466,-31.2673,-28.009615,-26.9169,-28.359264,-26.51646,-30.313646,-29.810877,-29.128399,-26.52448,-23.399834,-24.418327,-29.41777,-30.939407,-27.400215,-22.216654,-21.68708,-23.652182,-30.072712,-28.407164,-29.412163,-31.951973,-27.033497,-25.575096,-26.736183,-29.054413,-31.603323,-26.57007,-21.015263,-22.690388,-27.131275,-26.818123,-24.701962,-24.722187,-27.306686,-26.591553,-22.087303,-23.110332,-26.819008,-26.744343,-26.050388,-25.812195,-25.74309,-26.949352,-28.920532,-30.934448,-26.080032,-26.107956,-29.342346,-31.267273,-26.434345,-25.703712,-30.67373,-27.759909,-25.900497,-29.223347,-30.711784,-26.934723,-25.706158,-25.937424,-25.884453,-25.998611,-24.639647,-25.08004,-24.26517,-26.415937,-29.522915,-24.898403,-23.63702,-25.021057,-24.530315,-26.576042,-27.526072,-25.424711,-23.842106,-21.705572,-23.558224,-24.260632,-22.452072,-28.35003,-30.04855,-29.149395,-24.181904,-24.696987,-29.30085,-25.828825,-25.390583,-27.981329,-28.591213,-27.231525,-27.330418,-26.802517,-30.033813,-29.209719,-25.427294,-23.644321,-25.62827,-29.585325,-26.276424,-28.196585,-33.99577,-26.903152,-23.93217,-27.449139,-26.139591,-25.895103,-25.219723,-29.880081,-29.753672,-29.520836,-28.824688,-27.140858,-27.128609,-26.039248,-24.971199,-22.867958,-22.116915,-23.256966,-27.25211,-29.350788,-26.845993,-24.872179,-28.035938,-27.79695,-28.24306,-28.023745,-29.359175,-26.358236,-24.798306,-24.51719,-23.06591,-25.217003,-27.770828,-24.986706,-26.930176,-31.436405,-29.439869,-27.84123,-26.95631,-24.365524,-28.238388,-29.073994,-24.392376,-24.955214,-25.641953,-28.619785,-26.192179,-24.676954,-26.425451,-25.784801,-28.109734,-27.691078,-26.526688,-28.843428,-25.10836,-23.077126,-27.145405,-28.547928,-24.356552,-24.540369,-23.929523,-23.728622,-24.734158,-25.953888,-30.478613,-27.544067,-26.208921,-25.247847,-25.433214,-31.796356,-29.119276,-28.646955,-29.732138,-29.370245,-27.158653,-27.929869,-30.725756,-26.347778,-25.558996,-24.961039,-28.20618,-26.33596,-26.606606,-30.512468,-24.307304,-25.792568,-25.891216,-26.334259,-29.222898,-30.090422,-28.114712,-26.769697,-27.5048,-32.834515,-27.822886,-27.710045,-28.229677,-30.085667,-35.365437,-30.664928,-28.830425,-28.822989,-30.68538,-27.139719,-23.307028,-24.795628,-27.622204,-27.942112,-26.716492,-27.573217,-30.113655,-30.69225,-25.160631,-21.21867,-22.546785,-22.111702,-21.843386,-21.854584,-21.860197,-21.849781,-21.853287,-21.851227,-21.856018,-22.834492,-28.812725,-48.968338,-80.0,-80.0,-80.0,-80.0,-80.0,-80.0,-80.0,-80.0,-80.0,-80.0,-80.0,-80.0,-80.0,-80.0,-80.0,-80.0,-80.0,-80.0,-80.0,-80.0,-80.0,-80.0,-80.0,-80.0,-80.0,-80.0,-80.0,-80.0,-80.0,-80.0,-80.0,-80.0,-80.0,-80.0,-80.0,-80.0,-80.0,-80.0,-80.0,-80.0,-80.0,-80.0,-80.0,-80.0,-80.0,-80.0,-80.0,-80.0,-80.0,-80.0,-80.0,-80.0,-80.0,-80.0,-80.0,-80.0,-80.0,-80.0,-80.0,-80.0,-80.0,-80.0,-80.0,-80.0,-80.0,-80.0,-80.0,-80.0,-80.0,-80.0,-80.0,-80.0,-80.0,-80.0,-80.0,-80.0,-80.0,-80.0,-80.0,-80.0,-80.0,-80.0,-80.0,-80.0,-80.0,-80.0,-80.0,-80.0,-80.0,-80.0,-80.0,-80.0,-80.0,-80.0
-34.1519,-29.032593,-29.76088,-28.555838,-23.967955,-25.840122,-31.055847,-26.792576,-24.952824,-25.680859,-25.186459,-24.442503,-23.500036,-25.263142,-25.496132,-24.672607,-23.804466,-25.341524,-30.05359,-28.490465,-23.851612,-23.320631,-25.69843,-25.431412,-28.209833,-27.97967,-24.977743,-27.541485,-29.172812,-27.899254,-29.026281,-26.904179,-24.610506,-28.939407,-32.429726,-28.83332,-22.079206,-22.75784,-25.240585,-29.642832,-25.152348,-24.395338,-26.185375,-24.325562,-26.782917,-27.531548,-26.459003,-22.831076,-27.066902,-30.756744,-31.005173,-29.799376,-27.135342,-30.792542,-30.493279,-27.808523,-27.319817,-27.316761,-30.586823,-26.04594,-22.937195,-24.709564,-25.008503,-26.951584,-25.994423,-24.98386,-23.18564,-25.53263,-28.023214,-26.138325,-24.9204,-28.767204,-25.267168,-23.862675,-27.637238,-30.3007,-24.949867,-27.121817,-27.469418,-26.911974,-27.665249,-27.240654,-26.653166,-27.839611,-27.512651,-24.217464,-24.101685,-25.65469,-26.54789,-30.400555,-31.102634,-27.703144,-29.661201,-27.624437,-24.998758,-26.998566,-26.607916,-27.1322,-22.401657,-21.60664,-26.812904,-30.494297,-32.282715,-29.595985,-26.247288,-27.474792,-27.386293,-23.701717,-26.317186,-31.078274,-34.433277,-36.41135,-35.321987,-37.05137,-35.113605,-36.016598,-35.37061,-38.23305,-41.433807,-40.85956,-43.817482,-44.781857,-40.702404,-36.444523,-39.262962,-42.458485,-41.89147,-40.051018,-34.142353,-28.528406,-29.728601,-34.88344,-28.082863,-23.139278,-24.634563,-27.634623,-28.850498,-29.041037,-29.905237,-31.247337,-28.066982,-25.206629,-24.281738,-27.376633,-29.99981,-36.768253,-32.921467,-29.337015,-24.181198,-25.086575,-26.820864,-30.440943,-34.510674,-29.804337,-27.225485,-23.438564,-23.650192,-26.973007,-30.875359,-27.047184,-24.689682,-23.543377,-25.78056,-26.576395,-24.662716,-24.578516,-24.915173,-26.108963,-26.352255,-30.949047,-28.274212,-27.629421,-26.785458,-26.555288,-27.23703,-25.856396,-28.033562,-28.746658,-26.489883,-29.217363,-29.079983,-24.700815,-21.569614,-23.186115,-21.492899,-25.390408,-27.663357,-29.888365,-28.923847,-24.322117,-25.957521,-27.388372,-30.809292,-28.223986,-28.026342,-25.984764,-26.44417,-28.85323,-27.995375,-25.915607,-25.343967,-26.990534,-27.705982,-24.866917,-27.062086,-27.236052,-26.869928,-25.156612,-26.91513,-29.329178,-29.120491,-26.875912,-25.527542,-28.22054,-28.744633,-25.940392,-24.560104,-24.95256,-27.77512,-28.666723,-28.873344,-26.970306,-26.503908,-26.524874,-24.601915,-25.393505,-23.287924,-25.774176,-26.107422,-23.44077,-23.511292,-26.87468,-29.851849,-28.505669,-29.16048,-26.561012,-23.70472,-27.609272,-30.686798,-26.879679,-27.174305,-27.49645,-27.932812,-27.579775,-28.578957,-27.32687,-24.495861,-27.823767,-29.56421,-25.85868,-22.753138,-25.375568,-29.477962,-30.082668,-28.987617,-26.453438,-25.997066,-24.086409,-25.681221,-28.730904,-29.139807,-26.244904,-27.184948,-32.67086,-28.013205,-23.673744,-26.501984,-29.146864,-27.288937,-29.602905,-25.983906,-25.313139,-26.594421,-32.117786,-27.637363,-28.127583,-27.942303,-24.180199,-24.895718,-24.492321,-26.859907,-29.194252,-24.998835,-26.426418,-30.099327,-29.795982,-28.945562,-28.082397,-25.16644,-23.652248,-26.312433,-28.92611,-30.680325,-32.450565,-27.920017,-25.46706,-24.878624,-28.121454,-26.305199,-26.269077,-22.59476,-23.0097,-25.379034,-25.921883,-27.21175,-26.609686,-24.903563,-23.49059,-22.591623,-26.319326,-27.128708,-25.426437,-25.728497,-24.834864,-25.091202,-25.625748,-24.924866,-26.06303,-30.957478,-30.087326,-27.799385,-27.88148,-29.876072,-26.859219,-27.649086,-30.10178,-27.68525,-28.379498,-26.907406,-24.492744,-22.598585,-27.19809,-27.736053,-28.23863,-26.77039,-24.99923,-24.97678,-24.856554,-29.298199,-31.530079,-25.652073,-24.278788,-26.996668,-29.038742,-28.941895,-27.615116,-28.613869,-26.32832,-25.00988,-23.003868,-23.615746,-24.56414,-24.416086,-26.54867,-25.194103,-24.157938,-24.165741,-24.447557,-28.75925,-28.714046,-28.059986,-26.189915,-24.83818,-27.783623,-31.720615,-29.999031,-28.014673,-25.571804,-24.725761,-28.148058,-29.235903,-30.91465,-29.318419,-29.227709,-28.10215,-26.900494,-25.762249,-28.839254,-28.92851,-28.796438,-28.695982,-31.83904,-27.389393,-22.93868,-24.358904,-27.106222,-23.409184,-20.89298,-23.628452,-24.10276,-23.71293,-25.802364,-28.398113,-29.227676,-24.836266,-24.404785,-24.967384,-24.889915,-28.117805,-31.862202,-26.396902,-28.079157,-29.6515,-24.89964,-27.251442,-26.539917,-23.015656,-26.160782,-29.751358,-28.930782,-26.045227,-28.142225,-28.074142,-23.533056,-22.964148,-27.359303,-30.860483,-26.28083,-24.972961,-25.737572,-26.290676,-29.551388,-29.336037,-28.535452,-28.948935,-28.401276,-28.742939,-26.335161,-26.147984,-24.17261,-21.86396,-21.57509,-22.46797,-27.747763,-28.481915,-30.346165,-28.133453,-27.178736,-26.329159,-23.051643,-22.004478,-25.233973,-32.269875,-29.2405,-27.897636,-26.716433,-27.253708,-27.810486,-26.851007,-26.440275,-23.34628,-22.551334,-27.905975,-26.779198,-26.805424,-29.711248,-26.139984,-24.707386,-27.351416,-29.167446,-29.816143,-28.822914,-28.713446,-30.764526,-25.998219,-29.129894,-33.609814,-29.411623,-30.6642,-32.388542,-28.026089,-27.490868,-27.433788,-24.600513,-25.72036,-26.828808,-27.820312,-26.452282,-24.034363,-25.375364,-27.935926,-27.762613,-30.533987,-34.599735,-30.627653,-26.145535,-29.924047,-28.287527,-28.04699,-27.23323,-25.459671,-28.550077,-30.036371,-29.0695,-26.958181,-26.356403,-25.368351,-22.747643,-22.207964,-24.224045,-24.383457,-26.74878,-27.965094,-29.805948,-26.257875,-25.997147,-26.497593,-26.37498,-23.505493,-23.939068,-29.879608,-30.859324,-29.748953,-24.774265,-23.382572,-25.005215,-26.447174,-28.335846,-29.438972,-28.594555,-26.992952,-25.750809,-27.657742,-27.37078,-27.98382,-23.94468,-24.537209,-24.683773,-25.010403,-26.283602,-28.753761,-24.722843,-23.283669,-24.823372,-25.256239,-28.791489,-22.508074,-23.630398,-26.70926,-31.843422,-30.889463,-27.994034,-27.8362,-27.148577,-25.28762,-26.461725,-26.87059,-24.304058,-26.101055,-28.340229,-27.261219,-30.842876,-25.21473,-24.410065,-27.727783,-30.61715,-26.789118,-25.051613,-29.320137,-28.008465,-26.4691,-25.10725,-25.901245,-23.554214,-25.120077,-27.88002,-26.798397,-29.146841,-26.868835,-26.279493,-24.07732,-24.905003,-26.064442,-26.443094,-27.383003,-25.951649,-24.057625,-26.191147,-29.733912,-26.88519,-26.95303,-30.207865,-29.431644,-31.016792,-31.178015,-29.95388,-26.47274,-25.537247,-25.61976,-26.980022,-29.18142,-28.012732,-25.047987,-24.92902,-23.476595,-22.214895,-23.009619,-24.495258,-27.089825,-28.946884,-31.782558,-30.836296,-26.395802,-27.747595,-28.047413,-27.70884,-30.10091,-28.933727,-36.87673,-32.872097,-29.18851,-25.429676,-25.429455,-26.866318,-26.833405,-23.723303,-24.381042,-31.248306,-33.732372,-33.56478,-33.77598,-33.86506,-33.70364,-33.725353,-33.690697,-33.68343,-32.935078,-35.095516,-50.700073,-80.0,-80.0,-80.0,-80.0,-80.0,-80.0,-80.0,-80.0,-80.0,-80.0,-80.0,-80.0,-80.0,-80.0,-80.0,-80.0,-80.0,-80.0,-80.0,-80.0,-80.0,-80.0,-80.0,-80.0,-80.0,-80.0,-80.0,-80.0,-80.0,-80.0,-80.0,-80.0,-80.0,-80.0,-80.0,-80.0,-80.0,-80.0,-80.0,-80.0,-80.0,-80.0,-80.0,-80.0,-80.0,-80.0,-80.0,-80.0,-80.0,-80.0,-80.0,-80.0,-80.0,-80.0,-80.0,-80.0,-80.0,-80.0,-80.0,-80.0,-80.0,-80.0,-80.0,-80.0,-80.0,-80.0,-80.0,-80.0,-80.0,-80.0,-80.0,-80.0,-80.0,-80.0,-80.0,-80.0,-80.0,-80.0,-80.0,-80.0,-80.0,-80.0,-80.0,-80.0,-80.0,-80.0,-80.0,-80.0,-80.0,-80.0,-80.0,-80.0,-80.0,-80.0
-38.11683,-32.29965,-32.152534,-27.657303,-23.8042,-25.681927,-27.441978,-27.002726,-26.542686,-26.750586,-30.319027,-27.706642,-30.523298,-27.158146,-25.936739,-28.516651,-25.203203,-25.70927,-26.390953,-27.672256,-27.434486,-26.584177,-28.299274,-30.624905,-26.118834,-24.42273,-24.532942,-23.397648,-27.442112,-28.229866,-27.923845,-29.237349,-28.83397,-28.363016,-30.273027,-27.911335,-28.234081,-25.263382,-26.1565,-30.280895,-25.944504,-25.43837,-24.932688,-27.843395,-29.575888,-30.261501,-26.824083,-21.98288,-23.971947,-26.36308,-27.792696,-28.387932,-31.130793,-28.724716,-27.574835,-28.945631,-27.001642,-28.955494,-28.687016,-23.695354,-23.746872,-25.098885,-25.779737,-26.770416,-27.289068,-24.321949,-24.484081,-27.350319,-26.016235,-26.596214,-25.737982,-27.921232,-28.53574,-26.12456,-26.31598,-29.040512,-24.915365,-23.106304,-26.353817,-29.653004,-26.699745,-24.537506,-27.224762,-26.99341,-27.959747,-28.75637,-29.663004,-30.875692,-28.185204,-25.104126,-28.175714,-26.890116,-24.262514,-23.370363,-24.229744,-31.498436,-30.34927,-28.975502,-26.906445,-24.260036,-26.098507,-27.021292,-24.298306,-26.014587,-28.001757,-28.57489,-26.865437,-23.69129,-25.8979,-25.174389,-31.27301,-35.716198,-33.797653,-35.8086,-36.582695,-36.883377,-38.049747,-40.167847,-37.898304,-39.5762,-39.706497,-43.108147,-40.796005,-41.8627,-45.358818,-41.329884,-42.9233,-34.294395,-27.059958,-26.432838,-25.692657,-30.69638,-28.106354,-26.334415,-29.36246,-30.902882,-27.535805,-27.249401,-28.527021,-27.95139,-28.976643,-30.908207,-29.774235,-33.50233,-30.670057,-30.643913,-31.871035,-26.805683,-26.42524,-28.03369,-30.26271,-29.176737,-27.905128,-26.727448,-24.282906,-24.931953,-31.444658,-28.937502,-27.092966,-24.728985,-25.348942,-23.941998,-24.862913,-24.808834,-22.516275,-23.783264,-26.544432,-24.753645,-25.628849,-27.050972,-25.694515,-25.007088,-27.251434,-27.297047,-25.781843,-26.98133,-28.401562,-28.405537,-28.202274,-29.189632,-26.62405,-24.555134,-22.346882,-22.93653,-23.406334,-26.929562,-27.47563,-29.035961,-26.566486,-25.91712,-27.038406,-28.564775,-29.311043,-26.66572,-26.054352,-27.144089,-28.7443,-32.975353,-30.824371,-30.234491,-26.41706,-28.344671,-27.798853,-24.203629,-23.22135,-23.355831,-25.008493,-28.311487,-25.963188,-25.739109,-24.21409,-24.063856,-25.728476,-30.031414,-28.752403,-26.872879,-27.46533,-24.53868,-26.466097,-27.682898,-25.615238,-25.963179,-29.401497,-30.4054,-26.151299,-27.550442,-28.926529,-28.68326,-28.74768,-28.843575,-29.240273,-28.446516,-29.73628,-30.05527,-32.235626,-31.64772,-26.022985,-22.402458,-25.051609,-30.820301,-25.684284,-24.48686,-26.355213,-30.69161,-28.710659,-27.139797,-27.927906,-29.241648,-29.585684,-26.342714,-27.154871,-31.166117,-30.316133,-28.809713,-28.668833,-28.836288,-26.169123,-24.326775,-25.522991,-24.234207,-25.26179,-24.939276,-24.900051,-27.93365,-28.676674,-25.032211,-26.638233,-24.045849,-24.470997,-31.516191,-26.833992,-26.517715,-29.064972,-29.692572,-26.782526,-25.167534,-28.163103,-25.840923,-27.67198,-28.148996,-24.194485,-26.591227,-28.54206,-28.121307,-28.37603,-29.439621,-32.45288,-27.272732,-25.388855,-27.131405,-28.342655,-27.76564,-26.827967,-27.705719,-27.264015,-26.972366,-26.529228,-29.155075,-31.541428,-29.35698,-26.485146,-24.053017,-25.634926,-25.60151,-23.685717,-23.265919,-23.052261,-24.329351,-22.855894,-26.654655,-31.339872,-24.79624,-24.438559,-26.795712,-27.044813,-24.762703,-26.36781,-25.582336,-27.390678,-28.708149,-26.838926,-29.73824,-32.101894,-28.976316,-27.92133,-30.392145,-26.09294,-26.615276,-27.988096,-24.787443,-23.136032,-23.35442,-23.497051,-25.046696,-26.88685,-24.854042,-26.07209,-27.769726,-29.70644,-29.47558,-23.3937,-23.267761,-27.219713,-27.778084,-27.64088,-25.939495,-28.902351,-25.625633,-25.699244,-28.653172,-27.698984,-27.25358,-26.323523,-24.223179,-23.543991,-25.348808,-25.997227,-24.159386,-25.813324,-25.429089,-26.464497,-30.533947,-33.151474,-33.160778,-32.743397,-28.943214,-30.21586,-26.903046,-27.123976,-33.67778,-31.003458,-28.125118,-24.712536,-24.097904,-24.175325,-26.66537,-29.809965,-30.648293,-30.890308,-28.552492,-29.816288,-32.75593,-28.028963,-25.450605,-26.187794,-26.162235,-25.46995,-25.908237,-24.752506,-25.5196,-28.57776,-29.079636,-25.68885,-22.959805,-25.777834,-28.386572,-24.110344,-22.629993,-26.124846,-28.64153,-26.47518,-27.422905,-27.43446,-27.463345,-29.260471,-27.732971,-26.808289,-27.425648,-26.232359,-29.153316,-29.220459,-27.266937,-23.678219,-23.996094,-28.111448,-25.612066,-27.750727,-29.138231,-27.655684,-26.909138,-27.105494,-22.954178,-22.417215,-23.580868,-24.54282,-22.274054,-25.802376,-26.423763,-24.228754,-23.777393,-24.998013,-27.220736,-27.935688,-28.253757,-30.622128,-30.287758,-30.199863,-27.802443,-24.595772,-25.205383,-22.833115,-21.728176,-23.42548,-24.14774,-28.68031,-26.126238,-26.313976,-27.108665,-24.696812,-27.75084,-26.927483,-24.833548,-23.918919,-28.661789,-28.197662,-26.117912,-29.872784,-28.465038,-25.094284,-25.18223,-26.891254,-25.308624,-23.153297,-25.002386,-25.679266,-27.709885,-27.98516,-25.87434,-26.228783,-26.991827,-29.698109,-34.98224,-30.734856,-28.180515,-26.119041,-24.636791,-29.967588,-30.07678,-25.776627,-25.940737,-25.034437,-23.233177,-26.136173,-32.48382,-29.3163,-27.332483,-28.936459,-27.975492,-26.4387,-26.173538,-24.916924,-25.501951,-25.21817,-27.711483,-29.947594,-27.401566,-25.581142,-26.088379,-30.12218,-29.774677,-27.531212,-27.973585,-27.507908,-25.22276,-26.503521,-27.369843,-23.451996,-23.019361,-25.326773,-25.268032,-28.606617,-27.642387,-23.902987,-23.83062,-25.734024,-24.39605,-26.992502,-28.024889,-23.127499,-23.64674,-25.678658,-27.226044,-28.00744,-26.789482,-26.54327,-25.227528,-28.077566,-28.51676,-30.208597,-27.838673,-26.93032,-30.031881,-29.946835,-27.079102,-24.013958,-27.094517,-24.701956,-22.897896,-23.930902,-24.473839,-26.306995,-29.59527,-26.987516,-24.623678,-26.670477,-28.080748,-24.949219,-25.558884,-23.704924,-24.180511,-24.315544,-27.03391,-29.45187,-29.487225,-26.935026,-27.113636,-30.559738,-27.711376,-28.544172,-27.288033,-24.089495,-23.891777,-27.722946,-25.191017,-23.601849,-22.364277,-25.112488,-24.920033,-21.128529,-24.380814,-24.908598,-24.966896,-25.133675,-27.493868,-28.195572,-24.877625,-25.033873,-22.72229,-24.078117,-31.444372,-32.56628,-34.578644,-31.623137,-25.650705,-25.74651,-27.302814,-25.842035,-25.565903,-25.595438,-27.25753,-33.209766,-32.679676,-24.308321,-23.532776,-24.183651,-24.776917,-25.42751,-28.378454,-29.04681,-28.1719,-33.10514,-30.851292,-29.169899,-31.727684,-27.66037,-26.31477,-29.183205,-30.379375,-35.43641,-32.562103,-30.617172,-28.994102,-29.122753,-32.047157,-29.091433,-26.494892,-24.337961,-27.680637,-41.667957,-50.764755,-50.108562,-49.90687,-50.237045,-50.332863,-50.43141,-50.182747,-44.938087,-44.074787,-55.654797,-80.0,-80.0,-80.0,-80.0,-80.0,-80.0,-80.0,-80.0,-80.0,-80.0,-80.0,-80.0,-80.0,-80.0,-80.0,-80.0,-80.0,-80.0,-80.0,-80.0,-80.0,-80.0,-80.0,-80.0,-80.0,-80.0,-80.0,-80.0,-80.0,-80.0,-80.0,-80.0,-80.0,-80.0,-80.0,-80.0,-80.0,-80.0,-80.0,-80.0,-80.0,-80.0,-80.0,-80.0,-80.0,-80.0,-80.0,-80.0,-80.0,-80.0,-80.0,-80.0,-80.0,-80.0,-80.0,-80.0,-80.0,-80.0,-80.0,-80.0,-80.0,-80.0,-80.0,-80.0,-80.0,-80.0,-80.0,-80.0,-80.0,-80.0,-80.0,-80.0,-80.0,-80.0,-80.0,-80.0,-80.0,-80.0,-80.0,-80.0,-80.0,-80.0,-80.0,-80.0,-80.0,-80.0,-80.0,-80.0,-80.0,-80.0,-80.0,-80.0,-80.0,-80.0
-29.642363,-26.677416,-29.635506,-29.975315,-27.396236,-30.149376,-30.04114,-32.058136,-30.503754,-29.3462,-28.562052,-26.34728,-27.114084,-27.579865,-29.29213,-26.403402,-25.24595,-28.717539,-27.045279,-26.455717,-27.788572,-27.139833,-28.283339,-27.324345,-25.406406,-26.752316,-26.450361,-27.277918,-29.950275,-26.682657,-24.934855,-29.426973,-30.362995,-27.90295,-28.854979,-27.81675,-27.969023,-28.34441,-28.776022,-29.084738,-27.146622,-26.189001,-28.084076,-27.57079,-27.16579,-28.217808,-28.272028,-29.12882,-24.53757,-25.72115,-26.025263,-26.606936,-28.716148,-24.936394,-25.972569,-30.475698,-27.804825,-26.615877,-26.302677,-25.417158,-27.38801,-27.094301,-26.79678,-24.231682,-23.063038,-25.582808,-31.866991,-34.051403,-30.915247,-28.963034,-27.80966,-26.424503,-28.983274,-25.941683,-21.883488,-22.979279,-24.30016,-27.267506,-27.225176,-26.800838,-27.16647,-25.095974,-27.58777,-26.611233,-27.157433,-27.177927,-30.529299,-36.054047,-27.781845,-23.720028,-24.704554,-24.422493,-27.971987,-26.37653,-22.969692,-23.355349,-26.739819,-29.353651,-26.632408,-22.18386,-21.7006,-25.189709,-26.11124,-28.726753,-30.225224,-29.403643,-30.658619,-24.626495,-25.4218,-26.808102,-29.948757,-32.84459,-33.91361,-33.77282,-33.294994,-35.462112,-39.62067,-45.312397,-39.979557,-36.76055,-38.989956,-43.55776,-38.734566,-38.46686,-42.99089,-38.171997,-38.08048,-33.475727,-26.502014,-25.459995,-24.428614,-25.10752,-29.51606,-31.119759,-30.820711,-29.217756,-29.204967,-27.714184,-26.050486,-25.708866,-27.884584,-28.644445,-26.001808,-27.18942,-25.122337,-24.763481,-26.26651,-24.39864,-23.129135,-25.50026,-30.848192,-28.177132,-24.045406,-20.927044,-23.214233,-29.151825,-30.266193,-29.309433,-31.127073,-28.69344,-23.813873,-24.083036,-28.603382,-29.149246,-28.073912,-29.836897,-27.743977,-28.731194,-28.083487,-23.9265,-23.091362,-25.799105,-26.254333,-26.864212,-24.439177,-27.290867,-23.847801,-22.636261,-24.979452,-22.770237,-20.81612,-24.319069,-22.23147,-24.136232,-26.126028,-25.15115,-27.459562,-25.256805,-24.750233,-26.307076,-28.498096,-26.25229,-25.018982,-23.169199,-26.767506,-27.890484,-29.608047,-27.858646,-29.998188,-28.203053,-25.737705,-28.5444,-30.069468,-28.029272,-24.901068,-26.331837,-29.187061,-28.905468,-26.36163,-25.717934,-30.396387,-26.339085,-26.001886,-28.153877,-26.783806,-30.795116,-30.582901,-25.316814,-24.441038,-27.60368,-24.771389,-26.269407,-32.005882,-29.698164,-26.023083,-25.88926,-28.191189,-26.3321,-28.477085,-27.206785,-27.131828,-30.303226,-31.285622,-26.749058,-29.478148,-32.427967,-27.547588,-24.560886,-23.61926,-26.13692,-24.92099,-22.699596,-24.800457,-26.430439,-23.650856,-21.006588,-23.161243,-25.844158,-25.717915,-27.414886,-27.857914,-28.605165,-32.939503,-30.4279,-27.652668,-26.721191,-25.645287,-23.523235,-26.4858,-26.172096,-24.936813,-25.70155,-26.1263,-25.69265,-27.687607,-27.92132,-24.665972,-25.535738,-26.863064,-27.56424,-26.868038,-27.01749,-27.574703,-29.546082,-29.426262,-26.998405,-26.958645,-26.14516,-28.298645,-27.876026,-26.148869,-27.138771,-28.544949,-29.784819,-29.836205,-29.631018,-26.764135,-26.71517,-30.336052,-25.62902,-23.137245,-24.679142,-24.462124,-24.007809,-27.649387,-28.317331,-26.469799,-28.352005,-29.385727,-29.172508,-25.20529,-25.135689,-28.243755,-31.66427,-28.976242,-28.86436,-27.861042,-24.60507,-22.417566,-24.005915,-24.013,-24.096603,-25.341362,-27.73516,-27.044258,-26.347424,-24.420559,-23.186722,-24.24303,-25.460136,-24.76146,-26.485573,-31.100424,-31.816772,-27.05223,-26.728474,-26.196354,-24.555855,-25.678974,-25.9479,-27.415375,-25.623047,-26.178768,-28.726454,-31.249748,-26.037952,-25.455385,-29.57175,-26.740227,-24.443296,-26.91302,-30.71829,-29.553009,-25.069988,-26.741875,-26.822548,-26.84629,-28.911285,-26.820642,-27.397667,-24.348873,-24.787863,-26.960402,-25.60484,-26.927605,-30.85656,-26.327896,-23.890223,-23.487558,-25.971722,-23.701538,-24.754988,-26.034882,-29.470934,-25.639565,-27.182148,-31.436203,-26.081394,-26.491125,-30.320572,-30.66743,-29.400768,-29.062965,-29.959208,-29.314692,-29.226706,-32.47117,-31.869081,-29.180264,-28.532131,-28.834738,-23.25493,-23.305334,-27.686268,-28.655418,-28.34508,-30.39073,-28.171158,-23.74274,-25.102228,-28.458366,-31.47117,-26.931997,-21.788319,-24.486217,-29.941675,-26.310135,-24.672466,-23.017448,-24.157097,-26.974777,-28.871788,-32.053673,-30.696058,-30.196384,-30.552198,-29.85566,-30.845621,-24.685375,-26.92152,-29.297543,-25.702858,-25.149765,-27.243225,-27.131521,-23.369757,-26.850746,-28.10785,-29.45848,-25.986256,-26.169502,-26.723995,-23.304817,-21.568008,-24.173386,-23.964165,-27.807781,-24.660116,-23.869553,-22.39139,-25.317844,-27.543966,-26.740606,-25.75195,-26.590832,-24.904236,-23.79026,-26.166084,-26.256306,-26.673122,-26.758049,-25.546795,-23.586521,-24.241894,-28.902845,-24.559147,-26.547272,-24.913857,-24.246548,-24.860966,-25.131395,-23.803787,-26.4925,-26.012678,-26.618343,-30.315012,-31.428387,-27.504925,-24.395264,-24.629179,-23.069853,-27.606483,-27.119553,-26.7291,-29.029978,-29.249643,-26.990717,-26.047285,-26.977592,-29.393595,-25.116829,-22.359201,-25.570045,-26.184603,-26.364836,-27.223946,-28.49686,-25.235636,-22.346497,-27.078798,-29.153904,-27.886963,-26.249033,-29.078148,-29.400011,-31.573277,-31.071653,-27.466059,-24.807034,-27.093681,-25.386602,-24.03199,-21.873428,-24.140148,-30.769833,-29.300362,-25.519274,-25.09575,-26.038628,-26.706278,-29.270851,-28.0613,-27.972416,-25.280266,-25.603775,-27.731749,-26.599049,-24.63152,-24.02436,-24.589449,-29.366596,-27.723717,-22.257334,-24.96777,-27.14275,-25.688992,-29.325474,-32.764904,-25.595411,-24.04841,-25.257675,-24.403566,-22.70963,-22.403032,-25.585606,-24.673256,-27.392586,-30.401348,-28.491768,-27.765335,-27.192501,-26.90693,-28.515942,-28.066002,-23.342175,-25.12561,-25.555428,-22.23241,-23.16506,-23.546902,-25.14803,-25.115791,-21.427727,-22.230927,-22.886673,-24.331022,-24.416798,-26.25573,-29.798903,-26.701992,-27.501171,-29.26921,-28.490204,-31.83585,-30.542091,-27.15501,-29.525593,-28.335814,-30.260672,-29.265112,-25.435566,-25.595428,-24.540714,-24.978302,-21.700089,-21.871021,-23.82788,-25.914661,-26.925282,-23.795124,-23.126474,-26.765707,-27.208458,-26.817337,-27.390282,-25.885733,-25.231037,-24.29171,-23.756931,-27.99297,-29.160135,-27.510895,-24.470108,-26.287199,-26.820318,-25.666695,-25.752253,-26.211422,-26.190083,-25.172804,-30.44575,-33.41648,-26.693787,-27.569746,-30.62114,-29.476786,-30.632877,-31.055727,-31.687775,-30.820282,-29.110088,-28.017843,-29.52684,-27.54444,-28.57256,-24.424818,-26.494427,-29.642273,-29.412792,-27.557552,-30.11975,-28.234201,-30.926077,-29.822147,-30.205444,-29.822765,-30.599258,-30.080029,-39.34333,-53.644993,-53.07637,-52.778057,-53.358315,-53.10138,-53.209328,-53.157085,-47.5963,-47.339226,-59.518154,-80.0,-80.0,-80.0,-80.0,-80.0,-80.0,-80.0,-80.0,-80.0,-80.0,-80.0,-80.0,-80.0,-80.0,-80.0,-80.0,-80.0,-80.0,-80.0,-80.0,-80.0,-80.0,-80.0,-80.0,-80.0,-80.0,-80.0,-80.0,-80.0,-80.0,-80.0,-80.0,-80.0,-80.0,-80.0,-80.0,-80.0,-80.0,-80.0,-80.0,-80.0,-80.0,-80.0,-80.0,-80.0,-80.0,-80.0,-80.0,-80.0,-80.0,-80.0,-80.0,-80.0,-80.0,-80.0,-80.0,-80.0,-80.0,-80.0,-80.0,-80.0,-80.0,-80.0,-80.0,-80.0,-80.0,-80.0,-80.0,-80.0,-80.0,-80.0,-80.0,-80.0,-80.0,-80.0,-80.0,-80.0,-80.0,-80.0,-80.0,-80.0,-80.0,-80.0,-80.0,-80.0,-80.0,-80.0,-80.0,-80.0,-80.0,-80.0,-80.0,-80.0,-80.0
-30.76941,-27.261711,-27.933825,-27.662407,-24.898392,-28.465118,-29.167274,-27.309765,-26.027817,-25.837723,-29.194847,-26.566576,-26.730442,-26.549107,-27.869738,-25.327286,-23.801888,-25.506498,-25.282925,-28.485546,-29.839985,-25.558527,-26.64694,-26.819105,-27.124886,-27.918545,-32.46056,-33.121292,-30.26391,-28.542294,-30.058304,-30.382635,-26.480665,-28.27658,-28.818169,-27.407951,-27.610218,-25.474817,-24.56859,-23.66395,-27.990013,-31.07323,-27.746525,-29.832712,-32.355717,-26.585634,-23.58871,-26.060684,-27.474148,-29.442396,-27.844257,-25.042423,-29.477722,-27.209463,-28.465384,-27.635029,-24.271185,-23.363083,-24.078337,-29.59072,-31.104368,-26.898571,-26.376442,-28.424473,-23.14776,-25.382168,-29.17026,-26.055735,-29.030844,-28.701635,-26.340149,-22.65725,-22.561941,-25.979553,-24.874031,-25.290749,-28.915821,-26.397974,-24.265797,-24.33279,-27.408371,-25.829262,-22.578396,-26.069391,-29.041046,-26.010155,-28.912678,-26.864407,-26.111938,-24.951195,-25.53253,-26.786327,-26.32256,-24.486565,-22.992876,-23.161018,-26.381561,-29.087656,-28.35553,-24.352814,-25.71415,-27.999472,-27.754028,-29.926418,-24.699257,-22.62196,-25.84025,-25.896194,-27.4665,-30.27701,-32.971012,-36.177753,-34.121887,-35.41937,-35.02076,-36.03175,-40.66823,-40.34248,-41.629345,-40.473377,-41.120647,-42.58017,-38.65588,-42.102352,-44.49415,-36.915897,-36.897877,-35.838276,-31.151846,-28.930393,-26.503933,-25.631117,-26.962748,-29.499908,-29.628086,-29.273376,-26.899353,-24.440056,-24.005287,-25.945887,-26.359848,-26.577309,-21.656445,-22.384026,-24.317799,-26.130178,-25.754538,-25.39096,-25.117235,-26.860226,-29.09003,-30.009613,-30.42851,-24.350327,-22.847866,-25.604992,-26.35395,-26.259901,-26.906393,-26.007336,-26.606655,-28.495724,-29.868282,-30.34451,-31.083124,-28.357588,-24.13925,-23.858711,-25.473791,-23.671995,-23.609406,-27.158594,-27.132635,-27.322906,-26.554602,-29.125017,-26.628527,-26.65744,-29.544453,-31.310894,-25.659359,-22.29198,-24.462502,-27.70961,-27.030287,-22.774637,-24.308132,-25.736288,-27.972347,-28.915855,-29.54742,-26.049585,-26.702515,-29.894487,-26.88841,-25.709885,-27.924568,-29.122755,-27.17226,-26.167387,-25.904243,-27.56217,-27.39609,-28.464954,-28.722958,-25.90445,-25.54941,-30.117622,-31.416252,-29.915607,-27.368477,-29.160372,-27.879519,-25.489765,-23.51771,-27.217558,-27.159893,-27.373085,-25.404322,-24.918411,-27.162046,-25.844067,-29.557854,-28.745,-26.728699,-23.181566,-22.402681,-27.07635,-25.693861,-22.985207,-25.524834,-32.46214,-30.768032,-27.46975,-32.53553,-31.602383,-27.048313,-22.39935,-24.965979,-25.892876,-23.195683,-22.262527,-23.103352,-25.619164,-23.716162,-20.971601,-22.827871,-22.229889,-24.599003,-25.61573,-26.055866,-24.091188,-26.984068,-26.765297,-25.306755,-27.310913,-26.09579,-24.226654,-24.885006,-26.607887,-25.916586,-26.80788,-32.74108,-33.547245,-32.362,-26.841995,-25.01505,-27.28666,-25.044489,-25.355679,-25.102455,-25.36441,-28.156647,-24.347635,-23.463074,-24.103157,-28.499859,-28.732157,-27.556896,-26.619692,-28.724451,-29.679447,-28.681597,-27.915564,-24.22762,-26.000431,-30.588932,-31.573925,-28.334995,-24.12732,-23.678036,-25.62019,-21.38708,-23.556732,-24.495728,-23.214159,-25.67691,-31.017305,-31.195894,-27.436947,-25.41806,-24.633211,-25.273315,-26.731697,-27.624912,-27.20993,-24.034807,-24.458755,-24.97207,-24.298813,-25.70849,-24.389515,-22.951689,-24.973616,-24.82301,-22.925766,-19.322372,-21.66044,-27.086988,-27.136803,-24.955788,-27.938696,-30.635338,-30.599316,-27.977425,-26.679466,-22.78352,-23.067358,-26.352043,-28.129738,-26.70083,-24.238413,-26.320286,-29.290981,-31.781895,-28.386042,-28.559402,-27.587576,-23.918781,-21.355896,-25.837187,-31.802395,-28.548798,-25.19235,-24.942966,-26.008854,-24.370012,-26.330395,-27.886095,-25.912073,-23.349133,-25.74127,-29.7477,-27.01995,-26.693108,-24.487446,-24.81948,-23.119099,-25.51102,-22.582989,-24.32774,-25.910923,-24.066626,-23.768583,-25.426199,-27.71623,-28.226158,-23.3172,-22.828032,-27.151493,-31.297396,-31.688673,-27.673378,-27.31137,-25.76639,-27.19532,-26.897888,-27.519567,-27.698536,-28.00258,-28.74546,-28.701925,-28.441301,-28.496319,-27.992016,-27.24561,-23.670471,-25.051346,-22.766113,-23.513935,-27.410952,-30.766867,-28.058067,-27.698553,-25.524355,-25.390976,-24.292503,-26.156189,-27.92146,-25.823833,-24.534084,-26.316881,-28.03115,-28.082077,-30.142132,-28.684204,-28.243923,-28.834599,-24.479353,-26.07315,-26.208763,-23.222769,-26.049633,-30.733591,-28.75798,-24.613617,-23.272629,-27.791418,-25.88853,-23.440872,-23.338663,-25.445879,-25.373764,-23.485905,-21.593254,-24.502266,-26.34058,-22.724892,-25.795364,-25.293648,-24.545763,-29.024725,-25.270702,-23.904736,-23.778152,-24.083042,-23.549252,-26.943924,-27.561588,-25.02644,-22.59083,-22.830816,-25.2197,-22.997192,-24.069935,-28.210808,-34.01258,-29.303905,-24.031221,-24.241812,-23.580246,-28.404373,-30.36067,-28.579872,-28.031689,-29.459105,-27.532673,-25.221588,-26.215107,-26.50047,-26.703213,-28.151459,-26.698563,-27.631374,-31.946016,-32.077934,-28.032343,-27.167528,-29.017248,-28.277735,-25.175394,-21.64939,-26.194988,-28.157522,-31.17295,-28.7658,-23.810244,-21.290356,-21.950354,-27.638983,-29.671059,-30.130188,-27.448212,-24.819527,-28.780077,-34.83138,-26.903734,-20.456772,-18.92225,-24.57328,-25.418297,-26.616306,-24.157333,-22.87569,-26.1124,-28.863342,-28.562372,-31.585983,-32.80686,-30.8656,-32.906754,-26.817675,-23.24244,-24.573301,-24.905731,-24.189648,-24.635258,-24.544102,-26.135456,-26.554018,-30.6718,-26.829302,-21.1246,-23.196274,-24.544281,-27.134079,-28.20558,-29.561132,-30.575108,-24.429184,-25.699644,-24.479504,-26.307627,-28.963009,-25.064598,-26.515047,-28.801285,-30.175396,-27.075174,-27.17399,-28.31067,-28.056173,-29.190893,-30.133553,-27.937767,-25.42332,-24.684511,-26.779299,-25.082594,-25.27055,-28.425468,-29.463161,-27.151287,-25.819033,-25.912386,-25.739506,-21.386414,-23.72889,-29.448849,-27.815104,-24.257725,-25.332848,-27.83728,-27.610783,-25.011057,-25.136608,-26.479485,-28.099854,-28.772675,-25.43211,-24.683767,-26.046759,-23.03748,-24.65197,-27.376364,-25.376198,-25.373352,-25.91798,-27.170986,-25.268536,-24.700119,-23.60304,-26.809208,-29.230871,-27.134024,-24.007103,-24.880814,-26.861382,-28.880177,-26.765013,-23.758162,-25.649147,-25.228168,-28.089596,-28.482391,-27.701115,-27.444057,-25.665844,-26.971863,-25.648533,-26.584213,-27.655191,-28.83379,-28.982954,-27.752838,-24.350388,-23.814709,-23.468304,-23.5009,-24.005783,-25.500109,-24.994837,-25.389286,-28.30359,-30.617893,-26.94352,-26.93672,-28.501616,-28.978464,-25.910759,-26.708355,-27.545364,-29.657345,-27.857235,-27.34296,-28.169071,-29.838915,-32.996265,-41.453644,-54.351067,-53.55967,-53.31556,-53.773705,-53.769936,-53.888855,-53.625107,-48.824493,-49.15056,-61.69295,-80.0,-80.0,-80.0,-80.0,-80.0,-80.0,-80.0,-80.0,-80.0,-80.0,-80.0,-80.0,-80.0,-80.0,-80.0,-80.0,-80.0,-80.0,-80.0,-80.0,-80.0,-80.0,-80.0,-80.0,-80.0,-80.0,-80.0,-80.0,-80.0,-80.0,-80.0,-80.0,-80.0,-80.0,-80.0,-80.0,-80.0,-80.0,-80.0,-80.0,-80.0,-80.0,-80.0,-80.0,-80.0,-80.0,-80.0,-80.0,-80.0,-80.0,-80.0,-80.0,-80.0,-80.0,-80.0,-80.0,-80.0,-80.0,-80.0,-80.0,-80.0,-80.0,-80.0,-80.0,-80.0,-80.0,-80.0,-80.0,-80.0,-80.0,-80.0,-80.0,-80.0,-80.0,-80.0,-80.0,-80.0,-80.0,-80.0,-80.0,-80.0,-80.0,-80.0,-80.0,-80.0,-80.0,-80.0,-80.0,-80.0,-80.0,-80.0,-80.0,-80.0,-80.0
-27.128746,-26.974972,-25.92892,-25.747517,-27.466211,-27.201546,-27.32809,-28.507736,-27.143337,-27.251675,-28.474588,-29.55885,-30.44711,-30.377127,-30.47167,-27.722895,-26.887499,-27.62562,-28.725224,-28.428057,-26.339474,-28.08753,-30.329155,-28.450531,-27.137117,-27.3572,-31.068893,-33.99899,-28.150002,-25.227642,-22.995682,-23.845797,-24.75208,-25.96178,-23.894943,-25.004486,-27.3918,-26.875187,-28.838089,-31.007584,-29.145475,-30.206223,-30.296276,-28.908665,-28.170013,-26.567049,-26.857786,-26.573975,-28.50666,-29.803768,-26.996618,-25.131317,-24.340895,-24.3596,-24.86645,-27.196922,-26.883965,-26.611902,-28.03786,-26.635302,-28.89448,-29.303455,-29.370234,-25.961292,-25.469261,-27.61663,-26.334461,-23.407036,-28.079563,-23.686829,-25.060207,-27.088568,-26.944355,-30.588287,-28.930698,-27.590834,-25.443441,-24.476158,-25.792496,-24.783936,-24.942724,-25.606598,-25.350502,-25.677696,-26.529205,-29.134102,-29.957827,-28.217491,-27.84793,-28.065489,-27.53986,-23.60416,-23.487312,-24.092857,-26.29871,-32.253365,-26.1749,-26.294079,-29.638983,-26.529615,-27.157219,-28.70948,-29.105167,-32.243107,-22.512344,-21.494,-23.327799,-27.189436,-28.654715,-25.416267,-30.848192,-38.565716,-38.51741,-40.22588,-37.20993,-40.219143,-41.64198,-38.634476,-39.302357,-37.987904,-39.228374,-45.302216,-45.979618,-43.17017,-45.434654,-49.079964,-44.99779,-38.793755,-31.83223,-30.299955,-29.251741,-27.815475,-27.455225,-25.213264,-25.814901,-27.144573,-24.779041,-23.228218,-24.535889,-28.805063,-32.224995,-29.885643,-30.266922,-27.820904,-22.319204,-23.056717,-28.448,-28.153635,-28.991562,-27.432182,-27.391953,-25.932209,-28.72144,-27.6965,-25.45324,-27.167532,-23.81372,-26.901571,-27.672712,-27.949558,-32.477726,-30.544895,-31.342299,-37.37682,-34.73072,-28.116545,-27.223522,-25.843094,-25.234299,-23.286438,-25.616089,-27.187449,-30.274712,-30.181496,-30.387526,-31.21897,-32.18329,-29.307476,-28.181799,-27.193375,-24.230553,-25.189621,-31.629272,-25.820065,-22.464195,-21.77997,-24.799595,-23.38247,-24.864428,-31.305244,-28.254612,-25.729559,-27.610273,-31.834278,-30.4478,-26.491226,-26.662764,-31.346962,-30.125893,-29.057087,-27.550102,-28.052603,-28.19433,-23.238674,-21.564503,-25.299809,-25.913033,-31.584227,-27.467052,-28.027498,-25.212654,-27.594639,-26.206238,-25.916065,-25.658085,-27.534084,-28.123844,-24.37791,-21.924286,-24.20417,-23.726961,-26.099892,-29.558338,-27.388828,-23.080658,-24.669586,-25.529785,-26.615208,-24.02592,-24.533575,-26.414536,-27.96122,-25.638382,-26.291994,-28.969267,-29.942461,-30.063578,-24.534323,-25.142912,-29.253376,-29.983894,-25.721363,-21.175468,-22.989965,-27.97196,-27.392483,-25.350739,-24.199682,-25.703892,-21.947063,-26.168116,-27.07468,-24.838985,-26.15043,-26.142145,-24.65527,-24.811707,-23.998182,-22.081856,-22.22319,-23.388834,-26.653965,-28.838696,-27.610832,-28.72042,-26.853226,-24.465567,-26.6455,-28.629478,-28.390457,-27.511105,-29.496815,-29.697117,-27.184893,-25.664103,-26.372173,-26.920141,-27.33133,-28.233734,-27.453371,-31.294308,-26.492434,-24.026497,-21.422153,-23.340176,-26.077114,-28.201286,-26.832266,-25.139954,-25.995884,-28.27304,-26.202278,-24.046818,-22.301285,-22.353474,-25.108456,-28.2125,-30.582859,-29.699358,-31.836842,-25.690292,-26.037638,-26.012459,-22.35448,-23.549875,-23.488571,-22.984074,-26.145676,-27.884714,-25.949661,-26.444828,-27.694359,-28.080336,-26.092392,-22.765331,-23.418514,-22.295744,-26.487705,-30.91704,-28.835144,-24.952505,-26.346966,-25.472649,-25.514252,-25.683361,-26.758244,-24.845583,-22.319,-24.875845,-28.095182,-23.340721,-23.948456,-26.56437,-27.569061,-26.563396,-26.964796,-29.336512,-30.842648,-29.232407,-25.937798,-26.935688,-28.600779,-27.67382,-25.96971,-25.639431,-28.75053,-24.961292,-23.2695,-25.482967,-23.26037,-24.530773,-25.738987,-31.208141,-32.528343,-26.444004,-22.769384,-21.981771,-20.336254,-21.47063,-23.00339,-28.029552,-28.74843,-32.23961,-30.348171,-26.739624,-28.912907,-31.423315,-25.70782,-23.83017,-26.893368,-26.353931,-23.903881,-24.261951,-25.464901,-24.397541,-25.143673,-25.737795,-28.731533,-24.052279,-23.994488,-30.1124,-32.22748,-31.61818,-29.653862,-24.468712,-24.017485,-26.610245,-29.251438,-29.601055,-28.627588,-27.12484,-28.61373,-27.339127,-28.10749,-23.832096,-25.103523,-27.58683,-27.287296,-27.654634,-25.849924,-24.886074,-25.009129,-23.314747,-25.628555,-29.770947,-28.910946,-28.991467,-27.149784,-25.32801,-24.936598,-26.040962,-25.427834,-28.173141,-27.422695,-27.578943,-26.76143,-23.045063,-25.47895,-23.618036,-21.83443,-27.884281,-24.743916,-26.209862,-25.031368,-21.683615,-21.789415,-26.61484,-27.716263,-25.652853,-23.128174,-23.459724,-24.844803,-27.998714,-26.697,-25.71347,-30.743374,-30.852695,-29.703781,-27.28305,-27.165188,-27.676968,-23.88962,-23.32281,-25.415936,-24.909565,-27.084188,-28.516388,-26.936884,-26.80077,-25.12688,-27.031685,-27.482988,-27.671274,-27.812916,-25.678036,-28.873549,-28.896751,-28.870565,-28.037544,-31.305742,-29.734596,-24.39705,-25.002583,-28.65622,-29.963463,-30.77686,-28.15891,-27.15142,-25.736195,-25.113062,-27.113098,-25.392895,-26.070045,-28.273518,-27.150267,-25.290428,-26.548244,-24.349503,-26.165462,-29.354416,-29.066814,-28.74633,-26.233156,-27.623932,-28.459152,-29.727924,-24.258835,-21.01543,-22.603378,-28.246323,-28.691975,-27.164158,-27.43045,-27.951168,-26.866964,-23.446522,-25.18029,-28.521782,-28.660791,-30.380486,-32.17784,-29.01692,-28.244583,-30.935694,-26.601093,-21.654072,-24.30434,-25.214176,-24.80003,-28.042965,-29.925304,-30.897621,-26.690807,-23.575724,-22.269524,-22.1526,-28.313982,-28.960358,-27.174501,-27.987473,-28.132143,-25.703365,-26.422043,-24.769596,-25.406511,-26.97678,-28.22369,-29.28749,-28.750015,-24.017807,-26.253838,-28.731956,-29.7462,-26.438091,-26.63217,-29.276424,-25.906164,-27.175814,-27.048592,-26.168692,-26.462688,-25.426346,-27.065157,-28.788517,-27.922989,-25.96196,-23.529371,-25.00239,-29.073353,-24.424297,-21.993174,-25.406391,-26.701685,-25.721542,-23.443995,-20.798195,-21.658382,-25.778767,-27.305796,-25.355024,-26.373495,-26.403202,-26.675148,-28.741484,-31.308054,-28.506367,-25.523237,-28.699163,-30.594261,-29.209492,-28.410997,-24.730251,-24.378653,-23.996212,-25.75215,-24.160835,-24.311163,-27.615837,-27.000202,-28.348671,-24.509521,-26.118744,-29.319643,-29.689611,-31.452522,-34.23599,-30.833166,-29.477417,-26.751265,-27.914383,-27.58517,-27.122238,-28.15394,-26.542536,-27.12195,-25.698185,-23.149035,-24.883202,-28.401625,-28.861134,-28.034988,-23.636045,-24.580856,-26.56094,-29.275452,-28.300674,-29.94983,-28.705462,-26.08451,-29.047876,-29.56982,-26.308962,-27.69906,-32.491646,-28.916174,-28.002842,-27.447708,-31.127121,-41.449123,-53.154823,-52.607353,-52.312675,-52.87287,-52.622375,-52.726906,-52.78499,-49.328728,-50.26712,-63.029953,-80.0,-80.0,-80.0,-80.0,-80.0,-80.0,-80.0,-80.0,-80.0,-80.0,-80.0,-80.0,-80.0,-80.0,-80.0,-80.0,-80.0,-80.0,-80.0,-80.0,-80.0,-80.0,-80.0,-80.0,-80.0,-80.0,-80.0,-80.0,-80.0,-80.0,-80.0,-80.0,-80.0,-80.0,-80.0,-80.0,-80.0,-80.0,-80.0,-80.0,-80.0,-80.0,-80.0,-80.0,-80.0,-80.0,-80.0,-80.0,-80.0,-80.0,-80.0,-80.0,-80.0,-80.0,-80.0,-80.0,-80.0,-80.0,-80.0,-80.0,-80.0,-80.0,-80.0,-80.0,-80.0,-80.0,-80.0,-80.0,-80.0,-80.0,-80.0,-80.0,-80.0,-80.0,-80.0,-80.0,-80.0,-80.0,-80.0,-80.0,-80.0,-80.0,-80.0,-80.0,-80.0,-80.0,-80.0,-80.0,-80.0,-80.0,-80.0,-80.0,-80.0,-80.0
-30.696524,-27.804752,-26.248575,-26.671824,-26.820583,-26.347294,-27.053623,-26.201134,-25.165049,-23.341042,-23.656189,-28.033823,-28.910795,-26.474403,-25.612265,-27.385971,-28.966276,-27.188066,-27.530752,-26.998325,-26.412043,-29.118353,-29.148933,-29.46263,-28.587702,-23.781376,-21.952328,-24.551252,-27.596836,-25.469654,-23.553265,-27.605186,-26.135109,-22.560524,-22.593555,-23.872314,-24.570206,-26.758757,-26.502897,-24.08036,-27.124243,-28.171453,-29.454147,-26.851812,-25.733297,-27.461811,-27.268305,-26.43572,-28.414108,-26.642952,-26.690788,-26.801601,-26.466301,-25.569632,-25.576035,-24.370518,-25.915958,-29.16141,-28.20479,-24.3168,-26.219358,-25.449219,-23.85771,-24.903805,-26.69242,-28.084839,-28.375772,-26.370125,-26.404238,-24.041832,-23.918941,-29.56274,-28.222319,-29.895256,-29.04601,-26.122353,-29.528095,-31.262749,-27.08249,-25.095366,-23.876392,-24.445797,-30.583899,-27.724274,-26.829983,-32.665817,-33.24322,-29.945452,-27.642174,-27.141685,-26.904892,-26.6065,-23.90156,-25.035969,-27.660065,-32.49078,-33.294052,-30.933273,-27.319689,-26.182976,-26.402721,-25.902082,-22.709446,-28.2887,-30.432604,-29.032635,-27.466747,-29.580887,-28.363476,-26.776392,-29.139025,-36.559055,-36.93082,-39.02117,-40.617947,-37.71447,-36.32167,-39.36125,-40.37333,-40.051003,-40.411953,-45.366074,-42.589813,-40.855755,-42.030525,-42.65582,-41.027477,-35.557114,-27.97519,-29.105679,-28.812202,-26.03133,-25.81208,-27.63591,-29.309849,-29.146338,-24.759369,-25.27377,-31.011879,-27.230644,-26.84652,-26.910809,-28.0849,-28.195042,-24.913471,-25.88741,-28.720047,-33.513645,-26.989765,-24.598732,-27.505856,-27.407398,-31.665205,-31.867727,-27.889267,-24.361998,-25.285683,-27.881855,-25.329641,-25.450844,-29.415785,-27.266886,-27.993061,-31.547543,-27.639221,-29.196846,-25.68197,-25.53717,-27.476837,-23.61293,-21.87724,-24.696886,-27.663418,-30.504612,-27.549305,-25.95448,-30.347034,-29.94336,-28.42263,-25.893946,-28.966476,-27.514488,-29.313583,-26.492445,-23.557394,-22.388548,-22.429869,-22.836456,-21.652493,-23.460732,-27.006912,-26.336336,-30.385998,-28.48624,-27.5449,-27.382038,-28.230152,-24.811905,-28.086044,-30.334341,-30.820229,-32.10639,-28.234621,-27.139347,-26.421667,-27.040386,-26.60472,-30.59698,-28.092508,-24.501846,-24.431183,-23.36636,-23.289604,-24.877216,-28.075436,-29.573425,-28.017187,-27.59216,-26.554173,-26.200737,-26.045063,-27.011427,-25.03994,-27.994032,-25.877224,-23.456423,-26.151207,-26.946318,-25.904009,-26.109098,-29.732405,-29.479488,-24.76979,-25.37938,-25.312695,-25.08205,-26.205376,-27.631702,-30.396572,-27.300308,-26.03444,-28.039434,-24.492348,-25.092945,-29.513773,-28.071842,-25.267021,-23.266863,-28.16064,-28.293678,-29.324528,-26.258095,-25.076458,-25.281338,-24.563654,-25.025902,-25.507706,-23.306849,-22.363705,-24.627998,-25.449036,-25.872314,-27.191074,-29.697685,-29.016804,-31.62758,-29.895128,-23.967764,-23.351238,-25.706501,-27.771828,-29.73598,-29.792376,-29.071648,-26.21365,-27.356806,-24.972355,-22.981869,-24.525879,-25.08678,-25.118206,-27.488451,-25.139713,-22.912357,-27.13509,-31.138632,-29.93127,-27.26934,-25.56399,-27.45708,-26.8751,-25.935444,-28.845602,-27.845148,-24.984823,-25.07679,-31.376183,-25.81718,-22.59795,-23.981323,-26.082329,-24.895565,-20.996456,-18.76376,-23.715588,-26.99148,-27.043829,-28.039503,-26.828754,-24.404278,-26.223324,-27.544592,-26.516132,-28.607136,-27.944607,-27.59303,-25.803421,-24.889177,-27.50056,-29.374563,-25.65833,-23.767658,-26.5239,-25.799198,-26.871174,-27.664593,-25.0989,-25.091778,-26.483316,-26.212925,-23.885132,-25.60165,-28.188013,-28.981142,-29.44095,-30.74669,-30.507515,-28.583069,-27.332418,-24.479143,-25.860914,-27.103727,-26.155518,-25.920675,-24.15078,-26.711601,-25.015007,-24.865019,-25.101181,-25.268806,-26.265429,-25.779533,-26.6506,-26.01472,-24.278439,-26.511768,-26.677906,-24.921051,-25.92842,-28.121473,-29.957895,-30.987886,-33.6101,-27.8053,-24.855991,-27.085634,-29.742298,-28.689932,-26.534443,-29.230711,-25.713688,-25.353615,-24.730133,-26.238888,-28.087353,-27.044193,-24.178757,-27.042017,-27.990898,-25.137074,-27.411623,-29.842081,-27.201176,-23.84451,-22.57294,-24.423197,-25.663261,-24.500137,-28.236637,-26.23406,-21.21789,-22.842813,-29.20827,-31.91561,-27.735546,-26.60785,-27.254543,-27.103737,-29.407574,-27.100784,-27.9015,-30.396069,-30.60411,-28.662546,-26.522152,-30.207909,-30.858837,-27.162926,-27.48452,-29.411207,-26.97031,-27.759586,-29.422695,-24.826397,-24.613203,-25.992344,-27.344904,-25.290932,-28.556608,-25.122204,-24.631823,-27.697674,-29.30572,-29.757742,-28.448141,-22.949947,-22.169182,-25.840014,-26.119041,-28.030952,-27.417355,-24.22026,-26.274206,-29.356482,-30.307919,-26.246002,-26.55799,-29.226444,-26.71045,-27.472658,-27.861282,-25.958614,-26.694052,-26.294289,-25.017803,-26.227047,-25.550001,-23.56905,-25.973831,-24.350307,-24.26819,-27.882072,-28.915379,-26.865885,-26.04651,-29.347507,-31.184942,-25.640533,-26.506353,-33.267494,-31.872437,-25.718342,-24.330753,-25.894499,-28.504011,-29.374704,-26.655483,-26.899385,-26.892614,-25.22552,-24.951706,-27.205326,-22.817596,-23.809292,-26.055973,-28.833185,-27.431614,-26.899881,-28.69236,-27.773756,-28.898363,-29.486885,-28.211983,-24.894684,-25.808388,-28.717098,-26.871487,-23.547928,-25.476013,-26.07405,-25.715906,-28.919384,-27.28082,-25.227625,-26.767998,-22.964108,-22.914,-25.477642,-26.124672,-28.092384,-27.493963,-27.80191,-29.882393,-29.591503,-26.787033,-25.710484,-24.525253,-25.540577,-28.53535,-28.040737,-25.430706,-26.03448,-24.38843,-23.820274,-23.098398,-26.134893,-34.1576,-31.953474,-31.33852,-31.500925,-27.973368,-23.71095,-24.312122,-24.326649,-26.43755,-27.251335,-26.542324,-30.332378,-26.635065,-25.719206,-29.438572,-29.920156,-28.136312,-25.685585,-24.751572,-26.59517,-29.681751,-28.935255,-25.402359,-24.030704,-27.230215,-25.542404,-26.658548,-33.15114,-31.105562,-27.334839,-26.39568,-27.661827,-27.740421,-30.721092,-29.268555,-26.83189,-24.913113,-24.229622,-26.80599,-27.872585,-26.36227,-23.598228,-24.800907,-28.883575,-25.05291,-26.76869,-28.071486,-30.478664,-30.338287,-28.43417,-26.772816,-28.160686,-29.49175,-30.26068,-29.879034,-26.1354,-22.813465,-23.864254,-27.15142,-26.463327,-24.338139,-28.218819,-25.10865,-24.857769,-28.177088,-27.051952,-27.42767,-26.556902,-26.494995,-27.876045,-25.363905,-27.426311,-25.120651,-25.106432,-26.325497,-29.42604,-30.246859,-27.841671,-25.93138,-26.729942,-25.814545,-25.409515,-24.12252,-26.043886,-25.30083,-26.100677,-26.664228,-28.505688,-30.20961,-30.335752,-31.15108,-28.788433,-27.532593,-27.923908,-28.972586,-30.813316,-29.393456,-31.138775,-27.54925,-24.631367,-24.204466,-28.676264,-43.22728,-49.243958,-48.539818,-48.302937,-48.756866,-48.698215,-48.807007,-48.715317,-46.870163,-49.33336,-63.401352,-80.0,-80.0,-80.0,-80.0,-80.0,-80.0,-80.0,-80.0,-80.0,-80.0,-80.0,-80.0,-80.0,-80.0,-80.0,-80.0,-80.0,-80.0,-80.0,-80.0,-80.0,-80.0,-80.0,-80.0,-80.0,-80.0,-80.0,-80.0,-80.0,-80.0,-80.0,-80.0,-80.0,-80.0,-80.0,-80.0,-80.0,-80.0,-80.0,-80.0,-80.0,-80.0,-80.0,-80.0,-80.0,-80.0,-80.0,-80.0,-80.0,-80.0,-80.0,-80.0,-80.0,-80.0,-80.0,-80.0,-80.0,-80.0,-80.0,-80.0,-80.0,-80.0,-80.0,-80.0,-80.0,-80.0,-80.0,-80.0,-80.0,-80.0,-80.0,-80.0,-80.0,-80.0,-80.0,-80.0,-80.0,-80.0,-80.0,-80.0,-80.0,-80.0,-80.0,-80.0,-80.0,-80.0,-80.0,-80.0,-80.0,-80.0,-80.0,-80.0,-80.0,-80.0
-26.709764,-24.754717,-26.356915,-24.806412,-24.793245,-26.171589,-26.820251,-27.282608,-27.410614,-26.666899,-25.152758,-27.13784,-24.922716,-23.349865,-23.634254,-26.893797,-31.450687,-31.178173,-29.348467,-26.148056,-29.087345,-29.297968,-25.564285,-26.385006,-23.299322,-22.541126,-26.134365,-27.373562,-27.047825,-24.533861,-25.416113,-22.557262,-23.756622,-24.772697,-23.549576,-23.129206,-23.851086,-28.79865,-25.211246,-25.28998,-29.94888,-27.969877,-23.737007,-24.171717,-29.433949,-25.848885,-25.36642,-29.322063,-27.894201,-24.584703,-25.472546,-25.551397,-27.883701,-26.644806,-24.49257,-24.76334,-27.56987,-30.504906,-33.31631,-32.508904,-28.294394,-25.380138,-22.207375,-22.49398,-26.874676,-28.661743,-27.010145,-26.552666,-29.134224,-32.599873,-28.37473,-25.60058,-24.986431,-28.180372,-28.874945,-26.304668,-27.77896,-31.933601,-29.5312,-26.345518,-24.753029,-24.996286,-29.042858,-27.640327,-23.788765,-24.542377,-28.278538,-26.943941,-26.9006,-28.967545,-28.437445,-26.95827,-26.940681,-24.001465,-26.650854,-28.44277,-31.056469,-31.707233,-27.501015,-25.791054,-27.593393,-28.383007,-26.73152,-28.59187,-25.853168,-27.443344,-29.201427,-29.7659,-29.023764,-23.54369,-25.900124,-36.411617,-36.705875,-38.41303,-39.958305,-40.575104,-39.435112,-42.56035,-42.43668,-40.888027,-43.321724,-44.747475,-38.030212,-37.702858,-41.359455,-44.590782,-44.851208,-41.202972,-34.644363,-28.807693,-28.448782,-29.814297,-29.703384,-32.61141,-34.660877,-26.761265,-21.893713,-25.9262,-27.629843,-24.36277,-26.19152,-26.165293,-24.64942,-27.66175,-25.309143,-24.877325,-25.76904,-30.046978,-28.962334,-25.90825,-24.603146,-26.21902,-28.410416,-30.110542,-29.23503,-28.055738,-24.517712,-24.638428,-23.447712,-23.153395,-27.43308,-25.453571,-24.345749,-27.08746,-24.645412,-26.944675,-28.832037,-31.878206,-29.386684,-22.813236,-22.035994,-24.390686,-24.481825,-30.58051,-31.221382,-31.610989,-29.95345,-29.166924,-25.750336,-27.5982,-30.179543,-26.15032,-27.490416,-26.784967,-25.37854,-27.572433,-26.03041,-24.333761,-22.694096,-24.464128,-23.678612,-27.76906,-28.82845,-24.456646,-25.284441,-26.750103,-27.27659,-25.85006,-27.993715,-29.981236,-29.084473,-29.253109,-29.762905,-32.822838,-31.532389,-28.14226,-28.180275,-29.192667,-28.621262,-29.280228,-28.057304,-27.962864,-27.229212,-25.68073,-23.831062,-26.464048,-26.50256,-26.164429,-27.662195,-26.57383,-26.527657,-24.334139,-24.944496,-24.932209,-28.09136,-24.846973,-26.74284,-29.329166,-29.16888,-26.094175,-24.547525,-23.896385,-26.995193,-26.61446,-26.937084,-26.405857,-26.348915,-25.513672,-27.326563,-28.313396,-27.265186,-27.74451,-26.18391,-23.49496,-21.600954,-25.691582,-28.782227,-28.885635,-28.465187,-26.778416,-27.797693,-25.911633,-22.734127,-23.623219,-24.907625,-25.313717,-25.589731,-24.798265,-23.927376,-24.960867,-24.590626,-25.978172,-26.873936,-28.919493,-29.364601,-29.44106,-32.150078,-26.246496,-24.960274,-26.273964,-26.000614,-25.04621,-28.437157,-28.284897,-26.916405,-28.445023,-25.800436,-24.502151,-25.080011,-24.478111,-26.80225,-28.434402,-30.084892,-28.114708,-25.766987,-22.955421,-26.490635,-28.525642,-26.73606,-27.951607,-26.931688,-22.106638,-25.837357,-28.261772,-25.395521,-24.048203,-28.911572,-27.069418,-26.852634,-27.55398,-27.522312,-25.44968,-25.32684,-26.227032,-26.334354,-31.298103,-27.441427,-24.91551,-25.886936,-24.39126,-22.438372,-25.417645,-26.98806,-25.928867,-28.770367,-28.291302,-26.98656,-23.438969,-23.141792,-27.091122,-29.115788,-28.401531,-31.465702,-28.595192,-28.882875,-27.84119,-25.445755,-28.115374,-30.134571,-29.340923,-27.960697,-27.684658,-27.4907,-26.931866,-22.513054,-22.449005,-22.837337,-23.143356,-29.154652,-27.94339,-24.607162,-26.326645,-24.614677,-25.997263,-29.932156,-29.581179,-29.725266,-26.471222,-23.324299,-25.16539,-25.804863,-26.798197,-25.12714,-24.93339,-26.841747,-28.438904,-29.880543,-29.814281,-27.244682,-25.540087,-28.999935,-25.133305,-27.795998,-26.955875,-25.913296,-27.156195,-25.605267,-25.397469,-22.2337,-24.567148,-21.878008,-21.192106,-23.525944,-23.933601,-23.245007,-22.166904,-24.707703,-26.41102,-27.045704,-28.679724,-28.740978,-26.89466,-23.912088,-26.07894,-24.8513,-24.975813,-27.187708,-21.808187,-22.306225,-24.651558,-22.795849,-26.804787,-26.05603,-28.339996,-29.582693,-26.283451,-25.002796,-27.785887,-32.751156,-28.952724,-26.038029,-25.948618,-24.082348,-24.787771,-24.07428,-27.872934,-33.03239,-30.750458,-26.863598,-26.0774,-26.910425,-27.362814,-26.097692,-24.86885,-26.05317,-25.73801,-24.173872,-21.052647,-25.232788,-26.204384,-24.939026,-24.462202,-26.147387,-28.124414,-28.650572,-24.96357,-23.789997,-26.42704,-27.539589,-28.260715,-28.014387,-26.069597,-26.138712,-26.345314,-28.608809,-31.035614,-28.440376,-27.200512,-29.499207,-27.59221,-25.738148,-28.930872,-31.106236,-28.23225,-28.206778,-22.878603,-24.70439,-30.421326,-27.901413,-25.824528,-24.368343,-24.975243,-26.274273,-27.366608,-27.581629,-25.484697,-25.278801,-27.278042,-25.103558,-27.841114,-34.228436,-31.858318,-26.193115,-25.58241,-25.859089,-27.297821,-25.26675,-27.058699,-29.046867,-27.560413,-25.485611,-28.164095,-26.8372,-26.503931,-28.055334,-27.560478,-26.602821,-26.754677,-25.934788,-26.774168,-28.095121,-26.896212,-24.849186,-25.660416,-26.883148,-26.370113,-26.39053,-22.395386,-23.717768,-24.441008,-25.623552,-28.370682,-29.890923,-27.525856,-26.368275,-23.518456,-23.957985,-24.185068,-26.940168,-28.45286,-30.222197,-31.371248,-30.933863,-30.567669,-29.928963,-27.559105,-25.181034,-25.663637,-30.313566,-29.486843,-25.740025,-24.253822,-23.39576,-25.484352,-26.419296,-29.018793,-31.397364,-28.60989,-26.954933,-28.337704,-26.447353,-24.259708,-25.936476,-27.188456,-24.720652,-26.44527,-27.817276,-27.332726,-26.54208,-24.890862,-25.717146,-30.859556,-27.114372,-27.338787,-27.585533,-29.780998,-25.80435,-22.580416,-23.774803,-24.556694,-25.03104,-27.595156,-25.825706,-24.302174,-28.529621,-31.13733,-27.071495,-26.997662,-31.310823,-29.550228,-26.339783,-24.420202,-24.705576,-28.387339,-26.49485,-27.977089,-28.129457,-25.907251,-24.967623,-26.821741,-29.879261,-27.518589,-25.862703,-29.61857,-28.816744,-28.09397,-26.737373,-28.860687,-28.377985,-27.123156,-28.900839,-26.225065,-24.65262,-26.11147,-26.987946,-28.597109,-25.333076,-26.617918,-26.712893,-26.095295,-32.756447,-31.833181,-29.398746,-27.610523,-25.256552,-26.252447,-28.298498,-28.164078,-24.871962,-25.269024,-28.638428,-28.50735,-29.25188,-24.821735,-25.367735,-29.402819,-28.262188,-25.207747,-25.853287,-24.733116,-26.63776,-27.958862,-30.797031,-30.128326,-25.592411,-25.602413,-24.848091,-25.366726,-25.475185,-22.640753,-21.596878,-26.026241,-26.754913,-26.001045,-27.188076,-26.469889,-25.194817,-26.265316,-35.57964,-37.81351,-37.79947,-37.791363,-37.80527,-37.801945,-37.804394,-37.80356,-38.473164,-44.11454,-64.928635,-80.0,-80.0,-80.0,-80.0,-80.0,-80.0,-80.0,-80.0,-80.0,-80.0,-80.0,-80.0,-80.0,-80.0,-80.0,-80.0,-80.0,-80.0,-80.0,-80.0,-80.0,-80.0,-80.0,-80.0,-80.0,-80.0,-80.0,-80.0,-80.0,-80.0,-80.0,-80.0,-80.0,-80.0,-80.0,-80.0,-80.0,-80.0,-80.0,-80.0,-80.0,-80.0,-80.0,-80.0,-80.0,-80.0,-80.0,-80.0,-80.0,-80.0,-80.0,-80.0,-80.0,-80.0,-80.0,-80.0,-80.0,-80.0,-80.0,-80.0,-80.0,-80.0,-80.0,-80.0,-80.0,-80.0,-80.0,-80.0,-80.0,-80.0,-80.0,-80.0,-80.0,-80.0,-80.0,-80.0,-80.0,-80.0,-80.0,-80.0,-80.0,-80.0,-80.0,-80.0,-80.0,-80.0,-80.0,-80.0,-80.0,-80.0,-80.0,-80.0,-80.0,-80.0
-28.967005,-27.944675,-25.928385,-25.542057,-26.953,-26.940706,-27.467417,-28.131886,-27.867867,-24.952877,-24.925987,-28.296238,-25.063652,-24.32824,-25.34254,-27.674004,-27.609493,-28.38665,-27.84631,-25.90522,-28.701908,-28.608932,-24.521652,-24.921415,-24.159868,-26.333836,-24.130445,-22.05732,-22.519182,-23.313469,-25.82986,-25.076878,-24.101093,-26.904078,-24.969343,-22.679901,-26.599916,-30.203556,-28.363913,-26.864367,-28.099152,-27.538013,-28.784481,-28.946068,-26.851759,-23.71046,-24.374462,-27.721313,-26.184956,-24.428234,-24.931757,-25.24427,-24.007301,-23.247688,-23.146286,-24.2006,-27.513138,-27.834019,-30.341032,-32.69617,-31.133871,-27.230934,-24.078087,-25.669746,-27.433136,-27.887629,-24.643536,-26.598404,-33.3021,-29.826952,-25.173975,-24.130016,-26.897367,-27.000988,-24.521523,-23.868824,-26.189072,-25.74879,-23.166674,-23.769634,-25.816572,-30.027388,-30.48274,-29.725977,-26.354664,-24.558342,-25.472776,-27.07049,-27.548254,-27.106739,-28.793085,-27.565163,-25.639133,-24.590973,-26.727818,-28.59899,-29.24239,-31.441425,-30.108913,-24.516895,-27.36245,-30.484028,-28.430473,-25.68428,-21.971035,-26.44801,-30.771477,-26.416786,-25.569347,-24.264599,-27.566746,-35.044277,-38.242874,-41.091644,-41.119556,-38.5392,-38.805637,-37.930344,-39.03217,-38.756203,-42.93364,-49.48744,-43.231976,-43.176907,-47.25978,-44.46101,-41.735268,-36.94849,-28.0336,-24.358376,-26.140553,-29.13888,-29.120667,-28.67418,-28.158142,-26.241085,-25.50705,-28.361626,-30.207455,-26.417122,-23.964958,-24.836943,-28.839226,-29.12371,-27.097006,-27.898308,-27.307203,-26.85614,-26.322025,-27.151478,-26.053978,-26.299255,-26.691591,-31.080486,-31.369287,-25.846752,-26.84557,-29.167562,-26.190905,-23.78869,-24.149052,-23.43293,-26.26673,-25.919746,-22.807373,-25.698523,-31.5476,-31.563965,-30.87233,-25.23327,-24.14532,-26.712425,-24.935457,-27.316391,-29.122292,-27.507542,-28.090462,-26.358038,-24.493752,-26.800816,-26.171135,-25.12281,-23.933943,-21.561556,-24.526648,-27.070103,-26.853477,-27.971558,-28.911713,-27.61177,-25.612469,-26.219492,-25.555658,-30.368216,-30.31175,-27.165218,-26.59096,-28.309685,-28.123156,-26.592321,-28.181732,-28.019852,-28.886652,-26.306183,-24.04392,-24.159533,-24.684502,-28.513157,-30.924755,-31.959223,-32.33477,-32.48993,-28.811913,-28.742918,-27.041271,-27.526619,-28.708868,-27.05511,-29.996288,-27.066738,-24.195621,-23.736109,-24.419104,-28.714104,-29.666637,-29.20338,-24.837055,-25.199083,-29.051476,-27.910645,-26.874657,-26.549387,-25.324139,-22.057362,-23.929932,-23.563938,-23.690601,-23.576836,-25.163475,-27.670052,-29.582045,-31.24249,-28.261932,-28.136356,-27.458054,-27.662258,-27.180683,-28.488909,-31.785543,-28.168545,-28.298168,-25.811478,-23.50792,-24.615671,-24.286766,-26.29496,-26.769344,-25.771204,-27.397358,-27.591578,-26.240704,-24.389427,-25.227848,-27.022408,-30.559256,-29.894848,-27.354507,-27.245785,-27.112268,-26.266743,-26.428406,-24.489445,-25.426914,-25.211555,-25.106014,-23.629955,-23.24512,-24.259552,-23.603724,-25.829859,-24.27215,-24.858116,-27.055168,-25.480114,-24.216547,-22.092422,-26.160791,-28.721373,-25.678562,-26.124931,-24.856434,-23.819992,-27.704811,-26.85953,-28.610687,-28.710747,-26.576027,-29.098246,-34.350803,-31.324488,-25.581085,-26.592363,-29.205875,-26.628643,-28.228354,-30.94486,-31.446999,-29.807158,-25.743444,-22.524246,-24.549133,-25.829908,-26.737371,-25.30783,-23.765165,-23.732239,-27.330204,-24.244005,-22.203617,-27.170261,-25.396526,-23.123018,-29.182625,-32.471985,-27.999428,-23.34008,-23.0097,-26.563866,-28.662384,-27.883562,-29.825712,-25.952106,-22.674868,-24.208101,-26.599194,-23.576588,-22.13692,-22.18962,-28.377617,-24.321991,-23.332733,-23.808851,-24.906946,-26.338472,-29.920803,-24.83339,-22.303802,-27.371353,-27.152805,-26.98603,-27.244349,-25.997164,-20.745148,-22.8093,-26.083126,-25.12894,-28.979576,-26.084837,-24.133888,-28.666132,-29.376984,-23.138943,-24.340206,-29.761375,-25.995974,-25.773832,-24.222399,-25.449383,-22.606176,-22.439629,-24.826094,-25.040077,-25.211481,-23.153088,-20.47222,-20.901754,-25.262589,-29.03113,-27.367687,-30.005236,-27.072485,-25.868752,-26.829023,-29.097742,-27.497133,-26.986338,-29.0465,-25.370176,-23.305717,-25.705526,-27.903051,-26.309494,-27.67413,-27.549004,-24.588442,-25.124786,-25.9473,-26.978544,-31.56642,-30.659803,-27.780834,-24.362835,-20.872927,-24.911785,-26.103024,-25.160465,-28.359777,-30.447807,-23.642426,-23.934929,-28.504272,-24.615517,-22.152843,-24.221775,-24.25439,-22.097332,-21.933853,-23.64464,-26.73803,-24.191229,-25.531813,-23.971642,-23.217663,-25.869637,-28.251263,-28.049911,-28.553764,-26.76326,-25.942701,-26.803894,-28.355778,-30.605522,-28.40354,-24.98031,-23.824398,-25.592138,-26.936968,-24.79379,-24.426163,-26.152828,-24.67509,-25.90372,-31.61797,-26.816628,-25.126095,-25.965683,-28.478607,-28.932419,-27.025673,-26.098495,-24.841055,-23.07701,-21.828411,-23.721825,-27.925816,-29.23441,-26.11605,-24.930279,-25.97829,-28.261156,-29.262762,-27.8955,-25.894192,-25.701418,-27.070639,-30.730686,-27.84398,-26.374012,-24.859112,-25.856213,-27.982601,-24.06408,-23.937908,-27.908073,-26.958725,-25.515848,-26.399961,-28.768036,-27.640366,-26.126534,-28.027887,-33.320293,-28.908548,-25.71746,-24.627964,-24.739532,-27.647663,-26.822311,-27.967293,-28.096752,-27.448513,-28.82929,-28.410652,-26.844503,-26.030006,-24.994297,-27.267063,-30.37735,-33.566166,-31.193508,-29.447298,-28.846397,-26.08199,-28.38488,-28.99909,-25.99134,-25.23428,-27.228226,-29.403103,-28.26434,-25.156033,-25.79337,-31.330568,-28.110062,-23.825474,-22.326237,-26.485811,-25.883202,-24.48817,-24.085712,-23.672684,-24.100792,-23.541708,-24.678263,-25.2041,-23.704624,-22.746803,-25.847517,-25.177525,-27.059546,-27.352085,-28.678783,-27.399826,-26.825315,-28.916386,-30.128012,-23.542694,-23.760893,-25.188961,-26.50615,-27.037113,-28.368774,-29.210566,-25.556246,-26.006994,-25.883335,-28.598124,-30.289383,-34.42007,-28.158695,-27.924488,-27.502304,-27.372517,-27.71886,-29.159323,-30.64093,-30.211512,-27.28994,-26.319061,-24.742704,-25.3471,-27.36155,-24.647884,-26.743343,-33.04023,-31.089226,-26.864151,-28.241749,-24.673819,-22.892117,-24.927069,-28.75016,-25.622248,-23.90101,-25.532883,-28.343964,-25.419086,-28.648504,-31.523207,-28.33534,-27.20721,-25.96941,-26.60613,-26.190125,-27.29636,-26.994963,-27.139229,-24.004923,-24.248951,-24.384003,-27.133358,-27.569061,-28.261276,-26.54773,-26.679556,-26.667496,-26.479958,-24.839052,-30.854153,-29.742077,-27.764595,-26.275188,-27.74049,-32.229847,-27.276985,-25.738436,-29.369757,-31.55492,-28.077984,-22.801334,-23.700981,-25.602222,-23.144491,-23.772953,-27.537693,-27.24707,-26.380497,-27.245092,-34.802826,-37.955536,-38.156155,-38.24734,-38.08156,-38.116455,-38.082184,-38.103096,-39.83518,-45.9851,-67.87439,-80.0,-80.0,-80.0,-80.0,-80.0,-80.0,-80.0,-80.0,-80.0,-80.0,-80.0,-80.0,-80.0,-80.0,-80.0,-80.0,-80.0,-80.0,-80.0,-80.0,-80.0,-80.0,-80.0,-80.0,-80.0,-80.0,-80.0,-80.0,-80.0,-80.0,-80.0,-80.0,-80.0,-80.0,-80.0,-80.0,-80.0,-80.0,-80.0,-80.0,-80.0,-80.0,-80.0,-80.0,-80.0,-80.0,-80.0,-80.0,-80.0,-80.0,-80.0,-80.0,-80.0,-80.0,-80.0,-80.0,-80.0,-80.0,-80.0,-80.0,-80.0,-80.0,-80.0,-80.0,-80.0,-80.0,-80.0,-80.0,-80.0,-80.0,-80.0,-80.0,-80.0,-80.0,-80.0,-80.0,-80.0,-80.0,-80.0,-80.0,-80.0,-80.0,-80.0,-80.0,-80.0,-80.0,-80.0,-80.0,-80.0,-80.0,-80.0,-80.0,-80.0,-80.0
-34.088337,-25.989513,-25.778923,-25.867352,-27.404423,-27.507555,-29.049625,-26.53318,-25.953075,-26.291061,-23.870636,-24.08075,-24.863552,-24.021149,-27.496231,-31.336452,-33.929718,-29.56395,-27.278502,-27.79314,-30.545338,-30.122707,-25.805746,-23.699644,-25.707329,-27.332565,-26.01817,-24.51297,-23.780014,-23.77149,-27.564129,-28.361876,-27.083609,-24.02605,-26.126846,-27.0662,-29.85795,-31.054451,-30.199396,-29.795631,-27.06646,-23.90629,-26.247189,-27.322472,-26.515085,-27.493702,-28.032764,-28.14126,-27.161507,-27.769108,-25.802296,-25.264696,-23.23399,-24.669937,-26.134346,-27.50593,-28.862175,-27.605553,-26.010878,-32.36421,-32.75895,-32.771706,-29.935375,-29.158592,-24.355694,-25.212017,-28.602676,-30.287628,-28.446613,-25.62468,-25.019844,-27.761532,-27.906672,-25.203781,-26.849754,-28.693722,-24.271656,-23.218534,-24.79826,-23.081648,-24.118103,-28.74556,-27.082844,-25.485151,-27.165298,-23.495846,-23.683704,-26.93157,-26.053186,-25.20923,-27.87489,-26.098995,-21.728529,-23.91774,-22.52707,-22.954952,-29.631905,-32.176926,-32.912132,-28.755255,-26.819332,-27.518429,-30.679344,-30.334122,-26.527298,-28.780947,-26.664925,-23.265747,-24.650639,-26.987535,-32.53342,-36.514805,-39.69851,-38.80586,-39.697117,-36.8346,-34.080177,-36.587593,-38.304207,-37.93526,-40.892353,-48.162853,-39.25823,-37.080193,-44.45777,-41.634388,-42.434486,-37.631344,-32.129932,-28.887222,-28.269722,-28.021914,-28.745567,-27.708853,-25.592812,-24.999216,-27.381706,-29.487726,-29.119957,-27.061869,-24.401743,-27.146616,-28.890678,-28.796436,-25.075619,-24.237093,-26.027458,-27.35556,-25.38832,-29.205954,-27.328184,-25.712551,-26.549911,-31.976585,-32.241837,-28.304373,-28.03326,-28.160252,-26.200153,-25.731848,-26.572418,-27.204205,-28.395163,-29.4601,-27.799225,-26.413364,-27.126257,-25.274626,-24.450747,-29.506603,-26.868977,-26.548634,-29.158524,-27.29013,-28.745876,-30.511702,-28.809353,-21.96625,-22.761625,-26.102737,-23.518295,-21.161938,-22.983257,-23.34009,-29.112494,-32.279152,-27.695717,-22.75787,-23.357906,-26.508007,-29.295898,-28.046345,-26.451252,-29.763395,-26.746798,-26.275208,-23.037224,-24.838772,-28.312288,-29.431574,-28.385235,-26.579506,-28.866116,-28.971992,-24.89911,-23.091251,-23.103725,-27.913074,-25.944338,-26.275484,-31.129972,-31.829185,-27.49048,-28.293903,-29.342075,-29.949844,-30.336079,-28.174582,-27.014484,-24.793747,-23.307663,-23.598434,-23.826336,-26.095058,-28.02656,-26.94986,-25.335651,-25.388824,-26.030182,-29.206013,-28.184576,-27.928043,-26.805483,-25.958836,-25.753231,-24.35103,-26.269377,-25.969036,-28.509344,-30.950731,-27.004707,-24.593307,-25.445148,-27.732292,-29.27048,-26.12445,-25.47929,-24.935604,-27.615824,-34.194916,-28.358227,-23.800026,-26.484852,-26.199524,-23.572426,-26.744633,-31.956612,-29.90104,-26.176601,-26.074913,-26.851517,-26.945564,-29.021072,-29.767586,-29.589554,-24.376234,-23.719318,-27.235964,-25.936531,-26.01369,-25.790445,-26.140278,-29.149328,-25.792168,-24.52039,-25.89573,-25.464195,-23.820545,-22.741684,-26.050251,-28.009453,-27.487974,-29.716333,-29.62233,-27.350466,-24.782997,-24.8919,-29.056038,-30.000496,-26.294289,-27.910812,-28.650196,-24.034515,-24.871292,-30.096638,-27.376846,-28.153908,-27.889084,-25.441494,-26.601973,-26.140978,-28.493954,-30.221857,-29.826702,-27.024273,-29.186134,-28.916368,-31.897465,-29.991426,-27.31058,-27.345238,-24.094526,-23.230736,-24.035637,-24.631271,-25.769356,-23.230934,-25.663935,-30.65862,-30.343493,-26.152805,-25.516987,-29.256306,-32.857124,-30.031433,-24.223057,-21.0021,-23.779457,-30.717571,-26.117107,-24.993,-28.917988,-26.511578,-27.256319,-29.686998,-28.9799,-25.675304,-25.30545,-24.857191,-23.354933,-28.264122,-28.429443,-25.900274,-24.566513,-27.743282,-27.907433,-26.145895,-25.873325,-27.98115,-22.845581,-22.92693,-23.700886,-21.815758,-23.584747,-27.531298,-27.29826,-28.089054,-30.374859,-28.857334,-29.24975,-28.845434,-26.15628,-23.941736,-26.257465,-27.135693,-23.83416,-25.047695,-28.074335,-26.976318,-24.855782,-24.736717,-24.083614,-24.865875,-24.964357,-24.41069,-22.433254,-23.175892,-27.732788,-25.461231,-25.96498,-28.172035,-26.164387,-24.726063,-28.595242,-26.754189,-26.657196,-31.774324,-29.064823,-26.048958,-27.859879,-31.874718,-27.679768,-26.54187,-25.373081,-25.092264,-27.19342,-27.78963,-25.569775,-27.64595,-29.281326,-28.857384,-24.028595,-22.662079,-24.474276,-25.909195,-26.261568,-28.543932,-32.66998,-31.51152,-30.907915,-30.451717,-23.55364,-23.762722,-29.958115,-26.464005,-23.987331,-25.965235,-30.554703,-30.07319,-30.197544,-28.585098,-23.736767,-23.154995,-24.536184,-27.723577,-29.248772,-29.202852,-28.377716,-27.034937,-27.026438,-27.850761,-29.419956,-27.146095,-24.65266,-24.840734,-24.856522,-25.14417,-25.724577,-25.18073,-22.998295,-23.43326,-24.100178,-27.535784,-28.417889,-29.396694,-27.906904,-30.023949,-25.6386,-25.060509,-25.012308,-24.507362,-25.529478,-26.856562,-27.287321,-26.86814,-28.055887,-30.702217,-28.313616,-27.894644,-24.931845,-24.738426,-26.49712,-25.540415,-30.521156,-29.788311,-24.903767,-22.726276,-25.372211,-25.75353,-28.14619,-25.281569,-23.554478,-26.10683,-24.238434,-23.288883,-23.447073,-26.333103,-27.504982,-25.023102,-23.35215,-25.517506,-29.094635,-28.369492,-26.876423,-27.83383,-27.143633,-30.385056,-36.31933,-32.62634,-29.247395,-30.714554,-30.574175,-29.5005,-25.71734,-22.477913,-23.497522,-27.87251,-31.425749,-33.53816,-31.577969,-29.16967,-26.834427,-25.745647,-25.885887,-25.463642,-26.81997,-28.961199,-26.230717,-26.640066,-25.37775,-24.89557,-24.189499,-29.203148,-30.008333,-25.89679,-24.542965,-25.972628,-24.816973,-23.68216,-25.591204,-27.549252,-24.64293,-24.888763,-25.150042,-30.517992,-31.886816,-28.151844,-26.744608,-25.55762,-28.259245,-32.448753,-30.016464,-26.763914,-27.334015,-27.376152,-30.142887,-25.74465,-27.777489,-27.672968,-29.008781,-28.120472,-28.88016,-30.536823,-31.865675,-29.785652,-31.261696,-33.019424,-30.443819,-30.239935,-27.153118,-27.04585,-29.577017,-28.74908,-28.271534,-27.122139,-28.660797,-30.491718,-25.651762,-25.159243,-23.45833,-24.507648,-28.665905,-28.101357,-26.662857,-26.670197,-26.861702,-28.830288,-26.448444,-23.933426,-23.302149,-24.549402,-28.959114,-26.58091,-24.495493,-26.736988,-26.193487,-25.018898,-26.938856,-27.201134,-25.049397,-25.674097,-27.870457,-30.001743,-28.222971,-25.552551,-30.829027,-27.555319,-22.567684,-25.96836,-25.606798,-25.424213,-31.877645,-31.373737,-25.26334,-24.155933,-25.06018,-25.378456,-27.79541,-31.334358,-29.802343,-28.318443,-25.576908,-25.682743,-26.672768,-28.820034,-27.036396,-29.231174,-28.428888,-28.564075,-26.870344,-28.189291,-27.842169,-24.492378,-26.250008,-27.084824,-27.850403,-31.004072,-36.071457,-43.16162,-48.434917,-47.759346,-47.496925,-47.992035,-47.88143,-47.992035,-47.932034,-46.350853,-50.489136,-67.136185,-80.0,-80.0,-80.0,-80.0,-80.0,-80.0,-80.0,-80.0,-80.0,-80.0,-80.0,-80.0,-80.0,-80.0,-80.0,-80.0,-80.0,-80.0,-80.0,-80.0,-80.0,-80.0,-80.0,-80.0,-80.0,-80.0,-80.0,-80.0,-80.0,-80.0,-80.0,-80.0,-80.0,-80.0,-80.0,-80.0,-80.0,-80.0,-80.0,-80.0,-80.0,-80.0,-80.0,-80.0,-80.0,-80.0,-80.0,-80.0,-80.0,-80.0,-80.0,-80.0,-80.0,-80.0,-80.0,-80.0,-80.0,-80.0,-80.0,-80.0,-80.0,-80.0,-80.0,-80.0,-80.0,-80.0,-80.0,-80.0,-80.0,-80.0,-80.0,-80.0,-80.0,-80.0,-80.0,-80.0,-80.0,-80.0,-80.0,-80.0,-80.0,-80.0,-80.0,-80.0,-80.0,-80.0,-80.0,-80.0,-80.0,-80.0,-80.0,-80.0,-80.0,-80.0
-32.59773,-25.393978,-24.341557,-26.236427,-28.00478,-29.703373,-31.414371,-25.409842,-24.662664,-25.429846,-25.868614,-25.21106,-26.510103,-25.81374,-27.157276,-31.292389,-33.06357,-32.838634,-31.829475,-29.106327,-27.518461,-29.201057,-26.897518,-25.441082,-26.039436,-27.696972,-24.787064,-25.66233,-25.897484,-24.562054,-26.785782,-28.785576,-24.885788,-23.804619,-26.73727,-27.019053,-26.462393,-27.743944,-28.99081,-28.64403,-28.43533,-28.501328,-26.471535,-28.473597,-27.544792,-25.471733,-26.43879,-29.432655,-26.18192,-22.849472,-25.229404,-24.099102,-22.64409,-25.70383,-26.64819,-28.165693,-28.559895,-23.867025,-24.165947,-30.94378,-28.177229,-26.75015,-29.38219,-25.448689,-25.500057,-25.34113,-25.587425,-29.586843,-28.714598,-27.20774,-25.801594,-26.454468,-27.413406,-25.485262,-22.37095,-22.257515,-22.727955,-24.687943,-26.741192,-24.562853,-25.515415,-25.743958,-25.33342,-28.830097,-24.826868,-25.772724,-30.42855,-30.688938,-26.66019,-26.36236,-25.088154,-27.402267,-23.731213,-24.306702,-25.696869,-23.543064,-26.634476,-25.748558,-26.833706,-27.682732,-29.380215,-25.83366,-27.705189,-31.398602,-25.106186,-28.004013,-28.213316,-26.985474,-29.04805,-27.397213,-30.587017,-33.88303,-38.870625,-38.967766,-37.81071,-33.255253,-31.903927,-35.92296,-36.91595,-37.33408,-39.97352,-45.22607,-41.371754,-39.26168,-42.84059,-45.935776,-44.909393,-32.462505,-25.416779,-25.758318,-26.260357,-26.254322,-28.036388,-31.935549,-25.717245,-24.179121,-29.170673,-26.083824,-24.336721,-24.412285,-25.081335,-25.586065,-26.89957,-27.989807,-30.787941,-29.057835,-27.894773,-27.546513,-25.210472,-27.627743,-30.021164,-25.434261,-26.465237,-26.93075,-28.089384,-29.993282,-29.618969,-22.319675,-21.680515,-24.379086,-27.653873,-27.628824,-25.028856,-24.726206,-26.566195,-26.090675,-26.86893,-27.357517,-28.63641,-26.964014,-25.126623,-27.435753,-30.150711,-26.176811,-24.735924,-26.114374,-26.602839,-24.666748,-24.44129,-26.904703,-26.065895,-24.083878,-26.360886,-31.252102,-28.809772,-26.798271,-26.483116,-21.93891,-24.000725,-27.773523,-25.85091,-23.515343,-25.856354,-24.901278,-23.459778,-26.374264,-27.855669,-26.64217,-27.44159,-26.048065,-27.218891,-26.40237,-25.55302,-25.950523,-24.700005,-24.92582,-27.485218,-29.185335,-26.31525,-25.20208,-27.59242,-26.287756,-24.948862,-24.739418,-27.186138,-25.57316,-23.997463,-27.634993,-27.495457,-29.318415,-27.50665,-25.971085,-22.723106,-24.677464,-28.709808,-28.44582,-27.79273,-29.259686,-28.489168,-31.680084,-30.948942,-27.48497,-27.148367,-28.008,-26.209389,-25.109404,-24.935097,-28.84431,-28.522408,-25.132528,-24.606598,-24.31998,-23.67082,-23.48692,-24.444334,-25.193151,-25.994987,-26.500996,-28.710136,-25.692139,-21.610088,-24.037363,-27.080908,-26.683289,-25.840141,-25.55162,-24.90204,-26.647198,-27.186115,-26.227777,-25.313276,-28.179916,-29.40409,-28.278053,-25.260948,-22.773596,-24.42014,-24.574339,-25.85064,-28.25474,-27.084599,-28.779747,-28.807823,-29.401325,-27.772726,-28.780373,-27.017464,-24.393175,-27.392014,-28.291206,-31.573568,-28.929312,-27.323923,-28.62777,-24.807156,-26.055496,-27.851686,-30.18506,-27.567205,-24.384895,-23.24494,-26.489357,-23.938046,-26.939922,-29.072695,-28.30172,-27.069159,-25.220764,-23.13963,-23.28472,-27.55052,-27.184801,-24.185562,-27.90551,-27.41371,-26.635315,-25.062601,-27.11837,-29.603138,-30.929064,-25.615818,-27.718801,-31.91607,-29.983519,-24.454891,-21.59976,-21.315031,-25.492146,-24.267448,-24.487255,-21.7449,-22.17566,-28.635056,-29.731731,-32.005856,-25.044039,-22.84437,-23.373981,-26.460697,-24.89064,-24.642628,-27.94243,-28.173658,-28.483532,-27.967503,-26.422932,-27.515572,-29.263054,-30.076532,-26.89026,-25.380474,-25.52327,-23.68391,-22.772528,-26.454136,-28.497303,-27.063,-24.71177,-27.687057,-26.799822,-24.16705,-23.347141,-23.129292,-27.838844,-30.245829,-30.104553,-24.739677,-24.654873,-25.942123,-24.583672,-27.938873,-30.49243,-27.857151,-27.801262,-25.968662,-24.980015,-22.550642,-23.79694,-27.827015,-26.22245,-24.740593,-21.46894,-24.533493,-27.03066,-24.78501,-26.50938,-23.857893,-27.221012,-24.45112,-24.967148,-26.943703,-26.83536,-27.35318,-29.94229,-30.166801,-28.61133,-29.460032,-27.68361,-24.850735,-26.53704,-32.36285,-30.85693,-26.331657,-28.437498,-24.871128,-27.052738,-25.669481,-26.25383,-31.717392,-28.296906,-29.18993,-24.013752,-24.1954,-30.414253,-29.444809,-27.579826,-29.151707,-27.57564,-24.6847,-24.014996,-25.564651,-27.9741,-29.305382,-30.357494,-28.125395,-27.315971,-25.956902,-26.686974,-26.811743,-31.366861,-30.67275,-28.047632,-25.491405,-24.402039,-25.920332,-25.51665,-27.394138,-27.577635,-28.982372,-27.475937,-26.447025,-26.509487,-26.535952,-26.64069,-25.607357,-24.680498,-24.185028,-25.274227,-22.53353,-21.45182,-25.977814,-26.165565,-27.102196,-27.982851,-28.182653,-27.831787,-31.268429,-29.231846,-26.11607,-25.06767,-25.137953,-26.322231,-28.05377,-27.755424,-26.352968,-29.393427,-28.599884,-25.921352,-28.8962,-25.07127,-25.601593,-25.552883,-26.502447,-26.729597,-28.633966,-28.851809,-23.156578,-23.53741,-27.985336,-28.2871,-30.311743,-30.284893,-29.410957,-24.465876,-21.527956,-22.488007,-25.427326,-23.777336,-24.561932,-28.245266,-30.352755,-26.354591,-29.067192,-28.159416,-28.594637,-30.133123,-25.105556,-26.583826,-26.700779,-23.304874,-24.716394,-24.72725,-22.720299,-23.509216,-24.567822,-24.268597,-27.188179,-31.123505,-30.618326,-29.698685,-31.77076,-28.57103,-26.244572,-24.193264,-27.202845,-26.297333,-26.590582,-31.066444,-27.663105,-23.912716,-25.050545,-24.692444,-29.92633,-28.783535,-27.31582,-26.753757,-26.75507,-25.346428,-25.384727,-25.10606,-32.25683,-30.362429,-29.453379,-34.33902,-31.375032,-25.33805,-28.159399,-29.16415,-29.208588,-29.049923,-28.236591,-26.981876,-28.871933,-27.408678,-26.765223,-27.405043,-25.972904,-23.823122,-24.287003,-30.862366,-30.317062,-29.333427,-29.188496,-27.30233,-25.409554,-26.65276,-27.112782,-24.944553,-23.608812,-26.72189,-31.081821,-33.08543,-32.516743,-32.15238,-30.491295,-29.835217,-27.772804,-25.537903,-25.301945,-27.573225,-28.256302,-28.600636,-29.17454,-25.630054,-24.815006,-26.116474,-23.83985,-23.99828,-24.129726,-24.455168,-28.743017,-29.157812,-27.062395,-25.862019,-24.94431,-26.713528,-29.725098,-28.694248,-26.308315,-25.478863,-27.75041,-27.406116,-26.152733,-26.407936,-24.329247,-26.858011,-28.374584,-29.565094,-29.239956,-30.293676,-27.354246,-28.794485,-26.016481,-23.11383,-24.616693,-26.511778,-26.967289,-25.991524,-25.164246,-29.85988,-27.151182,-24.79255,-26.342638,-26.356665,-30.60691,-27.735928,-26.215206,-27.114788,-28.112675,-26.48724,-25.579826,-26.291647,-28.176258,-26.874565,-25.62112,-29.012066,-30.568832,-31.76935,-40.19705,-53.122826,-52.503487,-52.206497,-52.768913,-52.562965,-52.674084,-52.699753,-50.515,-53.182137,-66.98354,-80.0,-80.0,-80.0,-80.0,-80.0,-80.0,-80.0,-80.0,-80.0,-80.0,-80.0,-80.0,-80.0,-80.0,-80.0,-80.0,-80.0,-80.0,-80.0,-80.0,-80.0,-80.0,-80.0,-80.0,-80.0,-80.0,-80.0,-80.0,-80.0,-80.0,-80.0,-80.0,-80.0,-80.0,-80.0,-80.0,-80.0,-80.0,-80.0,-80.0,-80.0,-80.0,-80.0,-80.0,-80.0,-80.0,-80.0,-80.0,-80.0,-80.0,-80.0,-80.0,-80.0,-80.0,-80.0,-80.0,-80.0,-80.0,-80.0,-80.0,-80.0,-80.0,-80.0,-80.0,-80.0,-80.0,-80.0,-80.0,-80.0,-80.0,-80.0,-80.0,-80.0,-80.0,-80.0,-80.0,-80.0,-80.0,-80.0,-80.0,-80.0,-80.0,-80.0,-80.0,-80.0,-80.0,-80.0,-80.0,-80.0,-80.0,-80.0,-80.0,-80.0,-80.0
-37.28553,-26.868484,-23.492453,-24.955784,-27.117317,-29.093864,-27.479383,-27.053644,-27.542965,-26.889988,-25.583916,-25.15793,-25.693142,-25.62067,-24.486343,-27.902935,-30.060062,-28.158615,-27.33881,-27.31161,-28.44888,-27.606667,-25.565441,-25.928185,-28.48298,-28.53135,-24.656044,-25.371906,-28.079979,-27.638052,-30.556393,-30.301746,-30.061848,-29.350563,-28.648643,-25.53677,-25.6072,-24.821762,-26.043755,-29.052803,-28.632622,-30.351597,-25.614586,-25.970245,-25.97328,-26.31052,-25.203602,-26.09274,-28.234562,-27.555187,-27.341206,-25.827503,-25.09858,-23.92555,-25.806915,-27.509937,-25.396324,-23.973038,-29.372723,-32.71651,-30.430094,-26.880045,-28.66453,-29.057621,-28.753464,-27.039215,-28.023663,-26.972979,-28.75222,-25.023655,-24.37627,-24.158909,-24.687107,-26.53504,-25.908543,-29.135107,-28.519613,-29.068327,-31.190887,-30.50672,-29.803177,-29.204136,-25.19848,-27.380566,-26.684391,-28.575481,-25.781708,-27.37737,-27.775326,-27.033699,-24.983845,-28.623745,-25.934147,-25.974192,-30.327808,-28.142227,-27.653683,-26.567245,-28.968859,-30.372755,-26.974758,-26.388115,-27.749435,-24.820377,-25.210026,-28.86309,-26.837053,-29.181068,-25.338692,-27.208092,-36.20037,-34.425133,-40.65032,-39.981766,-35.50835,-34.52292,-34.91115,-41.212856,-43.242836,-41.72173,-43.994286,-47.279503,-49.370766,-40.04982,-39.510323,-42.810707,-44.041843,-31.631012,-24.632252,-24.306496,-25.119127,-27.019564,-26.329632,-28.367352,-26.334394,-22.993017,-26.80666,-27.313393,-28.549467,-28.747532,-28.53585,-27.823658,-25.708973,-28.306328,-28.620945,-28.401875,-32.318237,-28.406107,-25.219519,-27.305565,-30.382187,-29.281975,-26.752241,-24.522713,-25.514423,-27.82074,-26.293354,-23.512753,-25.053364,-27.4416,-28.170845,-27.45256,-26.128864,-26.87421,-27.913233,-28.75001,-27.18929,-26.973,-25.249641,-24.726704,-25.563675,-28.645744,-31.459505,-29.575733,-26.58078,-24.641317,-27.253845,-27.959663,-26.47106,-28.418646,-28.688656,-28.87495,-28.833525,-30.796104,-30.920238,-26.473307,-25.770515,-27.342358,-29.304302,-28.587263,-29.20538,-27.149076,-26.427237,-23.740982,-24.33952,-26.48823,-25.130836,-26.921595,-29.910795,-30.07527,-27.739,-26.586414,-23.767143,-24.564676,-24.500854,-25.684568,-27.29461,-25.928036,-26.271046,-26.038658,-26.09643,-26.562828,-25.519947,-22.486076,-23.366583,-25.559633,-25.74996,-30.28627,-28.30482,-23.720287,-24.997814,-27.729324,-27.575632,-26.71278,-25.219772,-25.83989,-26.51247,-28.656736,-25.832785,-26.144058,-25.592463,-23.481018,-25.398548,-24.962093,-25.792334,-23.61383,-23.812998,-25.94721,-25.008503,-25.428007,-29.52282,-29.026527,-23.84068,-21.554283,-24.746359,-26.436312,-26.640255,-28.10376,-32.702194,-27.560318,-27.201294,-30.071306,-26.3242,-29.682793,-27.185028,-28.02658,-28.80952,-27.905558,-28.55972,-26.08288,-26.7062,-25.288101,-26.994284,-35.000576,-30.3869,-24.280136,-27.41911,-28.118786,-27.203484,-28.754993,-26.652843,-27.574018,-23.205341,-23.856638,-28.376442,-28.952711,-26.918749,-25.778744,-28.183931,-28.597023,-28.504417,-33.946777,-31.820932,-31.400537,-27.214825,-26.174818,-27.194504,-25.41476,-22.157324,-24.449234,-27.1703,-28.996286,-28.989809,-29.75544,-27.464874,-24.61132,-25.169281,-26.324745,-28.154766,-27.126747,-27.185965,-28.007286,-26.063765,-27.72114,-29.424824,-26.751347,-27.501778,-29.757446,-26.98949,-27.551975,-26.446468,-29.93929,-29.561243,-29.350338,-23.824451,-23.075066,-26.67392,-27.506685,-24.39798,-27.440083,-25.132885,-24.718525,-27.66417,-27.73919,-25.547176,-22.284676,-21.352983,-23.08247,-23.161312,-25.118942,-26.489204,-26.573627,-26.134058,-29.205856,-30.673431,-25.961506,-28.025532,-27.529419,-25.931843,-25.958551,-26.769352,-26.925808,-25.200867,-22.868887,-24.624744,-25.004707,-28.849,-29.148565,-30.458614,-28.094206,-27.980204,-25.774855,-25.623917,-26.117985,-28.894142,-27.296677,-26.75296,-27.81509,-26.675512,-25.43672,-29.934452,-30.214142,-24.65374,-25.780266,-23.772894,-24.566013,-23.546524,-24.37012,-28.186356,-27.001648,-27.36024,-21.33237,-23.82744,-29.498453,-28.377958,-29.872223,-28.192684,-26.073286,-23.241306,-26.852097,-29.544506,-27.60479,-23.428185,-25.691149,-32.665306,-31.318478,-28.818817,-27.314215,-26.163656,-27.161621,-26.249634,-28.66231,-29.200954,-29.40814,-24.905699,-26.412762,-24.529413,-23.447622,-27.864079,-28.41346,-30.91082,-28.440365,-28.515966,-31.03093,-26.90477,-28.059357,-29.571676,-23.256374,-21.815145,-24.722187,-27.669788,-30.548166,-31.522593,-30.440638,-29.908552,-27.012419,-24.173695,-25.841763,-27.078066,-28.162832,-29.856014,-29.6969,-32.67165,-31.46318,-27.226643,-27.05678,-28.932934,-28.796824,-25.691198,-24.387077,-25.582386,-25.669125,-25.862886,-28.124784,-28.615685,-23.772163,-25.566154,-24.75959,-22.065182,-22.682735,-26.954248,-25.684536,-25.159157,-27.322216,-24.139973,-25.518658,-29.73027,-30.546942,-28.157946,-26.769617,-26.883766,-27.92454,-27.642635,-29.627243,-28.876293,-29.507025,-27.180914,-25.075027,-26.177675,-26.901226,-29.179913,-28.799904,-23.368843,-23.921131,-26.789345,-30.313805,-28.538742,-23.073978,-19.618544,-21.408154,-29.88224,-32.25075,-29.150126,-28.624338,-28.325588,-26.379164,-25.072735,-23.515182,-23.096584,-28.222343,-28.080606,-23.081104,-25.272362,-29.45594,-28.401281,-26.994286,-22.766392,-24.30589,-24.352024,-21.626389,-25.821331,-29.491432,-26.291132,-23.288572,-25.198874,-26.894234,-29.420223,-30.43447,-27.520899,-27.936802,-27.174932,-28.468828,-27.472458,-23.419334,-24.608913,-25.733377,-26.689083,-29.680513,-27.248737,-26.07576,-26.31857,-25.23399,-26.796955,-30.98219,-30.46537,-26.761715,-23.855453,-26.443377,-25.091354,-25.451591,-26.902676,-25.764332,-25.290121,-26.13979,-27.565617,-25.198502,-26.096607,-25.598011,-26.404339,-29.16175,-27.096039,-27.791847,-26.75277,-27.555717,-30.327116,-25.668022,-24.873528,-25.562538,-25.905495,-26.426544,-25.44744,-30.292246,-31.49568,-27.078632,-27.270231,-24.161148,-25.05363,-29.37053,-28.150057,-27.645058,-29.39959,-29.043535,-26.745995,-28.952007,-25.997246,-21.941755,-22.76703,-28.408337,-25.918247,-27.152197,-27.608692,-30.78537,-29.872202,-28.010468,-28.339584,-25.459341,-24.41043,-26.166012,-29.924507,-30.27423,-30.757978,-27.880272,-24.00101,-23.530178,-25.757416,-28.945053,-27.946205,-23.034996,-22.739635,-28.93782,-32.22506,-30.053646,-25.955837,-26.215689,-25.891157,-26.50035,-27.002808,-26.524475,-29.173714,-28.781834,-26.950312,-27.816212,-26.056316,-23.43657,-25.016579,-27.178576,-27.031845,-26.720806,-26.642933,-28.593815,-27.491886,-30.21549,-26.338861,-24.616951,-27.693157,-25.960234,-23.228138,-24.413612,-25.94863,-24.381468,-25.59853,-27.059807,-23.8866,-24.153646,-27.91375,-31.379715,-27.66794,-28.720837,-40.905758,-54.31076,-53.546505,-53.30435,-53.760334,-53.74716,-53.86006,-53.687664,-51.352047,-53.280758,-66.21236,-80.0,-80.0,-80.0,-80.0,-80.0,-80.0,-80.0,-80.0,-80.0,-80.0,-80.0,-80.0,-80.0,-80.0,-80.0,-80.0,-80.0,-80.0,-80.0,-80.0,-80.0,-80.0,-80.0,-80.0,-80.0,-80.0,-80.0,-80.0,-80.0,-80.0,-80.0,-80.0,-80.0,-80.0,-80.0,-80.0,-80.0,-80.0,-80.0,-80.0,-80.0,-80.0,-80.0,-80.0,-80.0,-80.0,-80.0,-80.0,-80.0,-80.0,-80.0,-80.0,-80.0,-80.0,-80.0,-80.0,-80.0,-80.0,-80.0,-80.0,-80.0,-80.0,-80.0,-80.0,-80.0,-80.0,-80.0,-80.0,-80.0,-80.0,-80.0,-80.0,-80.0,-80.0,-80.0,-80.0,-80.0,-80.0,-80.0,-80.0,-80.0,-80.0,-80.0,-80.0,-80.0,-80.0,-80.0,-80.0,-80.0,-80.0,-80.0,-80.0,-80.0,-80.0
-33.237823,-27.381348,-24.313314,-27.834904,-26.830229,-26.984617,-26.175219,-28.521675,-29.288385,-29.805962,-27.671837,-28.658936,-28.84275,-28.483585,-29.16986,-31.404501,-31.952461,-30.125427,-28.58948,-29.303904,-27.879128,-26.592152,-26.359518,-25.802626,-27.0284,-25.872133,-23.229881,-23.542542,-26.391935,-30.414452,-32.427685,-28.468752,-30.593477,-26.286942,-24.00383,-26.625187,-27.652245,-26.066284,-30.508337,-29.24036,-26.00682,-29.575634,-32.24206,-25.386112,-22.375248,-24.583424,-26.353462,-30.268856,-29.709131,-25.329266,-26.005398,-29.55986,-27.255438,-26.956135,-29.370934,-29.627691,-29.153484,-27.43119,-28.254272,-28.056862,-27.092556,-25.009998,-26.05714,-25.629406,-28.34724,-25.730967,-25.384735,-29.748098,-24.523792,-20.456692,-23.725555,-22.530071,-21.934929,-27.383228,-28.272629,-27.440033,-25.221642,-23.522903,-27.040426,-27.04606,-27.126179,-31.830246,-28.089207,-25.04211,-25.041676,-25.190119,-25.266163,-28.074661,-31.764923,-31.201803,-29.223318,-28.682898,-27.011393,-27.543419,-26.41792,-27.467445,-26.687721,-28.238459,-29.964354,-28.687452,-28.102818,-31.094358,-26.334862,-23.487644,-26.962486,-27.785263,-28.94259,-26.571646,-24.783527,-26.65401,-32.584164,-36.164566,-38.12076,-36.715416,-35.489643,-36.462708,-37.028553,-37.401608,-40.272816,-41.440136,-43.902237,-46.720367,-44.081287,-39.82993,-41.42695,-39.639553,-43.41494,-34.884174,-26.169453,-24.439274,-26.095127,-24.908932,-27.487278,-31.231,-32.202778,-29.796476,-25.968218,-27.641693,-26.972229,-27.688236,-28.93335,-28.33128,-24.040253,-23.138546,-25.057583,-26.549675,-27.536596,-27.200209,-24.597157,-26.715412,-27.242844,-28.803339,-30.226044,-26.00737,-25.027822,-26.50378,-25.711544,-23.309185,-21.84142,-27.053543,-27.812738,-27.692583,-27.210007,-26.516197,-24.743298,-26.039242,-30.654602,-28.728107,-27.516407,-26.680107,-26.830023,-29.368723,-24.99322,-25.334461,-30.168707,-26.810024,-26.2183,-25.763557,-25.871857,-25.318684,-28.8667,-32.156704,-31.836262,-29.88,-28.627817,-30.211292,-26.315535,-22.714952,-24.310846,-23.658548,-26.591034,-28.659744,-24.40487,-24.719269,-26.972137,-24.815823,-24.803177,-24.489697,-26.996813,-25.604885,-27.943214,-31.955513,-27.049557,-28.5056,-26.433958,-26.753124,-25.657215,-23.866465,-24.936544,-26.186382,-26.998451,-28.278524,-26.939316,-26.37474,-25.925514,-29.403116,-26.365814,-27.6782,-27.893208,-26.088348,-27.708195,-24.804047,-25.249104,-21.763996,-22.56998,-28.431198,-27.029982,-26.616867,-25.78677,-24.222878,-21.712618,-21.28445,-24.626457,-28.072926,-26.280956,-24.245962,-25.912506,-24.55237,-25.887394,-26.299065,-27.69407,-31.080097,-28.336386,-26.878544,-26.7756,-26.425747,-28.55377,-30.306084,-26.633047,-25.003609,-27.485672,-28.312592,-25.767963,-27.874792,-30.584547,-28.49924,-30.403929,-26.965885,-26.421133,-26.535393,-27.714773,-25.513153,-24.435179,-25.772373,-25.624884,-25.517323,-31.017431,-28.023905,-27.073051,-28.144089,-30.023693,-33.929466,-29.916122,-27.282177,-24.98096,-25.72015,-24.452217,-22.60766,-25.607586,-29.311493,-26.545124,-28.943365,-27.333458,-26.97444,-30.859005,-27.318668,-26.522823,-27.632236,-25.872387,-25.924461,-27.904432,-25.949295,-26.379559,-27.466906,-25.409943,-25.847544,-27.639832,-27.928936,-27.763363,-28.243298,-26.676165,-24.362991,-23.474829,-28.780157,-31.984402,-31.10115,-29.091095,-29.262157,-29.299646,-29.956705,-28.942379,-30.155342,-27.103016,-28.120308,-25.696522,-24.755947,-28.652155,-33.5039,-32.284138,-29.808155,-28.6007,-27.07157,-24.728788,-24.96886,-24.73845,-25.816036,-24.851254,-23.89852,-25.846249,-28.542068,-29.943192,-26.301619,-24.96074,-25.250786,-28.30795,-24.574627,-23.412586,-23.756104,-21.989046,-26.601673,-26.809729,-28.35741,-30.81424,-25.949532,-23.546003,-26.849277,-30.968248,-29.270638,-29.627962,-27.497406,-28.15171,-28.850151,-28.402996,-25.346321,-25.47046,-26.733004,-29.598043,-25.005466,-23.666801,-24.47727,-27.571667,-29.462646,-26.795984,-27.46281,-26.186947,-25.134617,-26.393032,-27.622723,-29.5019,-29.145452,-27.762535,-26.520788,-26.952177,-26.90459,-30.548752,-31.440393,-28.010511,-27.693913,-27.190437,-30.315191,-27.767328,-25.969767,-24.300505,-26.085209,-26.874922,-30.67649,-28.245344,-28.5054,-28.789356,-26.961096,-25.372368,-26.206646,-30.029665,-28.418043,-23.148417,-23.954372,-25.30491,-26.505657,-29.678843,-29.982605,-28.043837,-28.876234,-30.50335,-33.28629,-31.671618,-29.979748,-25.559708,-24.345673,-26.59086,-29.303347,-30.092817,-29.532661,-23.266903,-23.873251,-29.868336,-29.002354,-23.817137,-26.821331,-27.599201,-24.466059,-23.34315,-25.77743,-26.671637,-26.63373,-25.165237,-24.382122,-24.83791,-27.248093,-28.22412,-24.872036,-24.705173,-27.388393,-25.321648,-24.12431,-27.141003,-27.533611,-25.97221,-24.603977,-24.381134,-24.355692,-31.524054,-24.80629,-24.174133,-27.942966,-27.228367,-27.71176,-27.206749,-29.482483,-29.825153,-26.026257,-25.690578,-30.92806,-27.73404,-28.603642,-28.145573,-27.450296,-26.080439,-28.754501,-24.244175,-22.70195,-26.944977,-25.7928,-26.17441,-28.005867,-27.62843,-28.38647,-29.575455,-28.106808,-26.8877,-27.825096,-28.798178,-27.345829,-24.7612,-26.424368,-26.92961,-25.352865,-24.197475,-25.669798,-23.523811,-24.566484,-22.390486,-22.594881,-23.67197,-23.2401,-25.598583,-25.679472,-25.598557,-25.665833,-25.801868,-30.153618,-29.757751,-31.168398,-28.02867,-27.7524,-25.185623,-26.139229,-30.436716,-32.66059,-29.10905,-26.064209,-25.796951,-27.883097,-28.85172,-26.863914,-23.984255,-25.001804,-24.345264,-25.625385,-26.839859,-27.416002,-25.526627,-27.177048,-26.939762,-27.944984,-26.21642,-25.884754,-27.154528,-27.47591,-30.007385,-30.767445,-27.703436,-28.008568,-25.200666,-25.508734,-25.92633,-25.641111,-25.129696,-25.229141,-24.305008,-26.831383,-28.682314,-27.197752,-26.54541,-29.115068,-27.910446,-28.093466,-28.966265,-29.88297,-29.241198,-27.741549,-24.991283,-29.72799,-27.7021,-23.593304,-25.16946,-27.701502,-26.827124,-25.91912,-23.105276,-23.669067,-26.3722,-25.213802,-24.759418,-22.948761,-25.107613,-25.256859,-27.854939,-29.410694,-27.398842,-29.731255,-30.858017,-25.828297,-25.916843,-29.319954,-27.908678,-28.302204,-27.948112,-25.451797,-27.681347,-28.811234,-27.119133,-27.971945,-24.710922,-24.874403,-29.354488,-31.496935,-28.025227,-27.923042,-28.054964,-27.62981,-30.569183,-33.85336,-27.018913,-23.4902,-26.104687,-28.587246,-31.067295,-29.774456,-28.430079,-28.783762,-27.619255,-27.527906,-25.05278,-22.701849,-24.88784,-27.620522,-27.21603,-27.345093,-25.220318,-24.173748,-22.572346,-23.539288,-26.862713,-27.816639,-28.208786,-24.644917,-21.952904,-24.49944,-26.529306,-25.858803,-29.053795,-25.888193,-22.294584,-25.475746,-27.853127,-29.127655,-29.105991,-35.125385,-48.246563,-53.122643,-52.38087,-52.141296,-52.59024,-52.562027,-52.67459,-52.54506,-50.126236,-51.8419,-64.52399,-80.0,-80.0,-80.0,-80.0,-80.0,-80.0,-80.0,-80.0,-80.0,-80.0,-80.0,-80.0,-80.0,-80.0,-80.0,-80.0,-80.0,-80.0,-80.0,-80.0,-80.0,-80.0,-80.0,-80.0,-80.0,-80.0,-80.0,-80.0,-80.0,-80.0,-80.0,-80.0,-80.0,-80.0,-80.0,-80.0,-80.0,-80.0,-80.0,-80.0,-80.0,-80.0,-80.0,-80.0,-80.0,-80.0,-80.0,-80.0,-80.0,-80.0,-80.0,-80.0,-80.0,-80.0,-80.0,-80.0,-80.0,-80.0,-80.0,-80.0,-80.0,-80.0,-80.0,-80.0,-80.0,-80.0,-80.0,-80.0,-80.0,-80.0,-80.0,-80.0,-80.0,-80.0,-80.0,-80.0,-80.0,-80.0,-80.0,-80.0,-80.0,-80.0,-80.0,-80.0,-80.0,-80.0,-80.0,-80.0,-80.0,-80.0,-80.0,-80.0,-80.0,-80.0
-33.17376,-28.368736,-27.003971,-29.472801,-29.970947,-27.378645,-25.392616,-28.155048,-28.34526,-26.441652,-27.032583,-26.309385,-23.47211,-25.293367,-25.113352,-27.691177,-29.176716,-30.36625,-30.481552,-28.48418,-27.052647,-26.305058,-24.534752,-23.458424,-26.112568,-31.347704,-32.588806,-29.369896,-28.176521,-28.195827,-34.479942,-30.629894,-26.507807,-24.126701,-24.89599,-25.814075,-27.247658,-27.66827,-29.739353,-26.655273,-24.280422,-26.605165,-29.011148,-25.930887,-24.096586,-23.165207,-24.24179,-26.203487,-29.968287,-29.017832,-27.527138,-28.384089,-28.706238,-29.135345,-27.878538,-25.738438,-25.746359,-26.707956,-23.503822,-23.426521,-27.557697,-27.06303,-27.513292,-29.272503,-29.638056,-24.946564,-22.231009,-23.886843,-25.316845,-27.308498,-27.964067,-22.916958,-22.093914,-28.227688,-28.322262,-25.09001,-24.93286,-26.423042,-25.970001,-26.605465,-28.596329,-30.083027,-29.01884,-28.172127,-27.486408,-27.801094,-28.071089,-30.050344,-32.351063,-30.714064,-29.890625,-28.124046,-28.293383,-28.436169,-25.980183,-23.772266,-22.633411,-24.628843,-30.069595,-30.071869,-26.72902,-27.935785,-30.025509,-28.429586,-29.778818,-28.94706,-28.072514,-25.019888,-27.069246,-30.173172,-34.293854,-39.33654,-35.96459,-33.67731,-37.154713,-37.562195,-38.721413,-39.69831,-40.87962,-39.892067,-42.7116,-45.626213,-43.474834,-40.63629,-42.02085,-44.296196,-48.057594,-36.19196,-29.655502,-27.174242,-25.227463,-25.49569,-25.938118,-31.887766,-30.779495,-29.682734,-31.03869,-28.760717,-25.362759,-24.710669,-25.73393,-26.000336,-26.08005,-27.44327,-25.040504,-23.81822,-25.001654,-27.78085,-27.384064,-27.351372,-27.305183,-28.535522,-24.8661,-26.607464,-26.829882,-25.39633,-24.042572,-25.214828,-26.906513,-25.477654,-26.099243,-27.222311,-27.843998,-25.874794,-22.969484,-25.259623,-30.63213,-29.376207,-24.797722,-24.933552,-28.955534,-28.70969,-26.60341,-27.630676,-29.228859,-27.48055,-23.917805,-25.767433,-27.36219,-24.65967,-22.289028,-25.085297,-27.907257,-27.36558,-25.68679,-24.985294,-26.257408,-24.510344,-24.98833,-24.52936,-27.980629,-29.013226,-28.361336,-23.280067,-23.693583,-27.017952,-25.54121,-24.353395,-23.355713,-25.708199,-23.87321,-24.41151,-25.458828,-26.497082,-24.543898,-24.565626,-27.411856,-27.988737,-26.6147,-28.677094,-29.333574,-28.782309,-27.32053,-26.712101,-29.762215,-25.639126,-23.35804,-26.54821,-26.51503,-27.937157,-28.908443,-27.262712,-25.077139,-26.854729,-26.310883,-28.215525,-27.87304,-26.839577,-28.793669,-27.04331,-27.32302,-28.356747,-25.793907,-26.53287,-25.884718,-29.19418,-25.197113,-25.195362,-30.723122,-30.946995,-26.734457,-27.074852,-26.327322,-26.280853,-27.219482,-27.500057,-23.566055,-22.271141,-23.11588,-26.283875,-27.34647,-29.52752,-28.065624,-22.829834,-24.87783,-27.81614,-29.825954,-27.588009,-26.799593,-28.493214,-27.498058,-26.271164,-26.04095,-26.867775,-26.01735,-24.83581,-23.491804,-22.712578,-25.104076,-26.64298,-28.030525,-31.427094,-31.094688,-27.483902,-24.245745,-20.884895,-22.623123,-25.48432,-27.427217,-27.68015,-28.028088,-29.101976,-26.512978,-24.54747,-26.323616,-26.471273,-29.083263,-29.45864,-30.023325,-27.297213,-27.16149,-26.82662,-28.4288,-28.10196,-24.66635,-26.667685,-30.263365,-26.297497,-24.41314,-26.549948,-27.185009,-28.10252,-26.345041,-29.276596,-28.571148,-28.994904,-32.509674,-32.201977,-27.622425,-26.417515,-29.406393,-31.756569,-28.918219,-28.201237,-26.673012,-24.71708,-27.763357,-29.147453,-30.000181,-28.781939,-27.235054,-24.246199,-25.771927,-27.17248,-26.743172,-26.09133,-25.76598,-24.948593,-26.34915,-27.247717,-30.007639,-26.564,-24.812984,-25.794294,-25.014603,-26.682514,-26.246649,-25.002625,-26.913525,-24.970224,-23.291348,-26.218464,-27.494394,-28.842476,-27.733587,-29.419853,-31.08267,-29.27646,-26.091618,-26.97299,-27.216402,-25.81073,-27.159704,-26.567526,-22.923973,-24.09882,-26.805191,-23.914217,-22.749632,-24.06788,-27.067286,-28.067677,-27.59716,-22.35232,-24.957376,-28.698502,-29.972061,-28.697624,-26.353539,-28.500729,-28.097939,-27.029423,-26.426815,-26.619877,-28.985916,-25.233423,-25.1849,-26.689766,-25.62305,-29.870064,-27.659534,-26.816074,-27.44814,-28.00415,-28.14119,-29.892822,-26.656376,-25.819733,-27.495338,-26.825386,-26.205782,-27.138922,-31.138077,-28.76905,-24.818249,-25.783255,-24.099804,-26.195229,-30.020212,-28.70081,-25.501568,-28.64147,-30.791744,-27.140663,-27.847813,-25.929092,-22.56723,-24.110659,-27.21743,-32.051968,-28.140793,-26.817772,-23.530025,-22.945248,-24.800472,-26.806019,-28.740038,-26.353199,-24.41267,-26.734901,-27.366163,-25.823612,-23.63677,-22.886927,-23.767624,-22.851765,-26.281116,-30.80866,-29.538862,-26.728933,-27.87371,-25.237335,-22.594152,-24.377747,-25.954239,-25.864222,-25.141632,-22.898651,-23.84699,-24.584656,-22.439072,-22.687397,-26.428518,-27.095734,-29.711702,-29.1387,-27.87104,-28.755836,-31.043186,-29.13594,-26.562504,-26.414122,-26.994495,-26.532614,-25.037542,-24.074772,-25.240364,-26.199059,-25.638577,-24.264877,-24.442505,-25.70137,-27.39626,-29.771065,-30.12984,-31.238035,-29.436975,-23.50143,-24.483175,-23.726238,-26.903227,-26.34148,-21.800404,-23.66802,-24.654453,-24.256638,-25.140865,-28.241364,-28.964527,-27.300518,-26.135351,-28.57205,-24.276335,-24.386894,-28.191004,-28.499048,-24.66027,-26.042461,-25.216246,-28.940136,-26.519987,-26.367146,-29.42705,-27.485332,-25.955223,-27.29178,-30.335754,-27.998905,-25.576689,-25.14559,-24.222454,-22.890865,-26.521242,-25.427929,-25.133705,-26.273273,-22.234348,-21.580175,-25.253254,-27.146317,-25.79701,-26.67754,-28.705608,-29.62073,-27.295307,-27.874737,-30.14054,-28.788815,-25.048206,-26.587757,-27.202732,-27.33517,-31.881899,-28.567144,-25.896759,-24.375149,-23.993309,-22.639061,-22.350994,-25.434126,-24.53959,-25.505009,-30.453604,-28.769169,-25.112509,-28.315899,-31.458439,-28.362755,-24.08621,-24.856812,-31.232475,-26.926777,-24.485447,-22.966824,-23.970865,-28.849228,-28.671019,-26.638971,-24.483463,-27.241344,-27.656872,-26.968197,-23.27037,-21.7919,-24.47958,-27.926327,-26.30523,-21.858515,-22.06781,-23.951704,-27.631474,-30.406143,-30.812817,-28.46466,-27.155819,-28.289013,-27.586437,-24.74917,-24.3661,-24.506996,-28.446722,-28.09681,-26.994038,-26.872435,-26.62508,-25.712086,-25.346245,-28.246235,-26.797895,-23.751608,-26.031626,-29.483007,-30.190742,-26.042398,-23.781322,-24.786613,-24.804333,-25.644657,-27.146528,-24.74102,-24.697882,-28.601265,-27.658352,-25.099232,-28.603802,-30.787046,-27.23116,-26.849623,-28.137014,-25.159603,-26.307064,-28.186096,-26.544685,-24.196629,-28.79672,-28.705124,-28.018818,-28.171797,-28.303734,-25.989244,-24.761816,-28.235147,-32.735374,-29.57192,-30.30621,-29.787104,-30.262869,-34.64189,-45.069958,-47.48355,-46.80822,-46.466976,-47.112103,-46.85881,-46.98178,-47.049114,-44.933784,-47.15166,-60.484177,-80.0,-80.0,-80.0,-80.0,-80.0,-80.0,-80.0,-80.0,-80.0,-80.0,-80.0,-80.0,-80.0,-80.0,-80.0,-80.0,-80.0,-80.0,-80.0,-80.0,-80.0,-80.0,-80.0,-80.0,-80.0,-80.0,-80.0,-80.0,-80.0,-80.0,-80.0,-80.0,-80.0,-80.0,-80.0,-80.0,-80.0,-80.0,-80.0,-80.0,-80.0,-80.0,-80.0,-80.0,-80.0,-80.0,-80.0,-80.0,-80.0,-80.0,-80.0,-80.0,-80.0,-80.0,-80.0,-80.0,-80.0,-80.0,-80.0,-80.0,-80.0,-80.0,-80.0,-80.0,-80.0,-80.0,-80.0,-80.0,-80.0,-80.0,-80.0,-80.0,-80.0,-80.0,-80.0,-80.0,-80.0,-80.0,-80.0,-80.0,-80.0,-80.0,-80.0,-80.0,-80.0,-80.0,-80.0,-80.0,-80.0,-80.0,-80.0,-80.0,-80.0,-80.0
-28.098934,-21.488285,-23.33097,-32.40991,-33.447636,-33.014713,-35.330284,-30.212994,-28.04615,-25.566467,-23.442415,-26.255287,-27.402863,-23.802937,-25.229206,-27.801369,-25.943943,-26.38032,-27.956509,-27.74908,-27.12146,-24.876116,-25.395077,-27.711786,-29.334301,-31.338829,-32.815384,-33.476257,-28.583155,-25.198456,-27.259434,-27.019623,-25.488857,-24.364672,-26.55516,-27.376394,-26.512682,-25.383308,-24.998758,-26.304806,-28.717503,-26.976576,-27.539322,-29.23228,-26.491695,-25.489788,-27.735947,-27.615473,-26.384989,-25.842554,-28.722103,-28.766968,-25.822868,-27.77052,-27.339378,-24.07481,-25.180374,-24.47411,-24.326809,-24.56327,-23.583305,-20.942291,-22.141014,-27.281853,-26.367756,-25.44071,-28.993162,-25.952526,-25.129066,-26.013329,-27.963722,-26.868568,-28.163412,-29.81115,-27.958572,-24.883213,-22.336287,-25.118118,-28.007872,-27.374254,-28.475626,-27.255745,-25.760569,-27.33553,-27.439426,-24.16167,-26.989792,-32.758907,-29.97799,-28.229088,-31.424261,-31.34687,-32.414192,-28.00188,-26.673447,-24.307486,-21.625406,-24.357035,-27.835705,-29.328732,-31.373053,-28.372377,-26.436497,-27.93433,-28.46487,-25.584644,-26.957878,-28.765612,-25.85574,-26.928509,-30.259083,-37.407043,-35.444077,-36.53557,-38.03865,-40.743,-43.634846,-39.876587,-40.000874,-40.959846,-42.960434,-45.200706,-42.129547,-39.477886,-43.328674,-46.842728,-48.329994,-38.875145,-28.856596,-28.48624,-29.428547,-27.294258,-27.824125,-28.27062,-25.295736,-29.679066,-33.49604,-29.922428,-26.62568,-24.133522,-24.94964,-25.68482,-23.92087,-25.554062,-26.505085,-26.309494,-25.6166,-28.542973,-27.411457,-27.507893,-26.909832,-27.224133,-28.547976,-28.173101,-27.32728,-26.022272,-23.09983,-25.141123,-29.660603,-31.346256,-29.157722,-29.327213,-28.169075,-26.768974,-24.090137,-25.30791,-25.09898,-23.582325,-23.442326,-24.70394,-27.526503,-27.099365,-29.003157,-24.670792,-22.972572,-25.30957,-25.494415,-25.650213,-24.07262,-26.336418,-28.298927,-28.189617,-28.37466,-27.652424,-27.14447,-26.057793,-27.518839,-28.585424,-25.71342,-26.72367,-27.92742,-27.171238,-29.383812,-26.418983,-25.266659,-28.716965,-26.155796,-27.479956,-26.51363,-27.728643,-26.466694,-24.1661,-22.746222,-25.833988,-24.64891,-23.538212,-25.832153,-25.649307,-28.621777,-30.6692,-27.664423,-25.85871,-29.219774,-29.164593,-30.84369,-26.271267,-25.19942,-27.933647,-28.679327,-28.37446,-26.040401,-24.096233,-23.50216,-25.119495,-26.024572,-26.064205,-27.448719,-30.459724,-30.145668,-27.062248,-25.894543,-27.07011,-24.491318,-26.127157,-28.600471,-27.785057,-24.025099,-23.900433,-29.91325,-31.81177,-27.044971,-27.980602,-25.691582,-25.580006,-28.852268,-28.85067,-27.65596,-23.210228,-23.228699,-25.97789,-24.558361,-28.913494,-28.179068,-23.482494,-26.067024,-29.831623,-28.805897,-26.118425,-25.970808,-29.073599,-26.047329,-27.058392,-28.923786,-26.491318,-26.97665,-26.31054,-23.278698,-24.6123,-25.306965,-22.854008,-27.45358,-26.866543,-27.57058,-27.4403,-27.068748,-25.161865,-23.101841,-25.198624,-24.883831,-27.748905,-32.663933,-28.861128,-27.434605,-26.61232,-28.75639,-32.834343,-28.93027,-28.252708,-29.316128,-25.025475,-27.026585,-24.74345,-27.757557,-27.812382,-26.683697,-26.827421,-27.7803,-23.974703,-24.41535,-26.19598,-23.01892,-25.040813,-22.541988,-25.055845,-24.738403,-27.52797,-32.452156,-31.523687,-28.148296,-27.13636,-28.110554,-27.483673,-27.873383,-25.005266,-24.601322,-28.32426,-27.101143,-28.417213,-25.315151,-23.223862,-24.017073,-23.542168,-22.79644,-25.320805,-25.886913,-27.207855,-28.63123,-25.470242,-26.757334,-25.503704,-28.165531,-28.447887,-25.999332,-25.866749,-26.222475,-26.8788,-27.48928,-26.387028,-25.149214,-24.747383,-22.802334,-25.946262,-27.439823,-26.803038,-26.37101,-27.492268,-27.98304,-29.824852,-25.99157,-25.260437,-27.701014,-26.266563,-27.32891,-28.948729,-30.411175,-26.15186,-25.63752,-27.434193,-26.809769,-28.042593,-26.078438,-24.35295,-24.023563,-23.324013,-25.280104,-27.748802,-24.091188,-24.987907,-24.485588,-23.695826,-26.441639,-27.546253,-25.703142,-23.376144,-23.956057,-25.258724,-29.120981,-28.129684,-24.559315,-25.565115,-26.806747,-24.798714,-25.116365,-22.929989,-23.800634,-27.80058,-25.115652,-28.202862,-28.357044,-25.231022,-23.288315,-25.938087,-27.977955,-27.73193,-23.756336,-25.972467,-27.15287,-25.730953,-25.36277,-26.174202,-26.30965,-27.26381,-25.518833,-23.932318,-26.844486,-27.989346,-25.345867,-28.48095,-28.293533,-29.572224,-26.526232,-26.564384,-24.670223,-23.439562,-23.278538,-26.193779,-29.077042,-26.386093,-26.320694,-30.293196,-29.87605,-27.015072,-27.469015,-26.748938,-23.795341,-26.139378,-27.847456,-29.560417,-27.382704,-28.085203,-31.258097,-29.387869,-25.652634,-27.233839,-29.930323,-28.482288,-28.366413,-26.985428,-26.392387,-27.199783,-23.434685,-24.181206,-30.542286,-29.389687,-31.095345,-30.894598,-30.241348,-27.228077,-25.381252,-30.360594,-31.293558,-29.454136,-28.787918,-27.229668,-28.161945,-23.745613,-24.402437,-27.406025,-29.81981,-28.112638,-26.362831,-25.66982,-26.489258,-28.156654,-28.789333,-28.159445,-32.63552,-27.075645,-24.824982,-26.34656,-28.039316,-23.491274,-24.122206,-27.950241,-25.425747,-27.558842,-24.866947,-24.780045,-25.743546,-26.601128,-27.504713,-32.335293,-31.119965,-28.350447,-27.463543,-27.06808,-26.770893,-25.251234,-25.440033,-26.780548,-28.388466,-29.954094,-26.436749,-24.313229,-23.215584,-27.120874,-31.02621,-25.20293,-24.151417,-27.781662,-25.891968,-25.239674,-26.54196,-28.116201,-25.112349,-24.963469,-25.05165,-25.624802,-27.088547,-26.825567,-28.069098,-24.438255,-26.652626,-27.603113,-24.435677,-25.253036,-23.18564,-25.352232,-24.698486,-23.935827,-24.064737,-25.557472,-29.993572,-26.911194,-26.076239,-29.116638,-26.417618,-25.162888,-26.18431,-27.00808,-27.297033,-27.690144,-26.760689,-28.845528,-27.64964,-26.273407,-28.623707,-26.299051,-25.911835,-27.60687,-27.581299,-27.276733,-26.521183,-27.292778,-27.96617,-28.840807,-28.199263,-27.605377,-23.9734,-23.92358,-25.283512,-27.113424,-29.548456,-28.609005,-26.01865,-26.414696,-27.366707,-23.15695,-23.617403,-23.506012,-26.143429,-27.2898,-27.328293,-27.112877,-27.151909,-25.556305,-26.227749,-31.086203,-27.872147,-24.94053,-26.852865,-23.169216,-25.036665,-24.29752,-22.963179,-23.67846,-25.553799,-27.814337,-23.816477,-24.634193,-26.349823,-24.891691,-25.24972,-24.306648,-24.922531,-26.32858,-25.172297,-25.135384,-28.02906,-27.512127,-25.988777,-27.350117,-30.199173,-32.0232,-32.919655,-31.281273,-28.874,-27.154406,-25.089474,-27.003548,-27.578728,-27.801323,-27.90982,-27.795193,-29.433292,-26.350952,-25.87075,-29.743906,-25.572191,-24.036781,-23.58626,-27.796368,-30.397455,-28.26229,-25.51492,-26.579678,-30.56314,-31.424225,-33.76826,-34.24841,-34.42527,-34.511036,-34.35528,-34.39586,-34.36452,-34.36511,-35.361107,-39.969757,-57.497536,-80.0,-80.0,-80.0,-80.0,-80.0,-80.0,-80.0,-80.0,-80.0,-80.0,-80.0,-80.0,-80.0,-80.0,-80.0,-80.0,-80.0,-80.0,-80.0,-80.0,-80.0,-80.0,-80.0,-80.0,-80.0,-80.0,-80.0,-80.0,-80.0,-80.0,-80.0,-80.0,-80.0,-80.0,-80.0,-80.0,-80.0,-80.0,-80.0,-80.0,-80.0,-80.0,-80.0,-80.0,-80.0,-80.0,-80.0,-80.0,-80.0,-80.0,-80.0,-80.0,-80.0,-80.0,-80.0,-80.0,-80.0,-80.0,-80.0,-80.0,-80.0,-80.0,-80.0,-80.0,-80.0,-80.0,-80.0,-80.0,-80.0,-80.0,-80.0,-80.0,-80.0,-80.0,-80.0,-80.0,-80.0,-80.0,-80.0,-80.0,-80.0,-80.0,-80.0,-80.0,-80.0,-80.0,-80.0,-80.0,-80.0,-80.0,-80.0,-80.0,-80.0,-80.0
-27.140547,-24.842459,-26.032131,-25.778458,-28.357616,-30.399483,-30.194988,-28.548847,-25.743496,-27.316162,-22.988974,-23.902592,-25.44739,-25.767536,-25.36462,-29.192986,-24.332422,-22.549492,-24.263731,-30.13992,-25.521564,-23.87542,-28.20147,-27.25586,-28.007902,-29.6247,-29.104273,-25.806845,-25.583246,-27.9864,-27.959179,-27.640364,-27.28957,-27.301916,-30.831018,-30.802925,-25.871792,-25.563477,-28.095228,-28.807327,-29.628117,-28.089474,-27.962284,-27.862679,-25.359314,-29.600286,-31.985868,-29.956697,-27.451307,-26.362236,-25.205732,-24.808514,-26.722982,-29.21874,-24.583729,-22.262829,-28.296616,-28.846024,-29.036356,-26.67135,-25.108345,-25.44434,-25.028675,-24.848288,-24.89669,-26.598558,-26.534492,-24.24717,-24.65092,-25.862593,-28.238415,-25.0471,-26.966143,-31.463337,-28.725275,-26.44355,-29.574408,-27.977228,-28.245548,-26.35154,-26.006954,-28.538418,-31.090647,-29.583538,-28.924316,-26.90709,-26.448004,-29.77519,-26.909075,-25.738424,-30.51985,-29.632526,-28.890339,-29.337807,-26.804356,-23.145906,-24.11675,-26.445875,-26.973211,-29.128876,-31.693584,-29.08607,-27.282455,-29.694696,-29.988426,-27.364086,-30.218258,-26.373205,-23.509792,-22.701487,-28.779327,-36.833584,-37.486324,-38.107452,-38.48752,-37.882935,-37.724197,-36.068485,-37.66171,-38.206753,-39.43894,-44.01615,-41.93984,-38.287937,-41.488255,-42.65408,-43.262226,-39.66194,-30.31623,-28.726202,-28.768032,-27.548819,-28.792072,-30.00497,-24.292547,-27.058662,-31.962738,-30.460342,-27.806614,-24.511574,-23.741371,-25.320824,-26.270632,-28.66587,-27.627504,-27.505125,-30.747118,-29.0981,-24.478996,-25.224064,-29.368677,-28.6588,-25.88546,-27.25927,-30.135616,-26.15734,-21.715672,-23.92395,-27.100435,-27.295246,-32.337097,-33.58744,-29.908321,-24.730312,-22.165705,-22.92735,-25.9074,-28.584185,-27.402222,-28.409973,-29.180902,-29.692673,-29.947445,-27.013783,-25.36544,-24.419384,-24.885813,-25.259459,-22.900515,-25.651428,-28.93184,-28.8722,-28.327646,-28.862684,-30.436853,-29.373764,-30.03535,-28.210548,-25.119062,-25.161068,-26.214539,-28.404577,-28.476656,-26.07855,-26.128248,-26.57063,-26.372099,-25.233252,-25.798855,-25.637527,-28.131456,-34.492065,-30.94576,-29.631636,-33.510773,-29.235264,-28.080362,-28.308174,-30.923357,-26.547806,-26.050858,-26.50484,-27.396702,-28.048374,-26.3689,-24.77668,-22.399982,-21.509323,-25.62569,-26.29371,-26.176098,-23.976667,-23.70418,-25.931223,-24.80167,-25.401417,-25.6549,-28.230343,-28.887514,-24.837112,-24.288467,-24.369629,-23.783134,-23.12789,-27.647114,-26.408424,-25.089115,-24.82242,-27.45467,-28.625471,-27.131489,-28.868277,-26.853996,-28.12237,-26.264683,-26.130407,-23.528938,-24.224121,-23.841389,-24.164791,-22.744352,-25.953833,-25.488422,-30.09563,-28.90393,-28.507833,-31.32368,-26.437248,-22.487183,-22.643415,-29.10875,-28.7846,-27.406696,-27.477718,-25.482265,-25.601837,-23.533882,-26.950365,-25.308594,-20.919676,-23.917988,-26.37091,-26.783358,-26.072273,-23.631596,-26.173256,-26.822649,-24.800476,-23.210697,-25.642784,-28.994644,-27.943043,-32.832867,-28.975645,-28.497849,-30.784065,-30.17899,-27.43298,-28.450388,-23.476519,-22.473326,-26.92235,-31.869106,-29.321663,-28.440672,-29.039022,-27.821812,-28.41138,-25.364384,-26.476011,-24.741238,-25.466175,-25.442406,-26.687098,-28.528967,-28.428358,-26.980959,-26.21238,-26.582846,-28.983418,-26.539335,-27.464243,-28.50974,-27.351604,-25.195286,-26.897495,-24.71154,-25.242004,-24.812527,-25.35223,-24.620556,-24.825043,-25.132565,-27.805826,-31.019604,-30.741686,-27.942665,-25.401287,-24.31763,-25.658493,-28.718023,-28.805351,-26.855225,-26.242233,-26.086227,-24.191158,-24.773336,-25.80167,-26.141083,-26.181702,-23.215828,-22.8951,-24.329855,-26.06201,-28.807737,-25.310543,-24.538954,-24.93086,-26.863972,-25.252285,-29.357416,-29.838022,-29.903843,-30.89437,-29.142618,-24.989357,-24.813366,-29.766172,-27.913548,-27.193283,-26.623898,-25.468193,-26.48134,-28.379137,-25.596748,-25.488018,-24.6062,-26.195648,-25.021074,-23.876333,-26.329414,-27.600536,-26.29235,-24.7608,-25.988644,-26.375572,-27.758875,-25.349113,-27.064434,-26.247475,-25.118067,-27.961573,-28.987709,-27.582088,-27.002405,-31.596973,-29.014732,-24.184456,-25.899483,-27.41425,-26.35148,-26.574621,-30.37542,-28.587967,-26.382715,-27.034111,-26.346382,-28.093987,-27.786137,-29.337576,-28.681137,-25.418999,-22.503733,-26.43739,-24.08978,-24.053318,-27.167051,-26.664524,-26.443253,-25.267094,-27.383205,-29.34224,-26.355822,-22.957123,-24.960876,-25.876005,-27.868025,-30.873055,-27.580444,-28.743294,-29.787762,-27.966604,-26.404783,-25.281776,-25.035345,-22.893555,-23.82999,-24.807957,-25.18663,-26.260933,-29.22419,-29.543285,-26.231747,-27.558622,-27.062252,-28.644258,-26.361334,-27.712465,-28.75912,-26.807873,-24.752401,-26.943403,-28.13321,-29.855003,-27.35514,-24.891956,-25.045246,-25.75869,-26.516478,-28.095398,-32.446133,-29.644268,-27.075108,-25.85297,-26.160477,-26.786419,-25.873497,-25.489868,-28.53383,-28.066437,-32.506138,-31.884926,-30.17519,-27.505135,-29.36765,-27.325436,-25.39643,-24.70097,-24.463566,-26.959646,-28.501844,-27.35099,-27.7169,-24.850117,-26.234692,-26.057743,-26.965982,-28.115717,-25.212269,-23.915508,-27.443573,-29.826477,-27.739355,-28.210724,-30.005613,-28.588074,-26.94287,-25.289186,-25.03524,-29.126713,-26.819172,-26.342579,-26.119473,-25.608307,-25.608715,-25.41883,-30.666035,-31.433676,-28.996878,-26.857506,-25.348953,-24.060242,-21.770554,-25.772003,-27.466063,-24.193691,-23.79228,-22.071115,-21.766281,-27.053661,-30.270554,-28.704674,-27.44453,-25.526337,-24.260483,-25.384365,-26.452072,-29.918917,-29.490713,-28.57267,-28.232468,-27.924646,-24.222923,-22.147188,-24.149368,-28.35511,-27.470459,-26.582664,-27.215502,-29.392273,-29.01852,-27.969444,-26.904877,-28.778286,-26.33416,-26.597944,-29.5064,-30.192986,-31.46825,-25.968521,-24.691135,-25.586414,-26.764938,-25.729057,-24.172562,-23.660652,-26.13329,-27.858482,-26.979282,-29.219393,-31.453455,-26.644714,-26.657753,-27.585838,-27.220407,-23.55567,-25.93972,-26.872776,-27.155148,-28.719122,-27.94204,-27.193356,-27.302237,-23.989601,-24.809757,-26.997612,-28.313988,-29.428122,-27.513788,-28.564661,-28.855387,-25.278236,-24.53614,-24.531706,-24.762701,-25.24274,-26.995926,-27.80173,-27.93785,-28.047987,-27.216614,-26.313362,-23.799545,-23.72305,-24.530548,-26.62076,-31.56166,-30.553787,-24.947395,-23.855038,-26.41884,-26.823975,-26.767673,-31.356298,-29.670052,-24.331848,-26.55772,-27.012339,-26.49052,-27.771034,-28.453995,-29.807013,-29.379168,-27.596672,-25.039452,-24.981573,-24.630695,-24.299667,-23.427153,-23.483704,-27.20029,-27.269352,-28.776978,-25.407536,-24.551506,-23.020794,-23.910944,-29.032257,-35.110794,-36.499943,-36.333176,-36.26032,-36.394077,-36.36273,-36.391273,-36.388123,-36.72268,-42.11359,-59.728916,-80.0,-80.0,-80.0,-80.0,-80.0,-80.0,-80.0,-80.0,-80.0,-80.0,-80.0,-80.0,-80.0,-80.0,-80.0,-80.0,-80.0,-80.0,-80.0,-80.0,-80.0,-80.0,-80.0,-80.0,-80.0,-80.0,-80.0,-80.0,-80.0,-80.0,-80.0,-80.0,-80.0,-80.0,-80.0,-80.0,-80.0,-80.0,-80.0,-80.0,-80.0,-80.0,-80.0,-80.0,-80.0,-80.0,-80.0,-80.0,-80.0,-80.0,-80.0,-80.0,-80.0,-80.0,-80.0,-80.0,-80.0,-80.0,-80.0,-80.0,-80.0,-80.0,-80.0,-80.0,-80.0,-80.0,-80.0,-80.0,-80.0,-80.0,-80.0,-80.0,-80.0,-80.0,-80.0,-80.0,-80.0,-80.0,-80.0,-80.0,-80.0,-80.0,-80.0,-80.0,-80.0,-80.0,-80.0,-80.0,-80.0,-80.0,-80.0,-80.0,-80.0,-80.0
-32.66182,-28.019627,-26.806824,-26.747368,-26.62583,-28.433765,-31.414883,-34.48817,-29.056932,-28.28328,-26.43182,-26.000854,-27.279526,-33.36586,-30.836882,-24.453674,-23.575932,-25.371302,-24.913155,-26.424088,-26.270988,-25.758904,-29.242271,-26.994022,-28.99025,-30.936785,-28.450985,-26.623068,-27.778439,-27.013493,-27.806046,-27.406689,-24.750582,-26.237915,-30.416779,-28.258951,-24.489086,-27.150925,-29.560177,-27.554783,-26.128119,-24.897747,-27.24737,-27.48008,-25.442814,-26.4978,-26.590843,-28.523827,-27.616829,-27.422543,-27.965805,-25.334255,-28.094547,-24.80631,-22.190403,-23.977507,-25.123426,-25.791567,-31.007153,-28.062677,-27.804705,-27.567053,-25.534828,-24.169567,-25.389383,-26.252512,-27.329657,-27.724222,-27.825119,-32.047127,-27.326021,-24.945595,-25.581024,-24.34959,-25.902035,-29.732372,-32.565964,-28.866943,-28.889885,-28.96266,-28.956997,-29.985306,-31.99004,-26.509472,-24.232769,-26.923454,-30.433533,-32.705444,-27.610426,-25.889328,-26.184326,-26.20129,-30.655533,-26.515507,-25.595428,-25.0737,-26.779936,-28.173704,-27.855797,-29.623604,-31.400742,-29.995274,-25.533756,-26.039862,-26.172249,-27.274055,-30.21505,-30.301432,-25.745209,-23.920546,-30.120596,-36.55497,-33.478394,-35.75542,-37.965405,-35.767128,-36.951294,-36.74382,-40.80332,-38.69595,-38.817657,-43.987778,-37.914146,-35.478107,-38.470467,-45.055496,-42.790054,-34.823822,-27.79715,-25.592493,-24.2672,-24.405933,-28.318346,-33.142994,-25.694431,-24.656158,-29.515093,-30.132147,-29.786411,-26.064213,-29.600887,-29.503832,-23.91623,-25.698193,-27.636347,-29.180012,-30.673195,-27.8006,-25.508734,-25.812107,-26.655602,-28.499496,-25.391138,-24.85197,-27.112349,-27.880548,-28.351809,-30.886484,-27.71597,-25.427158,-27.929329,-24.609898,-25.17585,-23.626572,-23.512733,-25.730844,-25.407822,-25.048885,-26.643353,-26.390133,-26.72337,-30.449003,-27.656277,-24.665825,-25.055782,-24.045454,-26.314331,-28.709915,-29.70131,-30.687105,-29.464712,-25.457605,-25.87467,-28.622103,-31.2425,-28.120466,-28.116695,-29.693584,-24.929611,-24.970146,-27.848568,-27.285795,-27.891653,-27.231873,-25.394724,-27.095419,-24.831985,-22.824295,-26.187553,-23.894007,-24.233395,-29.955305,-26.86233,-26.421185,-30.933138,-26.964767,-27.030052,-31.567791,-24.561764,-23.677925,-27.690027,-28.612053,-28.806648,-26.414337,-28.426388,-25.956318,-26.791828,-25.695482,-26.627007,-25.64428,-25.305984,-25.342224,-25.92606,-27.93848,-28.352718,-27.53661,-25.073296,-28.558405,-28.89529,-24.30465,-24.60682,-26.18748,-26.5817,-24.344887,-24.869375,-25.59013,-27.819828,-28.037384,-27.106258,-24.686811,-25.42553,-24.072437,-26.403227,-27.678757,-26.811794,-29.84958,-28.80534,-28.218578,-25.43123,-21.828367,-20.612438,-22.306168,-25.962742,-25.961544,-26.220293,-27.095964,-29.226746,-27.600471,-25.703789,-23.651028,-24.747765,-28.085938,-27.890663,-27.904331,-26.234812,-24.071445,-24.161148,-27.698326,-27.0831,-25.175694,-29.503094,-27.961845,-26.00861,-26.066704,-22.10638,-23.579578,-25.414963,-26.587149,-23.37078,-24.317629,-21.861782,-23.467846,-28.37996,-27.434742,-25.727108,-26.952545,-26.545172,-24.511307,-26.501839,-25.906185,-24.372513,-25.993864,-28.723465,-27.987762,-27.69268,-27.539738,-30.677017,-30.551636,-28.790787,-26.861376,-27.04132,-27.516644,-25.105062,-23.142487,-23.093704,-27.083124,-26.806458,-27.188164,-28.90503,-24.576504,-24.328918,-28.37785,-30.38605,-28.358397,-25.46394,-26.880796,-28.143253,-27.525173,-24.987362,-24.99393,-25.672445,-27.43959,-26.804216,-26.506557,-29.97976,-29.285408,-27.409233,-27.833828,-27.190504,-27.264622,-29.12016,-27.54504,-27.723345,-27.405016,-27.54108,-27.219128,-26.593225,-27.609768,-28.79382,-28.097866,-27.05082,-27.427315,-25.019634,-24.43311,-26.710054,-26.391773,-27.552475,-27.782295,-27.039135,-26.5,-26.380516,-25.926918,-29.313612,-30.466759,-26.921133,-26.442884,-27.716625,-29.645584,-27.622383,-30.085432,-27.718452,-25.925713,-27.736158,-26.52246,-25.253475,-27.122894,-26.840271,-27.878235,-29.564335,-26.401106,-26.554462,-28.408417,-24.98167,-25.764381,-28.1035,-27.077175,-24.530478,-25.462894,-27.549067,-28.423294,-31.318676,-30.958025,-27.886179,-26.441446,-27.87714,-25.610462,-26.568726,-27.064388,-27.505968,-27.611065,-25.603695,-26.554485,-27.351892,-25.762665,-26.452312,-27.925726,-29.388409,-31.579865,-28.99813,-23.766747,-23.644138,-24.681538,-22.925491,-24.582756,-26.848343,-24.106087,-22.993069,-23.728207,-24.953657,-26.230625,-28.104578,-26.84182,-21.91296,-20.39095,-25.478802,-27.448242,-27.56903,-29.836407,-31.214792,-30.084908,-27.195019,-27.823292,-25.731415,-22.12835,-24.384457,-26.470295,-27.814379,-31.761679,-29.346294,-26.030344,-26.556461,-28.83758,-29.594604,-26.955948,-26.299194,-27.862295,-25.883074,-26.135551,-26.500656,-27.932182,-27.75652,-30.599493,-29.524094,-29.222353,-25.897606,-26.503082,-26.644236,-24.478886,-25.136644,-26.779976,-22.939184,-22.683512,-23.131344,-23.926075,-29.62172,-28.84736,-23.867565,-22.752716,-28.000916,-28.010992,-30.384895,-30.728003,-31.235395,-25.724596,-26.138157,-28.090656,-26.872204,-26.247833,-26.24579,-27.196014,-26.891075,-23.801596,-25.272287,-24.760582,-24.996014,-24.457172,-23.80317,-30.020906,-27.380722,-27.641392,-29.23617,-21.207237,-21.607416,-25.144632,-22.90104,-22.844349,-22.7328,-27.177662,-28.507706,-25.94162,-24.773312,-21.898666,-24.853968,-28.144587,-27.974583,-28.409393,-28.269289,-22.889374,-23.283611,-24.52969,-21.993204,-22.63345,-27.113552,-27.434504,-27.963797,-28.820986,-25.852007,-23.072117,-22.805588,-24.94991,-24.947456,-28.218601,-25.87817,-22.890833,-26.178223,-26.565453,-27.82084,-28.993586,-26.277893,-23.906294,-23.863298,-26.142618,-24.789448,-23.993454,-23.134827,-26.55326,-30.405628,-26.052023,-22.526741,-24.51826,-28.539322,-30.042091,-21.881706,-22.559101,-28.327318,-25.187145,-24.087557,-25.88773,-30.299044,-27.755745,-27.9063,-27.43151,-25.95342,-26.587717,-28.043018,-23.928707,-25.383827,-26.264091,-27.385513,-33.015034,-30.306885,-26.021534,-26.643433,-25.879635,-27.624958,-24.820105,-25.666672,-26.527939,-25.67527,-26.60147,-30.903055,-28.976631,-26.969248,-26.830944,-22.888403,-25.586731,-27.947336,-26.598312,-27.831562,-28.56012,-33.69504,-28.98646,-26.08857,-26.447441,-25.241951,-26.133385,-25.85933,-22.8802,-25.17124,-26.024515,-24.162487,-26.490831,-27.762796,-28.305252,-27.314869,-28.98531,-27.608643,-26.536564,-26.075127,-23.589008,-26.196415,-29.520746,-28.158169,-26.566956,-25.646357,-24.359207,-25.451468,-26.85469,-25.278042,-27.339108,-26.887884,-25.926617,-27.248026,-27.033775,-26.934147,-24.257483,-26.256964,-25.761772,-25.486412,-25.189102,-25.10364,-26.347507,-28.304174,-26.479156,-28.217587,-24.356485,-21.89182,-23.746412,-37.051903,-51.321377,-50.613556,-50.30787,-50.904312,-50.719692,-50.837326,-50.867626,-50.03333,-54.089954,-66.10972,-80.0,-80.0,-80.0,-80.0,-80.0,-80.0,-80.0,-80.0,-80.0,-80.0,-80.0,-80.0,-80.0,-80.0,-80.0,-80.0,-80.0,-80.0,-80.0,-80.0,-80.0,-80.0,-80.0,-80.0,-80.0,-80.0,-80.0,-80.0,-80.0,-80.0,-80.0,-80.0,-80.0,-80.0,-80.0,-80.0,-80.0,-80.0,-80.0,-80.0,-80.0,-80.0,-80.0,-80.0,-80.0,-80.0,-80.0,-80.0,-80.0,-80.0,-80.0,-80.0,-80.0,-80.0,-80.0,-80.0,-80.0,-80.0,-80.0,-80.0,-80.0,-80.0,-80.0,-80.0,-80.0,-80.0,-80.0,-80.0,-80.0,-80.0,-80.0,-80.0,-80.0,-80.0,-80.0,-80.0,-80.0,-80.0,-80.0,-80.0,-80.0,-80.0,-80.0,-80.0,-80.0,-80.0,-80.0,-80.0,-80.0,-80.0,-80.0,-80.0,-80.0,-80.0
-32.70445,-29.235144,-32.195408,-30.444143,-24.730415,-24.912842,-26.86219,-27.638947,-25.608284,-28.953842,-30.402552,-28.881678,-32.93131,-30.432997,-28.533775,-24.65018,-26.869127,-32.13077,-28.33134,-27.662214,-25.023352,-24.761951,-27.010656,-27.113707,-25.985315,-25.255764,-26.029423,-27.83413,-27.905798,-24.888233,-26.800251,-26.184113,-23.30563,-23.224384,-23.72758,-28.366795,-27.096107,-29.319546,-28.966393,-26.112022,-29.32042,-28.731592,-27.645983,-28.201303,-28.243362,-25.48634,-24.141895,-27.809309,-24.108387,-24.759827,-30.87171,-28.23468,-28.705082,-28.348112,-25.920025,-28.027733,-29.211205,-31.395712,-30.905859,-27.748589,-27.669937,-28.861479,-24.920261,-23.781303,-23.704784,-23.295288,-27.69321,-28.31728,-27.107248,-25.6652,-29.001389,-28.265047,-27.40702,-25.653698,-27.895672,-26.194643,-29.030762,-29.517582,-30.265663,-30.270489,-28.600042,-27.187164,-28.976942,-26.251225,-23.454391,-23.127995,-23.682846,-22.157104,-24.562393,-27.045162,-27.528334,-27.27182,-29.9108,-28.14183,-24.556105,-22.661575,-23.16953,-22.44545,-24.255642,-24.374186,-25.963615,-30.133099,-31.672583,-26.394558,-24.869328,-25.718893,-26.47405,-25.727623,-25.960255,-26.037827,-30.465359,-39.467678,-36.964195,-36.86761,-42.014786,-38.160942,-36.880814,-38.172596,-42.242073,-39.94089,-37.41182,-44.28099,-39.641796,-36.806614,-39.2822,-46.148026,-44.51609,-35.514584,-27.33619,-26.10778,-31.400774,-30.808949,-27.771482,-26.75326,-28.446589,-28.364426,-27.575798,-25.957619,-26.978329,-29.55003,-28.144537,-26.365643,-26.884527,-27.259384,-25.841425,-25.089968,-28.329613,-27.64866,-27.884182,-28.204134,-25.796606,-29.924896,-31.227388,-29.761902,-29.252659,-26.13707,-26.770926,-26.19252,-24.12347,-26.724987,-28.908216,-28.875864,-26.239143,-25.767487,-28.231287,-29.166403,-25.932373,-26.942287,-27.660563,-27.656979,-28.87356,-25.815632,-25.566227,-27.514338,-29.870123,-31.19518,-30.105999,-24.569529,-24.71996,-26.95624,-25.74842,-24.258028,-23.98746,-26.464529,-27.302877,-24.447855,-25.001055,-25.831873,-24.10018,-27.617975,-26.160583,-25.896969,-28.803402,-28.997564,-27.538261,-28.492327,-27.732311,-27.73172,-30.84627,-33.29101,-32.14916,-29.514977,-27.015562,-25.649757,-24.177189,-28.439606,-28.738726,-28.905191,-26.34608,-26.397352,-25.907948,-23.555128,-22.785301,-25.855997,-27.004183,-25.722343,-27.18854,-27.928665,-25.13007,-24.734962,-26.097725,-27.521898,-24.158775,-24.044724,-25.41555,-26.661942,-25.310194,-26.649452,-26.20252,-25.552378,-24.995296,-27.592846,-32.026283,-31.811897,-29.928707,-27.059431,-27.73557,-30.543571,-26.500134,-26.38501,-27.594646,-29.545979,-31.485937,-31.114122,-29.469797,-30.329636,-26.731668,-26.584448,-26.328203,-24.409195,-24.97447,-27.67876,-23.73219,-21.163586,-24.585434,-28.898445,-29.10696,-28.289852,-26.695255,-25.18256,-22.909836,-23.019371,-24.39401,-27.874146,-25.237402,-24.69059,-23.529335,-23.564882,-28.645397,-26.203362,-26.245811,-27.612232,-26.03027,-24.938448,-27.68179,-28.228964,-27.8996,-29.855421,-26.48396,-26.015816,-23.183346,-23.712215,-25.925312,-30.819473,-28.378927,-25.559185,-25.582205,-25.069939,-26.021358,-29.860878,-28.532036,-28.7636,-27.36945,-26.16572,-25.792759,-24.693901,-26.733772,-31.545063,-28.978313,-25.506748,-29.257624,-27.881723,-24.78577,-25.856533,-24.09945,-24.875763,-27.080097,-30.369589,-31.08971,-29.587523,-28.958633,-26.179432,-24.440983,-26.73163,-25.2499,-25.642326,-28.633131,-28.119461,-30.680672,-30.032063,-28.730803,-27.039433,-25.12975,-26.216816,-28.510994,-29.000858,-28.600876,-26.047636,-26.241268,-25.405527,-25.916603,-24.350008,-24.522614,-24.82626,-22.83839,-24.52679,-25.966148,-24.032082,-27.547483,-27.56715,-24.830986,-22.881742,-23.662413,-25.80719,-27.77381,-27.226757,-25.892517,-23.849277,-25.887552,-27.525587,-27.533417,-30.781322,-32.01596,-28.2989,-27.682898,-28.10162,-26.895607,-27.259407,-27.284687,-24.60281,-22.0922,-24.350325,-29.490967,-26.971249,-24.118128,-25.00925,-27.571419,-28.827583,-26.108118,-26.325245,-27.479828,-25.775135,-23.656296,-23.93304,-24.094501,-26.623226,-24.969915,-25.796192,-24.758123,-24.893517,-29.778759,-30.414246,-27.104324,-24.28694,-27.501179,-27.558622,-25.13472,-27.163311,-25.99643,-25.086452,-25.152245,-25.562628,-23.157024,-26.922413,-24.195045,-22.081038,-24.164505,-26.28182,-26.62483,-28.52528,-25.275932,-24.566242,-27.909977,-26.779675,-29.079594,-27.201857,-27.607431,-28.033472,-25.398415,-27.769583,-29.30463,-29.765942,-25.39153,-24.849722,-28.725744,-32.06866,-27.483377,-26.489653,-32.626972,-27.666714,-26.652615,-30.7304,-28.671537,-27.929419,-28.213614,-30.416616,-34.440704,-33.04711,-26.30634,-26.001469,-28.374546,-30.478556,-28.666548,-25.974623,-26.414644,-29.642687,-28.76928,-27.747894,-25.253326,-27.640404,-31.191101,-32.07946,-28.96184,-27.30589,-29.729588,-28.010855,-27.39025,-25.685411,-26.02103,-29.037006,-28.133354,-26.380095,-27.590857,-26.33532,-26.193394,-26.523178,-26.917828,-26.287548,-27.714949,-29.892822,-28.461487,-22.913345,-24.176031,-28.872633,-28.460249,-25.58464,-25.374535,-27.275497,-27.05634,-24.578146,-21.855978,-22.597733,-22.446205,-24.001612,-26.714905,-27.22713,-26.187225,-26.602934,-25.645393,-26.268492,-25.760899,-23.37525,-23.614738,-26.913033,-27.200563,-26.635723,-26.088688,-28.058191,-25.962122,-23.941963,-24.319452,-26.656227,-27.06485,-25.052818,-24.032717,-27.630032,-26.826744,-25.705002,-26.71898,-26.935312,-21.86354,-23.734024,-25.47603,-24.789963,-28.963736,-28.554296,-26.58207,-26.745203,-22.758923,-23.467697,-22.584293,-27.097988,-25.68917,-22.644226,-22.238285,-24.73716,-26.668224,-29.45552,-27.212202,-25.892475,-29.623764,-25.76757,-22.112154,-24.319908,-23.861866,-26.26258,-25.409405,-25.01548,-24.629076,-24.640587,-31.204617,-31.359957,-23.592371,-23.543072,-25.342611,-26.005644,-24.916283,-26.998264,-30.815823,-27.00625,-25.023535,-25.579731,-27.849117,-27.13426,-26.133228,-27.009499,-26.386179,-25.868135,-27.852676,-28.904766,-25.840683,-26.043995,-24.260578,-26.853897,-26.363165,-24.733686,-24.620495,-24.060434,-25.78241,-25.76691,-25.361492,-26.75827,-27.55915,-27.362583,-25.280466,-24.269789,-23.749935,-23.469654,-26.49673,-26.428673,-26.734152,-27.215946,-23.78875,-22.259584,-23.180447,-24.4832,-26.777666,-24.850128,-27.281216,-27.939474,-28.888252,-24.789156,-25.312664,-30.323887,-29.691936,-29.386147,-29.53156,-25.71026,-25.034744,-27.130919,-31.860863,-32.94188,-28.584969,-27.178398,-26.33348,-24.856552,-23.646507,-25.453075,-25.098299,-23.567822,-23.927258,-25.998718,-29.878553,-26.994398,-28.010187,-28.644646,-29.239086,-27.33606,-24.794378,-24.82164,-29.65934,-27.182058,-25.652184,-27.31512,-25.86089,-25.579311,-27.825464,-29.605413,-42.671112,-54.107933,-53.420464,-53.142273,-53.666103,-53.53618,-53.649376,-53.63407,-52.18048,-54.933235,-67.07341,-80.0,-80.0,-80.0,-80.0,-80.0,-80.0,-80.0,-80.0,-80.0,-80.0,-80.0,-80.0,-80.0,-80.0,-80.0,-80.0,-80.0,-80.0,-80.0,-80.0,-80.0,-80.0,-80.0,-80.0,-80.0,-80.0,-80.0,-80.0,-80.0,-80.0,-80.0,-80.0,-80.0,-80.0,-80.0,-80.0,-80.0,-80.0,-80.0,-80.0,-80.0,-80.0,-80.0,-80.0,-80.0,-80.0,-80.0,-80.0,-80.0,-80.0,-80.0,-80.0,-80.0,-80.0,-80.0,-80.0,-80.0,-80.0,-80.0,-80.0,-80.0,-80.0,-80.0,-80.0,-80.0,-80.0,-80.0,-80.0,-80.0,-80.0,-80.0,-80.0,-80.0,-80.0,-80.0,-80.0,-80.0,-80.0,-80.0,-80.0,-80.0,-80.0,-80.0,-80.0,-80.0,-80.0,-80.0,-80.0,-80.0,-80.0,-80.0,-80.0,-80.0,-80.0
-31.550467,-28.41546,-31.426052,-29.03777,-27.115147,-27.323538,-27.429245,-25.488565,-25.856937,-27.221119,-25.016834,-28.845232,-31.556984,-29.30938,-28.651646,-24.903496,-24.977442,-25.9128,-23.05727,-21.982101,-24.335598,-27.147078,-27.102657,-26.942642,-26.085617,-25.720493,-27.66898,-27.418259,-24.347347,-26.615026,-28.05219,-24.719936,-22.49542,-25.5737,-26.7035,-27.293684,-27.203276,-24.37539,-24.23051,-25.95373,-30.74681,-28.086565,-27.798706,-30.00951,-30.570557,-26.076038,-27.171432,-30.611004,-25.865738,-23.824299,-24.18607,-23.657963,-24.530354,-24.57043,-24.169601,-26.432007,-30.1943,-26.42255,-23.33665,-22.976685,-26.27338,-28.258833,-26.991968,-28.447304,-28.312168,-27.316132,-26.814564,-28.284348,-29.4135,-27.008272,-25.07486,-26.34143,-26.697195,-26.196537,-25.856766,-25.181553,-26.95285,-26.79728,-28.622356,-28.137846,-26.173187,-24.272411,-25.926308,-26.401222,-27.400188,-24.984028,-26.152973,-25.335773,-24.036428,-24.056856,-25.367716,-28.42021,-29.375751,-25.988781,-25.893509,-24.462017,-24.944542,-26.372604,-29.306555,-26.40044,-23.591848,-25.489594,-27.861858,-25.170141,-23.80981,-24.646942,-24.268166,-24.509739,-25.350779,-27.737915,-28.045979,-36.177547,-39.10017,-40.871277,-39.898666,-37.162815,-37.725285,-39.91957,-40.663055,-40.23519,-40.021267,-45.64253,-38.144688,-36.434376,-42.67172,-42.88113,-44.40314,-36.58131,-31.412752,-33.47128,-34.005867,-32.702847,-25.569813,-23.860157,-31.63258,-28.153597,-25.118938,-25.412117,-24.127928,-28.721981,-29.300396,-28.065392,-26.342999,-27.385988,-24.725315,-23.666683,-24.19342,-28.140759,-28.541742,-25.536919,-23.845757,-25.699442,-27.800198,-29.111713,-30.391726,-29.65038,-31.215809,-28.507326,-26.264416,-28.927746,-30.50765,-28.727247,-27.30058,-27.179607,-28.267109,-27.278477,-25.213804,-25.16383,-25.377525,-27.542257,-27.26819,-26.299854,-25.355644,-26.85495,-26.959711,-27.67675,-30.81942,-26.94745,-23.01466,-23.849554,-23.623337,-24.35738,-25.332478,-27.529697,-28.63855,-27.097267,-29.004179,-26.882849,-26.151623,-27.174183,-26.77089,-25.912432,-28.24451,-29.369766,-25.762901,-25.462955,-29.786514,-25.875805,-28.285294,-32.96255,-30.817411,-29.096737,-25.660557,-25.462477,-26.667227,-26.988184,-26.181356,-28.283516,-27.755388,-24.158295,-22.738358,-21.95652,-22.157906,-23.281399,-25.197697,-22.862026,-23.537485,-26.976496,-26.385607,-26.983566,-26.225496,-24.520147,-23.436775,-24.088245,-26.468258,-28.115528,-26.66536,-27.60992,-28.209492,-25.751421,-27.011515,-27.624718,-28.331959,-25.666145,-26.058811,-26.715307,-22.86469,-24.338282,-26.063805,-29.096672,-28.432732,-27.060795,-27.232527,-26.780724,-25.90458,-27.547802,-27.510414,-27.582066,-26.016605,-23.859812,-25.171019,-25.220814,-24.086594,-25.127157,-27.718788,-28.263119,-27.205944,-24.886143,-25.568174,-26.340134,-24.140022,-22.064821,-23.533134,-26.892082,-24.803263,-26.488943,-23.59711,-24.029154,-27.015888,-28.440857,-24.197931,-23.705114,-24.298899,-26.492884,-29.291847,-28.439545,-26.517185,-26.31557,-24.07582,-28.32579,-28.29086,-28.480219,-27.328424,-27.560886,-25.436571,-24.440907,-25.980679,-26.62141,-24.886738,-27.519741,-29.111,-27.045124,-28.464901,-24.155945,-26.497087,-24.39629,-23.734394,-28.237991,-30.170685,-29.18235,-29.63382,-27.059574,-23.46091,-26.118807,-29.629993,-26.531937,-24.928238,-25.705124,-27.763119,-25.231274,-26.793488,-28.243301,-24.753666,-24.94545,-23.495798,-25.404198,-25.974957,-27.930405,-27.147875,-29.806976,-30.698624,-30.939705,-29.166718,-26.134174,-25.11754,-27.755505,-29.665213,-25.77488,-21.30246,-22.981148,-27.020584,-24.875542,-21.355724,-22.185349,-23.034136,-25.60189,-27.098,-26.44367,-25.28556,-24.493286,-25.574484,-25.869246,-27.3881,-28.754288,-26.321026,-24.622808,-25.756845,-24.840149,-25.148056,-30.232405,-31.768147,-28.609531,-24.525589,-23.51001,-24.136103,-28.5157,-27.649208,-24.545694,-27.141468,-27.80974,-24.442368,-28.379827,-23.977674,-22.238277,-22.20459,-20.664965,-24.809933,-29.17285,-30.454939,-29.051147,-24.922142,-25.559793,-29.349283,-28.52383,-28.058971,-27.62679,-26.21133,-27.811865,-24.5831,-24.4945,-27.668316,-26.967155,-27.911749,-25.94173,-26.204212,-27.451994,-26.82456,-25.542656,-26.131382,-26.349545,-25.899525,-25.17187,-27.170551,-29.84957,-26.391644,-24.725769,-24.376053,-25.531948,-26.82312,-29.650467,-28.575314,-26.269327,-26.590588,-25.321259,-26.868786,-26.172995,-29.536793,-30.366629,-26.742743,-24.817707,-25.760174,-26.77,-27.16416,-29.171803,-30.712261,-31.765461,-31.991402,-29.518612,-30.725086,-28.44806,-27.313206,-29.696943,-28.258018,-27.234085,-28.157146,-30.108429,-26.824156,-25.697498,-25.999802,-27.289806,-25.273315,-26.66023,-27.35836,-28.538671,-28.671667,-29.559198,-28.332058,-27.527994,-27.613522,-30.668175,-29.760506,-27.49936,-27.981663,-28.433521,-30.243877,-30.275793,-26.998243,-24.424389,-25.885927,-23.880138,-24.631842,-26.383286,-26.414185,-24.583801,-25.964584,-27.132042,-25.812506,-28.675686,-27.934513,-27.180674,-28.667927,-23.366484,-23.324528,-26.449348,-28.252062,-27.103365,-26.626251,-29.097136,-27.329384,-28.499472,-26.482836,-26.358276,-22.816334,-25.356438,-27.531363,-27.425596,-26.956524,-25.461145,-27.468906,-28.040257,-26.758661,-26.783848,-24.742455,-24.856188,-25.05048,-27.83615,-29.00918,-27.234297,-28.29591,-30.968407,-29.92131,-30.422733,-29.483759,-23.77071,-23.562403,-28.541016,-24.817715,-25.977451,-26.656479,-25.872278,-23.12755,-24.078161,-25.931223,-25.52282,-24.707659,-25.505516,-26.409573,-28.74961,-27.185455,-27.0914,-26.048391,-26.719097,-27.297173,-26.5822,-25.236485,-25.88382,-25.844877,-27.331116,-25.970432,-27.332169,-28.753864,-26.035904,-23.143524,-22.93935,-23.849335,-26.149488,-28.140623,-27.70708,-28.66891,-28.972044,-28.274124,-26.637749,-28.042564,-32.223785,-31.287388,-28.399681,-24.512,-23.759932,-24.007668,-24.865448,-27.025446,-30.97831,-28.229362,-25.857227,-24.43695,-23.058636,-24.772697,-24.958546,-24.86668,-26.223658,-26.426342,-25.165653,-23.271832,-25.331648,-30.370935,-31.091167,-33.22118,-32.706177,-30.507421,-27.52732,-26.926025,-24.051168,-22.3834,-25.704102,-26.446772,-24.567883,-23.299452,-24.746067,-26.321278,-26.408054,-25.85942,-26.431763,-25.550804,-26.562052,-27.655449,-25.066338,-23.633377,-23.849092,-26.19279,-28.37954,-30.346754,-30.573578,-27.902428,-26.39955,-24.235382,-26.666618,-29.179,-29.823309,-29.536001,-26.248142,-23.347885,-23.879784,-26.6139,-27.72315,-26.485191,-25.442158,-22.623539,-24.313635,-25.50214,-23.403316,-28.929058,-30.22442,-28.931572,-27.13118,-28.567327,-29.756056,-27.061424,-29.531538,-32.05001,-30.191587,-32.210907,-28.399185,-30.12072,-31.827906,-28.432104,-27.708502,-31.782736,-36.52115,-48.045013,-53.635544,-52.968815,-52.703667,-53.20527,-53.08663,-53.195686,-53.149372,-50.656235,-51.927925,-63.946556,-80.0,-80.0,-80.0,-80.0,-80.0,-80.0,-80.0,-80.0,-80.0,-80.0,-80.0,-80.0,-80.0,-80.0,-80.0,-80.0,-80.0,-80.0,-80.0,-80.0,-80.0,-80.0,-80.0,-80.0,-80.0,-80.0,-80.0,-80.0,-80.0,-80.0,-80.0,-80.0,-80.0,-80.0,-80.0,-80.0,-80.0,-80.0,-80.0,-80.0,-80.0,-80.0,-80.0,-80.0,-80.0,-80.0,-80.0,-80.0,-80.0,-80.0,-80.0,-80.0,-80.0,-80.0,-80.0,-80.0,-80.0,-80.0,-80.0,-80.0,-80.0,-80.0,-80.0,-80.0,-80.0,-80.0,-80.0,-80.0,-80.0,-80.0,-80.0,-80.0,-80.0,-80.0,-80.0,-80.0,-80.0,-80.0,-80.0,-80.0,-80.0,-80.0,-80.0,-80.0,-80.0,-80.0,-80.0,-80.0,-80.0,-80.0,-80.0,-80.0,-80.0,-80.0
-32.650677,-29.34619,-29.295311,-27.05188,-27.21366,-26.687515,-26.095022,-26.900963,-26.04293,-25.919094,-26.735718,-28.13625,-28.269993,-28.775612,-27.786507,-25.025036,-24.884212,-26.274195,-22.714722,-21.497704,-23.464046,-29.470251,-28.871414,-24.82685,-24.01758,-25.83979,-25.849745,-24.381397,-26.759106,-26.804754,-28.45815,-30.128008,-27.554512,-26.263245,-27.837013,-26.90394,-26.283491,-25.493431,-25.18098,-27.652033,-27.051697,-25.968786,-25.86451,-27.207577,-31.282272,-30.720667,-28.569836,-29.284576,-28.480026,-28.017794,-24.957207,-25.378925,-25.295988,-23.715256,-26.542347,-26.996756,-27.783014,-24.320583,-23.262247,-24.563103,-26.672935,-27.535488,-28.193596,-28.6508,-26.743515,-24.94926,-24.936268,-27.300161,-27.420431,-26.955807,-25.14668,-25.833017,-22.734165,-22.725407,-24.70506,-26.703094,-26.47396,-22.646673,-23.287132,-26.401705,-29.433933,-29.693733,-28.727148,-27.310797,-27.377594,-30.23727,-32.86606,-30.592735,-25.521486,-24.081764,-25.202887,-29.397232,-29.2506,-25.910185,-27.707586,-28.837746,-26.966404,-28.241676,-31.992455,-27.768984,-24.691444,-24.906456,-26.63519,-27.80804,-26.590124,-27.398684,-24.426044,-24.517437,-24.529343,-25.745327,-30.434906,-37.27177,-37.834637,-35.650295,-35.51311,-35.60943,-39.113644,-43.276196,-40.146187,-39.233795,-44.859062,-51.109814,-41.291157,-39.50473,-45.35532,-42.645065,-41.567997,-35.93666,-30.322535,-31.120241,-28.208696,-28.514488,-24.619637,-23.235382,-25.750309,-23.957727,-23.969257,-25.458242,-27.504993,-26.95389,-24.21028,-24.53146,-26.56304,-27.78897,-26.480267,-27.042646,-26.758205,-27.593624,-26.720024,-27.397705,-27.008032,-23.455883,-24.244167,-27.95982,-26.735546,-28.897419,-26.932762,-25.277899,-26.917791,-26.584288,-25.573767,-27.358648,-26.292152,-30.744326,-31.102854,-25.639833,-25.395756,-24.62285,-24.910189,-31.474907,-29.209164,-27.346455,-27.647326,-26.793427,-24.009766,-26.173805,-29.179619,-28.529514,-24.493422,-24.601513,-29.71309,-25.706295,-22.018509,-25.039837,-28.885769,-28.941996,-27.053047,-25.962975,-27.197392,-26.090857,-28.940134,-25.658733,-24.965416,-26.710052,-25.7592,-25.60027,-27.261267,-23.656826,-24.784748,-25.838064,-25.650341,-25.5525,-24.863956,-26.79395,-25.358906,-23.273535,-26.346687,-24.036875,-24.293125,-26.055882,-24.240246,-21.812107,-22.639277,-26.217422,-28.086338,-30.427343,-26.70456,-25.423006,-25.868776,-25.45573,-25.510294,-27.416504,-28.100399,-25.925005,-29.550472,-30.615383,-35.10974,-29.425346,-26.80824,-27.959347,-25.024391,-24.122314,-26.927858,-24.583641,-24.228577,-27.769001,-27.104677,-25.914248,-24.797256,-27.077316,-29.662138,-27.085379,-26.363659,-29.857399,-29.45627,-29.861656,-28.303421,-25.58123,-25.753832,-24.001965,-26.442099,-25.585087,-26.97549,-30.001152,-29.82695,-30.977448,-29.165567,-28.81484,-30.047483,-25.79369,-23.81226,-25.73502,-27.5415,-28.335665,-26.896183,-29.255894,-29.196266,-28.752386,-26.494242,-25.533203,-23.336855,-25.116959,-27.146767,-27.316286,-25.643467,-21.94928,-23.98724,-27.388634,-26.269938,-28.978207,-28.404762,-26.501677,-28.80804,-29.256916,-28.916805,-28.801958,-27.262861,-25.309536,-26.203167,-26.705175,-25.556519,-24.590733,-27.037317,-25.866993,-25.997084,-24.895466,-21.564205,-23.864109,-25.382183,-27.373997,-28.363651,-28.61467,-25.305069,-24.166649,-27.93055,-27.594223,-28.453262,-26.77755,-26.153831,-27.186832,-25.846449,-25.11758,-25.884043,-25.229568,-25.7845,-27.404238,-27.383324,-25.713215,-28.035585,-29.373795,-27.39009,-28.298557,-24.54533,-24.865993,-29.921488,-27.915268,-24.379257,-24.051483,-23.318857,-24.894936,-29.227201,-28.615635,-27.324207,-27.923985,-25.71611,-23.537537,-24.248428,-26.354748,-28.016893,-26.29636,-25.521763,-27.398754,-29.30269,-29.78064,-30.436632,-30.048424,-29.762192,-29.18238,-25.290873,-26.663427,-32.541885,-28.974682,-22.876364,-23.315964,-27.792068,-27.115013,-29.2164,-26.54095,-27.767975,-29.093838,-27.84277,-29.70238,-25.843872,-25.086334,-26.600868,-27.110245,-26.687042,-27.58445,-28.87474,-26.935282,-29.930265,-30.788206,-31.222183,-29.429747,-28.19284,-27.880468,-27.505512,-26.361391,-23.933475,-24.740824,-26.290352,-26.194794,-28.369665,-29.529608,-24.482866,-21.747044,-27.928915,-27.519485,-24.68043,-25.908522,-30.482447,-31.796476,-28.845928,-27.997025,-28.78754,-26.849138,-26.702805,-26.569103,-24.574059,-25.467747,-25.62186,-25.250328,-25.953634,-25.006813,-23.118021,-22.36206,-26.104507,-28.802443,-28.48014,-21.431786,-22.051311,-27.597084,-25.285149,-24.476744,-25.288565,-26.83506,-29.29967,-28.764544,-27.425392,-26.646053,-25.791098,-24.258625,-28.206871,-25.206049,-25.138868,-28.734386,-25.942047,-26.359394,-25.307556,-27.02996,-27.09352,-26.032001,-26.46939,-27.153305,-27.868385,-29.807213,-26.193655,-24.158573,-26.117008,-30.555082,-30.06342,-27.391998,-28.952381,-28.682838,-25.033146,-22.657604,-22.935081,-27.37722,-25.408768,-24.778357,-26.263502,-25.201023,-26.928844,-26.530638,-26.60487,-28.301098,-28.44241,-27.853804,-28.42952,-27.300102,-28.566133,-25.205032,-24.31343,-23.403706,-22.598532,-23.004452,-24.4006,-24.054619,-21.964355,-25.155903,-24.261341,-25.306625,-23.612274,-23.104403,-23.822071,-24.675634,-24.897606,-26.052898,-27.396574,-26.095497,-27.950668,-29.952175,-24.460966,-23.787186,-24.073769,-24.65786,-26.251545,-26.13536,-27.825787,-28.320099,-28.92181,-27.375553,-24.843868,-24.717287,-24.567787,-29.084282,-27.263172,-27.556343,-30.728443,-28.132547,-26.528488,-23.69638,-23.09546,-22.709938,-23.268108,-25.899895,-29.830154,-30.196121,-24.989933,-23.516987,-25.357897,-25.010925,-27.128857,-23.642199,-21.37098,-22.048817,-24.350489,-29.056791,-25.353134,-26.201847,-26.978762,-29.398802,-28.270092,-25.982033,-26.59089,-24.763794,-27.096237,-27.905756,-28.546679,-29.781914,-28.78918,-27.745937,-26.274456,-29.676163,-32.360683,-29.58744,-27.0295,-25.416862,-22.867464,-24.517319,-27.45066,-27.104767,-26.129684,-25.26244,-27.000422,-27.780758,-28.694027,-26.966833,-24.423347,-25.768047,-30.821209,-28.97971,-27.580612,-29.361792,-28.64861,-28.502396,-30.088402,-27.667799,-26.488857,-24.380487,-26.084032,-27.325438,-25.840008,-23.585724,-24.157639,-27.973194,-25.997997,-24.399529,-24.849295,-27.89011,-27.467503,-29.923063,-29.052206,-30.189732,-29.423483,-25.511429,-23.12881,-25.99797,-26.111742,-25.760784,-27.423792,-27.84406,-30.890755,-29.650923,-28.816671,-29.851866,-27.42796,-27.171423,-29.410444,-29.514711,-24.639843,-25.931461,-28.503227,-26.851177,-24.689735,-24.317982,-24.093271,-25.684341,-29.237247,-29.413689,-30.159313,-29.162285,-28.518593,-29.754135,-29.716227,-27.269024,-27.346506,-27.479988,-28.32763,-24.678415,-23.768602,-24.283876,-29.077824,-28.846321,-28.406525,-28.483986,-26.704435,-27.604763,-39.145737,-48.971607,-48.341393,-48.070213,-48.58315,-48.432594,-48.540257,-48.52477,-44.49921,-44.774426,-57.52032,-80.0,-80.0,-80.0,-80.0,-80.0,-80.0,-80.0,-80.0,-80.0,-80.0,-80.0,-80.0,-80.0,-80.0,-80.0,-80.0,-80.0,-80.0,-80.0,-80.0,-80.0,-80.0,-80.0,-80.0,-80.0,-80.0,-80.0,-80.0,-80.0,-80.0,-80.0,-80.0,-80.0,-80.0,-80.0,-80.0,-80.0,-80.0,-80.0,-80.0,-80.0,-80.0,-80.0,-80.0,-80.0,-80.0,-80.0,-80.0,-80.0,-80.0,-80.0,-80.0,-80.0,-80.0,-80.0,-80.0,-80.0,-80.0,-80.0,-80.0,-80.0,-80.0,-80.0,-80.0,-80.0,-80.0,-80.0,-80.0,-80.0,-80.0,-80.0,-80.0,-80.0,-80.0,-80.0,-80.0,-80.0,-80.0,-80.0,-80.0,-80.0,-80.0,-80.0,-80.0,-80.0,-80.0,-80.0,-80.0,-80.0,-80.0,-80.0,-80.0,-80.0,-80.0
-26.925058,-27.562386,-31.576717,-26.248215,-24.620651,-25.170555,-24.226627,-24.282164,-26.685822,-28.22257,-25.622831,-27.913975,-28.890055,-27.826157,-29.208782,-27.475376,-28.035984,-27.741804,-23.780313,-25.016212,-26.61689,-27.88163,-27.209309,-26.283028,-26.398048,-28.302986,-29.18922,-30.131237,-27.114946,-24.755152,-26.77671,-26.289783,-28.845045,-27.370735,-25.340252,-24.080585,-27.262154,-27.10434,-24.717926,-28.816341,-29.289753,-24.996494,-26.340714,-26.667755,-27.83712,-29.74542,-27.72453,-27.972893,-27.358892,-27.516937,-25.402357,-27.09211,-27.831814,-26.885746,-26.064175,-28.889774,-26.290497,-25.608732,-27.599588,-25.592125,-27.184788,-27.605907,-29.98012,-31.466028,-26.079247,-25.745024,-28.332453,-24.799507,-22.804207,-22.363544,-20.738224,-25.283993,-26.27285,-25.791088,-27.035488,-26.606388,-27.316505,-26.630222,-26.7593,-25.408962,-25.49112,-25.10999,-25.472946,-26.39023,-28.060894,-24.899017,-26.219742,-28.92371,-29.360834,-26.555107,-26.452522,-28.200642,-28.54311,-27.067917,-25.321955,-25.75734,-28.407747,-29.512867,-27.465307,-25.966213,-23.8242,-24.535046,-24.945705,-25.317394,-25.13974,-25.371258,-25.692926,-23.070211,-23.032701,-25.42812,-34.07919,-40.463425,-36.043465,-34.007282,-34.358906,-35.004513,-39.90594,-44.066353,-40.862522,-37.33179,-38.11268,-45.36298,-41.70438,-38.035305,-40.40543,-40.941746,-40.59323,-36.410393,-28.731802,-28.123455,-28.00705,-26.320591,-26.735508,-23.825846,-23.942047,-25.986282,-27.978718,-26.357918,-22.879528,-23.367895,-23.613998,-24.592754,-27.413174,-26.991003,-25.861656,-26.285334,-24.33059,-24.538414,-24.585403,-27.073301,-29.109667,-28.974255,-25.846577,-27.22266,-25.776245,-25.135456,-25.174124,-27.982952,-26.237068,-23.731358,-24.59172,-26.604305,-27.367714,-30.323463,-27.785208,-27.901192,-28.37748,-27.657738,-32.07181,-33.23489,-31.13893,-27.557638,-27.044668,-23.543789,-22.926714,-26.44104,-26.105295,-26.945145,-29.922895,-32.190742,-29.93419,-26.496576,-23.487148,-22.9242,-25.220852,-23.80036,-24.517525,-27.946543,-28.130001,-25.7982,-28.196484,-27.250916,-24.948643,-26.74223,-26.378227,-27.933872,-26.981998,-26.292347,-27.6754,-25.596987,-26.477947,-27.781477,-27.540192,-29.612745,-27.033358,-27.320484,-27.119154,-26.30391,-28.82748,-30.807447,-28.154938,-24.456173,-26.017927,-23.08703,-23.209465,-30.32559,-25.698708,-23.167433,-28.754822,-27.633268,-24.624527,-24.83001,-26.909388,-27.235365,-26.56745,-29.341835,-29.584944,-26.544857,-28.02435,-26.876085,-26.134415,-22.736073,-25.517155,-28.998749,-28.921738,-27.794504,-26.80811,-24.048096,-27.097055,-30.41013,-27.250257,-25.851955,-25.42341,-29.932255,-27.876429,-28.45828,-28.216831,-25.324234,-25.422379,-23.530169,-24.68963,-24.05544,-27.40035,-29.170975,-29.205616,-29.831165,-30.144537,-27.370157,-29.102615,-24.225143,-25.200432,-27.169544,-26.789291,-28.993612,-27.595222,-27.242275,-27.230568,-26.837194,-26.73048,-28.699253,-23.957098,-24.74213,-26.967936,-28.300333,-28.098585,-24.510727,-26.46233,-29.65589,-30.061785,-29.62215,-31.341824,-28.074995,-25.559017,-24.989752,-26.804974,-27.631039,-27.953941,-24.733665,-24.220055,-28.04076,-27.520481,-25.754969,-26.639229,-26.1948,-28.400846,-26.74544,-24.743473,-24.79441,-27.28661,-28.278618,-24.170336,-25.16645,-26.861,-25.676281,-30.827847,-31.433765,-27.57148,-25.28191,-26.425533,-27.774002,-24.742914,-24.718975,-26.376217,-26.899029,-28.008615,-24.480059,-24.034294,-26.538826,-29.873447,-31.370094,-28.55735,-28.26852,-25.720308,-25.76134,-29.271101,-28.85894,-25.387611,-27.171627,-25.89539,-24.581213,-27.898823,-27.493305,-26.325832,-25.563055,-22.188965,-20.74992,-25.244854,-31.313263,-26.38871,-29.049883,-29.867785,-30.442684,-31.548183,-28.84843,-27.503431,-26.93933,-25.730612,-27.000149,-23.980377,-24.165176,-27.989092,-26.621897,-24.7294,-25.912453,-27.582006,-25.450714,-27.66965,-25.25525,-25.070675,-25.87576,-29.905167,-28.167175,-30.407745,-27.38285,-23.409115,-25.313854,-27.156174,-24.472246,-27.108627,-24.373734,-26.105522,-27.548422,-27.842064,-27.787224,-24.724632,-23.082756,-26.901531,-25.152351,-23.46717,-27.552876,-27.328863,-25.28804,-25.126406,-25.96605,-26.160856,-25.76472,-30.95874,-28.380375,-25.009628,-26.521774,-28.726372,-30.619068,-28.748547,-27.017294,-26.77661,-26.547974,-26.66226,-25.917728,-26.190014,-27.494255,-24.13587,-24.502699,-23.995377,-24.319109,-23.648575,-22.565283,-24.143671,-27.838593,-28.179876,-27.328783,-29.285423,-27.329395,-23.10604,-23.380316,-23.715559,-24.869469,-27.104597,-28.737732,-26.844612,-26.445065,-25.584343,-26.959715,-29.53823,-24.584696,-24.845097,-27.464268,-26.245998,-29.650824,-28.080011,-26.673693,-29.638527,-26.141201,-24.3029,-26.154543,-31.163536,-28.881742,-26.874426,-26.742725,-25.88338,-28.367956,-31.105993,-29.010742,-25.10405,-24.242573,-26.53948,-29.523056,-29.647202,-28.19288,-27.356167,-32.04624,-29.172836,-25.654388,-25.720266,-24.674568,-26.89657,-27.025179,-24.776684,-27.951052,-29.129986,-26.840927,-27.907892,-27.466291,-30.96788,-27.451292,-25.867317,-26.250965,-26.807407,-28.877317,-25.802654,-23.706505,-26.518864,-27.482677,-27.303383,-26.440952,-26.68732,-25.78863,-27.279127,-27.091412,-24.535465,-26.145836,-28.418259,-27.303297,-27.06267,-26.698248,-26.899887,-26.951555,-26.890823,-25.300411,-25.703442,-25.387846,-25.070986,-24.739847,-22.83331,-24.63319,-27.81694,-29.365837,-30.105143,-30.835436,-31.120956,-30.097973,-29.133408,-26.720644,-23.206749,-25.859001,-24.757671,-26.541605,-29.016209,-26.739586,-24.513382,-22.122244,-23.580868,-26.643686,-23.976387,-23.443316,-26.126537,-24.08926,-21.092398,-22.580675,-24.964458,-27.06881,-28.334743,-26.166834,-28.07798,-27.630178,-27.197699,-24.198797,-26.783009,-29.459068,-27.973461,-25.416092,-26.791409,-25.188177,-25.868452,-25.72786,-24.37571,-24.17515,-23.026737,-25.455013,-29.539589,-29.548815,-23.440285,-23.08798,-25.715488,-24.787548,-27.590578,-28.024557,-28.984838,-30.53204,-26.410385,-26.135239,-30.328205,-29.409672,-28.95758,-29.051128,-28.961117,-28.024326,-25.808708,-22.744364,-24.852055,-25.95831,-27.74394,-27.586147,-25.760387,-23.905739,-24.295914,-25.134321,-22.918697,-24.413174,-25.303305,-23.66226,-24.179108,-24.385178,-24.8186,-27.615362,-27.343523,-25.988703,-27.270555,-26.947077,-29.00502,-28.30508,-25.180817,-27.821741,-33.089207,-29.92532,-28.380342,-26.709648,-26.628796,-28.271004,-26.523708,-29.732885,-28.895308,-27.655106,-26.987244,-28.662155,-27.374634,-28.712364,-27.477425,-26.338825,-24.161201,-25.254633,-31.862684,-29.98668,-29.266575,-29.47995,-26.304197,-24.70504,-26.825981,-29.643785,-28.159033,-25.099533,-26.01217,-26.81741,-26.560768,-26.99625,-23.669205,-25.796577,-24.854408,-24.185669,-26.243355,-26.837631,-26.805647,-26.792019,-26.81724,-26.812038,-26.817379,-26.817646,-27.516117,-33.088715,-52.407913,-80.0,-80.0,-80.0,-80.0,-80.0,-80.0,-80.0,-80.0,-80.0,-80.0,-80.0,-80.0,-80.0,-80.0,-80.0,-80.0,-80.0,-80.0,-80.0,-80.0,-80.0,-80.0,-80.0,-80.0,-80.0,-80.0,-80.0,-80.0,-80.0,-80.0,-80.0,-80.0,-80.0,-80.0,-80.0,-80.0,-80.0,-80.0,-80.0,-80.0,-80.0,-80.0,-80.0,-80.0,-80.0,-80.0,-80.0,-80.0,-80.0,-80.0,-80.0,-80.0,-80.0,-80.0,-80.0,-80.0,-80.0,-80.0,-80.0,-80.0,-80.0,-80.0,-80.0,-80.0,-80.0,-80.0,-80.0,-80.0,-80.0,-80.0,-80.0,-80.0,-80.0,-80.0,-80.0,-80.0,-80.0,-80.0,-80.0,-80.0,-80.0,-80.0,-80.0,-80.0,-80.0,-80.0,-80.0,-80.0,-80.0,-80.0,-80.0,-80.0,-80.0,-80.0
-29.339008,-27.549648,-28.321442,-28.3581,-26.01904,-25.333202,-24.202887,-23.94041,-26.335033,-26.848911,-27.292358,-27.776104,-25.037748,-23.732374,-27.241947,-28.43103,-28.837784,-27.029001,-27.991528,-25.33823,-24.361183,-26.403048,-29.59375,-28.718338,-29.695005,-30.47865,-29.05821,-24.304321,-22.996607,-24.72832,-25.038746,-25.75423,-26.912477,-28.311157,-29.096842,-27.131332,-25.623474,-28.163868,-26.67636,-28.419575,-30.612785,-27.650345,-28.314703,-26.941927,-25.02273,-27.170586,-26.715624,-25.81876,-23.931185,-22.614883,-25.504093,-29.569887,-28.5714,-26.177225,-27.682884,-32.256824,-27.635654,-24.481445,-26.862597,-27.247362,-26.952503,-30.488165,-32.108875,-32.343185,-32.683548,-29.652782,-24.82374,-23.864403,-25.234037,-26.323391,-24.982822,-28.015032,-26.873446,-25.022436,-27.563515,-27.837393,-27.663036,-28.050047,-31.370209,-31.018099,-27.111824,-24.182936,-24.809246,-26.15453,-28.148314,-25.92987,-25.851461,-28.339397,-23.261108,-23.835342,-24.808268,-27.476246,-27.280224,-26.809513,-25.802273,-29.980776,-28.56836,-26.221878,-27.009449,-26.947515,-26.386845,-25.317362,-26.610178,-29.122253,-26.5387,-25.316952,-24.953463,-23.615675,-23.473022,-24.634815,-32.302605,-40.09527,-37.346275,-37.08866,-38.39171,-36.07627,-37.26515,-39.504105,-43.968266,-38.263733,-36.574272,-44.120365,-44.70331,-38.257988,-39.76902,-40.20144,-42.468967,-39.911198,-33.191463,-32.39139,-28.33591,-26.827415,-27.383875,-23.532246,-24.877937,-26.124859,-28.16747,-28.578316,-23.780315,-23.48156,-25.946459,-25.254116,-25.470161,-23.620987,-23.664558,-27.136698,-27.262867,-24.074932,-25.220837,-25.705677,-24.756004,-24.96589,-28.717701,-31.584791,-31.024967,-27.868525,-27.370848,-29.82242,-27.894566,-25.704405,-27.27261,-27.755802,-23.582634,-24.739208,-26.390827,-27.223618,-26.001675,-26.668568,-27.641157,-27.782478,-25.526712,-25.992023,-25.821064,-22.554539,-24.030712,-25.897995,-26.390343,-25.737747,-24.84283,-27.151623,-29.300821,-30.395592,-29.480003,-26.617346,-28.479004,-25.15697,-23.286953,-27.529922,-28.9586,-25.595684,-26.466646,-29.278156,-26.06396,-26.003391,-30.124567,-29.283627,-26.27924,-26.10025,-26.762959,-30.025032,-31.464426,-29.900372,-26.474495,-26.351795,-29.691685,-25.965654,-25.214485,-26.681402,-28.849888,-31.709885,-29.935417,-27.355997,-25.011513,-25.79623,-26.67423,-25.811325,-23.871944,-23.557377,-28.749128,-30.301033,-29.41526,-27.345722,-25.65164,-27.315987,-27.793144,-26.861336,-24.420874,-21.512604,-23.149794,-24.747707,-25.291412,-25.801254,-27.342653,-25.934774,-22.46464,-25.661015,-25.573097,-24.929142,-26.526472,-31.117567,-26.280315,-25.069935,-24.327011,-25.656376,-28.705292,-29.239265,-28.723394,-25.642803,-26.01158,-24.336475,-24.576214,-28.328873,-30.787937,-24.836416,-23.58511,-22.517399,-25.500008,-25.921484,-26.694876,-29.48669,-27.644062,-23.44198,-23.694736,-26.961113,-28.397684,-31.917145,-29.143734,-27.458302,-26.294687,-27.957506,-29.994904,-29.090498,-27.931995,-28.955574,-28.287354,-26.536274,-28.15787,-27.351057,-28.76144,-26.978676,-26.460842,-27.011332,-26.353516,-27.153362,-28.07642,-26.566408,-26.625671,-23.681358,-23.222883,-27.330866,-26.829475,-27.368778,-26.247368,-26.424078,-27.534714,-27.349665,-24.986038,-24.51603,-25.244318,-25.875029,-23.852074,-25.031242,-24.3916,-23.142427,-28.145931,-28.769482,-26.156918,-24.077183,-25.388184,-30.563267,-30.995605,-29.808016,-29.179863,-26.025578,-27.720058,-27.037552,-29.861263,-32.132614,-28.377314,-27.469687,-29.537916,-26.536278,-25.871777,-24.78812,-29.557072,-32.165405,-27.64,-26.609983,-25.024792,-24.602821,-26.702919,-25.156477,-24.751348,-27.275013,-28.767673,-28.91539,-25.044239,-26.363163,-25.049034,-27.712626,-32.025314,-29.910276,-28.344524,-27.697918,-26.295462,-25.902672,-24.296934,-27.174017,-28.488264,-23.61397,-24.20311,-24.37285,-25.51535,-26.427681,-24.705582,-23.667334,-25.364471,-26.273348,-26.88265,-27.142223,-26.007488,-24.850319,-25.518803,-26.357235,-28.356873,-28.688236,-27.908775,-27.887869,-26.533936,-24.72773,-26.996685,-28.661,-29.375957,-27.987665,-24.330107,-23.399105,-24.66262,-24.299856,-26.622168,-28.191204,-26.424173,-25.782688,-25.853256,-26.716627,-30.520464,-31.027157,-29.991983,-27.245728,-24.082222,-28.488888,-27.88261,-29.049858,-26.241817,-24.78216,-25.20602,-25.293152,-25.856846,-29.400738,-24.885193,-23.992386,-25.159939,-24.050545,-21.874077,-22.666422,-25.553894,-27.471508,-26.366709,-27.40424,-28.29554,-34.818924,-33.379765,-27.759941,-26.823017,-26.206066,-24.42839,-26.310102,-27.409187,-26.204594,-27.20359,-26.978771,-24.077888,-27.657022,-29.396193,-24.901302,-24.984066,-25.57726,-27.530832,-28.746029,-24.79144,-25.479883,-28.777431,-27.050085,-26.389473,-28.909946,-30.799685,-28.492947,-29.827753,-25.395409,-25.882523,-29.029358,-27.888668,-27.22476,-27.70501,-25.044098,-26.009405,-30.992826,-27.422808,-23.447395,-23.725449,-27.591038,-29.455307,-28.58814,-29.528164,-24.885014,-23.239922,-23.873077,-24.413637,-27.371078,-28.41491,-23.361546,-23.243805,-28.475748,-28.549774,-27.262568,-26.625324,-26.730259,-29.584938,-29.10946,-26.584766,-28.07374,-29.87581,-25.952782,-25.7897,-28.70967,-27.727768,-28.324131,-26.608898,-25.50996,-25.277082,-26.780605,-28.882074,-25.934875,-25.670761,-27.16362,-28.853327,-27.661045,-27.202686,-29.251484,-29.530304,-29.605099,-26.309784,-23.363914,-24.486229,-29.03533,-28.037859,-27.694351,-27.254948,-27.346077,-29.99263,-27.51358,-27.073635,-26.001404,-26.121655,-27.716621,-24.509659,-26.7045,-29.645554,-26.15209,-26.104073,-24.51101,-23.394909,-26.130878,-27.967392,-26.899513,-26.411594,-25.361256,-24.841728,-26.627777,-31.06322,-29.908289,-26.869347,-24.088505,-22.925644,-25.562023,-27.179459,-26.565954,-30.629955,-29.373724,-25.111717,-24.354136,-26.897923,-22.025547,-22.614326,-28.077015,-28.19378,-26.381245,-25.099934,-28.73605,-30.156574,-26.141674,-24.235527,-25.561708,-25.40617,-23.529224,-25.505672,-25.794266,-26.012058,-30.729876,-28.871885,-25.484068,-26.400326,-28.55637,-29.136717,-28.185982,-27.403156,-27.305714,-25.654812,-26.069681,-27.046871,-26.409307,-25.854195,-26.006693,-29.504877,-26.88996,-24.90142,-24.562313,-20.966452,-22.487215,-26.628922,-25.21639,-26.734287,-25.727016,-26.241123,-28.05521,-26.09865,-23.204666,-25.33722,-27.779408,-29.51189,-31.289469,-28.877945,-29.82799,-29.29221,-27.74532,-26.625603,-25.964214,-24.317574,-25.11132,-26.261227,-26.621819,-26.062935,-25.556381,-27.003086,-30.081985,-28.10263,-27.70906,-24.765831,-23.791983,-25.584715,-28.424835,-32.01311,-30.305984,-29.332546,-26.199013,-23.98032,-26.309696,-23.458164,-24.289238,-25.307467,-26.37987,-29.027603,-27.566238,-27.499119,-24.700195,-22.252827,-22.9852,-23.16584,-26.351171,-30.487865,-31.070478,-31.178799,-31.226707,-31.138578,-31.157568,-31.139202,-31.144611,-31.894592,-36.34773,-53.356712,-80.0,-80.0,-80.0,-80.0,-80.0,-80.0,-80.0,-80.0,-80.0,-80.0,-80.0,-80.0,-80.0,-80.0,-80.0,-80.0,-80.0,-80.0,-80.0,-80.0,-80.0,-80.0,-80.0,-80.0,-80.0,-80.0,-80.0,-80.0,-80.0,-80.0,-80.0,-80.0,-80.0,-80.0,-80.0,-80.0,-80.0,-80.0,-80.0,-80.0,-80.0,-80.0,-80.0,-80.0,-80.0,-80.0,-80.0,-80.0,-80.0,-80.0,-80.0,-80.0,-80.0,-80.0,-80.0,-80.0,-80.0,-80.0,-80.0,-80.0,-80.0,-80.0,-80.0,-80.0,-80.0,-80.0,-80.0,-80.0,-80.0,-80.0,-80.0,-80.0,-80.0,-80.0,-80.0,-80.0,-80.0,-80.0,-80.0,-80.0,-80.0,-80.0,-80.0,-80.0,-80.0,-80.0,-80.0,-80.0,-80.0,-80.0,-80.0,-80.0,-80.0,-80.0
-32.39686,-29.181177,-26.962067,-24.48227,-25.399263,-27.62655,-27.087292,-24.824074,-25.613773,-24.33764,-25.137325,-27.049656,-25.471083,-25.513483,-31.665867,-31.898062,-24.696388,-22.352177,-25.954178,-27.606903,-27.932701,-30.483515,-32.128822,-30.117807,-31.575403,-29.192295,-25.665665,-22.940657,-23.757032,-27.69701,-28.223486,-28.53872,-24.656494,-25.890774,-28.849878,-29.180613,-26.14891,-29.658623,-30.808804,-28.994898,-29.060331,-26.934906,-25.488604,-27.057377,-25.50394,-27.042418,-25.096457,-26.199278,-28.866976,-26.094143,-29.278679,-29.398838,-26.092396,-26.223192,-28.760258,-32.223686,-26.04429,-26.63454,-25.356419,-27.94868,-29.184044,-29.392097,-25.99859,-27.818666,-27.836855,-25.636875,-25.750103,-27.996609,-28.48799,-27.8199,-28.880924,-26.490755,-27.979803,-27.887945,-30.865604,-31.551609,-30.43314,-27.866024,-25.746803,-28.054234,-29.639418,-24.622116,-22.616436,-25.709736,-26.860836,-26.96976,-27.944498,-27.24248,-25.964005,-26.198578,-25.166231,-28.295277,-31.174477,-30.977858,-29.439701,-29.842339,-28.866379,-26.55965,-24.892008,-24.738667,-29.792831,-25.931467,-23.174797,-26.011456,-26.021078,-27.667898,-28.808348,-26.033947,-26.528488,-29.243408,-31.705688,-35.20538,-35.40729,-37.134815,-37.916588,-37.73368,-39.73493,-41.227867,-40.56763,-38.599815,-36.536278,-43.39376,-41.09399,-37.65883,-42.9938,-41.349953,-41.57121,-41.725468,-32.9652,-29.303795,-25.989956,-27.838184,-28.891068,-25.943108,-25.290129,-27.170645,-26.565819,-24.275799,-25.340557,-25.662245,-25.526731,-25.54723,-25.361809,-22.553522,-25.129953,-31.2612,-32.668564,-28.872906,-24.88634,-23.501461,-24.719355,-24.342781,-23.884258,-24.19404,-27.053009,-29.677326,-29.846638,-29.581158,-28.95377,-26.801514,-28.188992,-28.631079,-25.349174,-24.782154,-22.920862,-21.425224,-23.15466,-24.70428,-24.542984,-23.536118,-23.045269,-23.337069,-23.62138,-26.605463,-28.86434,-27.800938,-29.563435,-25.54723,-24.883125,-26.915068,-27.142195,-29.85822,-27.321886,-24.795261,-25.535782,-22.960224,-20.58988,-25.17615,-28.066078,-26.270607,-28.033016,-26.954323,-25.05949,-25.573563,-26.860094,-30.847794,-26.492487,-24.621964,-24.33104,-28.246307,-29.040804,-26.060696,-27.8089,-27.662155,-24.32021,-22.823648,-23.828161,-21.947464,-24.996744,-28.107056,-27.388988,-26.73912,-24.029902,-24.49437,-25.876247,-24.473957,-23.13094,-23.467796,-24.89682,-30.561829,-27.585543,-24.192448,-25.740635,-26.697264,-22.814123,-23.241295,-24.724022,-26.59018,-30.3349,-32.686592,-32.037212,-31.188833,-29.76448,-27.412983,-25.877571,-24.244213,-20.732674,-23.757866,-27.039757,-28.13443,-29.126978,-28.290867,-27.892849,-26.260023,-26.902893,-29.81637,-30.667225,-28.692173,-25.015501,-24.609663,-26.48331,-28.967545,-29.917385,-26.092466,-26.219421,-26.57643,-25.947784,-26.563866,-27.052155,-27.740309,-27.088547,-25.854803,-25.946053,-26.998505,-28.045147,-30.733875,-30.51339,-29.076696,-27.167997,-28.121853,-28.12564,-26.131268,-24.581356,-27.311413,-30.06523,-29.656282,-27.623846,-27.897524,-26.811657,-24.568615,-23.994698,-24.66518,-23.9039,-25.163141,-27.460766,-24.780981,-25.217768,-25.552286,-24.72631,-24.620125,-24.952194,-25.173664,-24.790546,-25.54758,-26.188244,-28.983152,-30.142889,-27.280872,-25.403507,-26.937511,-26.848045,-24.387243,-23.616257,-22.944561,-24.424532,-25.082989,-26.364603,-27.092545,-24.822554,-27.17012,-28.072765,-26.948671,-29.524506,-26.628517,-25.154747,-25.474678,-28.422215,-28.05922,-29.120647,-28.259605,-28.77003,-29.746561,-29.00946,-30.1707,-29.268877,-30.559917,-25.893148,-25.467102,-27.346731,-28.261946,-26.98702,-27.079424,-32.77212,-30.46786,-28.783112,-25.15788,-24.462988,-26.94479,-27.186768,-28.2187,-26.851234,-24.999968,-27.821396,-28.058931,-26.454752,-25.643887,-25.841602,-27.136637,-27.01672,-25.957653,-26.095272,-24.06927,-23.217688,-26.682653,-25.898277,-25.163713,-26.145683,-27.814444,-26.592632,-26.789173,-26.098133,-24.733883,-23.3041,-24.397747,-27.045156,-28.892002,-27.869534,-27.885025,-24.537418,-27.330809,-29.981089,-24.792728,-23.807732,-26.217888,-28.68624,-31.488224,-26.703072,-24.67936,-25.57105,-25.839329,-24.293968,-25.932865,-27.10875,-27.924776,-25.646637,-27.37546,-31.59273,-28.450994,-26.724705,-24.753975,-25.9197,-24.532055,-24.497051,-23.925943,-25.382368,-26.368706,-23.375305,-27.434235,-27.19859,-24.052172,-26.749773,-31.04559,-29.883923,-25.899374,-24.334341,-28.24769,-26.530973,-25.20317,-29.004559,-33.361004,-28.255428,-24.013624,-25.982132,-27.507269,-27.329994,-27.03542,-26.085728,-25.147764,-20.888426,-23.02388,-26.331764,-27.337893,-29.297832,-27.55078,-27.059118,-26.369862,-28.376722,-26.140495,-26.887436,-28.566998,-25.772812,-25.072529,-29.25477,-27.712383,-26.267803,-26.196728,-30.62454,-27.356216,-26.88145,-26.054249,-27.92954,-27.831314,-27.50188,-26.447496,-25.851034,-28.522785,-28.198738,-28.043806,-24.388186,-25.250912,-29.17244,-29.937435,-27.248125,-25.816086,-25.664309,-27.065496,-29.745811,-25.042965,-24.320305,-24.767145,-24.965216,-28.543934,-28.422771,-26.243713,-24.056412,-26.225338,-30.29256,-28.130959,-28.11343,-27.670591,-25.491093,-25.711494,-26.128391,-29.096651,-26.708212,-27.75535,-27.546026,-28.730734,-32.011253,-30.343824,-28.598976,-29.910038,-28.31126,-25.290844,-27.317154,-24.400913,-25.778393,-28.571955,-28.074022,-28.493538,-27.140495,-25.78481,-26.413885,-28.602026,-27.517395,-25.447475,-23.53281,-23.988441,-25.170076,-23.989328,-24.415815,-23.911884,-27.935543,-28.064365,-26.004932,-27.937304,-32.890423,-32.211674,-30.146782,-29.972023,-29.23364,-27.509596,-25.604504,-25.299313,-28.608656,-26.811598,-24.809574,-27.634983,-29.704868,-29.7023,-31.686148,-27.573692,-25.883291,-27.467752,-27.06811,-28.024506,-29.073135,-26.350292,-26.718378,-26.854313,-27.452497,-24.34119,-24.873587,-30.189816,-29.92156,-28.929604,-27.32601,-27.548565,-28.131405,-25.444836,-26.177402,-25.698967,-25.27584,-24.651176,-26.835117,-25.174095,-23.695665,-24.893074,-25.81597,-29.03534,-27.82926,-27.836763,-29.868073,-27.482557,-25.269833,-28.021257,-26.82665,-24.777487,-27.39722,-28.809032,-25.35651,-25.52307,-27.430271,-25.649555,-25.271233,-25.373121,-23.822727,-26.55669,-28.889553,-26.940876,-28.307474,-28.715527,-30.818459,-28.739712,-27.6239,-29.360067,-25.493725,-20.887356,-22.782757,-27.77748,-26.766615,-27.175673,-28.599613,-29.403059,-28.807419,-27.377508,-25.77551,-26.906935,-28.360632,-25.927803,-25.86127,-25.737629,-28.483917,-28.493084,-28.154865,-23.437637,-24.104496,-25.272835,-26.853313,-26.887955,-28.34079,-28.042135,-26.545609,-25.875849,-23.420382,-25.063488,-24.503193,-23.550262,-23.797865,-26.077745,-27.728224,-29.80278,-30.54427,-24.709797,-24.094254,-27.698719,-30.24921,-35.47255,-44.284912,-51.719383,-51.073032,-50.813484,-51.310577,-51.178818,-51.285988,-51.21546,-46.987312,-47.13591,-59.21544,-80.0,-80.0,-80.0,-80.0,-80.0,-80.0,-80.0,-80.0,-80.0,-80.0,-80.0,-80.0,-80.0,-80.0,-80.0,-80.0,-80.0,-80.0,-80.0,-80.0,-80.0,-80.0,-80.0,-80.0,-80.0,-80.0,-80.0,-80.0,-80.0,-80.0,-80.0,-80.0,-80.0,-80.0,-80.0,-80.0,-80.0,-80.0,-80.0,-80.0,-80.0,-80.0,-80.0,-80.0,-80.0,-80.0,-80.0,-80.0,-80.0,-80.0,-80.0,-80.0,-80.0,-80.0,-80.0,-80.0,-80.0,-80.0,-80.0,-80.0,-80.0,-80.0,-80.0,-80.0,-80.0,-80.0,-80.0,-80.0,-80.0,-80.0,-80.0,-80.0,-80.0,-80.0,-80.0,-80.0,-80.0,-80.0,-80.0,-80.0,-80.0,-80.0,-80.0,-80.0,-80.0,-80.0,-80.0,-80.0,-80.0,-80.0,-80.0,-80.0,-80.0,-80.0
-32.20623,-28.83453,-26.85621,-27.522583,-29.171478,-27.080894,-26.756897,-25.4425,-26.029505,-27.663311,-24.798126,-23.521967,-24.489574,-26.623049,-30.261145,-29.78277,-25.73177,-25.38517,-28.060316,-33.74328,-33.060627,-31.831032,-32.408363,-28.984943,-28.283552,-24.576103,-23.02767,-24.571426,-26.40287,-31.127783,-29.315851,-26.737236,-27.408367,-27.798256,-28.174519,-31.728546,-32.02869,-29.857965,-29.28164,-28.683102,-28.260654,-26.812916,-26.558516,-27.771782,-27.234322,-25.315935,-23.76438,-29.618927,-30.37166,-25.872047,-26.650974,-26.878084,-24.268995,-26.23169,-26.325462,-26.214249,-26.639095,-24.539589,-26.775227,-27.015556,-29.184288,-27.317043,-23.058401,-25.024017,-26.799736,-21.058506,-22.606527,-27.910194,-29.807404,-32.8936,-28.925667,-28.293472,-25.734312,-25.12315,-23.892107,-25.570795,-24.96063,-24.305462,-25.302074,-25.300392,-26.523182,-26.809166,-25.863924,-25.39187,-26.292545,-26.616392,-27.314646,-27.030554,-28.607548,-26.626518,-25.187618,-27.637749,-27.651915,-26.730446,-25.146856,-25.592382,-26.438036,-26.762444,-26.407934,-26.065994,-26.257727,-25.876205,-27.365913,-29.521715,-23.47772,-21.139692,-24.718584,-28.922842,-29.363022,-32.0336,-35.3176,-34.89257,-36.140976,-39.74911,-37.691097,-35.660942,-38.22047,-39.94293,-37.54465,-37.880344,-42.743736,-47.12831,-39.057663,-36.702744,-41.78489,-44.819412,-43.004738,-39.058895,-29.443756,-28.160488,-27.575077,-25.01625,-27.797829,-25.329782,-22.702711,-28.185066,-29.25641,-25.405613,-26.661406,-30.857796,-28.431988,-28.501116,-28.161568,-27.58829,-26.157516,-28.97702,-30.90258,-30.577353,-28.181639,-25.137642,-24.036613,-26.453613,-26.54706,-25.50232,-27.04925,-25.846546,-27.410715,-27.08585,-26.399729,-27.922804,-25.847233,-26.012573,-26.403492,-28.739178,-26.493221,-22.790442,-23.522593,-23.459621,-24.307936,-26.79152,-27.80178,-26.665573,-26.135183,-25.5007,-25.84602,-27.784138,-26.950655,-27.814007,-26.974672,-25.476576,-26.543064,-28.234114,-26.915968,-29.05149,-28.135681,-24.825338,-26.441257,-26.89983,-27.111706,-25.323097,-24.76853,-26.715374,-24.44204,-24.634773,-27.183716,-28.487501,-32.267742,-27.806557,-25.083652,-28.848858,-30.101166,-29.166437,-28.643227,-26.947968,-26.927359,-27.168844,-29.133041,-23.477793,-24.496857,-26.95505,-26.667957,-25.290958,-26.28085,-28.752342,-30.08013,-27.040329,-24.07984,-24.473866,-25.896477,-25.446798,-24.530962,-25.405901,-25.485561,-28.514347,-28.519297,-26.780695,-25.58501,-25.61817,-28.427574,-30.126514,-27.783936,-25.15102,-24.724083,-25.122374,-27.27642,-26.083128,-21.318024,-24.139046,-33.05503,-28.33841,-25.830986,-24.5625,-27.818987,-27.788202,-26.08585,-27.417952,-27.306654,-27.443954,-28.179125,-25.551949,-24.44166,-28.958336,-26.995249,-23.487247,-25.421988,-27.964457,-26.136028,-25.226269,-26.608885,-28.295033,-28.705997,-28.330156,-28.02991,-27.207645,-28.592691,-29.165573,-28.577808,-28.831036,-29.99622,-30.541307,-26.0699,-21.947487,-24.77785,-24.92931,-24.958515,-28.197012,-27.716225,-26.136047,-26.153576,-23.985247,-24.843285,-26.180412,-25.446896,-24.88362,-25.195854,-24.04932,-23.546938,-24.584524,-25.679806,-26.860909,-24.414211,-22.115192,-25.969988,-26.31322,-25.334751,-26.399998,-30.163754,-27.226845,-27.496063,-24.100914,-25.634264,-25.951849,-24.594574,-27.311092,-25.864212,-25.554718,-28.940536,-26.363262,-26.514746,-27.61146,-27.545532,-27.436325,-27.08642,-26.154045,-26.074158,-27.297066,-28.78586,-30.503536,-27.204885,-26.454365,-28.259201,-30.012344,-30.117638,-30.89745,-29.32421,-31.550354,-27.176018,-26.044239,-26.145226,-23.259089,-25.974022,-29.503017,-28.248623,-26.626854,-27.946465,-25.741917,-27.047,-31.912169,-30.655699,-26.79786,-24.693096,-24.731174,-27.654776,-27.566797,-26.940756,-26.123634,-26.149904,-27.096195,-24.586952,-25.002178,-25.282574,-24.80162,-23.323654,-23.945724,-23.935919,-26.636017,-25.377464,-25.056068,-26.519207,-26.341412,-27.53089,-26.071293,-25.476978,-26.036186,-26.44062,-25.771788,-25.889194,-27.69762,-25.85906,-24.66798,-28.014317,-25.480995,-22.660074,-25.544367,-25.31109,-26.307974,-26.905733,-26.835032,-26.935112,-25.452961,-24.71788,-26.919449,-27.203175,-26.622477,-26.98278,-26.718151,-29.378136,-25.279495,-25.347332,-25.043839,-26.190845,-25.258669,-27.424911,-24.359716,-24.920383,-27.845995,-30.75734,-31.915325,-25.371067,-25.214832,-28.52395,-26.22879,-27.585403,-27.12943,-22.212229,-23.548323,-23.019222,-23.151594,-26.722134,-26.897715,-27.78272,-27.235855,-27.157707,-28.660572,-28.65738,-25.526905,-23.858969,-26.598127,-23.258331,-22.65026,-25.77851,-28.6745,-28.093452,-23.84634,-24.827568,-25.968906,-28.577185,-29.02004,-26.805702,-28.188683,-29.021032,-26.81835,-26.090294,-24.618591,-27.228409,-30.734365,-28.326794,-28.119102,-28.617107,-26.141068,-26.499056,-31.037193,-28.074171,-22.78593,-21.806421,-26.370453,-28.502169,-27.563028,-24.82139,-25.138596,-29.372921,-28.073338,-25.905209,-26.848976,-25.991516,-26.590633,-25.999594,-26.697102,-26.02581,-27.58078,-26.519234,-26.394995,-27.12398,-26.995403,-25.523624,-29.367516,-26.658047,-26.703856,-26.992252,-29.410807,-30.452484,-26.04935,-26.347198,-29.09011,-26.590553,-27.416433,-29.378868,-29.5033,-30.249119,-26.045408,-25.175774,-29.07807,-27.51166,-25.96745,-25.79235,-26.088455,-25.71563,-26.699554,-27.089281,-25.24733,-25.539505,-26.053185,-24.362232,-26.783669,-26.596819,-25.45752,-26.446753,-25.308935,-23.743336,-25.51576,-25.939512,-25.323284,-25.090939,-25.607985,-27.282038,-29.205647,-30.915531,-28.279211,-27.194473,-27.398138,-27.719276,-25.615276,-24.099754,-25.50743,-27.209486,-29.10786,-26.525808,-27.081995,-31.205938,-26.243305,-26.144108,-30.020554,-27.5908,-26.969173,-25.85165,-25.796066,-26.524815,-25.154219,-25.601887,-24.94397,-25.754223,-28.503181,-30.389841,-28.762045,-24.31837,-23.83546,-27.542276,-27.34554,-27.849405,-30.550287,-31.150915,-29.01055,-26.834154,-25.943169,-24.754395,-24.047655,-26.300358,-22.82034,-25.47652,-29.644875,-24.440226,-24.5252,-28.034369,-28.369057,-26.055443,-25.949091,-26.496895,-26.694538,-30.750124,-31.370207,-30.233126,-27.691813,-25.908691,-28.278366,-23.61599,-22.60825,-24.319607,-27.107723,-29.924173,-29.185059,-27.356655,-23.26609,-23.61565,-23.329052,-23.745403,-23.651175,-26.151493,-25.799297,-25.130499,-24.583208,-28.61508,-29.124374,-28.606844,-28.305597,-24.990852,-24.001217,-23.577497,-27.582298,-28.618446,-26.242859,-26.712261,-26.65113,-27.778532,-26.333206,-27.081823,-25.961735,-25.392668,-25.973366,-27.09742,-27.574184,-29.678719,-29.409058,-26.378445,-29.197361,-27.110043,-25.92001,-26.80452,-26.620697,-25.760622,-25.369398,-25.964334,-27.619919,-29.089636,-26.124245,-25.099728,-27.68939,-30.650637,-32.980732,-45.459114,-54.120483,-53.48513,-53.219032,-53.722725,-53.583805,-53.690147,-53.636375,-50.149353,-50.840614,-63.259804,-80.0,-80.0,-80.0,-80.0,-80.0,-80.0,-80.0,-80.0,-80.0,-80.0,-80.0,-80.0,-80.0,-80.0,-80.0,-80.0,-80.0,-80.0,-80.0,-80.0,-80.0,-80.0,-80.0,-80.0,-80.0,-80.0,-80.0,-80.0,-80.0,-80.0,-80.0,-80.0,-80.0,-80.0,-80.0,-80.0,-80.0,-80.0,-80.0,-80.0,-80.0,-80.0,-80.0,-80.0,-80.0,-80.0,-80.0,-80.0,-80.0,-80.0,-80.0,-80.0,-80.0,-80.0,-80.0,-80.0,-80.0,-80.0,-80.0,-80.0,-80.0,-80.0,-80.0,-80.0,-80.0,-80.0,-80.0,-80.0,-80.0,-80.0,-80.0,-80.0,-80.0,-80.0,-80.0,-80.0,-80.0,-80.0,-80.0,-80.0,-80.0,-80.0,-80.0,-80.0,-80.0,-80.0,-80.0,-80.0,-80.0,-80.0,-80.0,-80.0,-80.0,-80.0
-29.313053,-27.105633,-27.14499,-28.008112,-26.296406,-25.889856,-28.740795,-31.429455,-29.255146,-26.310448,-25.986763,-23.763443,-26.838234,-31.718746,-31.05095,-28.499577,-26.568893,-24.622585,-28.264603,-31.565,-31.75224,-27.471031,-23.234642,-25.255352,-28.004963,-29.29483,-27.278473,-25.459343,-27.445978,-31.037544,-29.842346,-27.490873,-26.874058,-30.031881,-30.117071,-29.528296,-28.527012,-27.96695,-29.860683,-29.474545,-30.029827,-29.901531,-26.440222,-24.544918,-25.188618,-24.724495,-25.053333,-28.042606,-26.394478,-23.709171,-24.507473,-27.01072,-29.863058,-30.50615,-26.172033,-25.380503,-24.332907,-24.957073,-26.464102,-28.617191,-28.270079,-26.412071,-27.033863,-30.586813,-26.816826,-25.718575,-28.924595,-27.847256,-27.492838,-27.784601,-25.362486,-27.360964,-24.353912,-23.167631,-22.60313,-25.535076,-25.272896,-24.634357,-25.460566,-26.515606,-26.791683,-26.00531,-23.452225,-25.903162,-25.50687,-25.73122,-25.991274,-23.21806,-25.29383,-24.580921,-24.990843,-25.33092,-23.377962,-25.945837,-23.80619,-24.022396,-25.997705,-25.096159,-24.442902,-23.95791,-24.28939,-27.264977,-29.017597,-28.84425,-27.121944,-25.922514,-25.864038,-29.770248,-31.997585,-32.557877,-34.816032,-38.734165,-38.27787,-37.70587,-38.063946,-35.911747,-37.956688,-40.28045,-37.95217,-37.55718,-41.205627,-45.11408,-40.800922,-37.605965,-41.330437,-43.51539,-42.30706,-36.426666,-26.926737,-25.013998,-25.240942,-22.768753,-25.52526,-25.195747,-23.168026,-28.46646,-28.458183,-25.380688,-23.799551,-26.137932,-26.749659,-25.698132,-25.23573,-26.117817,-27.115826,-28.035837,-24.617767,-26.217682,-28.42783,-27.004152,-27.70158,-30.14956,-28.46379,-29.04088,-28.703297,-24.501081,-23.563639,-25.447851,-26.987007,-28.805723,-26.405293,-24.857513,-25.298704,-28.739195,-26.763939,-23.900461,-24.085802,-26.876324,-26.360779,-27.71978,-26.29914,-26.388332,-25.875547,-25.25536,-27.384327,-26.192278,-23.79836,-26.393446,-28.46817,-28.663021,-29.096111,-28.983068,-27.636204,-23.764294,-24.382889,-29.393044,-33.587013,-31.718012,-31.36345,-25.460453,-22.30283,-27.337267,-23.254528,-22.404114,-26.608559,-26.76263,-27.697393,-26.348068,-27.649939,-30.82528,-28.42186,-23.781761,-24.016953,-22.914606,-25.980991,-30.196634,-29.061695,-25.811863,-25.058079,-23.983536,-24.498268,-24.47659,-24.946579,-27.685137,-28.021038,-29.32605,-26.057926,-23.500975,-22.979176,-21.13586,-21.869259,-22.1265,-21.90784,-27.29358,-28.685745,-28.864544,-26.244234,-23.735733,-23.813465,-26.024418,-25.576948,-26.18319,-25.408094,-27.230673,-26.853687,-27.189781,-25.465631,-27.2073,-29.037075,-27.47155,-27.394556,-26.734085,-28.377666,-26.230476,-27.047794,-26.694664,-26.439554,-23.818375,-28.17862,-28.495304,-27.808954,-28.726429,-28.146896,-25.909943,-25.054668,-26.504414,-27.080334,-26.779686,-29.350906,-28.843689,-29.852413,-29.176426,-26.82877,-26.283403,-26.714268,-27.157658,-29.134789,-28.660925,-29.514837,-29.440132,-26.916819,-25.699852,-29.387327,-28.89779,-28.70576,-26.97633,-27.375383,-26.847103,-23.387949,-25.054222,-28.059559,-26.683138,-29.474888,-28.798569,-28.34393,-28.214884,-26.32636,-24.458603,-26.147799,-27.488953,-27.934244,-26.668201,-27.73885,-26.1485,-24.887703,-26.962378,-28.83791,-27.989487,-28.22135,-25.633583,-26.603987,-27.916348,-26.248363,-26.765903,-23.932495,-26.467905,-28.328384,-25.541815,-27.883936,-28.937832,-26.768284,-22.40966,-23.583746,-27.63798,-29.235971,-26.974949,-25.409763,-25.646992,-25.559246,-28.094137,-24.371296,-26.073822,-30.36504,-30.245419,-29.750324,-29.893085,-28.412338,-26.02426,-24.41938,-25.043812,-27.715717,-26.098877,-24.397854,-23.812653,-25.30681,-29.368767,-27.49178,-25.431086,-26.02628,-26.491247,-28.914965,-27.25859,-26.463137,-25.366163,-25.674526,-26.621572,-27.086153,-27.858057,-26.664927,-26.475292,-25.736504,-24.20168,-23.54024,-24.452538,-26.206066,-26.754875,-27.09208,-26.387636,-24.109911,-25.62839,-26.459602,-26.982073,-28.246851,-30.737448,-29.362064,-28.206371,-30.279882,-29.839008,-26.255333,-24.191948,-25.117453,-25.522043,-25.26453,-27.98347,-27.872236,-26.743992,-28.399588,-27.422806,-26.422304,-27.789858,-29.61089,-27.779627,-27.897644,-23.755354,-25.190842,-27.551458,-27.250572,-23.226246,-25.385242,-24.37278,-25.790277,-26.547337,-24.23549,-23.348145,-25.689625,-27.977104,-28.003077,-27.557806,-24.143814,-24.962513,-28.863888,-29.877218,-26.66078,-27.112558,-27.424679,-26.46312,-23.863089,-23.003244,-23.09454,-26.638721,-27.404125,-25.262098,-24.7664,-27.492977,-28.004742,-25.0924,-24.262684,-26.311848,-29.082977,-29.099894,-26.751572,-27.54472,-26.803455,-25.769245,-24.255028,-27.365028,-30.166075,-26.638313,-22.669487,-25.79261,-25.676844,-25.550968,-26.586084,-25.70047,-29.399544,-29.39758,-28.63803,-28.670948,-27.895592,-27.242971,-26.728918,-26.634064,-26.115875,-24.749691,-25.002054,-27.978798,-28.444317,-25.465502,-27.531908,-29.223509,-27.602764,-25.006592,-25.671093,-27.163591,-27.94232,-30.183775,-25.969793,-26.951107,-26.955986,-28.371267,-27.200645,-28.294136,-26.945261,-26.774752,-26.118446,-26.265553,-24.070078,-25.549953,-28.992426,-25.199001,-24.88384,-25.705038,-26.617329,-28.914259,-28.306774,-26.44375,-26.02948,-26.831785,-28.329487,-26.351442,-25.041897,-29.543997,-30.71352,-26.169842,-23.933273,-25.688492,-25.376549,-27.829067,-26.135712,-24.522991,-23.911066,-26.511124,-25.182297,-26.2868,-27.620472,-29.278221,-31.146086,-28.41571,-25.372755,-24.58207,-26.256687,-29.051472,-30.670698,-28.764027,-28.96386,-27.745932,-29.776464,-27.597502,-27.273544,-28.04005,-29.062675,-28.756107,-30.33218,-28.121555,-27.114878,-32.49072,-27.412024,-26.570568,-29.934172,-28.67153,-26.797705,-29.17128,-24.257845,-24.418617,-24.628384,-26.664814,-27.36744,-25.110353,-25.425713,-26.22439,-24.190598,-24.864504,-23.261524,-23.325642,-25.185797,-22.037605,-23.776165,-25.58091,-26.017908,-26.570179,-25.840376,-23.945084,-26.350475,-27.255972,-22.84652,-21.168053,-24.168415,-22.436707,-23.763065,-31.586523,-27.638678,-24.699778,-26.433485,-26.77677,-25.471016,-26.277475,-28.043451,-30.927528,-29.7939,-25.46011,-26.436775,-26.498411,-26.091808,-28.61085,-26.058067,-26.624966,-24.315548,-25.801092,-26.863663,-27.007381,-26.259834,-26.00668,-25.495031,-23.13732,-23.955286,-24.623558,-26.85092,-26.342037,-27.33838,-26.646635,-28.793005,-27.839066,-28.394993,-27.631006,-25.6943,-27.637915,-27.437664,-26.343122,-25.714127,-26.060257,-26.466034,-27.535866,-28.154785,-26.897707,-26.917057,-26.842503,-24.909035,-24.68509,-27.238483,-29.274559,-30.026312,-29.000652,-29.4753,-25.631636,-26.756231,-25.285934,-25.644566,-25.117756,-26.860563,-25.363142,-23.410316,-24.318104,-26.037514,-25.683167,-24.159182,-25.776094,-29.322153,-31.563389,-42.060688,-52.68965,-52.077446,-51.81071,-52.312965,-52.16099,-52.265167,-52.251915,-49.916145,-51.818443,-64.9377,-80.0,-80.0,-80.0,-80.0,-80.0,-80.0,-80.0,-80.0,-80.0,-80.0,-80.0,-80.0,-80.0,-80.0,-80.0,-80.0,-80.0,-80.0,-80.0,-80.0,-80.0,-80.0,-80.0,-80.0,-80.0,-80.0,-80.0,-80.0,-80.0,-80.0,-80.0,-80.0,-80.0,-80.0,-80.0,-80.0,-80.0,-80.0,-80.0,-80.0,-80.0,-80.0,-80.0,-80.0,-80.0,-80.0,-80.0,-80.0,-80.0,-80.0,-80.0,-80.0,-80.0,-80.0,-80.0,-80.0,-80.0,-80.0,-80.0,-80.0,-80.0,-80.0,-80.0,-80.0,-80.0,-80.0,-80.0,-80.0,-80.0,-80.0,-80.0,-80.0,-80.0,-80.0,-80.0,-80.0,-80.0,-80.0,-80.0,-80.0,-80.0,-80.0,-80.0,-80.0,-80.0,-80.0,-80.0,-80.0,-80.0,-80.0,-80.0,-80.0,-80.0,-80.0
-26.556963,-28.010841,-30.538136,-25.71525,-26.597158,-24.80391,-24.04507,-27.968891,-28.435364,-28.51104,-29.0336,-27.685507,-26.256628,-26.806458,-27.892395,-28.203548,-27.297691,-24.411404,-24.151867,-27.14313,-28.179182,-25.538935,-22.412165,-23.218527,-27.01308,-27.59894,-25.31892,-26.145107,-28.672676,-27.483997,-26.234589,-26.031479,-25.506386,-22.42854,-24.437489,-26.686737,-28.027523,-27.436562,-29.163635,-27.435379,-25.150404,-23.96902,-25.453876,-27.937508,-25.389233,-24.46476,-28.12546,-28.724163,-27.77005,-27.937664,-25.289467,-26.078094,-30.737164,-30.764282,-27.410744,-27.974499,-30.16306,-29.019175,-24.77014,-25.873894,-28.60199,-24.774769,-23.521832,-26.203897,-26.42203,-26.991901,-25.057371,-26.32564,-28.02972,-28.079197,-26.956257,-30.002787,-27.562237,-21.46894,-23.816198,-29.371765,-28.843933,-26.186924,-26.52623,-26.204382,-26.414646,-25.764668,-27.009554,-25.938686,-26.027306,-26.790854,-26.010769,-24.399881,-25.77172,-26.595833,-25.425142,-28.219786,-29.091127,-28.007784,-27.358227,-25.957031,-26.85065,-24.792221,-24.002594,-25.351067,-25.356216,-29.596672,-28.273106,-26.211187,-28.061832,-27.40872,-28.679987,-28.515831,-26.517033,-26.73212,-31.809458,-36.869373,-36.830597,-36.116283,-38.44018,-37.88943,-38.40221,-39.758247,-39.98882,-39.84484,-40.637585,-45.150814,-41.484158,-39.811207,-42.20894,-42.108192,-41.552025,-36.2008,-28.367887,-26.798897,-28.085451,-27.300909,-29.376564,-29.054808,-28.075926,-28.77813,-27.479649,-28.64993,-29.666174,-30.494474,-27.49814,-23.974667,-24.13042,-27.828743,-30.226812,-30.283224,-28.298717,-27.988739,-29.687244,-26.849298,-24.518883,-27.08672,-27.137789,-26.840042,-26.408306,-24.641605,-24.04335,-24.238213,-25.947344,-29.19543,-28.715805,-24.486244,-27.087662,-30.871593,-28.965511,-26.647606,-25.771437,-28.746672,-29.287643,-27.557077,-28.507183,-28.698475,-26.33493,-27.454195,-27.689358,-27.733349,-26.701899,-25.648024,-27.920465,-27.053211,-24.951004,-24.849972,-24.842213,-24.342886,-23.758036,-27.455116,-28.791344,-27.110373,-29.482296,-28.832891,-26.138433,-25.94062,-27.272043,-29.930788,-29.518612,-26.366728,-23.909164,-24.821688,-25.535496,-22.091522,-23.619108,-25.23228,-27.172272,-25.540888,-26.65186,-29.596087,-31.279987,-28.778845,-29.138268,-29.256311,-23.657253,-23.885744,-25.32145,-24.03505,-25.504095,-27.907377,-26.525343,-25.643944,-25.28766,-23.873997,-23.710564,-24.452244,-26.674667,-27.141956,-27.812672,-29.54988,-29.052658,-24.587975,-25.246296,-25.830273,-27.82463,-26.52284,-25.827202,-26.750458,-28.791368,-27.052933,-27.102474,-25.84937,-22.27876,-21.546944,-26.782724,-26.409561,-28.346111,-26.691057,-26.086147,-26.84914,-28.98137,-26.151085,-27.646599,-27.448332,-24.129124,-26.578127,-27.804703,-27.658073,-25.373623,-26.247122,-26.29749,-28.02342,-29.01905,-26.085848,-25.43223,-29.6147,-29.06687,-28.746243,-28.12611,-27.249325,-27.974495,-26.272785,-27.678354,-28.501797,-23.921104,-26.173183,-31.647036,-28.63925,-26.666454,-26.966349,-23.8307,-23.332418,-24.20083,-28.488537,-28.74836,-29.909595,-30.082897,-26.645575,-27.635723,-29.845175,-29.707054,-27.30811,-23.792366,-26.366808,-30.212978,-28.673706,-26.115698,-27.563393,-25.264988,-25.392925,-25.690044,-24.797142,-26.291359,-26.645538,-24.05274,-26.93758,-28.267273,-25.268667,-24.65128,-28.231096,-28.036259,-25.245369,-23.153587,-25.835106,-29.11364,-27.549652,-26.044064,-26.411541,-25.734928,-25.83142,-28.017014,-25.487085,-26.324242,-28.36769,-25.607468,-26.69608,-29.295906,-28.722595,-28.752325,-26.21678,-25.519417,-26.44091,-27.914804,-28.457592,-27.742657,-25.273594,-24.664154,-26.445124,-27.936832,-27.076738,-24.258606,-24.626968,-27.232258,-30.355175,-30.633942,-28.918362,-24.9999,-23.638008,-24.737999,-26.947702,-26.64343,-28.10741,-29.833508,-29.68444,-26.386055,-24.501503,-25.717924,-28.088886,-28.105984,-25.055195,-25.210987,-28.33685,-28.148499,-27.211061,-26.323357,-27.179928,-27.523033,-27.122032,-25.905056,-25.269493,-23.39692,-27.028643,-27.196379,-25.683657,-25.316704,-24.812572,-23.720991,-22.715782,-24.602737,-27.666336,-28.087275,-28.677002,-27.547157,-25.931986,-23.727188,-24.071404,-24.95692,-27.213585,-26.44286,-29.538033,-24.769768,-23.251766,-26.98906,-27.358341,-24.03273,-26.567205,-24.6597,-22.998144,-25.44407,-28.310318,-25.744123,-24.956154,-27.102188,-26.508446,-23.45483,-22.313042,-26.33619,-29.221191,-28.559813,-28.873875,-27.572746,-28.331474,-29.921457,-32.250362,-28.893587,-25.092476,-25.059597,-24.91275,-23.142254,-24.28132,-25.095398,-27.254322,-28.74484,-26.704632,-23.353561,-26.259264,-26.253986,-25.525406,-22.425613,-25.000122,-31.473333,-27.886238,-26.907036,-29.0214,-27.673534,-27.527927,-27.008163,-25.549782,-24.858028,-25.654118,-25.200493,-26.766207,-27.664291,-27.6609,-24.662376,-25.582806,-26.158737,-26.555988,-27.423977,-27.784256,-26.834316,-25.631083,-26.069187,-29.780394,-24.737938,-23.643585,-26.642038,-28.48423,-24.591019,-23.758957,-25.643097,-25.915667,-27.906454,-31.76553,-29.80616,-26.81625,-26.371851,-26.33577,-24.466908,-24.018847,-24.801823,-29.29685,-27.594915,-25.478754,-23.51687,-24.524109,-26.919712,-28.773949,-27.416405,-27.072344,-27.013264,-27.225569,-27.094896,-28.431988,-27.133821,-29.949936,-29.706778,-27.137592,-27.207785,-27.179722,-26.286798,-26.238861,-28.56179,-26.881489,-26.050327,-28.342009,-25.636469,-25.16766,-28.172915,-29.483665,-27.434984,-27.63725,-25.982105,-24.093767,-25.21487,-30.070028,-30.882862,-29.031796,-28.062428,-29.201054,-28.307081,-25.355087,-24.908115,-28.684128,-26.181492,-27.203371,-28.673714,-27.526714,-27.555336,-28.168926,-27.506172,-28.053555,-28.124905,-26.372332,-24.50128,-26.726442,-24.92551,-26.2014,-25.810078,-25.178072,-26.871862,-28.089512,-24.495272,-25.667707,-24.448006,-23.881105,-23.88286,-24.102509,-26.462273,-24.471497,-25.523268,-27.620638,-27.283007,-26.766148,-28.240856,-25.008808,-24.446186,-25.676214,-23.20039,-23.44923,-25.144226,-23.957062,-22.727074,-23.585926,-25.323612,-26.354694,-26.2448,-25.912788,-29.089937,-29.530651,-29.52604,-29.73562,-26.50874,-24.791508,-27.680874,-30.457289,-31.18495,-30.593662,-29.096434,-29.597443,-30.613503,-29.672157,-27.780792,-31.003653,-30.326832,-25.693478,-27.401104,-28.294342,-30.878775,-28.134954,-23.992863,-24.649582,-26.638641,-28.48993,-26.354546,-25.410896,-26.535355,-29.457611,-28.599144,-26.465282,-30.268087,-28.241455,-27.452465,-27.61115,-25.698292,-24.371723,-24.920643,-31.166489,-32.231983,-27.63853,-24.384933,-25.564907,-29.697586,-29.62175,-31.393246,-26.575539,-26.263437,-27.200222,-26.896759,-26.247343,-23.618973,-24.565548,-29.053349,-29.389128,-26.358862,-26.178284,-26.943766,-26.70685,-29.759335,-30.595835,-26.895657,-29.593323,-40.077457,-41.768215,-41.581684,-41.505318,-41.647305,-41.620052,-41.65091,-41.632965,-41.696907,-46.660088,-64.99092,-80.0,-80.0,-80.0,-80.0,-80.0,-80.0,-80.0,-80.0,-80.0,-80.0,-80.0,-80.0,-80.0,-80.0,-80.0,-80.0,-80.0,-80.0,-80.0,-80.0,-80.0,-80.0,-80.0,-80.0,-80.0,-80.0,-80.0,-80.0,-80.0,-80.0,-80.0,-80.0,-80.0,-80.0,-80.0,-80.0,-80.0,-80.0,-80.0,-80.0,-80.0,-80.0,-80.0,-80.0,-80.0,-80.0,-80.0,-80.0,-80.0,-80.0,-80.0,-80.0,-80.0,-80.0,-80.0,-80.0,-80.0,-80.0,-80.0,-80.0,-80.0,-80.0,-80.0,-80.0,-80.0,-80.0,-80.0,-80.0,-80.0,-80.0,-80.0,-80.0,-80.0,-80.0,-80.0,-80.0,-80.0,-80.0,-80.0,-80.0,-80.0,-80.0,-80.0,-80.0,-80.0,-80.0,-80.0,-80.0,-80.0,-80.0,-80.0,-80.0,-80.0,-80.0
-24.762049,-26.649363,-29.366055,-28.293734,-26.793253,-25.06253,-24.330196,-26.506771,-27.699604,-29.712364,-32.090515,-26.119667,-23.447157,-23.277636,-26.935852,-27.403416,-26.22841,-25.351513,-28.255482,-27.936266,-25.467989,-24.342388,-25.521042,-27.167242,-24.37487,-24.462997,-26.132233,-25.988518,-27.51348,-25.93594,-24.642164,-28.675251,-30.398537,-23.777617,-23.780407,-26.58387,-27.849606,-27.335081,-24.381927,-26.533545,-25.486614,-24.649864,-25.148697,-26.923897,-27.044434,-27.61779,-29.449556,-27.763405,-25.765896,-24.901474,-24.717636,-26.939556,-28.344542,-33.064926,-27.422132,-26.084253,-27.761278,-26.9308,-30.168747,-31.455334,-25.681309,-25.472504,-25.456684,-25.332022,-24.434685,-24.566198,-26.199705,-27.57241,-28.57292,-26.655905,-26.930534,-27.214348,-24.555899,-25.337807,-27.384354,-28.990316,-28.557545,-27.355942,-27.414642,-25.462547,-27.04894,-26.351715,-23.793934,-24.013302,-28.125057,-28.247746,-27.45265,-24.797699,-24.683924,-26.257261,-23.839167,-26.174583,-33.867805,-31.729008,-28.541378,-27.208405,-25.80633,-25.700104,-28.324331,-25.287985,-26.079933,-26.760708,-26.417706,-27.520332,-28.184471,-28.782843,-28.28652,-25.089855,-25.500393,-26.513432,-28.987827,-36.87636,-39.113907,-39.410477,-38.95614,-38.386173,-36.473553,-38.635193,-41.96406,-41.54009,-43.723648,-46.591732,-40.469627,-37.48246,-40.020653,-38.717422,-41.21061,-44.142696,-35.309834,-29.506516,-27.56017,-25.004408,-26.110134,-25.033646,-25.85508,-28.071123,-25.298208,-28.773075,-32.714798,-32.142815,-28.250391,-26.602238,-31.072811,-24.596008,-21.990671,-26.569496,-26.889479,-27.63928,-27.24738,-29.108706,-28.069859,-30.415531,-28.737883,-27.671255,-25.156315,-24.865429,-28.452766,-25.801062,-26.164627,-26.150848,-23.917004,-23.04983,-26.43259,-27.824888,-27.57328,-27.349703,-28.416065,-31.132551,-27.97918,-26.965183,-29.468548,-27.194418,-25.936253,-24.933743,-26.329826,-28.184612,-29.22433,-26.215485,-26.380283,-26.010067,-25.148418,-23.145096,-25.330141,-26.267515,-25.995928,-27.583572,-26.449701,-26.610031,-28.162508,-26.018402,-25.241749,-22.516485,-25.47366,-30.577002,-27.868214,-22.867317,-20.37835,-23.643948,-27.190607,-22.291225,-22.297623,-26.438076,-29.804632,-24.244505,-24.251043,-28.631039,-29.45923,-28.415009,-27.257702,-25.612722,-23.470047,-25.480825,-27.1128,-25.784649,-29.359058,-30.551323,-29.289078,-26.345526,-27.043526,-29.684752,-30.41309,-28.631538,-27.389866,-24.45502,-25.911459,-26.601658,-28.58146,-27.156048,-27.38071,-27.195984,-25.902992,-27.349068,-24.1228,-23.582565,-26.681318,-24.905293,-28.569368,-28.93134,-26.76382,-24.697968,-24.844616,-24.486986,-23.79959,-25.980145,-26.857763,-26.592878,-26.566355,-31.11719,-27.78645,-25.647081,-26.876888,-26.299229,-26.850868,-28.27724,-27.666159,-27.635447,-24.904594,-26.588085,-29.315556,-29.234072,-25.55729,-28.177494,-29.70361,-26.186005,-26.499989,-30.673544,-26.529354,-24.589725,-24.638325,-27.674416,-25.949188,-27.178917,-27.783459,-30.07877,-26.897154,-27.390066,-28.704094,-30.41322,-26.298628,-25.8998,-25.833048,-27.039068,-26.06218,-24.420464,-26.066727,-29.806519,-27.710308,-27.017565,-27.16703,-28.519384,-29.310062,-26.881447,-25.881355,-24.044735,-25.021172,-25.929916,-28.441395,-29.544807,-29.99552,-25.24062,-23.566763,-25.839762,-26.273024,-26.996971,-28.344168,-27.105324,-26.305277,-25.177406,-26.692356,-28.150528,-28.774405,-28.272186,-27.993221,-28.293936,-28.018433,-29.693943,-29.44495,-27.299475,-23.685043,-25.463428,-26.02958,-25.17953,-25.115355,-29.932865,-27.787537,-27.240768,-26.198051,-28.141296,-30.021563,-29.416695,-27.536404,-27.536552,-26.527939,-26.491983,-27.036144,-25.399788,-25.36213,-27.479,-26.484838,-27.862976,-27.517998,-24.573288,-24.243637,-26.451303,-24.05737,-23.550295,-26.517199,-26.450012,-27.762276,-27.114859,-24.390102,-27.102024,-27.474522,-28.617992,-27.324253,-27.93042,-26.84967,-24.465172,-25.657455,-30.106102,-27.853825,-25.393475,-26.157059,-26.117413,-24.699469,-27.01072,-25.806316,-30.68974,-29.07389,-25.274612,-27.118944,-29.755238,-24.763786,-23.230282,-23.988993,-24.402615,-25.361977,-26.458143,-28.603539,-29.429283,-25.39386,-23.980509,-24.346596,-27.181564,-29.588276,-27.369408,-26.375664,-22.773973,-22.053446,-22.931843,-24.784807,-27.837105,-28.94867,-27.690907,-28.12986,-27.173635,-30.893839,-28.074615,-25.865913,-28.611149,-25.687973,-25.274849,-26.703625,-28.005974,-29.635365,-28.747183,-24.997192,-24.679855,-25.381111,-22.356354,-24.44394,-28.626873,-28.876095,-28.21809,-28.498144,-32.30591,-31.539642,-28.686987,-30.457672,-25.342064,-23.819035,-26.395058,-27.241304,-25.948816,-27.578014,-33.21687,-31.905077,-27.711332,-26.457964,-26.74644,-27.9811,-30.385744,-26.334839,-25.429352,-26.357979,-25.830063,-26.960526,-25.095863,-23.265873,-25.569046,-25.635546,-24.548504,-23.579277,-26.759632,-27.790087,-27.14698,-25.461704,-25.63935,-26.505194,-28.455326,-29.342472,-26.377596,-24.842457,-26.864105,-26.20723,-23.224497,-23.025414,-25.670624,-27.811293,-27.016726,-26.636374,-27.719604,-28.00705,-26.329403,-26.284632,-23.988235,-24.108128,-26.438305,-26.61176,-28.48541,-25.364962,-25.6492,-26.248112,-27.920568,-29.187126,-28.527485,-26.27633,-26.033024,-25.946075,-26.13079,-26.521801,-28.64495,-31.866684,-27.936668,-28.5164,-29.16468,-26.09008,-27.827919,-29.370258,-26.685858,-22.811743,-23.762945,-27.324793,-25.409416,-27.760868,-28.447685,-26.34119,-28.866053,-28.873354,-26.986523,-28.749819,-26.333118,-25.945175,-31.241781,-28.621933,-28.2598,-30.130856,-28.254313,-26.192648,-28.888851,-25.527763,-24.140984,-27.048084,-27.662748,-27.024555,-26.97758,-27.279243,-27.713133,-26.000946,-28.275776,-27.653637,-29.08205,-29.031094,-28.080826,-25.707455,-24.826712,-26.332214,-26.607014,-26.3951,-29.9869,-28.315624,-26.028152,-26.515772,-29.37457,-28.355343,-27.257273,-29.574509,-30.706942,-27.82832,-26.693975,-27.452713,-26.782787,-27.210398,-27.894835,-26.616837,-29.230751,-28.658718,-27.548769,-27.747005,-24.436728,-23.149677,-24.072554,-24.810535,-22.584698,-24.888,-27.567741,-29.290518,-26.240288,-29.152699,-29.139225,-28.330921,-26.936443,-27.824738,-26.35388,-25.345295,-24.21153,-26.021936,-28.160503,-26.329985,-28.175503,-29.038448,-25.264782,-28.08636,-28.67995,-30.49809,-31.41965,-29.270826,-27.210112,-28.163967,-26.921131,-24.131218,-22.223595,-25.932682,-31.26659,-28.991993,-25.629818,-27.14114,-28.059685,-25.360859,-26.399021,-26.764233,-26.264736,-28.386839,-31.38865,-29.28299,-27.630936,-28.24306,-26.65173,-24.938107,-28.398376,-32.301968,-28.922396,-27.74194,-27.129707,-27.744184,-27.8279,-25.918743,-27.048573,-26.380527,-28.443806,-28.395147,-28.239895,-27.53004,-29.037334,-28.459335,-31.168377,-27.224857,-26.950153,-36.2264,-37.78913,-37.981716,-38.0701,-37.909077,-37.945213,-37.912,-37.926655,-39.44682,-45.387894,-66.64609,-80.0,-80.0,-80.0,-80.0,-80.0,-80.0,-80.0,-80.0,-80.0,-80.0,-80.0,-80.0,-80.0,-80.0,-80.0,-80.0,-80.0,-80.0,-80.0,-80.0,-80.0,-80.0,-80.0,-80.0,-80.0,-80.0,-80.0,-80.0,-80.0,-80.0,-80.0,-80.0,-80.0,-80.0,-80.0,-80.0,-80.0,-80.0,-80.0,-80.0,-80.0,-80.0,-80.0,-80.0,-80.0,-80.0,-80.0,-80.0,-80.0,-80.0,-80.0,-80.0,-80.0,-80.0,-80.0,-80.0,-80.0,-80.0,-80.0,-80.0,-80.0,-80.0,-80.0,-80.0,-80.0,-80.0,-80.0,-80.0,-80.0,-80.0,-80.0,-80.0,-80.0,-80.0,-80.0,-80.0,-80.0,-80.0,-80.0,-80.0,-80.0,-80.0,-80.0,-80.0,-80.0,-80.0,-80.0,-80.0,-80.0,-80.0,-80.0,-80.0,-80.0,-80.0
-28.794819,-25.628319,-28.818413,-28.664408,-26.585287,-26.48263,-27.38662,-26.90118,-28.171257,-26.077637,-27.317982,-25.445602,-26.043503,-27.11955,-29.024849,-29.286804,-25.291769,-24.49328,-30.560154,-32.20146,-30.410908,-25.734116,-26.303837,-30.24189,-28.242107,-27.50878,-28.977062,-31.735857,-30.795788,-29.85627,-25.957298,-24.8667,-26.63888,-23.500786,-21.068983,-24.072361,-26.67627,-25.084232,-23.894215,-25.633768,-25.314478,-26.709501,-27.62543,-24.898413,-24.27074,-27.356869,-24.797997,-26.291653,-25.486876,-25.795086,-26.81326,-26.105518,-26.538292,-29.671652,-26.669003,-24.853884,-26.605804,-25.58382,-24.59668,-25.516819,-25.81882,-26.700108,-26.980448,-24.857483,-24.119186,-24.855583,-26.409697,-26.251797,-25.044638,-24.11721,-26.692543,-27.605186,-25.234318,-28.221634,-24.822035,-23.52468,-26.438847,-26.358284,-24.772839,-23.92595,-25.869791,-27.849487,-24.69079,-24.763178,-25.426617,-28.965801,-29.154865,-26.324701,-23.444801,-23.20529,-27.891466,-31.254368,-31.180489,-27.193409,-24.934258,-24.384659,-24.704468,-28.789661,-31.435196,-29.392916,-28.625298,-26.068592,-28.195688,-27.176693,-28.45011,-27.866238,-24.635769,-24.848953,-28.900114,-29.49188,-31.162594,-34.332302,-35.8954,-36.94883,-35.96413,-38.220894,-39.656918,-40.812355,-39.048843,-40.05255,-43.54648,-47.181503,-42.369404,-37.614864,-38.76165,-41.70627,-44.192303,-39.583443,-31.540667,-25.196901,-24.20324,-26.350897,-27.069977,-26.246605,-24.112679,-24.080315,-27.754557,-32.07842,-28.414995,-26.03663,-26.431332,-29.062729,-29.816986,-24.475006,-24.345404,-28.1179,-24.35319,-24.877619,-26.813171,-27.862291,-28.405745,-31.437174,-30.883003,-28.642578,-26.221563,-24.8299,-25.82405,-27.905714,-29.63488,-28.57314,-28.229017,-26.999397,-24.278845,-24.248812,-24.115093,-25.116425,-26.64767,-23.660791,-23.486,-23.309515,-26.47832,-27.44965,-26.538069,-26.039227,-26.213318,-27.686934,-28.70089,-27.324793,-30.098064,-27.428883,-26.458542,-27.293165,-29.754179,-25.817572,-24.331072,-27.638945,-28.424963,-27.287598,-28.490044,-24.67891,-24.6751,-26.525696,-27.949993,-29.550959,-26.23457,-24.951565,-26.568687,-27.498993,-27.49,-24.305613,-22.83535,-28.421864,-25.876856,-25.530666,-23.933691,-26.294275,-27.09676,-25.591284,-28.567219,-28.89386,-26.467884,-25.251165,-23.995987,-24.243093,-26.813988,-27.371386,-25.611412,-24.224382,-26.342958,-27.82835,-28.820524,-29.028666,-30.297329,-25.706379,-24.14001,-25.06113,-26.794422,-28.158184,-26.35609,-23.686733,-25.502134,-29.34369,-29.622875,-30.155277,-29.615849,-25.250418,-25.432295,-29.092623,-28.778898,-26.508217,-23.641195,-23.705437,-27.103878,-28.480614,-26.395256,-26.99255,-29.162457,-29.786879,-28.190086,-25.626818,-28.968275,-30.255116,-30.39279,-28.18325,-28.659828,-27.348375,-28.43611,-29.065779,-29.128372,-25.45322,-26.046227,-30.28245,-25.987968,-25.515934,-29.788586,-31.016098,-25.475353,-26.566257,-27.020931,-25.030704,-24.654139,-28.09633,-30.747204,-28.383121,-26.203428,-24.95007,-29.180868,-29.603962,-28.381504,-28.713121,-25.45338,-24.268152,-24.331772,-25.560337,-28.754303,-28.527334,-26.515297,-26.232635,-26.337845,-25.227083,-25.569744,-25.385677,-24.92823,-25.052032,-26.633987,-27.535599,-26.664648,-26.835793,-28.554142,-25.017044,-24.463634,-27.9449,-26.643333,-27.925463,-27.737381,-26.88362,-28.799522,-28.06003,-27.18931,-29.115822,-29.006823,-27.890224,-28.39048,-30.164518,-29.7893,-28.158308,-26.788172,-28.584665,-27.542622,-26.264015,-28.480057,-29.300524,-27.582756,-27.668543,-25.926723,-26.712805,-29.294968,-26.073019,-26.855194,-30.337622,-30.411867,-28.756279,-26.482487,-26.605392,-26.400244,-24.35234,-26.888702,-25.7956,-25.09236,-28.334694,-27.466526,-25.953413,-27.2999,-27.73501,-25.066448,-25.579405,-29.236473,-27.87012,-24.863186,-26.743698,-27.901716,-26.472727,-26.98265,-29.127687,-28.07585,-25.84161,-27.541012,-25.170795,-24.746948,-31.897734,-32.377834,-28.975246,-29.990828,-30.339685,-30.878857,-31.213736,-27.541744,-27.000797,-26.319166,-25.885914,-29.402958,-30.000904,-26.22493,-25.535578,-25.229467,-25.388096,-25.630463,-25.159464,-26.518631,-29.44131,-27.019852,-25.929377,-28.326935,-31.324781,-29.030926,-29.726812,-28.807493,-24.876581,-25.414173,-24.783482,-26.477638,-27.934963,-27.82109,-26.990677,-24.075338,-24.320793,-28.230066,-29.870205,-30.52511,-26.869118,-22.586933,-22.806997,-27.11841,-26.928062,-26.998951,-29.98215,-23.932455,-24.05719,-24.441814,-22.806873,-24.332106,-22.890398,-22.23713,-25.269087,-26.470528,-27.654842,-27.966267,-24.63709,-24.827188,-28.098757,-25.423697,-22.379276,-25.890171,-29.067064,-29.26449,-30.9062,-29.736546,-28.775776,-27.701143,-26.530869,-28.493313,-29.789978,-25.573284,-25.865253,-27.021202,-24.254261,-22.377396,-22.816793,-25.063549,-28.762472,-27.133522,-24.089756,-25.545673,-25.227058,-24.970455,-25.10652,-27.40494,-27.212946,-24.736668,-24.011696,-28.226639,-28.80466,-26.276031,-26.90146,-30.02533,-29.208313,-26.234491,-26.0109,-24.57329,-24.947243,-27.040253,-30.720356,-29.190907,-27.55552,-25.952492,-23.761084,-25.398972,-26.55727,-25.041739,-27.751287,-25.850597,-26.862785,-28.030478,-29.509964,-26.091429,-24.193703,-24.66951,-25.600512,-25.271206,-27.414139,-26.301998,-27.19023,-27.254446,-27.206982,-27.175413,-26.912937,-24.792442,-25.428246,-27.896185,-29.560957,-25.593164,-26.841948,-25.54216,-23.769058,-26.700436,-28.698494,-28.434456,-27.709265,-26.180622,-25.705463,-25.464706,-21.631067,-23.524057,-25.71629,-24.30267,-23.958912,-26.25601,-27.120531,-25.83426,-27.306461,-28.374866,-25.516266,-26.3182,-28.340359,-28.693771,-27.401604,-30.256077,-28.642448,-26.110886,-26.725645,-29.051714,-30.249105,-25.987766,-25.76111,-25.43347,-23.333488,-24.691969,-24.098562,-28.602901,-27.944096,-26.960207,-25.988752,-27.656387,-27.948711,-26.499134,-30.073727,-28.638012,-28.680138,-29.70834,-28.100319,-25.166004,-26.306038,-29.939072,-28.230068,-25.768806,-27.260197,-25.663975,-24.709698,-26.865486,-24.439543,-23.289501,-28.250828,-29.766672,-24.336388,-24.598936,-29.189083,-30.607353,-27.75266,-29.527159,-28.05637,-25.647009,-27.668085,-29.41093,-24.927214,-22.731445,-22.837902,-25.442719,-25.065582,-24.071272,-26.258629,-24.339062,-23.282562,-26.93145,-27.6125,-27.042616,-28.006516,-28.34766,-27.827282,-25.77002,-26.81865,-26.459972,-23.55906,-26.66965,-30.567919,-25.682743,-21.636972,-23.33838,-24.037352,-24.769848,-26.128498,-24.49813,-24.19096,-26.536507,-29.972044,-29.090786,-28.745918,-29.390882,-28.176743,-28.841906,-29.475853,-31.747076,-29.92749,-28.110607,-26.608332,-26.91351,-26.66915,-26.944656,-28.98671,-31.694159,-31.555706,-30.89305,-26.623755,-25.189547,-24.360983,-25.321686,-30.41063,-30.846294,-30.009369,-39.376663,-47.998756,-47.314705,-47.043392,-47.55181,-47.436066,-47.54822,-47.505943,-46.28815,-50.636223,-67.24837,-80.0,-80.0,-80.0,-80.0,-80.0,-80.0,-80.0,-80.0,-80.0,-80.0,-80.0,-80.0,-80.0,-80.0,-80.0,-80.0,-80.0,-80.0,-80.0,-80.0,-80.0,-80.0,-80.0,-80.0,-80.0,-80.0,-80.0,-80.0,-80.0,-80.0,-80.0,-80.0,-80.0,-80.0,-80.0,-80.0,-80.0,-80.0,-80.0,-80.0,-80.0,-80.0,-80.0,-80.0,-80.0,-80.0,-80.0,-80.0,-80.0,-80.0,-80.0,-80.0,-80.0,-80.0,-80.0,-80.0,-80.0,-80.0,-80.0,-80.0,-80.0,-80.0,-80.0,-80.0,-80.0,-80.0,-80.0,-80.0,-80.0,-80.0,-80.0,-80.0,-80.0,-80.0,-80.0,-80.0,-80.0,-80.0,-80.0,-80.0,-80.0,-80.0,-80.0,-80.0,-80.0,-80.0,-80.0,-80.0,-80.0,-80.0,-80.0,-80.0,-80.0,-80.0
-29.401367,-24.7899,-28.51884,-28.62388,-27.315922,-28.083591,-25.046383,-24.673435,-25.667234,-23.914917,-26.567057,-30.225903,-26.780373,-27.204123,-26.663078,-25.288334,-27.550928,-26.130568,-24.630558,-26.171299,-29.970549,-28.195791,-25.818161,-25.010773,-23.913221,-27.71046,-27.488924,-27.375427,-26.33872,-26.983128,-25.297073,-23.838158,-25.881413,-27.55122,-27.042381,-32.48567,-28.01132,-26.271786,-26.869186,-25.232042,-25.954363,-27.707294,-26.704842,-27.511183,-27.252346,-28.95699,-28.73235,-30.0878,-31.320642,-29.308992,-30.081491,-31.843254,-26.709324,-23.99194,-26.814907,-28.740955,-27.08268,-27.872646,-28.051613,-25.593761,-28.542458,-29.695278,-25.466854,-26.144367,-25.18291,-27.116852,-27.129087,-26.722652,-27.399668,-27.329935,-26.792767,-26.060616,-26.102566,-30.275425,-27.786995,-26.550373,-26.915047,-25.831045,-25.299099,-26.048927,-24.527344,-24.530981,-26.7144,-24.976484,-24.14669,-29.084293,-29.754398,-28.567043,-23.28341,-22.755869,-27.130104,-27.207268,-26.944654,-25.93324,-24.842886,-26.001095,-27.735088,-28.890583,-27.041126,-26.0649,-24.70346,-25.237007,-29.105927,-29.488758,-28.521778,-26.050312,-25.181665,-27.226053,-31.368858,-27.779423,-29.716751,-37.0195,-38.4877,-40.82649,-40.66481,-40.13459,-40.680344,-41.73987,-39.58949,-40.5592,-45.470726,-49.776783,-47.50611,-41.468273,-41.68792,-40.467857,-40.590645,-37.256454,-30.430687,-27.085468,-26.097313,-28.317982,-28.43317,-28.412188,-27.527988,-27.924587,-29.745785,-28.151207,-23.617392,-24.47285,-26.471958,-29.375286,-27.20874,-26.867575,-28.282528,-27.850693,-26.88255,-27.254757,-27.929249,-30.793217,-31.199148,-30.327751,-26.950588,-27.201807,-26.662624,-26.887787,-26.380896,-26.212841,-27.429903,-26.567139,-28.363535,-28.181568,-25.725931,-25.3517,-27.531666,-26.435831,-25.332327,-24.11396,-26.411022,-26.73118,-26.864483,-28.034815,-27.905903,-26.711525,-26.663485,-24.680548,-26.874058,-29.485508,-25.590153,-23.0396,-28.370619,-28.656893,-27.442797,-22.582796,-23.138866,-26.950352,-25.637821,-28.511286,-27.60425,-25.79712,-25.28694,-27.272224,-27.904732,-28.519306,-25.570583,-23.041267,-25.550545,-27.458384,-26.15776,-25.334146,-22.67291,-25.595215,-27.335835,-23.364998,-25.54433,-29.069557,-25.907421,-26.81098,-27.353935,-27.396782,-28.532448,-26.559755,-26.077244,-27.860357,-23.002678,-23.822235,-26.42366,-26.778759,-28.543228,-30.018291,-26.262783,-25.837132,-30.477383,-27.407925,-28.759892,-26.205212,-25.26706,-26.856543,-26.103008,-24.856533,-26.887383,-29.148863,-29.153843,-27.886063,-26.763474,-26.673985,-26.128996,-27.589512,-25.565792,-27.267971,-24.920475,-25.008152,-28.838066,-27.668203,-26.248207,-29.143478,-29.220072,-28.753168,-31.00801,-28.824076,-26.27737,-25.951206,-29.06517,-28.426952,-29.504272,-30.860905,-34.02893,-27.388119,-26.684252,-28.870037,-29.383224,-27.556421,-26.956276,-24.881784,-27.453037,-30.111702,-25.809765,-27.68493,-27.721027,-27.89421,-25.892689,-24.707598,-28.362713,-28.31419,-28.614086,-30.608921,-29.623518,-28.471169,-26.463446,-27.794952,-26.028046,-25.260427,-26.799473,-28.276663,-25.028383,-26.371372,-25.353256,-23.052803,-23.485668,-26.57679,-27.87738,-28.5672,-29.219805,-25.166113,-26.451721,-28.658237,-26.64207,-27.345913,-25.676575,-25.487478,-25.911472,-30.82438,-30.245523,-30.182081,-34.58417,-32.293835,-28.312017,-28.537334,-27.433655,-27.77171,-26.967182,-26.880661,-26.928024,-23.565893,-22.300169,-25.004454,-27.233673,-26.577805,-27.744747,-28.953571,-27.570652,-28.453907,-32.768513,-29.900885,-27.410183,-27.39407,-24.993118,-24.884727,-26.870457,-26.838238,-26.642563,-27.805761,-29.005905,-28.051203,-25.344646,-26.45852,-27.192896,-24.43751,-24.201042,-26.234787,-25.85994,-27.226738,-27.753254,-25.505537,-24.617565,-24.582577,-26.91743,-25.422642,-23.485146,-25.186455,-28.946463,-26.08768,-25.99079,-27.739313,-29.092678,-28.061317,-26.453163,-25.402557,-25.787933,-29.170553,-28.45137,-26.68547,-25.820797,-27.764626,-26.63621,-26.427883,-25.42585,-23.760006,-22.910955,-25.486126,-28.177788,-28.298786,-27.83415,-26.895437,-27.355125,-23.05077,-22.15648,-24.709652,-26.226051,-25.34822,-24.345638,-27.3524,-28.754715,-29.184916,-29.981396,-25.118109,-26.429493,-24.671463,-22.73426,-26.899885,-24.747482,-23.67881,-27.842825,-27.847233,-23.316319,-21.902414,-26.407799,-27.660961,-27.49963,-26.578848,-25.281069,-23.96155,-23.858719,-27.835754,-26.8298,-24.970425,-22.349712,-21.880531,-26.769398,-29.428186,-28.448013,-25.69114,-26.298931,-27.557604,-26.557648,-27.369732,-25.668352,-23.98902,-25.442846,-27.337818,-25.821926,-23.532995,-24.275787,-26.08847,-30.996058,-31.327858,-25.194721,-24.946644,-26.633549,-25.565,-25.837528,-27.35534,-24.706997,-24.990788,-28.07119,-26.744492,-27.273323,-26.904697,-23.92372,-24.041927,-24.871754,-29.834126,-29.471193,-25.31982,-23.77565,-23.754967,-21.293629,-21.278648,-22.631535,-25.154816,-26.832123,-27.112965,-28.154745,-26.693783,-28.909683,-29.648832,-27.934921,-26.622728,-25.084827,-24.69545,-24.317112,-27.888134,-27.904293,-25.029818,-23.1077,-24.648014,-26.243074,-24.730146,-25.444014,-27.630527,-23.389656,-23.2981,-25.522766,-26.298656,-23.677366,-22.802547,-27.222507,-29.536354,-27.745775,-25.935602,-26.293324,-27.278053,-24.803795,-25.409775,-27.610935,-26.627445,-25.39803,-25.829657,-27.413998,-28.45769,-28.444473,-28.443247,-29.70039,-29.459442,-27.67994,-26.49697,-28.592628,-31.426023,-28.814964,-25.18383,-23.983597,-24.659988,-23.944845,-27.501774,-26.399063,-28.440853,-27.245098,-25.663273,-27.217184,-24.300545,-26.184883,-23.639944,-24.884708,-29.136747,-25.00203,-23.229218,-26.265602,-28.311193,-27.60374,-28.084349,-28.774918,-27.671534,-24.901642,-26.618351,-32.27156,-33.17132,-28.687374,-26.740734,-30.561842,-29.079927,-28.26941,-27.580603,-26.91813,-28.717772,-28.150305,-27.492521,-26.305164,-27.163128,-27.409369,-24.519737,-28.70083,-27.541437,-27.924961,-29.003342,-29.711697,-28.486599,-27.690527,-28.015503,-26.915483,-25.227627,-25.113674,-26.025816,-32.752357,-28.419426,-26.46539,-30.49644,-28.962381,-25.112007,-26.074532,-27.739685,-25.52808,-26.57233,-26.939312,-28.167097,-27.140257,-27.564373,-27.911364,-26.824097,-27.09851,-29.141855,-27.47454,-27.456177,-27.88591,-28.494198,-27.801453,-26.770897,-26.86495,-28.187614,-27.748386,-28.31808,-30.006908,-25.784195,-23.907726,-23.8218,-26.947533,-26.849653,-26.305183,-25.969719,-26.964573,-28.029083,-25.695423,-22.867565,-24.545647,-27.955618,-26.469824,-26.26723,-28.100742,-27.281506,-27.191063,-26.414633,-27.957382,-26.308111,-24.441866,-26.932297,-28.907782,-25.53587,-24.563143,-28.613281,-28.040188,-25.43995,-25.17545,-26.244452,-26.967224,-27.056108,-27.86184,-29.308304,-29.715403,-29.72526,-38.326275,-53.862183,-53.19429,-52.918983,-53.44767,-53.299183,-53.410797,-53.378117,-51.359085,-53.83682,-67.17451,-80.0,-80.0,-80.0,-80.0,-80.0,-80.0,-80.0,-80.0,-80.0,-80.0,-80.0,-80.0,-80.0,-80.0,-80.0,-80.0,-80.0,-80.0,-80.0,-80.0,-80.0,-80.0,-80.0,-80.0,-80.0,-80.0,-80.0,-80.0,-80.0,-80.0,-80.0,-80.0,-80.0,-80.0,-80.0,-80.0,-80.0,-80.0,-80.0,-80.0,-80.0,-80.0,-80.0,-80.0,-80.0,-80.0,-80.0,-80.0,-80.0,-80.0,-80.0,-80.0,-80.0,-80.0,-80.0,-80.0,-80.0,-80.0,-80.0,-80.0,-80.0,-80.0,-80.0,-80.0,-80.0,-80.0,-80.0,-80.0,-80.0,-80.0,-80.0,-80.0,-80.0,-80.0,-80.0,-80.0,-80.0,-80.0,-80.0,-80.0,-80.0,-80.0,-80.0,-80.0,-80.0,-80.0,-80.0,-80.0,-80.0,-80.0,-80.0,-80.0,-80.0,-80.0
-35.237587,-32.267845,-30.785492,-31.109983,-28.25402,-28.188665,-26.787128,-26.917416,-25.852024,-23.688505,-25.251312,-27.095594,-28.317997,-29.146297,-26.51295,-25.90421,-28.182774,-26.93265,-24.989761,-26.540316,-28.291264,-26.483871,-25.884726,-25.17217,-25.126686,-26.843922,-23.53244,-23.749706,-25.628435,-26.49448,-25.789654,-25.82557,-26.827824,-27.313454,-27.431528,-30.400627,-30.100632,-27.553892,-24.044569,-24.485054,-26.38922,-26.437687,-26.823267,-29.315258,-27.00845,-28.626608,-30.364763,-30.370329,-30.728245,-29.655235,-27.847553,-31.410713,-27.606544,-27.049103,-27.14118,-28.662106,-26.49218,-28.238571,-26.476381,-24.700932,-29.356287,-29.284843,-27.511364,-27.647812,-25.88559,-24.92485,-25.063492,-28.526134,-26.059765,-23.682144,-26.553555,-27.807323,-26.25331,-29.879196,-29.309784,-28.081665,-27.390944,-26.657085,-28.638939,-31.310133,-27.294674,-26.958965,-25.539711,-25.741997,-26.103981,-29.96466,-28.625462,-28.057352,-27.846626,-25.60845,-25.904844,-25.263533,-26.398464,-24.856678,-24.174877,-29.172234,-31.111677,-29.294083,-26.524529,-26.091648,-24.160797,-24.7433,-26.502232,-28.64774,-24.861803,-23.888447,-23.245758,-25.28579,-27.778141,-26.181068,-28.525402,-37.33996,-40.49007,-42.025715,-44.32869,-42.78986,-42.151306,-41.840675,-40.936493,-40.21742,-44.31644,-52.059864,-44.414574,-38.61662,-41.430912,-43.056232,-42.67647,-38.757393,-32.434963,-29.34404,-27.335096,-26.393827,-28.306738,-27.607504,-27.445183,-30.340927,-31.363249,-29.424858,-25.901337,-27.219505,-25.105724,-22.884075,-23.80764,-23.887232,-23.381138,-24.799614,-29.885715,-29.79473,-32.011818,-29.360792,-26.47601,-29.830462,-24.657417,-23.451273,-24.720688,-24.415257,-24.67481,-24.206638,-27.05733,-25.766335,-25.79718,-27.653881,-27.361153,-26.053967,-26.085335,-24.95161,-25.614578,-26.955906,-26.092634,-24.07835,-24.505747,-28.336037,-29.930397,-27.445112,-26.10561,-24.653618,-27.015505,-26.589127,-23.764378,-23.573948,-26.580334,-23.268383,-25.741528,-25.850525,-25.730324,-23.429726,-23.900032,-25.50624,-26.69977,-26.340849,-24.853163,-26.442612,-25.558367,-25.27813,-25.015438,-25.415257,-28.23935,-29.285578,-25.737514,-25.78966,-26.89961,-27.871527,-27.350023,-26.1341,-30.911287,-33.284,-30.07887,-31.256702,-30.11936,-28.576992,-26.764795,-26.752625,-27.122463,-27.385891,-26.83728,-26.634132,-29.320625,-26.691269,-25.630854,-26.312319,-25.461134,-28.5925,-30.352097,-26.980385,-28.225077,-27.349434,-26.106873,-24.421185,-24.18209,-25.313,-30.846397,-26.917463,-23.46098,-26.91814,-29.912868,-28.332996,-27.810345,-30.215271,-25.21492,-22.626383,-26.859802,-27.357008,-27.895403,-27.065662,-26.411072,-27.815943,-26.49165,-26.99295,-34.157394,-29.697737,-29.847952,-29.759739,-25.771217,-25.196537,-24.948952,-23.71584,-28.947258,-27.608498,-26.00484,-28.557037,-32.943928,-28.167515,-25.6325,-28.954355,-27.468195,-26.70173,-27.197544,-26.374218,-25.931622,-30.052866,-28.858576,-28.270384,-28.570099,-27.96606,-24.542313,-25.062443,-27.337915,-27.121464,-22.375246,-23.732971,-24.244843,-25.477467,-25.553583,-28.301868,-25.188236,-26.34774,-24.76846,-23.017185,-25.197575,-30.26806,-31.473082,-31.308632,-27.762405,-26.234356,-26.1571,-29.729784,-27.289104,-26.838245,-25.137428,-23.879831,-26.309843,-30.65517,-28.24127,-26.33188,-22.812286,-22.929203,-22.732758,-25.857761,-23.751005,-24.209908,-26.254559,-24.35986,-29.82153,-32.333305,-29.024826,-27.254475,-27.19986,-26.381207,-25.419981,-26.678415,-27.76975,-28.35607,-30.653728,-30.799433,-28.08506,-30.606174,-25.809004,-25.711124,-29.676975,-27.028004,-26.162766,-28.451681,-27.90078,-26.283728,-24.469376,-28.382862,-30.43794,-28.318777,-25.62254,-28.122913,-28.533825,-26.452526,-26.332493,-26.783386,-28.624094,-28.241798,-23.657818,-22.697206,-21.712976,-21.660784,-26.785786,-26.602661,-25.94746,-27.478384,-27.582611,-28.312946,-26.029308,-26.947693,-26.484104,-26.337841,-26.723085,-26.30762,-27.6022,-28.038967,-25.19268,-22.286692,-25.585424,-26.434412,-26.160143,-27.818665,-30.090956,-27.643019,-27.585598,-27.349697,-28.2098,-25.771172,-24.95998,-24.21471,-27.669989,-28.58841,-28.060925,-31.089645,-27.390785,-27.480936,-29.325264,-25.840498,-24.147835,-25.149475,-27.010967,-30.179884,-26.287794,-25.05941,-28.338112,-28.952265,-26.615915,-26.814047,-27.165958,-22.320705,-22.717367,-26.952164,-28.494188,-25.939486,-25.667992,-28.082405,-29.350567,-28.890028,-23.834385,-23.440302,-29.047165,-28.389475,-27.088728,-30.335552,-31.216011,-28.861494,-26.475578,-26.459616,-30.05494,-26.620045,-28.454153,-28.058245,-25.86029,-24.237354,-27.121393,-27.2308,-27.268227,-29.133707,-26.34173,-24.71018,-28.205795,-26.932388,-26.955757,-27.17538,-25.104492,-23.122902,-22.658152,-27.56357,-25.998827,-26.351154,-28.542639,-28.353863,-25.763672,-27.426964,-29.243603,-27.445457,-27.09168,-25.49162,-22.575554,-24.376665,-28.166441,-29.21357,-29.244896,-26.947628,-28.057835,-29.842022,-30.614273,-31.065111,-27.190998,-24.437113,-24.44312,-23.92464,-24.949512,-25.875261,-23.819891,-24.653217,-26.267765,-24.708603,-23.820072,-25.622253,-26.266315,-25.634836,-26.463585,-27.327961,-27.498121,-25.448399,-24.954107,-23.099195,-25.22927,-28.972885,-25.762962,-28.000816,-28.500174,-27.96836,-27.27403,-27.902838,-27.862642,-26.788849,-23.750809,-23.901556,-24.776585,-25.31985,-26.630741,-25.893343,-25.406843,-28.82285,-28.2556,-27.799763,-26.240261,-26.157906,-26.666187,-25.011684,-25.259666,-28.469809,-24.948183,-23.793972,-24.7719,-25.476034,-25.440868,-25.87714,-24.364082,-23.313402,-23.818886,-26.162207,-27.331394,-27.747955,-25.173893,-24.066116,-24.419838,-25.93285,-27.966667,-31.290155,-26.533987,-23.724812,-25.580841,-27.695684,-30.325367,-30.60083,-29.05267,-29.465609,-27.817055,-23.50702,-25.322754,-25.361046,-25.4841,-27.975468,-25.62465,-25.3168,-26.60664,-28.078838,-28.12061,-24.99904,-25.133617,-24.559998,-26.642715,-26.060984,-24.571537,-26.28483,-27.79331,-26.5872,-28.343603,-29.554806,-27.539919,-26.195297,-26.4957,-26.446777,-25.579231,-23.542461,-22.937979,-23.656683,-26.467535,-28.655926,-28.274595,-26.2505,-26.848549,-27.700003,-29.03065,-29.403881,-28.459934,-25.031713,-24.746696,-28.090172,-32.268772,-30.50893,-26.677628,-25.020731,-28.496399,-29.758411,-27.624174,-27.440872,-28.517937,-29.189796,-28.500088,-26.222256,-25.558372,-25.392567,-28.476404,-29.975113,-26.037455,-23.986992,-24.359879,-26.14014,-27.519167,-26.732056,-26.443058,-28.00337,-28.392159,-28.79438,-30.893234,-29.177504,-28.130379,-26.326262,-29.100563,-28.673256,-25.164085,-23.755066,-27.228304,-27.186844,-27.47388,-26.553965,-25.912016,-29.777905,-26.076954,-22.472565,-22.084198,-25.209509,-28.81079,-27.931374,-27.43528,-27.230923,-36.804462,-53.232704,-52.602325,-52.315216,-52.853024,-52.676228,-52.787125,-52.813026,-50.531136,-52.34861,-64.962555,-80.0,-80.0,-80.0,-80.0,-80.0,-80.0,-80.0,-80.0,-80.0,-80.0,-80.0,-80.0,-80.0,-80.0,-80.0,-80.0,-80.0,-80.0,-80.0,-80.0,-80.0,-80.0,-80.0,-80.0,-80.0,-80.0,-80.0,-80.0,-80.0,-80.0,-80.0,-80.0,-80.0,-80.0,-80.0,-80.0,-80.0,-80.0,-80.0,-80.0,-80.0,-80.0,-80.0,-80.0,-80.0,-80.0,-80.0,-80.0,-80.0,-80.0,-80.0,-80.0,-80.0,-80.0,-80.0,-80.0,-80.0,-80.0,-80.0,-80.0,-80.0,-80.0,-80.0,-80.0,-80.0,-80.0,-80.0,-80.0,-80.0,-80.0,-80.0,-80.0,-80.0,-80.0,-80.0,-80.0,-80.0,-80.0,-80.0,-80.0,-80.0,-80.0,-80.0,-80.0,-80.0,-80.0,-80.0,-80.0,-80.0,-80.0,-80.0,-80.0,-80.0,-80.0
-32.14338,-31.632862,-31.52914,-27.654114,-25.203106,-29.418758,-31.235401,-29.429295,-25.61047,-24.918024,-27.647215,-27.766071,-25.757938,-28.742546,-27.196363,-25.485853,-27.283068,-27.764242,-25.410267,-25.606346,-26.226643,-25.430607,-23.596066,-23.243616,-25.458519,-25.602497,-29.026474,-26.364624,-25.623875,-30.682775,-30.129353,-26.560062,-24.29974,-24.36758,-25.262531,-23.262453,-23.257675,-26.580381,-21.42382,-21.29294,-25.138826,-27.53944,-26.321955,-24.52331,-25.60746,-28.849077,-30.944931,-30.249449,-27.605476,-26.799538,-27.768297,-29.560421,-25.521683,-25.857582,-29.607414,-29.386368,-29.652746,-26.261774,-25.78709,-25.393475,-24.930834,-22.952578,-24.697136,-24.878347,-26.5823,-27.364155,-26.537865,-25.20913,-22.581497,-23.778679,-29.96426,-30.237082,-31.671726,-31.102697,-28.655104,-27.838465,-28.694916,-24.478615,-24.391098,-26.373672,-24.230804,-22.526894,-23.206448,-26.98772,-27.334152,-27.475079,-28.435654,-31.478535,-26.606531,-23.827305,-26.261368,-25.935743,-24.888102,-24.92241,-25.401821,-25.788563,-27.730244,-29.98373,-27.994099,-27.868196,-28.14096,-26.215775,-24.837696,-27.16852,-26.002167,-23.957058,-24.157167,-27.124163,-29.819916,-30.782104,-33.50727,-38.91242,-41.199303,-45.586426,-42.834503,-37.732,-39.97796,-43.04301,-39.658493,-36.650425,-40.602856,-50.69542,-44.025135,-39.914616,-42.688087,-44.14849,-44.454445,-34.704647,-26.523634,-25.928509,-27.628355,-27.48605,-25.705822,-26.059433,-27.057724,-27.332071,-26.533112,-25.430044,-26.73529,-27.024403,-25.783434,-25.316353,-25.306667,-25.409359,-21.895176,-24.067734,-26.003197,-26.059328,-28.692446,-26.341059,-24.574348,-27.241085,-26.287582,-23.683685,-26.419268,-28.689611,-27.145023,-26.388065,-27.731525,-25.526806,-26.049965,-28.162529,-26.000368,-24.11723,-26.356127,-25.26939,-26.404888,-26.146782,-25.331757,-26.63377,-28.17691,-28.181034,-27.57167,-25.570204,-26.76247,-28.540134,-29.317347,-27.220104,-28.315128,-31.730513,-27.719364,-25.69947,-27.534424,-29.8072,-29.489826,-27.03008,-24.488894,-25.37685,-25.911211,-27.434923,-27.11206,-27.915611,-30.804054,-29.742542,-25.99231,-25.99808,-28.462631,-28.869799,-25.281147,-25.189323,-25.010105,-25.47893,-27.738981,-28.061096,-28.609964,-28.815714,-27.60314,-28.531548,-26.415428,-26.302923,-28.253681,-24.876192,-24.43929,-27.843605,-28.659739,-27.689083,-26.206234,-22.923933,-21.886604,-23.07069,-26.146233,-24.925371,-25.49379,-27.550972,-26.403019,-27.151398,-24.54251,-22.43595,-24.30132,-26.460352,-26.767931,-28.939766,-28.064484,-29.342583,-30.735453,-30.91203,-31.924555,-30.17869,-29.552628,-27.492088,-28.943913,-27.053656,-27.118248,-27.396591,-27.479668,-28.184582,-26.812283,-26.12738,-28.088295,-29.985386,-28.818665,-24.352028,-22.934807,-24.889418,-24.83543,-24.47721,-26.107475,-26.830622,-28.508223,-27.52387,-24.721165,-26.039862,-25.28658,-26.363298,-28.814014,-27.01967,-25.103077,-24.688644,-24.197306,-29.348602,-30.79553,-29.155006,-28.93349,-25.534985,-24.624638,-26.323053,-24.999107,-23.985714,-26.238338,-26.770515,-24.664999,-25.765911,-27.620949,-27.873188,-27.606201,-26.026108,-26.85759,-27.529121,-27.29805,-28.074978,-31.242058,-29.305008,-27.989254,-25.130575,-24.618782,-27.134892,-24.537098,-24.69513,-28.23456,-28.533657,-29.883678,-26.834173,-24.535517,-25.759823,-23.852798,-23.459291,-25.082796,-25.740051,-25.731068,-29.828205,-28.969025,-23.653671,-25.369955,-26.47615,-24.174383,-25.671326,-27.572292,-26.42854,-25.761572,-28.561607,-30.085814,-25.275211,-23.821877,-23.381231,-26.190655,-28.123423,-26.38884,-24.91243,-28.156168,-30.491335,-24.92974,-24.90829,-27.548008,-27.669844,-25.952362,-26.631569,-27.97813,-27.922302,-27.140419,-26.612556,-27.145784,-29.164824,-28.155207,-22.47232,-23.13433,-27.291832,-25.807777,-23.409256,-23.785517,-25.77552,-27.73037,-30.132591,-29.692974,-29.991201,-28.666676,-26.379314,-23.859015,-23.418713,-24.900494,-27.107094,-27.844051,-29.399992,-26.722858,-26.822382,-28.7268,-27.018269,-25.852398,-25.824879,-24.56107,-25.400993,-27.660065,-29.746466,-32.445835,-32.00022,-31.394253,-28.682306,-26.454042,-25.280666,-25.708874,-26.762232,-25.249298,-25.202774,-27.730959,-26.578382,-26.903353,-25.270947,-23.358974,-26.823885,-26.891321,-27.248947,-30.6665,-29.719921,-29.42181,-28.393545,-26.857618,-25.15984,-28.30022,-25.943615,-24.597252,-28.23128,-28.38144,-25.997833,-25.793083,-25.835941,-28.50787,-25.646389,-25.127838,-26.377897,-26.831802,-28.698513,-29.01616,-32.146454,-28.005781,-26.821968,-24.952297,-25.88487,-30.036156,-26.748432,-25.704466,-24.865658,-25.249336,-26.353027,-24.861944,-24.735443,-27.304337,-27.066109,-23.804321,-23.660458,-25.13069,-22.531929,-26.521553,-26.245571,-27.65424,-26.814577,-25.28437,-25.52726,-25.231567,-26.3943,-28.13375,-26.919579,-27.18198,-26.154232,-26.08547,-27.87014,-28.621864,-26.528574,-25.571545,-23.999994,-24.482307,-28.09819,-27.891827,-23.624626,-23.51891,-27.93555,-28.433788,-26.928623,-25.66602,-25.945324,-25.782534,-25.23072,-23.377735,-24.827366,-24.105068,-24.023876,-26.21347,-27.224865,-26.960716,-23.753986,-23.014591,-24.84412,-27.664207,-28.347626,-27.288322,-25.651285,-25.954613,-27.370975,-28.668365,-27.646557,-26.425982,-24.840878,-25.361721,-26.829323,-28.218952,-28.006542,-31.416346,-29.07226,-25.588943,-26.492224,-24.49958,-26.585552,-27.025665,-23.97462,-25.252161,-27.438023,-28.341331,-24.801666,-24.395023,-27.242273,-27.195297,-23.631496,-24.786467,-29.756477,-25.422958,-23.462414,-26.812733,-26.824617,-26.04416,-27.283512,-26.525063,-27.428246,-27.068497,-28.556751,-26.966385,-26.433748,-29.061117,-29.318449,-26.454775,-25.024063,-26.222088,-27.349945,-27.41745,-26.886108,-26.501265,-24.3381,-26.150135,-29.921837,-24.787998,-24.630554,-26.364656,-24.526012,-25.525913,-26.597795,-27.719269,-25.016499,-26.504612,-27.638763,-25.23391,-25.927372,-29.220915,-27.74208,-26.687796,-27.825432,-27.874702,-26.759575,-30.000374,-28.749863,-26.470278,-26.86026,-29.501934,-29.502148,-31.29808,-26.734049,-25.148108,-24.753721,-25.997547,-26.097763,-25.605759,-25.042408,-25.892467,-27.259024,-28.526669,-27.954819,-26.854097,-24.67561,-26.210037,-29.997787,-30.558563,-27.456448,-24.997362,-25.220436,-28.839172,-25.57686,-26.626099,-26.955189,-26.015444,-28.74757,-30.125061,-29.438313,-29.704945,-31.661404,-29.168596,-26.468687,-25.040314,-22.68413,-23.367329,-27.726713,-24.229641,-23.366331,-23.117409,-26.74361,-25.419863,-25.588215,-25.258083,-28.16946,-26.43337,-25.889687,-31.507618,-32.0935,-29.34274,-24.5854,-23.235168,-28.008472,-26.277773,-23.550081,-24.17691,-24.65612,-26.08759,-23.910147,-25.581858,-29.512928,-24.531925,-21.620987,-22.497116,-28.015175,-30.32911,-28.192123,-28.913553,-30.293224,-36.890007,-41.120167,-41.313152,-41.39851,-41.242657,-41.273872,-41.241222,-41.241627,-41.42984,-44.389668,-59.488453,-80.0,-80.0,-80.0,-80.0,-80.0,-80.0,-80.0,-80.0,-80.0,-80.0,-80.0,-80.0,-80.0,-80.0,-80.0,-80.0,-80.0,-80.0,-80.0,-80.0,-80.0,-80.0,-80.0,-80.0,-80.0,-80.0,-80.0,-80.0,-80.0,-80.0,-80.0,-80.0,-80.0,-80.0,-80.0,-80.0,-80.0,-80.0,-80.0,-80.0,-80.0,-80.0,-80.0,-80.0,-80.0,-80.0,-80.0,-80.0,-80.0,-80.0,-80.0,-80.0,-80.0,-80.0,-80.0,-80.0,-80.0,-80.0,-80.0,-80.0,-80.0,-80.0,-80.0,-80.0,-80.0,-80.0,-80.0,-80.0,-80.0,-80.0,-80.0,-80.0,-80.0,-80.0,-80.0,-80.0,-80.0,-80.0,-80.0,-80.0,-80.0,-80.0,-80.0,-80.0,-80.0,-80.0,-80.0,-80.0,-80.0,-80.0,-80.0,-80.0,-80.0,-80.0
-32.479362,-31.678072,-32.494762,-30.35235,-24.116453,-24.39914,-27.193083,-28.830559,-28.445696,-27.707413,-27.671104,-27.327852,-28.62432,-30.362446,-29.130478,-31.037462,-30.75966,-30.684977,-27.710228,-26.00903,-24.334732,-23.198334,-23.735462,-24.560558,-24.772099,-24.886604,-27.942118,-26.950346,-25.62748,-27.14906,-31.60556,-31.545918,-31.294426,-31.207405,-26.276152,-24.631016,-25.87785,-26.849049,-27.399654,-31.343912,-30.633917,-26.9379,-26.364098,-24.723091,-22.114437,-24.24778,-31.929193,-24.305082,-23.816652,-26.023342,-28.584785,-28.204407,-25.367964,-27.860756,-32.134502,-30.405148,-29.222485,-27.614098,-27.302914,-22.413395,-20.665396,-25.655777,-28.916912,-27.173962,-26.098671,-26.599289,-28.537605,-27.417065,-25.330257,-25.903114,-28.599657,-29.196152,-33.82635,-32.521305,-26.737686,-25.345982,-29.468975,-27.423178,-25.724792,-27.748789,-27.435806,-25.073915,-26.088196,-27.920975,-26.174942,-22.697224,-23.579514,-25.322784,-29.401632,-27.612827,-26.425116,-29.803429,-26.451237,-25.728424,-26.658432,-26.570284,-25.874382,-28.676167,-29.622446,-30.861183,-26.987814,-25.770775,-25.21246,-26.722641,-24.985023,-25.811682,-27.514122,-27.134731,-25.992922,-26.04472,-30.191593,-39.29117,-37.55255,-38.674374,-42.39206,-41.44449,-38.573795,-40.216843,-42.44333,-41.297817,-41.264175,-45.345688,-46.060505,-40.19391,-42.378723,-41.42618,-41.071724,-38.30021,-25.933702,-24.467047,-27.61655,-27.354412,-26.605263,-27.410908,-25.634575,-27.405527,-27.608776,-28.868908,-26.511393,-25.05629,-26.926073,-24.081867,-21.570137,-24.172443,-24.927288,-25.174433,-24.90818,-26.836224,-27.332373,-26.963034,-28.63522,-26.490173,-27.142008,-26.84885,-28.912247,-30.313368,-27.433168,-28.295273,-27.300997,-23.788055,-24.539507,-29.641794,-27.77836,-23.539602,-27.041107,-28.683659,-27.894848,-27.73458,-26.350956,-24.364492,-27.337261,-27.883337,-26.927385,-27.867088,-26.959223,-28.193579,-30.348667,-29.006847,-27.904522,-28.139832,-26.771446,-28.36785,-32.35886,-27.58662,-25.16952,-26.64022,-27.118195,-27.464127,-26.031298,-25.403484,-28.469471,-29.600328,-30.029364,-29.628212,-28.154707,-27.097456,-29.714834,-29.055332,-27.85709,-27.53369,-27.523293,-25.804035,-27.457962,-25.272314,-23.607195,-26.315325,-25.631027,-26.956512,-25.086567,-25.596,-28.723728,-30.09159,-27.575417,-28.424978,-28.408077,-26.311274,-25.596775,-26.285063,-24.312222,-24.44376,-26.665665,-27.87661,-26.762568,-29.33227,-29.96414,-29.416002,-26.415075,-26.189577,-26.364552,-24.726463,-25.0883,-28.192883,-26.476326,-25.526106,-27.976618,-27.679123,-28.766209,-25.79623,-26.498312,-31.003794,-31.123825,-28.704573,-27.32625,-25.998905,-24.75557,-26.622017,-27.19074,-26.983173,-24.790653,-25.411732,-25.500706,-25.608257,-23.694605,-24.796494,-23.3387,-21.908161,-23.8041,-24.031704,-27.330523,-28.291342,-25.100777,-24.72908,-25.83718,-26.02469,-27.659428,-23.680107,-24.808224,-27.407993,-26.69632,-26.830528,-26.619324,-24.605299,-24.929905,-22.4249,-23.268028,-25.454165,-23.07523,-23.375877,-26.052818,-24.907215,-25.405746,-29.396881,-29.98553,-28.396496,-28.077454,-24.940674,-25.750355,-23.814234,-24.556213,-26.066921,-25.348944,-24.820656,-25.698685,-24.461075,-27.589256,-29.184345,-26.162086,-24.807167,-22.85553,-27.047956,-28.487446,-24.292595,-26.074928,-29.360527,-26.231018,-24.955769,-26.293898,-26.327583,-26.173721,-24.92738,-24.798332,-23.696619,-25.236866,-25.968164,-26.997467,-26.85329,-27.33672,-26.861902,-27.09808,-28.38499,-28.349293,-26.077095,-23.930267,-24.525795,-26.64789,-25.603594,-27.143793,-27.171906,-28.121315,-31.491776,-27.326149,-26.261873,-27.88179,-26.86704,-25.048616,-26.890835,-29.114216,-28.672499,-28.496643,-22.657614,-23.445274,-27.748053,-26.93459,-24.114725,-24.72927,-25.75063,-25.31105,-24.14024,-24.270231,-25.926332,-27.470743,-27.68485,-29.526676,-30.447298,-28.781826,-26.530447,-25.593813,-24.295834,-26.475859,-25.77048,-26.38975,-25.866737,-25.201284,-25.578169,-28.973343,-27.078167,-25.362648,-27.393955,-27.729445,-26.388346,-29.485,-28.304886,-28.511543,-27.752857,-27.694847,-26.640175,-27.32595,-25.871588,-27.166462,-29.365263,-26.105595,-24.094988,-28.401756,-27.92662,-29.120659,-24.756134,-20.986393,-24.037737,-26.369385,-26.3278,-30.60516,-31.901264,-28.570187,-24.404041,-26.940405,-30.55072,-26.669823,-23.327038,-24.892376,-27.912357,-25.748905,-22.90099,-24.11822,-25.60611,-26.279331,-26.688866,-27.835499,-28.197523,-29.43586,-27.32346,-27.774897,-26.132124,-25.522505,-27.462286,-25.019215,-26.766182,-27.164446,-26.345074,-25.125563,-25.936478,-27.287327,-26.49618,-24.704494,-24.525368,-23.799456,-22.9202,-26.697878,-27.729553,-27.162613,-27.676052,-28.054781,-25.890175,-28.92117,-26.99965,-24.053368,-24.674236,-25.575586,-27.635921,-26.868095,-27.960821,-27.773136,-26.79566,-27.319706,-26.549019,-27.546005,-25.373928,-25.0552,-24.451576,-25.206062,-26.158997,-27.143068,-26.216675,-25.076569,-28.639248,-23.411287,-24.016611,-29.661823,-29.47456,-26.960438,-27.077534,-24.049187,-21.086256,-22.45813,-27.54181,-25.981907,-25.355843,-26.443703,-25.50357,-24.282082,-23.344357,-23.864874,-23.337606,-22.751804,-24.558855,-25.80841,-26.472858,-25.884338,-24.740265,-23.2901,-25.191387,-29.24949,-25.632698,-25.433937,-23.822966,-24.553928,-25.504532,-25.174095,-25.71151,-24.18494,-25.692223,-28.693237,-25.496742,-25.067417,-26.1803,-24.232927,-24.334877,-25.741558,-28.069963,-25.670975,-26.402317,-27.493225,-26.523952,-29.14988,-25.341099,-25.340385,-31.469322,-33.9292,-29.991243,-25.998238,-25.849482,-26.18885,-27.636986,-31.191885,-30.995647,-30.029194,-28.389008,-27.681162,-28.30201,-29.491096,-28.119415,-27.523947,-28.561623,-29.168928,-26.835407,-26.67282,-28.679815,-23.630919,-19.510067,-23.183655,-26.45979,-25.742073,-26.248384,-30.303576,-28.9587,-29.312504,-25.577438,-26.044039,-29.458385,-30.332512,-26.228348,-24.253693,-25.57723,-26.455238,-28.683435,-30.36396,-26.571903,-24.497412,-27.22296,-28.443783,-25.242332,-26.416494,-29.123049,-28.942474,-28.7552,-25.516497,-22.30481,-24.67592,-26.280739,-26.936214,-29.39043,-29.586563,-26.378584,-23.508635,-21.899986,-24.851124,-27.542927,-29.189339,-27.332226,-26.210112,-23.637842,-23.724064,-24.35364,-25.618214,-25.031506,-23.303219,-27.103472,-28.077393,-24.952023,-25.824387,-27.547531,-27.72462,-27.877075,-24.017117,-25.740337,-25.545082,-29.098219,-29.689577,-28.409649,-28.359554,-27.704409,-28.899307,-26.722225,-22.053524,-23.854706,-25.651577,-25.105171,-27.713284,-25.335197,-24.08714,-23.308979,-22.138855,-25.288446,-27.985947,-25.594475,-25.072819,-26.305754,-23.940588,-25.118755,-28.60998,-29.820608,-27.306107,-25.665543,-26.431862,-29.158516,-29.240196,-24.9929,-23.68302,-24.883728,-31.643885,-33.109966,-33.11811,-33.12353,-33.113697,-33.118263,-33.11653,-33.117188,-33.914436,-39.29544,-57.788067,-80.0,-80.0,-80.0,-80.0,-80.0,-80.0,-80.0,-80.0,-80.0,-80.0,-80.0,-80.0,-80.0,-80.0,-80.0,-80.0,-80.0,-80.0,-80.0,-80.0,-80.0,-80.0,-80.0,-80.0,-80.0,-80.0,-80.0,-80.0,-80.0,-80.0,-80.0,-80.0,-80.0,-80.0,-80.0,-80.0,-80.0,-80.0,-80.0,-80.0,-80.0,-80.0,-80.0,-80.0,-80.0,-80.0,-80.0,-80.0,-80.0,-80.0,-80.0,-80.0,-80.0,-80.0,-80.0,-80.0,-80.0,-80.0,-80.0,-80.0,-80.0,-80.0,-80.0,-80.0,-80.0,-80.0,-80.0,-80.0,-80.0,-80.0,-80.0,-80.0,-80.0,-80.0,-80.0,-80.0,-80.0,-80.0,-80.0,-80.0,-80.0,-80.0,-80.0,-80.0,-80.0,-80.0,-80.0,-80.0,-80.0,-80.0,-80.0,-80.0,-80.0,-80.0
-31.587137,-28.24347,-29.385006,-26.766014,-25.298634,-26.137358,-28.898632,-28.278893,-29.154402,-30.65141,-28.92661,-28.891525,-28.792906,-30.319986,-28.702728,-27.85714,-27.413134,-24.88174,-23.635897,-25.137362,-27.790731,-24.392288,-25.738384,-29.46134,-26.73426,-27.745375,-31.248234,-27.691349,-24.9085,-25.282135,-26.072002,-27.86832,-27.413433,-26.39387,-27.33386,-26.80859,-26.541332,-25.167162,-28.00698,-28.857311,-29.013084,-28.084349,-28.300522,-26.165894,-22.951519,-24.462757,-25.935682,-24.759481,-24.766453,-26.521461,-27.408844,-27.586655,-26.308449,-27.944754,-26.65126,-26.758486,-27.379765,-26.304665,-25.573746,-23.081713,-21.986586,-26.058743,-30.869503,-28.690664,-27.288828,-30.032484,-29.259342,-26.371288,-25.22898,-25.345882,-27.188206,-27.579494,-28.324438,-27.086874,-26.41792,-27.211073,-28.144945,-27.238838,-25.722399,-25.227543,-29.714348,-29.44626,-29.20172,-27.412674,-26.29874,-25.734688,-25.159927,-27.443789,-30.621235,-28.098156,-25.371578,-26.2602,-25.03706,-23.198914,-24.287624,-28.101053,-27.71158,-25.911299,-26.48365,-26.871521,-26.91243,-26.276134,-23.655369,-25.900286,-25.35926,-26.233341,-26.770489,-25.908434,-26.01931,-24.310333,-27.277088,-38.272545,-41.47401,-41.157322,-37.88723,-36.996895,-36.719776,-41.618362,-38.424812,-37.89451,-38.75824,-43.29427,-41.066513,-39.013817,-41.4797,-42.037228,-42.055267,-40.471523,-30.134024,-25.86857,-27.60707,-30.25714,-28.188608,-26.839378,-27.293438,-29.457748,-28.56751,-29.262524,-28.859177,-27.839077,-26.290766,-27.482891,-26.424055,-26.439434,-29.42076,-28.233622,-27.914202,-28.882132,-25.518322,-26.370743,-30.079361,-29.351011,-29.661821,-29.700577,-27.628183,-26.338083,-29.033081,-26.96518,-25.152674,-24.155083,-25.369904,-26.642189,-27.987242,-25.720379,-25.42915,-26.189178,-23.026258,-26.05635,-28.344284,-25.682266,-25.408745,-23.594961,-25.79912,-25.31866,-25.537657,-28.716946,-29.911283,-27.302788,-26.38237,-28.33073,-27.516598,-26.670736,-24.26501,-25.190945,-27.605656,-27.997618,-27.346043,-26.412636,-26.045202,-24.923857,-26.28168,-26.058517,-27.550009,-28.255625,-26.983313,-28.022623,-29.5441,-28.4379,-24.641378,-24.802282,-26.727425,-26.24881,-25.368614,-26.403646,-27.443657,-27.595415,-25.774187,-27.2396,-29.349796,-26.750399,-29.0646,-34.48413,-28.564468,-26.454659,-26.733875,-26.996868,-24.117561,-24.684431,-25.83182,-24.309727,-26.995941,-26.391232,-29.106222,-29.107683,-25.13507,-22.206074,-22.600151,-25.251768,-27.366419,-23.666714,-22.481266,-26.06184,-23.692745,-25.319769,-28.57764,-26.586945,-27.619488,-29.083118,-25.212688,-24.89164,-26.612804,-27.197397,-27.245789,-23.805325,-24.887686,-27.090195,-27.449005,-25.963215,-27.826553,-27.440517,-26.418257,-28.810778,-27.412827,-24.894863,-24.466362,-25.344683,-23.764769,-25.404953,-29.618244,-26.264599,-24.104485,-26.334837,-30.116766,-25.333555,-25.377857,-25.809029,-25.94702,-28.171997,-24.871696,-24.12063,-25.528725,-25.476696,-26.668945,-24.2332,-24.709072,-27.150879,-22.939404,-23.630142,-26.408367,-25.158272,-24.327114,-25.237877,-27.697353,-29.298616,-26.215763,-24.365969,-24.943062,-24.82536,-26.201946,-22.810734,-23.378105,-29.588558,-30.71984,-28.852558,-28.827265,-28.39922,-25.585112,-25.365696,-24.977966,-23.990509,-24.850475,-24.578234,-26.098108,-27.613337,-27.357895,-25.610176,-24.609055,-25.161356,-25.827255,-25.786514,-25.23227,-25.259964,-27.210701,-25.011621,-27.233257,-26.154844,-27.279224,-26.320372,-26.628424,-25.309563,-23.881472,-26.021473,-27.809341,-27.710236,-28.32368,-24.735863,-25.100208,-26.562405,-26.649517,-26.897049,-25.094006,-24.06884,-24.282639,-24.89027,-23.943811,-25.11269,-27.408695,-28.174843,-26.565348,-25.54483,-24.120636,-25.149626,-26.164883,-27.874474,-28.549784,-26.404995,-25.85765,-26.778397,-26.894491,-24.123299,-24.776737,-26.805147,-25.606426,-22.480158,-23.808466,-24.535397,-27.42976,-27.349426,-26.68749,-26.814583,-25.914003,-27.325853,-26.5766,-25.143099,-28.016083,-27.081305,-28.82214,-27.155315,-24.098896,-24.88371,-27.21511,-29.117085,-31.444975,-28.643925,-26.712376,-27.129972,-26.133259,-25.181679,-26.906717,-30.807976,-25.405823,-25.573652,-28.980644,-28.83567,-26.896975,-27.777905,-29.135544,-28.711569,-27.816925,-29.357098,-26.941425,-26.449116,-24.850204,-26.464994,-29.0826,-29.406887,-27.738255,-25.22516,-28.122585,-28.654392,-25.358582,-25.166302,-26.738298,-23.517653,-22.544294,-23.660988,-24.41018,-27.715,-30.65905,-30.239563,-26.762142,-21.698738,-23.0051,-25.194141,-28.132486,-31.692783,-30.282433,-28.279701,-27.503128,-26.687313,-25.925316,-26.77237,-26.54721,-24.242065,-23.945435,-25.52673,-25.087397,-23.866333,-25.42324,-23.695026,-25.76379,-26.472149,-24.832489,-23.60988,-22.49945,-23.809366,-24.567513,-25.626196,-27.285244,-28.14839,-26.151411,-26.332167,-26.729788,-25.835915,-27.413502,-27.601828,-26.421682,-26.971172,-25.85468,-24.925705,-23.735998,-24.342136,-26.85167,-28.585253,-28.931736,-28.028473,-26.309017,-26.581062,-27.684961,-25.400043,-22.582512,-24.462551,-27.33211,-27.560425,-24.09628,-24.122223,-22.863503,-23.869705,-27.3978,-27.166355,-27.333456,-27.488329,-28.120472,-25.0555,-24.390951,-26.509636,-28.690212,-29.484718,-26.618755,-24.99491,-27.913036,-27.014725,-27.709194,-24.033304,-23.894379,-27.320463,-28.636715,-28.905382,-27.9101,-27.76172,-29.137196,-27.963797,-24.77817,-23.959942,-22.630987,-26.607725,-31.575043,-32.065975,-31.13762,-26.770859,-25.611504,-26.25972,-28.064285,-27.934498,-28.526855,-24.6307,-24.267067,-29.324575,-26.701252,-25.260605,-26.137455,-25.145302,-28.98909,-29.577791,-25.847687,-25.580002,-25.25539,-27.333866,-30.15266,-27.527002,-25.325144,-26.300041,-27.39675,-25.115936,-25.43348,-26.566353,-24.706045,-22.042866,-25.54831,-25.659811,-27.560955,-27.86585,-25.888832,-28.580414,-28.688103,-28.123268,-27.058006,-29.540344,-29.25328,-26.970623,-25.387142,-26.611498,-29.03516,-28.371962,-27.26635,-27.79012,-27.774954,-27.58544,-27.2048,-26.00288,-27.392956,-28.90131,-26.966503,-25.684782,-24.891014,-23.821327,-25.600441,-26.541058,-24.448471,-24.633099,-27.881382,-27.001003,-24.582745,-27.114077,-29.099445,-26.099442,-27.845144,-25.738117,-27.97327,-28.504421,-27.490923,-26.261738,-25.288353,-25.717934,-26.696625,-27.667927,-22.5979,-20.763226,-25.082626,-28.32401,-25.910522,-25.650646,-27.590683,-29.488575,-33.123222,-29.832863,-26.465004,-27.339025,-29.62539,-27.069256,-27.091108,-25.081944,-24.574417,-26.303844,-26.951347,-25.107609,-23.175964,-26.696655,-29.238949,-29.706142,-27.04945,-28.213196,-27.520624,-23.055637,-22.300222,-26.845373,-25.448378,-27.612875,-28.57011,-29.42211,-29.574278,-28.828611,-27.65147,-24.44158,-23.86767,-28.333042,-26.891487,-29.68171,-43.03714,-47.17211,-46.5815,-46.31331,-46.818504,-46.654373,-46.75753,-46.77744,-45.45208,-49.336258,-63.868877,-80.0,-80.0,-80.0,-80.0,-80.0,-80.0,-80.0,-80.0,-80.0,-80.0,-80.0,-80.0,-80.0,-80.0,-80.0,-80.0,-80.0,-80.0,-80.0,-80.0,-80.0,-80.0,-80.0,-80.0,-80.0,-80.0,-80.0,-80.0,-80.0,-80.0,-80.0,-80.0,-80.0,-80.0,-80.0,-80.0,-80.0,-80.0,-80.0,-80.0,-80.0,-80.0,-80.0,-80.0,-80.0,-80.0,-80.0,-80.0,-80.0,-80.0,-80.0,-80.0,-80.0,-80.0,-80.0,-80.0,-80.0,-80.0,-80.0,-80.0,-80.0,-80.0,-80.0,-80.0,-80.0,-80.0,-80.0,-80.0,-80.0,-80.0,-80.0,-80.0,-80.0,-80.0,-80.0,-80.0,-80.0,-80.0,-80.0,-80.0,-80.0,-80.0,-80.0,-80.0,-80.0,-80.0,-80.0,-80.0,-80.0,-80.0,-80.0,-80.0,-80.0,-80.0
-28.385181,-24.736996,-29.240522,-29.920654,-30.564291,-25.827106,-26.580643,-26.752361,-28.599014,-26.45555,-24.590097,-27.448946,-30.074385,-28.57175,-26.89302,-24.607794,-21.831429,-22.94766,-24.764309,-24.631805,-26.35347,-29.214739,-27.288486,-28.010666,-26.709452,-27.49004,-27.65734,-27.046375,-26.90553,-27.640308,-23.094948,-26.06259,-29.236969,-25.550968,-24.014866,-26.837406,-24.856255,-25.0419,-25.02744,-25.948982,-26.641132,-28.15529,-27.29191,-24.152775,-24.16411,-25.602982,-26.47039,-27.272,-25.596912,-25.056332,-26.879871,-26.800756,-28.269901,-27.830715,-24.432327,-27.463226,-29.318443,-27.023785,-24.954504,-22.870693,-24.689224,-27.105486,-25.775229,-24.447945,-25.55402,-27.470222,-27.626984,-27.162567,-26.03872,-24.604717,-26.15762,-25.774157,-24.83864,-25.870743,-28.57317,-29.162663,-27.835499,-28.184109,-27.736473,-24.76587,-29.652351,-31.484936,-29.416887,-28.750505,-27.655476,-27.121628,-29.626984,-30.260584,-27.627008,-27.429123,-27.941021,-27.906904,-27.192451,-29.34827,-28.769857,-27.785439,-29.48278,-29.009712,-26.768929,-26.847225,-27.08903,-23.571558,-24.901554,-28.577291,-28.23949,-28.00481,-25.174969,-24.52816,-26.935972,-28.04598,-32.812496,-40.23334,-39.92754,-37.70673,-38.63953,-39.48541,-40.76979,-42.757957,-39.787254,-40.308304,-42.98249,-47.616432,-42.052467,-43.547714,-48.121067,-41.173183,-41.888927,-36.423836,-28.638256,-28.753933,-31.237337,-29.390793,-28.896885,-28.652683,-31.232944,-32.448277,-28.104237,-26.80519,-25.575247,-28.053587,-27.321783,-25.224667,-25.898075,-27.805035,-26.01395,-27.189018,-26.563957,-27.330324,-27.534979,-27.662848,-29.530334,-24.570969,-24.718357,-26.381199,-26.511234,-26.09632,-28.568588,-28.067192,-28.000015,-29.226637,-27.60522,-25.29609,-23.775272,-25.132368,-25.41392,-27.785358,-27.386189,-29.042187,-30.146732,-27.364168,-25.312325,-25.396868,-26.386335,-22.893991,-24.858665,-26.64795,-26.819948,-23.997803,-23.992416,-26.108006,-29.985743,-31.19774,-27.275555,-26.479017,-27.53665,-28.984634,-28.632437,-27.082624,-26.498497,-26.440037,-25.936605,-24.619114,-23.375124,-24.598724,-25.2118,-28.937862,-29.027596,-26.435816,-25.559113,-24.738201,-25.602386,-25.69528,-24.099577,-25.005009,-27.213703,-28.551418,-28.188885,-27.361324,-29.457457,-29.877817,-28.657703,-29.789782,-28.456024,-28.979393,-26.506817,-24.164597,-23.848461,-24.77642,-27.289932,-28.390781,-25.1234,-22.388706,-25.179104,-27.766573,-27.056,-24.239971,-24.973595,-27.629562,-25.592915,-23.659569,-24.523357,-27.496712,-26.32486,-26.209345,-26.750605,-24.3014,-28.865337,-32.084812,-32.02261,-28.65385,-24.330004,-23.2555,-24.963375,-24.35336,-27.843046,-26.2499,-23.90802,-26.06874,-28.632767,-32.000107,-29.364227,-27.582148,-23.958263,-24.783684,-23.974052,-24.238539,-23.49821,-23.346539,-26.255688,-25.845798,-26.912354,-33.265343,-30.496319,-22.676794,-20.925755,-25.139751,-26.276056,-27.433674,-24.908592,-24.141762,-27.82256,-31.456385,-29.869781,-28.171728,-27.995234,-28.63966,-27.732214,-26.767303,-27.413229,-25.777779,-23.622831,-24.882069,-25.901058,-30.29067,-28.46508,-23.534302,-21.702152,-26.037079,-27.312687,-26.18425,-25.160057,-27.978252,-27.930374,-25.512987,-26.516659,-26.73813,-26.184093,-25.082218,-29.164482,-28.707888,-27.349567,-24.425869,-22.961515,-25.369076,-27.476845,-25.411783,-23.306026,-21.897602,-23.857227,-27.062586,-23.907743,-22.999893,-27.21469,-26.332382,-26.02126,-26.6639,-27.640514,-24.791035,-26.258018,-29.738455,-30.7621,-31.05677,-32.86544,-27.388708,-24.118492,-24.746006,-27.054703,-27.562063,-29.661606,-26.996994,-24.15757,-25.11235,-26.424313,-25.93515,-23.17229,-25.310444,-28.785667,-28.959879,-27.82384,-26.349558,-25.30852,-24.482159,-24.880535,-24.07771,-29.639576,-28.787214,-25.904652,-26.017355,-26.228683,-23.514372,-25.922588,-26.103374,-27.288876,-25.823431,-27.585825,-27.8737,-25.836975,-25.142366,-25.307787,-25.300514,-23.656832,-26.601734,-27.914055,-26.819302,-28.142712,-28.70061,-28.38967,-29.685019,-27.131504,-24.984585,-26.427608,-28.988869,-28.185818,-28.755087,-29.515514,-28.778214,-26.48151,-25.18675,-25.132174,-25.655722,-24.180965,-23.899912,-26.516073,-28.7333,-33.661484,-29.93283,-26.995655,-27.153248,-25.31613,-26.86419,-25.436172,-27.527298,-26.426506,-25.606419,-26.060759,-26.498058,-28.139612,-28.32268,-32.48257,-28.329206,-24.233265,-25.187378,-27.466434,-27.871532,-28.928764,-25.716824,-26.742233,-28.807467,-28.597181,-27.586956,-26.972383,-24.867222,-25.828623,-26.484602,-25.736866,-22.599869,-23.41159,-28.406563,-28.633293,-26.09601,-25.217682,-26.041828,-24.956081,-24.706108,-30.492872,-28.549341,-29.114063,-26.105846,-25.454414,-23.771643,-22.068293,-24.173244,-22.483488,-21.68251,-23.961243,-25.293415,-24.824677,-26.501242,-27.39624,-25.602589,-24.734617,-26.062298,-26.512264,-26.516258,-27.178482,-27.763968,-25.93285,-24.893219,-26.67224,-23.937048,-22.332369,-24.057617,-26.26241,-29.252863,-28.710173,-26.98533,-25.003471,-23.016743,-25.66558,-25.756783,-25.576305,-28.365683,-27.650639,-27.49989,-27.279158,-25.144833,-25.80019,-24.697119,-25.29646,-26.78429,-27.139946,-27.890318,-27.247503,-24.59196,-24.87138,-26.36942,-26.955124,-30.158813,-29.110401,-26.83102,-25.7388,-28.200771,-28.657736,-25.332903,-25.572464,-27.199825,-27.485407,-26.31013,-26.61367,-25.203175,-26.08263,-26.684246,-26.853846,-28.534843,-27.683556,-26.198177,-25.42133,-27.709679,-27.192337,-26.40234,-27.469109,-30.125298,-26.932467,-27.38533,-27.896593,-25.918465,-24.45697,-25.186369,-26.772404,-29.60887,-29.163704,-28.215954,-28.874258,-27.483482,-24.651775,-26.64048,-26.089245,-25.586542,-29.032486,-28.701004,-24.507502,-23.51371,-22.707865,-24.72652,-28.215382,-25.586761,-24.237425,-26.15982,-26.30174,-26.29763,-27.804794,-26.4335,-26.567472,-26.222994,-24.986197,-24.218647,-26.139553,-27.356691,-26.87527,-27.648964,-27.122513,-25.885138,-23.390717,-22.992558,-25.635284,-26.476564,-29.21053,-30.273052,-29.497911,-27.310953,-27.717815,-28.268166,-25.438498,-24.61853,-27.256153,-26.722885,-27.841934,-28.979797,-26.102665,-23.795,-25.024199,-24.443638,-26.520058,-27.82265,-26.944527,-26.124481,-24.876736,-25.98521,-26.544989,-28.60542,-27.725636,-26.45425,-25.370728,-25.19042,-28.14275,-27.664963,-25.278934,-25.97099,-26.726475,-26.649931,-25.160059,-25.406124,-27.16063,-27.741432,-29.487,-28.769966,-27.030697,-29.558727,-30.029041,-26.333906,-25.387192,-26.084549,-25.265457,-27.582981,-30.232067,-25.846928,-23.063814,-26.357723,-27.507696,-27.023891,-25.561024,-27.007362,-26.807102,-26.013433,-26.0993,-27.47394,-28.028648,-28.863811,-29.03098,-28.713835,-29.03553,-26.41538,-25.748169,-24.885355,-27.280817,-26.079266,-26.54242,-32.38034,-44.064564,-53.996376,-53.208138,-52.961823,-53.424488,-53.421432,-53.53691,-53.390335,-52.386124,-56.03882,-68.55159,-80.0,-80.0,-80.0,-80.0,-80.0,-80.0,-80.0,-80.0,-80.0,-80.0,-80.0,-80.0,-80.0,-80.0,-80.0,-80.0,-80.0,-80.0,-80.0,-80.0,-80.0,-80.0,-80.0,-80.0,-80.0,-80.0,-80.0,-80.0,-80.0,-80.0,-80.0,-80.0,-80.0,-80.0,-80.0,-80.0,-80.0,-80.0,-80.0,-80.0,-80.0,-80.0,-80.0,-80.0,-80.0,-80.0,-80.0,-80.0,-80.0,-80.0,-80.0,-80.0,-80.0,-80.0,-80.0,-80.0,-80.0,-80.0,-80.0,-80.0,-80.0,-80.0,-80.0,-80.0,-80.0,-80.0,-80.0,-80.0,-80.0,-80.0,-80.0,-80.0,-80.0,-80.0,-80.0,-80.0,-80.0,-80.0,-80.0,-80.0,-80.0,-80.0,-80.0,-80.0,-80.0,-80.0,-80.0,-80.0,-80.0,-80.0,-80.0,-80.0,-80.0,-80.0
-29.07968,-25.408854,-27.713875,-28.161173,-29.48468,-26.496792,-26.55245,-27.025421,-27.300167,-26.716774,-27.806986,-24.428627,-23.438774,-26.743046,-27.518982,-27.433565,-26.450165,-27.286934,-27.808975,-28.493172,-27.117485,-27.781727,-29.979965,-27.628448,-26.24104,-27.0263,-27.768818,-28.645088,-29.907894,-27.573784,-26.727541,-30.224297,-31.266603,-27.122921,-24.34605,-24.519001,-26.3256,-27.181293,-30.334797,-25.91611,-23.72993,-26.685038,-28.154959,-28.918476,-25.131588,-27.040073,-31.404829,-28.86923,-28.710201,-27.290363,-29.648079,-29.190006,-26.800581,-27.132988,-26.622091,-29.48398,-29.807695,-23.905186,-23.5359,-27.362316,-25.858727,-27.452896,-28.17122,-25.39817,-24.856503,-25.428488,-26.101452,-25.478123,-27.303797,-24.875187,-24.835464,-26.642847,-26.067936,-27.540045,-27.532501,-26.236942,-27.266762,-27.005238,-27.84383,-26.65285,-29.263514,-31.659973,-31.23953,-31.676146,-30.971474,-28.08606,-26.04936,-30.059593,-29.521278,-26.011166,-25.323841,-24.14677,-24.484093,-27.858057,-26.775764,-26.972834,-33.095627,-32.370564,-27.771976,-26.977783,-31.899961,-26.052877,-24.69597,-28.655666,-31.519516,-28.598808,-26.173727,-26.04724,-26.842712,-26.742035,-31.400377,-41.468864,-41.867714,-38.467815,-37.636707,-40.221607,-40.6724,-43.119183,-41.175922,-39.401466,-39.95212,-44.93864,-42.92024,-43.116932,-45.561802,-41.225636,-42.071064,-39.63395,-33.288353,-30.721834,-29.128723,-24.304886,-24.401213,-22.315737,-23.42163,-25.98957,-26.874506,-26.215618,-25.63419,-25.56903,-25.277512,-25.375347,-27.697706,-25.020584,-24.454006,-28.026333,-27.552254,-27.187996,-29.569502,-28.667536,-25.475885,-23.987314,-24.599277,-24.332912,-28.532223,-25.439732,-25.65739,-27.748505,-30.024374,-28.245155,-29.761803,-26.468058,-24.48758,-27.072205,-26.785416,-27.287695,-28.97193,-26.153084,-25.012749,-26.976864,-26.750395,-27.65288,-27.901264,-24.12344,-25.060043,-26.749762,-26.44482,-26.836613,-29.54963,-27.265656,-26.327995,-27.073225,-25.3544,-26.408497,-28.29126,-29.65888,-27.552822,-24.765549,-25.361546,-26.9476,-29.000404,-25.910704,-25.514797,-29.381815,-29.521446,-27.387741,-28.256737,-27.605467,-26.672024,-26.421917,-24.012056,-23.241676,-24.12232,-25.305529,-28.67439,-29.030937,-26.861877,-25.733412,-26.963627,-26.044388,-26.220047,-26.674023,-25.256447,-28.63731,-26.440859,-22.883266,-23.28439,-25.279055,-24.266788,-25.051582,-27.011276,-26.090158,-26.427027,-27.824572,-26.694149,-26.37636,-25.275837,-23.670422,-24.402473,-26.340855,-24.772179,-27.822313,-31.549147,-27.093262,-27.32438,-26.91005,-27.883389,-28.61902,-28.791174,-29.434536,-28.84917,-28.527512,-29.645624,-29.518045,-30.116655,-25.512255,-22.911987,-26.458357,-30.645777,-28.405462,-26.102943,-24.662231,-24.237423,-24.831223,-24.392246,-27.156818,-30.69119,-26.892353,-22.182528,-24.936487,-28.28816,-30.649336,-26.634901,-22.607677,-23.322357,-27.185549,-27.534765,-25.23567,-24.118158,-25.430273,-28.275856,-27.783607,-28.648642,-28.52641,-23.962082,-23.118835,-26.160461,-27.307991,-25.850138,-26.586847,-25.049057,-25.466858,-26.514254,-26.415882,-24.823948,-24.535582,-24.722363,-25.111813,-25.135218,-25.69624,-26.193998,-24.727562,-26.843113,-25.47115,-25.634924,-26.742212,-25.095932,-22.552969,-24.71457,-27.319435,-25.043509,-24.827084,-24.871128,-28.310087,-26.906677,-26.086,-30.509277,-29.423632,-26.048412,-26.442877,-26.469084,-28.646664,-28.387238,-25.97815,-22.745617,-23.599157,-24.849121,-25.824623,-27.01104,-27.509659,-28.521141,-27.901001,-27.029995,-25.51218,-26.638683,-26.912262,-28.217487,-27.807589,-24.112444,-24.665415,-26.107048,-24.842611,-24.873398,-25.69336,-22.854092,-24.661446,-25.501858,-24.032799,-25.53173,-25.617662,-27.343298,-26.33937,-27.09278,-25.15522,-25.717049,-25.411861,-26.649738,-25.26043,-26.335121,-26.296394,-26.43797,-24.246325,-27.47617,-31.553375,-29.86349,-25.871704,-23.449648,-25.703926,-23.907135,-23.878843,-25.038095,-27.844255,-27.652481,-26.59431,-29.311934,-29.792746,-27.343401,-29.015638,-30.274849,-27.190588,-27.148787,-27.376926,-28.668886,-26.655706,-28.058842,-30.968096,-27.883987,-26.508066,-26.294588,-27.27161,-27.175388,-29.250055,-25.992472,-25.156815,-25.80997,-25.726315,-22.35529,-24.76064,-24.922955,-26.62729,-26.417847,-26.030079,-26.639965,-23.98159,-22.853783,-24.90185,-24.462952,-28.98915,-26.610956,-24.78361,-24.715187,-24.601715,-25.202906,-26.46397,-27.986618,-25.485548,-25.534023,-28.841433,-29.945564,-26.681023,-28.859499,-27.043139,-25.7493,-27.827114,-26.009907,-23.643177,-23.526146,-26.276684,-27.766346,-27.077766,-25.302101,-23.660347,-26.517048,-28.396168,-27.110518,-24.695564,-25.87508,-25.939114,-26.646833,-25.175573,-25.210808,-24.989983,-25.535408,-25.098484,-24.975388,-25.552605,-31.2283,-30.807798,-29.706509,-27.994135,-24.502766,-24.069616,-25.432123,-23.582972,-23.387867,-25.060448,-26.31062,-26.324055,-27.902952,-27.84922,-27.314898,-23.920313,-24.31224,-25.31559,-28.264347,-27.348598,-26.722157,-27.798185,-31.70687,-32.193417,-30.62669,-26.201317,-26.724932,-27.072474,-25.261719,-25.702135,-27.185944,-27.22601,-27.8501,-27.90968,-25.800444,-27.44107,-26.135971,-25.079536,-25.428625,-25.879051,-26.098766,-29.50462,-30.12097,-27.759209,-26.422558,-30.891836,-30.587755,-29.407831,-28.38007,-28.40788,-27.21556,-23.711395,-25.861275,-25.860125,-26.493046,-25.03637,-22.808939,-25.551891,-30.869493,-28.653824,-30.103626,-29.926403,-28.718845,-24.162977,-25.838783,-31.141727,-32.67023,-29.772264,-27.839981,-26.69483,-24.24617,-23.228062,-25.502247,-28.463428,-26.96393,-23.93005,-23.871037,-27.57016,-28.976585,-29.421785,-30.216469,-28.650927,-26.371088,-28.822418,-27.47036,-24.718939,-24.185785,-25.449677,-30.15603,-28.033878,-24.757137,-24.921244,-26.484455,-28.926077,-27.979103,-29.149176,-30.09463,-28.06987,-25.72904,-28.1469,-30.75415,-29.478834,-30.426273,-30.09517,-25.573406,-25.117262,-25.928925,-22.335522,-23.155247,-23.674831,-23.037703,-26.60169,-28.038979,-26.59314,-26.475826,-26.244427,-23.896276,-23.578678,-26.229023,-25.636978,-26.50626,-26.741243,-24.956532,-25.248264,-26.234486,-29.381474,-27.477219,-23.424595,-24.348248,-28.185762,-28.475864,-26.045525,-23.742107,-23.209318,-24.659817,-24.302994,-26.44807,-26.729464,-28.698391,-27.685377,-27.054142,-26.750956,-28.060919,-24.58337,-24.420813,-27.550446,-29.812832,-26.850866,-25.543236,-26.119074,-25.75926,-25.714321,-27.732773,-27.430807,-27.890715,-27.994825,-26.201275,-25.44255,-26.91155,-31.894796,-31.056559,-30.486164,-25.888975,-25.288067,-26.78486,-28.916506,-28.11129,-29.66266,-30.65797,-31.82845,-27.05107,-25.415953,-26.204689,-26.014515,-28.929394,-26.169794,-25.484879,-26.267063,-29.027605,-28.168316,-27.249226,-32.60248,-43.14192,-52.207447,-51.552086,-51.22767,-51.86607,-51.602623,-51.71948,-51.832497,-49.906303,-51.726677,-63.48913,-80.0,-80.0,-80.0,-80.0,-80.0,-80.0,-80.0,-80.0,-80.0,-80.0,-80.0,-80.0,-80.0,-80.0,-80.0,-80.0,-80.0,-80.0,-80.0,-80.0,-80.0,-80.0,-80.0,-80.0,-80.0,-80.0,-80.0,-80.0,-80.0,-80.0,-80.0,-80.0,-80.0,-80.0,-80.0,-80.0,-80.0,-80.0,-80.0,-80.0,-80.0,-80.0,-80.0,-80.0,-80.0,-80.0,-80.0,-80.0,-80.0,-80.0,-80.0,-80.0,-80.0,-80.0,-80.0,-80.0,-80.0,-80.0,-80.0,-80.0,-80.0,-80.0,-80.0,-80.0,-80.0,-80.0,-80.0,-80.0,-80.0,-80.0,-80.0,-80.0,-80.0,-80.0,-80.0,-80.0,-80.0,-80.0,-80.0,-80.0,-80.0,-80.0,-80.0,-80.0,-80.0,-80.0,-80.0,-80.0,-80.0,-80.0,-80.0,-80.0,-80.0,-80.0
-29.010065,-24.436966,-23.693386,-24.000835,-25.047157,-24.98906,-26.13531,-27.257385,-28.749012,-29.763388,-26.56799,-22.297287,-24.493973,-28.586739,-27.390049,-26.693676,-26.71492,-26.281189,-30.163927,-29.222994,-27.004824,-25.890335,-27.998604,-27.880678,-27.418097,-26.928223,-27.058199,-27.474346,-28.416933,-28.010288,-27.837816,-29.167343,-31.070919,-29.536037,-25.22834,-23.219353,-26.947466,-27.503613,-27.521835,-26.68599,-25.72954,-26.263895,-27.603268,-27.78054,-27.628466,-26.823425,-27.760225,-27.462536,-27.519741,-28.525131,-30.99085,-27.12814,-25.12507,-24.359386,-25.572783,-26.838015,-26.808859,-22.894018,-24.39539,-29.550632,-28.232027,-22.474613,-21.51202,-23.809988,-25.72321,-28.22572,-28.661537,-29.47437,-28.654278,-26.806889,-26.971924,-23.568933,-25.860275,-28.946623,-29.83633,-28.653988,-28.26456,-28.283587,-28.574003,-27.420048,-24.657148,-27.158241,-29.192577,-24.446604,-25.288136,-26.160292,-26.844461,-27.539028,-29.21737,-28.238277,-24.419083,-25.36892,-25.93013,-27.892822,-28.439425,-25.258205,-27.091513,-29.824516,-27.92308,-28.021324,-28.125769,-28.094057,-26.873535,-28.648844,-27.614452,-28.651056,-27.859276,-26.119064,-26.132336,-28.439259,-29.539207,-37.63768,-40.044376,-40.400352,-39.178482,-40.558327,-38.163094,-38.691704,-41.852997,-40.426167,-40.70021,-46.619186,-41.89252,-37.930008,-42.07418,-42.166416,-43.462807,-41.352562,-36.248672,-34.282684,-31.614513,-25.10469,-25.436405,-28.35648,-26.951902,-26.766186,-26.984165,-24.117172,-26.09372,-26.326649,-27.59823,-28.881407,-26.623146,-25.379946,-25.157787,-26.191498,-26.949,-27.47548,-28.545387,-28.600643,-27.489218,-29.58044,-28.657772,-27.299763,-30.007069,-25.134449,-23.206562,-26.777313,-26.611862,-26.48056,-30.803284,-28.16775,-27.258526,-29.91992,-27.823296,-26.54145,-28.20065,-27.700367,-24.576868,-24.04822,-23.84927,-24.848625,-26.137669,-25.462221,-26.616964,-27.49234,-27.272911,-27.147236,-26.004156,-24.221958,-25.110367,-27.747606,-29.114655,-28.4028,-27.336441,-27.91803,-28.548534,-27.98928,-27.313187,-28.85313,-28.707382,-26.100872,-26.820984,-24.32108,-24.580101,-25.227837,-26.546461,-26.101597,-24.170893,-24.31296,-23.085205,-23.813725,-27.207706,-30.005646,-27.285595,-27.288244,-29.030046,-28.014784,-27.581726,-30.139894,-30.519428,-29.282644,-27.804298,-25.125788,-26.581081,-24.793018,-27.360504,-27.095745,-26.593708,-28.05061,-30.099693,-26.27402,-25.963863,-26.97924,-25.6109,-24.064383,-24.083485,-26.823193,-26.09063,-25.575254,-26.297546,-26.622368,-28.866722,-27.188126,-28.22998,-26.264942,-24.18103,-26.125805,-29.216595,-27.485155,-27.763561,-26.070332,-25.629677,-26.296469,-29.61619,-29.275036,-29.306509,-30.088223,-30.339054,-26.377657,-24.216566,-23.777563,-24.70974,-24.115906,-23.488403,-26.090378,-28.673077,-26.758715,-27.785841,-25.99339,-25.774874,-26.331284,-26.06113,-23.998558,-22.113981,-24.161718,-29.278574,-29.36922,-30.342672,-27.790516,-25.312916,-24.053722,-27.149212,-23.088371,-23.50333,-25.651876,-26.550596,-26.004662,-26.255926,-27.212633,-26.91674,-27.571346,-27.415934,-25.837349,-24.565224,-25.441936,-26.156261,-24.848152,-24.883183,-25.593624,-26.20341,-30.251476,-29.615482,-26.085516,-26.52921,-23.450428,-24.850676,-27.508774,-25.798777,-27.309261,-26.005436,-25.317867,-26.38463,-27.926731,-27.272964,-29.573639,-29.82367,-29.886196,-30.32781,-28.882502,-28.46017,-27.872654,-25.46573,-24.42403,-26.720005,-24.759155,-24.503805,-23.570902,-25.613901,-26.880512,-25.959011,-25.134684,-23.576607,-25.066257,-25.05513,-24.20983,-27.644226,-29.186607,-25.014214,-24.838829,-25.76191,-26.49889,-26.570934,-28.682434,-26.217426,-28.865303,-24.88316,-26.348972,-26.965828,-25.009344,-25.205742,-26.412403,-26.36998,-24.14141,-26.192795,-29.256649,-27.131023,-24.429588,-24.622484,-21.178411,-22.634815,-28.098297,-29.539589,-27.288782,-28.033237,-28.387566,-25.523224,-26.629509,-24.701992,-24.568123,-27.31076,-28.261572,-24.986073,-24.38527,-25.272163,-25.439175,-25.04109,-25.296694,-27.411613,-28.302288,-28.334488,-25.049767,-25.250803,-25.714314,-26.025684,-29.35752,-30.40479,-29.53292,-26.715855,-26.13529,-26.376575,-29.23838,-26.430256,-25.607243,-26.720388,-27.292645,-25.110176,-26.272078,-25.501537,-25.417244,-25.561241,-26.385788,-28.338758,-26.342201,-23.809341,-25.87119,-26.4099,-26.137173,-26.33203,-27.802036,-27.465462,-27.030935,-26.635712,-26.447254,-28.797234,-30.673367,-28.083965,-27.551609,-28.5406,-25.576458,-26.276012,-27.277092,-30.262873,-28.97389,-23.50378,-23.40019,-25.07135,-25.972506,-26.282585,-28.873005,-27.167225,-27.03783,-27.455784,-27.449144,-26.503216,-23.995737,-23.97432,-25.235493,-25.517231,-26.551182,-25.419476,-25.856272,-26.089994,-25.864254,-26.459528,-28.229744,-28.184982,-28.610424,-32.33957,-32.63279,-27.828865,-23.814219,-24.978214,-25.698044,-25.439856,-25.046024,-28.172752,-29.303959,-27.078705,-25.394783,-26.977695,-28.38641,-27.836533,-29.190739,-28.785114,-28.501236,-29.013561,-26.49142,-25.807043,-27.903307,-27.886864,-27.30004,-26.21451,-24.565384,-25.414703,-25.21103,-22.919819,-25.879875,-27.058884,-29.34263,-27.772005,-26.091347,-24.77406,-25.578667,-28.2043,-28.127699,-30.9916,-27.59898,-25.256966,-24.508804,-26.04581,-29.731953,-26.183006,-25.22977,-24.793278,-26.083088,-30.914478,-24.898327,-25.29084,-28.91338,-28.117092,-28.021137,-27.38268,-26.612038,-28.127691,-31.02987,-30.989725,-29.326902,-28.89879,-27.563385,-27.153933,-26.192394,-27.555317,-29.82132,-28.217335,-28.818626,-25.961117,-24.904081,-30.581566,-32.079243,-26.843155,-25.390085,-25.661491,-26.459072,-25.353302,-24.984161,-26.330528,-28.093477,-26.456156,-26.867414,-25.605583,-25.255138,-23.740452,-26.744867,-27.44656,-26.051579,-24.959785,-26.23262,-29.91602,-27.369507,-26.447332,-25.287022,-26.176819,-23.646818,-25.44558,-30.414179,-32.573425,-27.328836,-26.371,-30.034082,-28.597189,-26.78085,-26.090347,-25.155512,-25.717852,-25.398796,-25.50459,-24.679403,-23.165396,-29.752798,-28.003784,-22.841043,-24.002663,-26.393652,-26.524467,-24.919216,-25.019398,-25.883663,-23.357239,-24.90622,-27.290836,-26.082832,-24.155212,-22.275547,-24.012735,-24.564396,-26.20773,-25.006527,-26.039968,-29.268293,-25.607477,-24.773687,-26.359951,-27.254194,-28.292442,-28.713284,-28.355988,-24.332771,-22.80972,-22.9647,-25.161135,-28.750252,-29.012623,-27.190136,-27.054178,-25.483774,-25.46822,-26.559454,-26.081493,-26.90228,-30.565258,-31.086826,-29.560995,-27.070864,-28.468584,-30.442074,-29.597446,-28.27503,-26.766644,-26.023232,-28.720274,-27.799911,-26.439,-27.832588,-26.731585,-27.375065,-26.974733,-25.910854,-27.850857,-27.5187,-29.115261,-29.716005,-25.403511,-27.79852,-32.760334,-30.905132,-27.286406,-27.840343,-30.618912,-31.17456,-31.130934,-31.112705,-31.146204,-31.139914,-31.14719,-31.145813,-31.756895,-37.101826,-55.571304,-80.0,-80.0,-80.0,-80.0,-80.0,-80.0,-80.0,-80.0,-80.0,-80.0,-80.0,-80.0,-80.0,-80.0,-80.0,-80.0,-80.0,-80.0,-80.0,-80.0,-80.0,-80.0,-80.0,-80.0,-80.0,-80.0,-80.0,-80.0,-80.0,-80.0,-80.0,-80.0,-80.0,-80.0,-80.0,-80.0,-80.0,-80.0,-80.0,-80.0,-80.0,-80.0,-80.0,-80.0,-80.0,-80.0,-80.0,-80.0,-80.0,-80.0,-80.0,-80.0,-80.0,-80.0,-80.0,-80.0,-80.0,-80.0,-80.0,-80.0,-80.0,-80.0,-80.0,-80.0,-80.0,-80.0,-80.0,-80.0,-80.0,-80.0,-80.0,-80.0,-80.0,-80.0,-80.0,-80.0,-80.0,-80.0,-80.0,-80.0,-80.0,-80.0,-80.0,-80.0,-80.0,-80.0,-80.0,-80.0,-80.0,-80.0,-80.0,-80.0,-80.0,-80.0
-31.062363,-27.351612,-25.186182,-25.016682,-26.60013,-28.121338,-26.175156,-24.038244,-25.868382,-25.347975,-27.560898,-30.597664,-30.48056,-27.994202,-29.502235,-30.795805,-26.104204,-25.303085,-26.672277,-26.696682,-26.189156,-27.84691,-29.208227,-29.04182,-24.865772,-24.842838,-26.828228,-27.03035,-28.28899,-25.847515,-25.778366,-24.78395,-28.30752,-28.121347,-24.784618,-25.048847,-25.816158,-24.914734,-27.680246,-26.471958,-27.208439,-29.57582,-27.351645,-27.097286,-27.967152,-29.035404,-28.891388,-26.810047,-23.738838,-24.774384,-28.191551,-26.687138,-25.325489,-27.400902,-25.107506,-24.412327,-24.945934,-23.677261,-24.672953,-28.562695,-27.23353,-25.780094,-25.114334,-26.346085,-26.254017,-26.65704,-27.125395,-25.86444,-26.649605,-28.516071,-26.035875,-23.223515,-24.50658,-26.284445,-26.39186,-25.84539,-25.419605,-27.46894,-27.119694,-25.155602,-25.031448,-25.94477,-28.232082,-27.084394,-24.577831,-23.320665,-25.43806,-25.01837,-28.107895,-27.696629,-26.087952,-26.64731,-25.483042,-27.050867,-28.10112,-25.333279,-26.986916,-28.838741,-23.922243,-24.516785,-27.319984,-27.228333,-27.45905,-27.992178,-26.091991,-26.732191,-25.619064,-26.869951,-29.350206,-29.904419,-32.533432,-38.772774,-37.418945,-38.805717,-41.84494,-40.293842,-38.21829,-38.05651,-37.69285,-38.045742,-36.545395,-43.28279,-46.777912,-45.073303,-47.566936,-42.415848,-42.764397,-35.355286,-27.809633,-28.84016,-29.263102,-26.19332,-28.097427,-32.43973,-31.708767,-32.083035,-30.76167,-28.366978,-29.499388,-29.051285,-26.638184,-27.059319,-27.545578,-27.082054,-27.672771,-24.341751,-24.918995,-28.388145,-29.72197,-28.471687,-28.328377,-29.878405,-29.061531,-26.59784,-26.405624,-29.412117,-28.207983,-29.290142,-27.399727,-25.144186,-23.567944,-24.76899,-26.93063,-25.34879,-26.210592,-26.221832,-27.339327,-27.1363,-27.720844,-29.637613,-23.853403,-23.21774,-25.070515,-26.644419,-23.718418,-23.572529,-25.94881,-25.28968,-24.29879,-24.758617,-26.118832,-30.713818,-26.819658,-27.294395,-25.096941,-26.220385,-26.813694,-25.789661,-23.58299,-26.991312,-27.09221,-25.673428,-27.065735,-25.880592,-27.921894,-25.994974,-26.92042,-27.266218,-28.076803,-27.077362,-23.285305,-23.434471,-27.324833,-30.317284,-27.163897,-28.113787,-28.313923,-25.99225,-24.266006,-26.856728,-25.511387,-27.885742,-26.100428,-23.844387,-27.655758,-24.43488,-24.713684,-25.57529,-25.707298,-25.89444,-25.75158,-24.653456,-24.467655,-25.02354,-25.690214,-24.550722,-23.596706,-25.832705,-25.47786,-23.44574,-23.794918,-26.545584,-26.098518,-25.362719,-24.556904,-26.478432,-26.607698,-28.160656,-28.244244,-25.594555,-23.292751,-24.620213,-24.841784,-26.455307,-30.085579,-29.295097,-27.211775,-26.116096,-26.562983,-26.83554,-25.28228,-23.552937,-21.908375,-23.295467,-25.67823,-26.90461,-25.861885,-25.038357,-22.972698,-22.803598,-23.987995,-25.929089,-26.144777,-26.255316,-25.373758,-25.608744,-31.51154,-28.772919,-27.545029,-26.017109,-23.904613,-24.916214,-28.764986,-25.864113,-26.610292,-26.056856,-24.323875,-25.581936,-26.207497,-27.488337,-27.010147,-24.698923,-22.855503,-23.620535,-24.873182,-25.947353,-26.232061,-24.690416,-24.943195,-24.612736,-30.047056,-34.018566,-31.705572,-30.039951,-26.670927,-23.531483,-25.020168,-28.620462,-28.80084,-31.194527,-31.372028,-28.023916,-27.533197,-27.953709,-27.007868,-25.845467,-27.999739,-27.397911,-26.818203,-24.94464,-25.780756,-25.769104,-25.904936,-26.211918,-28.37696,-30.216745,-29.612806,-26.933853,-28.292322,-29.921938,-28.43819,-28.126774,-26.548683,-27.448376,-25.21967,-22.752266,-23.230885,-24.83205,-24.479599,-23.097769,-25.277367,-26.935207,-25.288101,-27.676895,-24.678095,-26.798588,-28.175287,-27.863937,-27.03293,-23.297955,-22.421274,-26.230919,-26.807714,-26.943802,-24.125053,-23.899534,-24.92314,-25.92954,-25.751766,-25.866316,-24.655743,-27.188854,-28.985714,-26.083668,-27.315603,-27.000546,-25.387054,-24.624008,-26.992743,-29.434296,-27.59478,-26.83424,-24.84016,-24.067469,-23.476757,-25.252695,-27.73499,-28.05785,-27.977352,-26.554731,-27.258556,-27.499132,-26.995861,-26.812008,-24.216105,-25.238213,-27.422808,-27.352062,-26.50063,-25.889904,-27.329859,-27.198935,-25.594654,-24.798424,-25.55968,-25.423592,-26.06437,-26.725157,-25.853468,-24.867517,-24.75998,-23.96703,-26.8605,-28.773878,-28.05965,-27.998352,-27.464571,-24.600143,-24.212189,-27.792587,-26.792377,-25.03902,-24.840488,-28.154402,-33.640995,-28.028227,-24.191502,-25.330952,-24.982431,-22.167156,-22.104465,-26.95986,-27.179785,-27.709707,-29.832859,-27.862343,-26.948824,-27.162548,-27.912495,-26.080467,-24.888367,-24.482117,-24.411541,-25.285442,-24.322819,-22.863802,-25.34896,-25.934204,-23.20787,-24.760128,-24.91919,-27.26108,-28.479225,-29.409739,-26.512796,-26.161097,-28.393158,-29.236275,-29.145947,-29.260569,-28.31734,-25.677473,-27.13952,-29.170088,-25.979671,-26.222311,-28.585217,-30.52355,-28.8348,-24.445152,-25.981792,-25.868341,-28.088383,-28.948227,-27.047224,-26.390104,-25.976225,-28.271057,-25.682451,-23.153366,-24.881235,-26.44659,-27.835983,-29.455578,-28.521229,-27.979824,-27.626612,-28.45715,-28.392622,-28.12907,-26.123392,-23.482086,-25.91895,-27.135197,-26.946064,-27.596394,-27.64512,-25.045174,-23.488914,-25.118786,-27.545109,-29.63829,-30.763275,-27.789022,-28.044794,-26.576172,-27.43401,-25.739998,-26.914986,-29.361523,-27.681034,-28.298807,-26.580944,-22.079426,-23.496761,-29.158188,-29.661753,-27.704462,-25.014631,-25.789314,-25.935532,-25.608799,-25.68613,-29.342236,-28.6594,-28.324875,-27.076542,-28.428907,-25.591585,-25.289825,-25.053963,-24.717354,-25.758211,-26.15789,-26.501184,-24.938366,-26.800634,-26.75168,-24.728176,-24.135395,-22.81466,-21.954746,-24.542877,-28.393173,-28.514355,-28.223429,-30.84042,-32.117867,-29.874525,-25.49394,-25.042511,-23.649426,-24.344631,-24.788166,-28.405903,-30.372711,-29.576471,-26.915335,-30.893747,-34.90086,-27.17471,-24.51315,-25.693668,-25.399515,-25.836147,-27.73068,-28.837437,-26.118813,-23.888512,-27.341707,-28.433945,-28.61753,-25.232967,-25.456352,-26.305517,-28.478592,-27.332031,-24.7177,-25.074856,-28.604412,-26.555315,-25.181648,-26.360273,-26.978294,-26.789349,-28.006462,-26.702988,-24.897686,-25.63499,-27.9351,-27.170744,-26.810738,-24.972664,-21.80046,-23.589857,-28.023636,-27.010553,-26.110437,-25.521011,-24.53778,-26.068682,-25.708168,-26.511284,-27.214449,-27.169096,-26.18407,-26.173382,-27.03267,-26.561954,-26.35941,-28.978374,-26.155842,-26.623178,-25.898743,-27.490463,-29.195183,-26.464071,-24.866285,-27.198912,-25.649675,-27.75912,-29.448494,-27.012184,-27.317081,-25.496925,-23.656168,-21.397991,-22.992401,-27.903698,-28.87476,-30.337149,-29.68626,-26.468718,-27.25925,-27.971949,-26.490295,-25.087078,-27.16983,-31.836363,-32.162106,-32.233063,-32.264126,-32.20694,-32.218994,-32.20699,-32.211403,-32.97498,-37.78661,-55.30562,-80.0,-80.0,-80.0,-80.0,-80.0,-80.0,-80.0,-80.0,-80.0,-80.0,-80.0,-80.0,-80.0,-80.0,-80.0,-80.0,-80.0,-80.0,-80.0,-80.0,-80.0,-80.0,-80.0,-80.0,-80.0,-80.0,-80.0,-80.0,-80.0,-80.0,-80.0,-80.0,-80.0,-80.0,-80.0,-80.0,-80.0,-80.0,-80.0,-80.0,-80.0,-80.0,-80.0,-80.0,-80.0,-80.0,-80.0,-80.0,-80.0,-80.0,-80.0,-80.0,-80.0,-80.0,-80.0,-80.0,-80.0,-80.0,-80.0,-80.0,-80.0,-80.0,-80.0,-80.0,-80.0,-80.0,-80.0,-80.0,-80.0,-80.0,-80.0,-80.0,-80.0,-80.0,-80.0,-80.0,-80.0,-80.0,-80.0,-80.0,-80.0,-80.0,-80.0,-80.0,-80.0,-80.0,-80.0,-80.0,-80.0,-80.0,-80.0,-80.0,-80.0,-80.0
-31.897945,-28.906036,-25.442715,-27.68822,-29.580725,-27.307238,-29.08398,-24.196463,-23.056166,-24.696468,-26.354452,-30.770884,-29.108541,-27.555603,-27.265495,-30.781,-28.56238,-28.976665,-27.221832,-25.10616,-24.866566,-24.810137,-26.30265,-27.712732,-26.8146,-26.324236,-27.457085,-28.359676,-29.161978,-27.448685,-27.595285,-25.571777,-24.98878,-25.53017,-25.59309,-25.362911,-24.972713,-23.908092,-28.074188,-27.164284,-27.90999,-26.269676,-24.91267,-25.88037,-28.44571,-28.829895,-27.329739,-25.685293,-23.22298,-23.450993,-23.53801,-21.525745,-23.0149,-25.11343,-25.501493,-28.003828,-24.595253,-24.7985,-26.007572,-27.242035,-25.72557,-23.135935,-22.524057,-25.128853,-25.566814,-26.201447,-26.312027,-27.091553,-27.799604,-26.647602,-25.759438,-24.06784,-24.063938,-24.07745,-23.442688,-24.108505,-25.397148,-26.321562,-24.868317,-23.090971,-23.46357,-25.304459,-28.123613,-27.689436,-27.584286,-28.24142,-27.203499,-27.085629,-27.418097,-28.338398,-27.135046,-26.33143,-25.862862,-27.56735,-30.002213,-27.995665,-22.174114,-23.173632,-25.074284,-25.744476,-25.57196,-25.999393,-24.68125,-25.876871,-24.928638,-26.097736,-26.026423,-26.294819,-26.524319,-30.044395,-31.99426,-37.34834,-39.165184,-39.53013,-42.06303,-40.35222,-39.405823,-39.69551,-40.07397,-40.722336,-40.2237,-46.072865,-50.58793,-45.976112,-47.164173,-44.78225,-46.132206,-34.98107,-26.152931,-25.80854,-27.57746,-25.314257,-24.213057,-27.66404,-28.123497,-27.556343,-28.802027,-32.482197,-30.094124,-29.490936,-26.667307,-22.346195,-22.84962,-23.775497,-25.721191,-25.281315,-25.855967,-27.410418,-28.83614,-27.57579,-25.409748,-26.254505,-26.01556,-26.432896,-27.079935,-27.261646,-26.31188,-29.08508,-29.72895,-26.306953,-25.004704,-24.099096,-25.672714,-25.970184,-27.307123,-28.442205,-27.34227,-28.888008,-29.438927,-29.563028,-25.973055,-24.75465,-23.424904,-25.676449,-25.173283,-25.08456,-27.642235,-25.323662,-23.18087,-22.986645,-24.851246,-29.065102,-29.172356,-28.76789,-27.184044,-26.29049,-27.689978,-26.427761,-25.005297,-24.47075,-26.357853,-26.25238,-24.285112,-25.8575,-26.26704,-25.852154,-28.917152,-26.09981,-26.780003,-28.988659,-27.171112,-27.762665,-28.184809,-28.01432,-24.786068,-26.863503,-30.678265,-30.789854,-29.199608,-25.474926,-25.581095,-26.952314,-26.59338,-26.31686,-29.051056,-25.885105,-24.32309,-24.830177,-26.395214,-26.743464,-25.298214,-26.186193,-25.329765,-26.643763,-27.189404,-28.520353,-28.494131,-30.093784,-28.74702,-26.157457,-25.629753,-24.118853,-25.76374,-28.230194,-26.519407,-24.835806,-23.470459,-23.340149,-24.66779,-23.792868,-23.313267,-27.618952,-27.278587,-27.952808,-30.245047,-27.500803,-25.335604,-26.215729,-26.73177,-28.732735,-28.61796,-25.27222,-24.24279,-25.600218,-27.468449,-28.021671,-28.680832,-25.172659,-25.49902,-29.61729,-27.776304,-27.284994,-26.66025,-24.413391,-26.975733,-27.080921,-29.62446,-28.082743,-24.122086,-24.92522,-25.514664,-24.670002,-26.017483,-27.487898,-29.769756,-30.28955,-28.36321,-26.011192,-23.350048,-24.973673,-26.490952,-27.868675,-26.671356,-24.948563,-27.373224,-27.024275,-25.96628,-28.00452,-26.810799,-25.449787,-25.39218,-25.795776,-25.975304,-28.432499,-29.533371,-28.349892,-26.435234,-26.516228,-26.375404,-28.728968,-26.0084,-25.873857,-28.68167,-29.527905,-28.744558,-25.435051,-27.10123,-27.636326,-26.577261,-27.466301,-30.239416,-30.607117,-25.030956,-25.797321,-29.47084,-25.477934,-25.445158,-25.540712,-26.307575,-28.730396,-27.821396,-26.13544,-23.329266,-24.434626,-27.20095,-26.661243,-26.138731,-25.056763,-25.007736,-26.86256,-28.976381,-28.73185,-27.949791,-27.84515,-29.468508,-30.58401,-30.68697,-29.413723,-28.001617,-27.27435,-27.091612,-27.147665,-26.343437,-25.98753,-25.904457,-26.301899,-25.787468,-26.563557,-27.483511,-26.302584,-25.379295,-27.064087,-28.38887,-26.876396,-26.84128,-28.388956,-28.144497,-27.443085,-25.597622,-26.428898,-25.987106,-23.257252,-25.212116,-25.570545,-23.914894,-24.597734,-25.354935,-28.054981,-28.749098,-26.434523,-28.677761,-30.913555,-28.753609,-24.88044,-26.194042,-28.571419,-25.976252,-26.932919,-25.01733,-23.924551,-26.55597,-26.32826,-23.339859,-23.644331,-24.659819,-27.784966,-29.736973,-28.372566,-26.279692,-23.415588,-22.220724,-23.101494,-27.888412,-30.719849,-29.020285,-29.022163,-28.283766,-25.975634,-27.934517,-26.772007,-26.35287,-25.398335,-24.706753,-26.258549,-26.459686,-25.235723,-26.181133,-25.789236,-27.340302,-30.581577,-26.81366,-25.661098,-26.557003,-26.916603,-28.810242,-25.523037,-25.36415,-26.795183,-29.671904,-28.822084,-26.96399,-27.761324,-26.769794,-29.051537,-28.252268,-27.272911,-28.63015,-26.994194,-24.975643,-24.830154,-26.7989,-29.583485,-27.344223,-26.48953,-27.169413,-28.932125,-26.894478,-27.49224,-26.068779,-25.438896,-25.646305,-23.467712,-25.108398,-25.303993,-28.126163,-27.848553,-30.0557,-31.60349,-27.539034,-23.665947,-26.765213,-26.743446,-24.624249,-23.907526,-24.800402,-25.88749,-23.285988,-25.058182,-28.992662,-26.153328,-24.215805,-26.95806,-28.892628,-29.509232,-29.297703,-29.340126,-25.546888,-25.370129,-26.20668,-27.914972,-25.526371,-24.831043,-27.67079,-28.28236,-28.173367,-25.415237,-26.549665,-26.871658,-26.380188,-25.636032,-28.792614,-29.771019,-27.07495,-25.608849,-28.261194,-28.047112,-27.041676,-26.326351,-25.193254,-25.60414,-26.53123,-25.677114,-26.95514,-26.134182,-27.744637,-31.907944,-29.411337,-28.555847,-27.361036,-27.407522,-26.752075,-28.532717,-28.097559,-28.211243,-26.785372,-27.2891,-26.559015,-29.200113,-26.230831,-26.388374,-26.284727,-27.182354,-29.78873,-32.876152,-31.900692,-27.690765,-26.369934,-23.167974,-23.485624,-24.886631,-24.872839,-23.312862,-25.703075,-25.207016,-26.072544,-29.810959,-28.98316,-27.838268,-23.601181,-23.104572,-25.30112,-25.177153,-25.70663,-27.245462,-27.551018,-27.374222,-29.49316,-27.52449,-27.897337,-30.618946,-27.874193,-26.738886,-26.824123,-26.343456,-28.904829,-27.557003,-28.320602,-29.331951,-25.378857,-27.944101,-25.70977,-25.316463,-28.940641,-29.002289,-26.909443,-26.697762,-26.715387,-26.004967,-24.201015,-27.920134,-27.307415,-26.34496,-25.721964,-25.415478,-27.534931,-27.964624,-26.478245,-26.443405,-24.24157,-26.12879,-28.850975,-28.331345,-28.982658,-26.018429,-25.446321,-27.842506,-30.435064,-29.620739,-26.334137,-26.447027,-26.965183,-25.51561,-25.94198,-28.996101,-29.293856,-28.129934,-26.139914,-25.454355,-26.42703,-31.083279,-28.538614,-25.394955,-27.18004,-29.035267,-27.472036,-28.938913,-24.981388,-25.298044,-26.86498,-24.711376,-25.965809,-25.663754,-27.47086,-29.461779,-26.685827,-23.98024,-23.401852,-21.86154,-24.72795,-26.870289,-27.452694,-29.667042,-30.560524,-26.926338,-27.356997,-27.494171,-27.84981,-29.907345,-40.8564,-52.368866,-51.676895,-51.424202,-51.9131,-51.826797,-51.93531,-51.83058,-48.545174,-49.403156,-61.774124,-80.0,-80.0,-80.0,-80.0,-80.0,-80.0,-80.0,-80.0,-80.0,-80.0,-80.0,-80.0,-80.0,-80.0,-80.0,-80.0,-80.0,-80.0,-80.0,-80.0,-80.0,-80.0,-80.0,-80.0,-80.0,-80.0,-80.0,-80.0,-80.0,-80.0,-80.0,-80.0,-80.0,-80.0,-80.0,-80.0,-80.0,-80.0,-80.0,-80.0,-80.0,-80.0,-80.0,-80.0,-80.0,-80.0,-80.0,-80.0,-80.0,-80.0,-80.0,-80.0,-80.0,-80.0,-80.0,-80.0,-80.0,-80.0,-80.0,-80.0,-80.0,-80.0,-80.0,-80.0,-80.0,-80.0,-80.0,-80.0,-80.0,-80.0,-80.0,-80.0,-80.0,-80.0,-80.0,-80.0,-80.0,-80.0,-80.0,-80.0,-80.0,-80.0,-80.0,-80.0,-80.0,-80.0,-80.0,-80.0,-80.0,-80.0,-80.0,-80.0,-80.0,-80.0
-31.86605,-30.005215,-27.312187,-26.700878,-28.07412,-26.668589,-28.908382,-24.74747,-23.553995,-22.969112,-23.065838,-23.294374,-26.264233,-25.934135,-25.87172,-25.790682,-29.094372,-28.304626,-26.14075,-24.717968,-23.085495,-23.481403,-25.01196,-23.26558,-24.60587,-28.190334,-28.512846,-26.995333,-26.885399,-25.446548,-25.570986,-24.339409,-25.602118,-27.798916,-24.836666,-25.437765,-24.485304,-25.418064,-28.489384,-27.152855,-27.829037,-28.500866,-27.961311,-25.092606,-27.928265,-28.082615,-26.41618,-28.046503,-27.149734,-26.058315,-27.13817,-27.627892,-27.64737,-26.886606,-27.225906,-29.500622,-28.696896,-26.976246,-26.829704,-27.573233,-29.420158,-27.93002,-24.497013,-28.197699,-27.982773,-26.416508,-25.121902,-26.23916,-29.11327,-24.726973,-25.748085,-25.173786,-24.68095,-25.551157,-23.450253,-24.975231,-24.023323,-22.157295,-25.094978,-25.791565,-27.482697,-28.92191,-28.232075,-27.434242,-26.419056,-26.83841,-28.720623,-28.489017,-27.104538,-26.929836,-25.583233,-26.568981,-24.255222,-25.530563,-27.646748,-27.295414,-26.120731,-26.411669,-27.027386,-26.07921,-30.004086,-29.766466,-27.982489,-26.456163,-25.639914,-27.111454,-27.045412,-27.517748,-29.213903,-28.595495,-29.141672,-36.4451,-40.225677,-38.999496,-40.08392,-39.30769,-42.76075,-43.98564,-40.524364,-37.257244,-40.556698,-49.22687,-45.139587,-40.81377,-43.27629,-46.018112,-47.665337,-40.438927,-29.959808,-28.107271,-26.863697,-26.828903,-28.12045,-27.447195,-25.646637,-25.058533,-26.032494,-28.510973,-28.789648,-28.19447,-26.313616,-24.007862,-22.496704,-23.76349,-25.505081,-25.599714,-25.118496,-25.416183,-25.25302,-25.779781,-26.480803,-27.881275,-25.698715,-26.69222,-26.231567,-26.419943,-24.218224,-23.67249,-28.87578,-29.522694,-28.295078,-28.352001,-26.400785,-27.562122,-29.288788,-26.365002,-25.704826,-25.597717,-27.76027,-28.071678,-27.69067,-27.642485,-25.816002,-26.428337,-28.580542,-25.547924,-25.810266,-26.05979,-25.695217,-26.627861,-27.931812,-26.285934,-27.357235,-25.50265,-24.84899,-26.139107,-26.00162,-25.76424,-27.91232,-25.49005,-26.894209,-26.110518,-24.870544,-24.668846,-26.14381,-30.333443,-31.374279,-30.595413,-30.24685,-27.025547,-23.16767,-24.531738,-27.50801,-30.189188,-30.050447,-28.954605,-28.762012,-29.267796,-26.902756,-27.056217,-27.921295,-25.311644,-25.86977,-26.321955,-29.233541,-27.25765,-25.508709,-27.27805,-25.903933,-26.6368,-28.50602,-27.230385,-23.160765,-24.413418,-27.862614,-29.755564,-27.897038,-25.221207,-25.700058,-26.865162,-27.49522,-28.672722,-28.36149,-24.425617,-22.652843,-25.668066,-26.254942,-25.335987,-25.707138,-26.518665,-26.100998,-26.808247,-28.281507,-30.638977,-30.062613,-29.580364,-27.052315,-24.590054,-24.471231,-25.536673,-29.099085,-29.345564,-26.420424,-26.630856,-28.135002,-26.753418,-28.066605,-26.94197,-28.204899,-27.336922,-27.186377,-26.55257,-28.085451,-25.780119,-28.103802,-25.913002,-26.811676,-28.59771,-25.030537,-24.809666,-26.27853,-24.98559,-23.154741,-23.380405,-29.054209,-29.767834,-29.207846,-28.706501,-27.711948,-26.262068,-26.079075,-26.694838,-28.661335,-25.891336,-25.34105,-24.357487,-24.967562,-24.399593,-25.574162,-26.024784,-23.940266,-24.613914,-24.912586,-27.572174,-29.461422,-28.980663,-25.483034,-25.65505,-28.48388,-27.587887,-25.15677,-22.990742,-25.626005,-28.222229,-27.919474,-27.899204,-28.213724,-28.742428,-26.796062,-24.948338,-27.09453,-28.85738,-27.893246,-29.242851,-32.75804,-27.30525,-27.259922,-28.729208,-25.890812,-23.843887,-24.375202,-24.893423,-25.257465,-27.610699,-29.6955,-29.171701,-28.039852,-27.341938,-29.820946,-30.376675,-28.343521,-27.195257,-26.681696,-25.891006,-27.225657,-27.264091,-26.495573,-25.837685,-25.00756,-27.250114,-29.471542,-28.497417,-28.393894,-29.202448,-31.646,-31.213018,-27.423605,-26.1917,-24.1954,-24.846972,-24.914883,-24.872492,-27.713451,-27.054966,-25.96016,-24.409931,-27.487253,-28.225502,-26.884155,-25.747637,-23.707417,-24.468765,-28.975801,-28.944763,-25.02287,-26.95216,-28.78816,-28.94232,-26.841774,-25.360846,-28.756971,-28.251736,-26.766556,-25.806528,-24.514452,-24.956375,-25.235716,-26.799076,-27.43602,-24.914742,-25.353188,-25.272331,-25.68592,-26.81899,-28.686813,-31.153902,-32.518616,-30.909393,-28.218143,-26.304207,-25.56736,-23.9859,-26.105343,-27.580667,-27.936882,-23.43431,-24.769264,-24.655087,-27.95303,-26.149048,-25.759815,-25.681091,-26.624092,-24.203222,-23.23487,-26.242472,-25.87808,-23.996658,-25.987,-30.361044,-30.39091,-27.339039,-25.624197,-25.449907,-26.043785,-25.404737,-25.896072,-24.312159,-26.78642,-26.62216,-28.41273,-29.232841,-28.158484,-26.411554,-26.506128,-26.054003,-25.886295,-27.791649,-26.53743,-27.715086,-30.560493,-28.666338,-25.388933,-23.52684,-26.066292,-28.925407,-26.257826,-27.418695,-29.192507,-30.156824,-28.231876,-24.575214,-24.111397,-24.179092,-26.673393,-28.279053,-27.688,-27.03046,-29.675201,-28.231716,-26.859837,-27.597147,-27.207413,-26.302353,-26.676908,-27.120468,-25.751953,-25.294401,-27.267769,-27.850716,-28.723679,-28.131165,-26.628605,-26.478367,-25.156618,-27.731092,-27.629519,-25.573513,-24.079306,-25.438421,-24.65727,-24.784454,-28.097143,-28.33504,-26.165176,-25.456936,-25.834019,-25.85281,-25.441338,-24.283373,-27.468462,-26.386593,-23.84629,-27.325129,-27.308784,-27.543571,-28.327084,-27.886982,-26.800785,-26.680971,-26.870605,-23.403358,-24.333012,-26.657114,-27.912327,-28.048897,-22.857422,-23.099264,-27.624405,-27.310417,-28.933598,-26.78701,-27.665133,-27.205364,-25.679844,-29.743969,-28.199886,-27.064083,-27.058132,-25.879887,-24.720116,-24.86761,-29.340858,-28.770605,-26.766075,-29.77272,-28.308544,-28.409883,-27.360842,-27.632704,-26.981125,-26.8752,-26.612215,-23.765026,-23.048681,-23.15916,-22.96883,-24.968307,-26.456059,-26.225464,-25.889599,-26.352127,-28.951084,-27.87495,-26.850851,-25.015947,-25.034424,-25.004927,-27.177214,-27.296412,-25.262545,-23.705227,-27.912525,-31.075596,-29.513084,-28.105133,-29.078285,-26.890097,-24.939064,-27.853416,-26.046532,-25.107248,-26.405006,-28.00137,-29.099945,-28.168573,-22.503294,-21.495392,-26.277782,-27.778435,-26.16928,-27.952515,-28.139496,-27.549564,-25.586807,-23.585295,-26.33253,-28.905354,-26.881098,-26.219776,-27.067642,-27.290165,-26.760212,-29.799526,-26.962166,-28.384388,-30.558203,-28.352318,-28.114058,-30.634077,-29.15568,-27.263395,-27.383148,-30.419708,-28.055695,-27.414284,-27.113102,-25.971163,-26.156311,-27.623835,-28.714346,-29.872173,-28.245943,-27.211262,-28.034443,-31.253902,-25.931068,-26.300552,-27.780869,-25.000362,-24.56044,-24.901806,-26.979034,-28.566357,-30.105783,-30.511389,-31.39234,-28.991152,-26.975235,-27.211403,-28.649021,-28.377516,-27.26264,-26.19108,-27.19736,-25.606754,-26.320179,-32.630394,-45.445137,-53.6553,-52.995422,-52.73093,-53.234116,-53.104782,-53.2147,-53.185196,-50.8571,-52.694515,-65.62566,-80.0,-80.0,-80.0,-80.0,-80.0,-80.0,-80.0,-80.0,-80.0,-80.0,-80.0,-80.0,-80.0,-80.0,-80.0,-80.0,-80.0,-80.0,-80.0,-80.0,-80.0,-80.0,-80.0,-80.0,-80.0,-80.0,-80.0,-80.0,-80.0,-80.0,-80.0,-80.0,-80.0,-80.0,-80.0,-80.0,-80.0,-80.0,-80.0,-80.0,-80.0,-80.0,-80.0,-80.0,-80.0,-80.0,-80.0,-80.0,-80.0,-80.0,-80.0,-80.0,-80.0,-80.0,-80.0,-80.0,-80.0,-80.0,-80.0,-80.0,-80.0,-80.0,-80.0,-80.0,-80.0,-80.0,-80.0,-80.0,-80.0,-80.0,-80.0,-80.0,-80.0,-80.0,-80.0,-80.0,-80.0,-80.0,-80.0,-80.0,-80.0,-80.0,-80.0,-80.0,-80.0,-80.0,-80.0,-80.0,-80.0,-80.0,-80.0,-80.0,-80.0,-80.0
-31.543879,-28.695679,-25.98069,-25.424274,-25.684921,-25.554039,-27.4707,-29.830431,-29.2101,-28.03455,-28.426538,-24.193722,-24.172234,-24.087742,-23.065624,-26.11045,-28.400297,-27.356033,-26.846819,-26.562687,-23.338234,-24.494312,-28.829784,-29.093569,-26.690956,-26.456823,-30.745117,-28.596388,-27.916372,-26.899755,-24.360992,-23.558525,-26.27002,-28.062782,-27.397131,-23.42487,-22.754166,-25.262348,-27.890057,-25.950497,-24.51715,-26.867115,-24.957445,-23.7123,-28.271267,-30.754309,-30.694689,-29.962902,-29.437077,-28.32809,-25.1158,-25.489902,-26.145573,-25.6249,-27.074715,-29.18306,-27.529692,-25.099743,-26.492676,-29.560427,-28.946047,-29.657667,-28.377033,-27.315733,-24.087547,-24.674938,-25.479153,-27.01934,-29.08284,-24.53086,-25.06277,-28.022375,-27.279556,-26.386044,-29.317764,-30.81073,-26.835388,-26.460972,-28.216105,-26.805256,-28.393421,-27.789864,-26.970724,-28.534,-27.593372,-25.379639,-23.632872,-24.087606,-26.476791,-28.152876,-27.11712,-26.950691,-28.982933,-27.176706,-24.812817,-29.407387,-28.51437,-27.450577,-29.595072,-28.544714,-30.652388,-25.90612,-26.43414,-28.150795,-26.279566,-29.022425,-29.279413,-28.218002,-28.331928,-28.775208,-29.74176,-38.124695,-38.8332,-35.53982,-37.57237,-39.227512,-42.918846,-43.805275,-42.21062,-40.842636,-41.216366,-47.07006,-44.773407,-43.63893,-46.15852,-44.71436,-44.284843,-40.753345,-29.127014,-24.507626,-26.794167,-29.025232,-24.494553,-24.110178,-25.34253,-23.608475,-26.60215,-29.167435,-27.8594,-25.769444,-25.129684,-25.403088,-25.69216,-26.43217,-27.727869,-31.802393,-28.764072,-25.093826,-24.086777,-23.807655,-25.697777,-24.181747,-26.484806,-29.572084,-28.330853,-29.97792,-28.897469,-25.501396,-25.261276,-26.164959,-24.697517,-24.846828,-25.072231,-26.189106,-26.970234,-28.515934,-27.16798,-28.980312,-28.549006,-30.343493,-32.036354,-29.671873,-27.796925,-25.793789,-26.767324,-28.665703,-25.258148,-23.603352,-25.734165,-26.28712,-26.240286,-24.276167,-24.44115,-23.529,-25.881289,-27.27133,-25.405788,-24.19593,-26.069775,-23.970268,-26.110386,-30.416489,-28.123621,-24.46669,-25.15516,-27.100271,-27.169994,-27.818575,-28.711971,-26.311813,-24.124443,-24.27055,-26.672676,-26.141867,-26.056034,-25.246105,-24.065422,-25.776913,-27.849884,-26.601421,-25.093105,-26.572355,-26.648684,-24.017807,-23.681564,-24.797169,-25.96755,-28.195477,-26.628105,-26.42953,-26.887768,-25.903816,-25.541674,-25.77254,-26.236061,-25.726238,-24.585121,-24.899971,-28.147758,-29.669773,-25.561161,-24.286226,-26.594086,-28.7568,-28.180788,-28.148008,-26.461353,-27.141193,-28.539293,-25.713379,-25.18554,-27.279495,-28.260622,-30.436024,-27.34136,-27.31351,-25.951015,-22.39767,-23.864119,-25.605162,-26.93865,-27.123337,-27.30403,-27.001549,-25.808746,-27.285137,-27.105003,-27.175102,-25.51181,-27.693768,-26.836613,-27.899546,-27.379255,-26.383118,-26.201937,-26.60633,-28.16286,-27.22407,-23.8447,-22.622795,-23.709238,-25.113379,-24.791138,-24.871138,-28.868343,-26.358955,-25.896172,-26.327873,-25.478313,-25.076117,-24.426994,-26.021114,-27.487772,-28.84777,-28.334053,-24.85038,-24.954082,-26.292562,-28.248295,-27.36581,-27.162674,-29.00017,-27.252846,-28.043205,-32.068764,-31.918797,-28.569101,-28.040833,-26.288723,-25.576822,-24.291208,-24.127872,-25.674698,-25.733788,-22.256073,-23.235958,-27.78627,-25.344963,-26.292488,-25.418121,-24.569359,-24.71946,-27.45913,-29.76227,-29.366577,-27.97147,-28.50815,-30.257162,-26.123175,-24.957718,-26.247698,-31.952143,-27.537834,-27.988972,-31.316319,-27.443266,-26.359787,-30.317444,-30.649048,-25.015049,-25.536491,-29.848312,-27.501987,-26.299644,-27.104652,-25.156681,-25.09599,-27.548283,-28.737503,-29.963322,-30.016804,-29.517763,-25.683199,-26.112644,-27.952488,-26.237787,-27.65287,-26.229239,-24.350977,-23.573029,-23.830488,-24.122469,-25.81487,-28.982586,-26.912146,-26.302528,-31.042961,-26.625624,-24.733095,-24.402164,-24.064398,-26.394793,-25.376888,-25.005035,-25.411146,-27.917124,-30.867674,-30.302048,-30.182003,-28.120441,-26.522562,-25.091885,-26.317024,-26.675962,-28.520351,-26.325432,-23.20956,-26.07708,-28.40306,-27.780184,-26.37414,-25.195515,-24.918608,-26.546227,-27.355476,-27.652493,-27.67137,-28.315884,-26.32273,-24.733418,-25.509655,-26.679712,-26.01996,-23.3844,-24.173796,-25.345592,-28.336657,-28.604242,-26.811224,-26.70722,-28.980017,-26.562405,-25.371975,-24.110386,-23.530516,-24.908195,-25.696526,-25.73391,-28.629827,-30.147549,-28.939877,-26.785812,-28.397324,-23.958614,-22.861786,-26.324894,-26.548332,-24.670898,-27.102278,-29.257168,-29.9582,-26.07566,-25.61638,-22.263857,-23.820866,-25.737282,-25.9276,-26.041965,-25.69933,-23.49455,-24.915306,-27.75038,-24.776203,-25.295345,-25.406488,-25.805685,-28.327612,-25.99915,-28.171476,-28.848013,-27.123684,-26.004356,-23.5231,-24.846146,-25.892231,-25.584314,-25.947239,-28.885542,-28.908436,-28.903124,-29.581568,-30.7826,-27.702074,-25.777662,-26.80152,-27.635963,-27.185001,-27.174389,-28.793163,-29.354557,-27.436771,-25.753523,-26.176262,-23.889044,-24.819748,-26.865519,-26.558407,-25.20907,-27.872517,-26.667738,-25.214056,-24.89096,-25.094475,-26.188042,-25.924726,-23.881056,-23.987743,-24.409618,-24.623226,-26.19332,-26.86333,-26.586536,-22.896904,-22.418037,-25.256433,-26.76241,-28.883823,-29.250265,-26.939323,-26.485266,-26.742912,-25.773691,-25.606321,-25.099506,-23.987434,-27.043652,-25.316162,-24.372082,-26.689342,-24.170143,-22.896725,-26.173105,-25.74674,-26.55853,-25.782133,-26.19815,-26.959568,-28.759338,-30.049139,-29.317799,-26.36816,-26.889404,-26.392324,-26.659195,-26.36568,-25.538132,-26.273098,-25.903063,-28.914284,-27.897665,-26.666637,-26.464697,-24.81041,-26.347902,-26.919922,-27.164198,-27.953434,-29.28843,-27.626606,-24.992153,-22.74629,-26.265427,-27.186073,-26.05854,-25.521572,-27.05946,-28.0279,-26.3762,-26.777264,-27.838596,-25.66399,-24.095055,-24.097073,-24.992588,-24.153618,-26.17775,-25.272518,-26.569618,-29.185863,-30.2571,-31.843369,-30.737762,-25.404484,-27.560251,-26.662657,-27.429306,-24.547966,-24.282024,-28.894268,-29.330868,-26.956612,-24.982159,-25.033451,-25.913319,-25.426643,-22.100193,-24.634367,-24.97153,-24.661573,-26.48516,-29.28867,-29.677525,-27.92437,-28.22443,-27.065422,-26.973522,-30.073475,-28.24554,-28.849852,-24.696484,-24.284672,-28.041231,-27.396233,-28.964512,-30.54944,-29.81393,-27.89173,-24.770145,-25.325363,-23.50264,-25.912216,-28.610188,-27.930422,-25.664444,-26.626839,-30.787584,-27.241062,-27.265907,-29.460747,-27.078758,-23.218359,-23.661053,-26.442795,-27.478142,-29.03007,-27.755737,-28.435179,-26.395805,-26.83876,-25.896063,-26.045513,-26.89532,-26.094889,-27.451372,-26.019613,-24.762362,-27.707449,-32.42647,-39.06155,-43.1615,-43.045597,-42.989197,-43.09334,-43.061134,-43.08183,-43.08391,-43.283035,-48.18144,-65.85617,-80.0,-80.0,-80.0,-80.0,-80.0,-80.0,-80.0,-80.0,-80.0,-80.0,-80.0,-80.0,-80.0,-80.0,-80.0,-80.0,-80.0,-80.0,-80.0,-80.0,-80.0,-80.0,-80.0,-80.0,-80.0,-80.0,-80.0,-80.0,-80.0,-80.0,-80.0,-80.0,-80.0,-80.0,-80.0,-80.0,-80.0,-80.0,-80.0,-80.0,-80.0,-80.0,-80.0,-80.0,-80.0,-80.0,-80.0,-80.0,-80.0,-80.0,-80.0,-80.0,-80.0,-80.0,-80.0,-80.0,-80.0,-80.0,-80.0,-80.0,-80.0,-80.0,-80.0,-80.0,-80.0,-80.0,-80.0,-80.0,-80.0,-80.0,-80.0,-80.0,-80.0,-80.0,-80.0,-80.0,-80.0,-80.0,-80.0,-80.0,-80.0,-80.0,-80.0,-80.0,-80.0,-80.0,-80.0,-80.0,-80.0,-80.0,-80.0,-80.0,-80.0,-80.0
-32.69554,-27.253849,-24.803131,-24.905302,-26.274063,-25.10129,-25.559502,-27.891989,-29.608994,-28.169102,-27.420063,-26.125334,-27.064838,-26.585262,-23.73405,-27.228085,-29.836899,-28.381428,-26.569782,-27.287552,-26.617329,-25.043247,-26.448439,-29.222723,-26.545,-28.163101,-27.53976,-28.89263,-28.757154,-28.27993,-26.919952,-25.715588,-25.781128,-27.725998,-27.340828,-25.499796,-24.341682,-26.734406,-27.947384,-24.406078,-24.400223,-25.163113,-23.751871,-26.669048,-27.5508,-25.670996,-28.022411,-26.370358,-23.508106,-27.467115,-28.74626,-26.805668,-23.391457,-24.54419,-26.94746,-25.262777,-25.954418,-25.457176,-27.78734,-26.390917,-25.81176,-28.262177,-28.138882,-27.383163,-26.868622,-25.793995,-24.729755,-28.562326,-29.454578,-25.36001,-26.091553,-28.344145,-28.548416,-25.96938,-26.184195,-28.317589,-26.964302,-25.737644,-26.10532,-28.913355,-29.330502,-29.112087,-29.109306,-28.14497,-26.86599,-25.771832,-22.77734,-23.913502,-27.135355,-25.693108,-27.720467,-26.563858,-26.494232,-26.421862,-25.41367,-26.890781,-27.472271,-29.8929,-30.089865,-27.014328,-30.517262,-27.048796,-25.65134,-24.99225,-24.070652,-28.324774,-25.439451,-26.73796,-29.197933,-30.099606,-32.796085,-39.73379,-38.578312,-37.443398,-39.298008,-38.25871,-37.879074,-41.591408,-40.035458,-40.598793,-41.099266,-45.13074,-44.67714,-45.465134,-45.668816,-47.064938,-47.70508,-37.223114,-30.275612,-26.18061,-27.173744,-29.413162,-24.906296,-22.604103,-24.55713,-24.07426,-26.529322,-26.486727,-27.82919,-28.411156,-28.206026,-26.665432,-27.710543,-27.259794,-27.8741,-28.145504,-27.190868,-25.06105,-25.754948,-23.88349,-24.111492,-26.353065,-25.641438,-24.91022,-26.433924,-26.133314,-25.703348,-25.959112,-26.939854,-26.408375,-26.639742,-26.519241,-23.888893,-22.546711,-27.687464,-31.84787,-27.326618,-25.049223,-24.760887,-25.99407,-26.137428,-24.716518,-26.888477,-27.253597,-26.470926,-27.650019,-26.981216,-26.73632,-26.973295,-26.009516,-26.346815,-25.051294,-24.989586,-23.845776,-24.824799,-26.949492,-27.071096,-28.671267,-27.581196,-26.004042,-27.287376,-25.635426,-27.37938,-28.490988,-29.630032,-27.897007,-27.469273,-28.336172,-28.333157,-26.30907,-26.247715,-26.747402,-28.297455,-29.205767,-28.118383,-26.073622,-24.833393,-23.962038,-23.459913,-26.70838,-26.408941,-26.954851,-28.229527,-29.303394,-26.370857,-25.586472,-26.412815,-24.87307,-27.325352,-24.690632,-24.699766,-25.901531,-27.648087,-26.764551,-25.210745,-26.447021,-27.143707,-25.559464,-24.101393,-24.893316,-25.465511,-27.035217,-25.724304,-25.514254,-25.230774,-25.554134,-28.597435,-28.886164,-28.240623,-27.2863,-26.133415,-30.29004,-28.308636,-26.584814,-25.177166,-24.284388,-26.35421,-26.711416,-23.202192,-22.555582,-25.353245,-31.415083,-29.909544,-27.935219,-28.810007,-26.719322,-24.887049,-25.904057,-25.666391,-26.942581,-26.886528,-26.480888,-27.932312,-27.383793,-26.29321,-27.107637,-26.45721,-24.601204,-26.55024,-27.1269,-26.437172,-25.860199,-25.732111,-25.810593,-28.06,-25.861008,-23.549135,-24.580366,-23.745447,-27.206898,-30.331928,-28.423565,-27.185085,-27.075075,-25.451115,-26.2184,-28.899727,-27.96998,-29.358894,-29.058952,-28.633766,-29.638714,-27.0736,-26.907547,-27.71159,-30.856134,-30.850235,-29.715939,-27.274746,-26.403065,-27.046738,-24.306702,-24.054142,-22.964077,-23.210876,-24.42279,-28.25661,-28.655256,-27.939976,-26.120476,-27.822628,-28.284317,-26.947376,-23.476086,-23.248816,-28.474539,-28.393362,-28.418833,-28.305588,-29.711021,-29.805914,-32.53907,-27.582567,-27.965189,-31.330078,-26.92699,-27.641003,-28.976618,-27.606113,-25.51193,-26.639107,-28.13073,-27.182178,-27.298046,-28.65239,-28.557611,-28.87379,-29.766472,-29.37678,-27.5926,-26.329594,-29.819643,-26.249508,-25.91447,-26.154087,-25.938469,-28.27517,-24.421635,-22.980358,-24.944971,-25.45526,-26.773506,-30.043846,-32.6947,-28.482695,-25.934563,-26.683653,-27.47855,-26.709442,-28.31369,-26.414387,-27.312023,-27.427498,-24.778175,-24.447742,-28.216742,-27.783148,-26.122128,-28.103912,-29.24858,-27.92566,-27.397913,-25.168991,-26.9707,-29.75015,-28.784828,-26.927586,-26.810713,-26.462902,-25.826252,-28.721033,-27.68101,-26.740505,-27.971874,-29.11559,-26.72107,-27.07612,-24.775509,-24.11914,-27.872389,-28.817703,-27.574581,-27.22762,-26.446896,-25.36024,-24.660679,-27.252268,-26.699863,-26.355572,-26.134483,-26.07058,-25.615112,-25.609127,-25.946136,-29.576054,-26.850689,-24.229816,-22.828773,-24.774208,-30.078346,-30.391682,-27.061804,-27.514696,-25.382214,-24.407246,-25.676659,-24.085293,-24.289478,-26.541317,-26.985933,-29.342474,-29.013613,-26.545635,-26.684711,-26.287157,-26.37196,-23.783852,-24.963575,-26.699152,-25.600494,-25.579601,-26.866505,-25.255383,-26.131393,-28.733454,-26.063313,-25.456799,-26.880901,-27.552485,-24.365238,-26.889256,-27.791096,-26.00673,-25.06665,-23.822292,-23.277225,-24.61399,-27.36726,-25.322964,-24.988703,-27.128363,-28.189182,-26.248932,-25.32365,-26.667395,-26.047718,-24.745358,-27.447474,-31.767574,-29.553291,-27.575731,-26.749413,-28.568014,-27.176748,-27.809603,-27.996363,-26.729538,-25.103231,-23.953262,-25.991096,-27.42807,-25.933043,-25.279642,-23.973465,-24.396057,-24.66699,-25.989449,-25.7674,-26.568842,-25.061554,-25.977571,-27.565224,-26.904476,-22.839375,-25.323872,-28.897846,-28.626518,-27.716295,-26.378635,-25.98362,-25.504097,-24.263027,-25.072186,-24.36457,-24.638111,-27.93086,-27.548538,-22.638168,-22.882292,-28.776312,-28.344048,-25.566689,-23.996113,-28.061121,-29.614613,-29.482527,-28.628477,-28.904377,-30.31902,-27.173645,-25.573551,-26.83004,-25.038946,-28.330832,-27.62532,-24.373722,-23.942856,-26.00162,-27.423176,-25.269304,-25.182795,-26.10654,-24.643124,-27.454082,-28.69783,-27.250923,-25.537083,-24.975597,-27.718552,-25.376099,-24.466274,-25.257439,-25.475296,-26.750336,-26.046217,-25.576235,-27.171097,-24.092857,-22.573498,-24.504871,-25.158588,-26.31494,-25.365993,-24.699451,-24.162178,-25.375252,-25.773136,-25.712257,-24.23822,-25.153597,-25.333181,-26.790966,-28.10899,-28.949379,-25.427216,-25.923847,-28.907993,-29.565468,-27.874334,-27.935343,-24.04284,-25.982014,-24.651207,-25.21973,-27.071114,-24.846256,-23.836998,-24.14538,-25.453442,-23.872221,-24.693111,-25.493042,-26.224682,-26.991383,-26.77895,-23.884403,-27.544891,-27.160912,-25.45173,-24.31432,-23.99371,-27.055004,-26.001322,-23.725674,-24.067589,-29.16581,-26.324976,-24.218939,-25.388866,-25.114548,-27.288876,-26.638119,-28.291046,-28.117521,-27.407356,-27.216925,-25.264744,-24.771236,-28.11752,-26.876293,-24.183916,-23.18909,-25.140415,-28.633137,-28.903612,-29.176617,-28.697624,-26.783154,-26.309595,-27.146084,-26.390972,-25.922905,-27.949701,-26.658558,-25.231068,-24.189875,-25.10853,-28.369394,-35.30673,-38.61613,-38.738823,-38.796852,-38.690575,-38.718246,-38.696705,-38.703213,-39.966877,-45.719864,-66.306335,-80.0,-80.0,-80.0,-80.0,-80.0,-80.0,-80.0,-80.0,-80.0,-80.0,-80.0,-80.0,-80.0,-80.0,-80.0,-80.0,-80.0,-80.0,-80.0,-80.0,-80.0,-80.0,-80.0,-80.0,-80.0,-80.0,-80.0,-80.0,-80.0,-80.0,-80.0,-80.0,-80.0,-80.0,-80.0,-80.0,-80.0,-80.0,-80.0,-80.0,-80.0,-80.0,-80.0,-80.0,-80.0,-80.0,-80.0,-80.0,-80.0,-80.0,-80.0,-80.0,-80.0,-80.0,-80.0,-80.0,-80.0,-80.0,-80.0,-80.0,-80.0,-80.0,-80.0,-80.0,-80.0,-80.0,-80.0,-80.0,-80.0,-80.0,-80.0,-80.0,-80.0,-80.0,-80.0,-80.0,-80.0,-80.0,-80.0,-80.0,-80.0,-80.0,-80.0,-80.0,-80.0,-80.0,-80.0,-80.0,-80.0,-80.0,-80.0,-80.0,-80.0,-80.0
-31.245808,-25.11213,-25.661982,-26.777647,-28.277058,-27.893768,-25.771074,-25.732296,-24.94141,-23.441303,-25.485527,-25.950684,-24.183182,-25.251747,-25.289543,-27.165012,-30.453331,-29.109442,-25.457577,-24.955563,-26.02493,-26.875767,-27.046513,-26.670248,-25.007719,-25.655739,-26.401785,-26.193867,-25.927067,-28.243645,-26.855183,-26.777885,-25.533192,-24.414906,-25.039644,-25.629211,-28.010914,-28.391188,-31.833254,-27.469837,-26.540041,-27.061058,-22.863863,-23.81426,-27.437595,-24.10642,-25.33023,-24.748653,-23.225237,-27.072254,-27.588434,-24.922806,-24.513117,-28.345102,-26.282644,-28.101303,-26.12954,-24.273104,-25.793222,-28.836355,-27.28596,-26.641712,-26.50163,-25.226543,-24.241026,-25.797108,-25.324306,-26.889538,-27.50092,-26.641027,-26.400856,-25.961857,-27.518465,-26.524544,-24.608343,-28.223427,-27.061827,-26.527372,-29.279905,-28.972013,-28.921967,-27.27322,-26.227665,-27.696283,-26.855383,-28.031206,-28.875378,-27.899307,-24.53592,-24.270905,-25.893578,-25.888048,-27.826471,-29.405132,-26.479586,-26.655659,-26.331724,-27.21508,-27.699709,-25.46542,-26.36607,-27.072544,-25.587387,-24.475674,-22.47984,-22.713356,-24.891388,-24.719639,-26.58222,-30.33949,-33.7823,-41.704163,-42.624912,-43.02281,-40.87323,-36.709362,-37.349594,-40.045765,-40.70342,-39.89364,-42.998604,-47.59217,-42.000866,-39.605156,-40.90621,-41.149094,-42.997307,-38.541275,-30.901138,-30.281208,-31.478413,-26.66053,-26.365355,-22.645689,-22.067688,-25.220516,-25.870565,-24.10791,-23.017937,-25.563597,-26.389328,-27.516735,-27.63343,-29.11579,-30.302258,-27.59303,-26.84926,-26.419373,-26.806036,-24.793896,-24.173908,-24.898254,-26.056269,-27.218636,-26.866678,-25.601372,-23.756514,-22.585426,-24.959362,-27.129108,-26.153957,-23.390175,-24.434828,-27.021864,-29.685007,-27.595963,-26.400387,-28.148798,-26.747995,-26.216995,-28.135633,-27.778961,-28.311329,-27.36251,-26.513433,-26.432285,-27.630598,-26.84896,-26.35326,-25.694267,-24.2962,-26.714275,-27.466648,-26.21343,-26.884506,-27.432072,-26.398273,-29.512722,-28.562664,-29.599731,-28.658047,-25.630375,-26.976408,-29.616045,-27.298117,-25.255344,-25.6711,-25.171381,-28.003407,-30.494347,-31.20052,-28.399244,-27.776505,-25.649872,-26.556574,-27.275719,-24.846584,-28.035606,-28.34822,-25.775146,-24.15896,-25.031643,-26.462757,-26.623705,-24.51083,-24.640171,-30.09612,-29.211323,-26.058655,-26.663261,-29.387617,-29.328306,-26.55047,-26.364225,-28.880032,-29.235506,-27.791992,-28.252062,-28.922611,-29.49898,-26.959599,-25.800732,-25.534973,-27.399162,-26.013031,-26.584064,-29.056463,-28.838593,-27.602077,-29.153318,-26.54209,-27.137005,-27.703876,-23.78508,-23.589512,-25.9743,-29.870218,-27.506601,-22.599966,-22.308418,-25.3302,-26.742773,-28.560076,-26.94612,-26.463589,-24.54144,-25.582718,-27.539654,-27.619907,-29.438171,-28.063742,-28.047869,-25.89513,-24.867157,-28.079966,-27.455986,-27.281734,-25.420582,-25.992252,-30.320538,-31.834612,-30.532269,-27.926922,-23.475351,-25.374321,-25.598763,-25.32779,-25.494902,-26.662907,-27.453339,-25.17229,-25.7847,-24.623276,-24.760227,-25.995592,-26.8775,-27.272346,-27.582497,-26.338001,-28.740555,-29.683582,-26.291256,-25.856285,-24.025906,-24.165928,-27.001944,-25.591572,-27.680584,-26.59243,-25.292332,-28.022648,-26.182467,-26.797865,-26.464144,-24.055573,-25.960655,-27.752907,-28.14731,-28.754105,-28.874245,-28.07755,-26.261978,-28.384808,-27.088379,-26.440048,-28.181469,-28.230436,-29.348608,-26.163845,-27.275785,-26.959782,-28.106853,-29.18168,-27.490707,-23.763397,-25.09947,-29.299711,-28.76412,-28.007267,-28.410795,-29.743624,-32.274616,-32.82473,-29.808792,-28.331985,-29.261677,-29.192045,-26.48482,-27.00706,-28.094109,-27.704292,-26.51257,-24.60849,-26.144657,-27.679613,-28.308296,-28.267624,-28.20137,-27.354345,-27.17292,-26.449974,-24.567059,-24.772121,-27.688715,-30.48404,-27.682938,-26.029339,-25.56184,-29.065533,-28.25924,-25.430227,-26.977428,-27.978756,-27.198444,-27.562544,-29.928053,-28.78114,-27.07019,-27.880398,-25.449806,-25.32225,-25.796516,-26.08191,-26.648159,-26.777012,-26.272121,-28.585316,-25.383793,-24.276293,-24.270214,-27.982296,-29.563887,-27.195316,-27.050545,-26.490541,-25.58591,-26.69474,-28.776655,-26.459856,-27.522556,-28.394997,-28.17892,-26.1586,-24.001987,-26.051567,-27.390863,-28.784397,-27.24974,-26.939823,-26.07898,-25.041683,-26.806255,-28.543058,-31.443823,-26.987732,-25.02128,-26.023182,-25.999502,-26.893852,-29.67169,-28.983135,-27.507116,-26.328102,-25.767235,-28.005507,-28.185238,-26.423382,-24.611523,-25.002323,-26.791426,-28.46363,-26.74796,-26.584343,-27.402918,-27.871178,-27.827353,-27.04765,-25.096193,-22.72374,-25.503223,-25.345638,-26.006773,-30.12814,-30.373142,-28.437944,-27.203663,-27.66867,-26.875107,-25.532238,-24.271435,-25.867493,-27.90832,-26.882101,-27.934778,-25.726707,-22.937414,-23.404408,-25.213331,-26.324562,-25.7481,-24.944878,-27.382982,-27.99775,-28.15083,-28.351402,-28.855022,-27.186327,-27.889997,-30.604012,-30.176445,-29.106558,-26.397343,-25.000198,-26.398806,-26.992306,-24.187828,-25.939695,-28.518887,-27.282429,-27.35591,-24.853857,-25.483053,-25.684998,-25.655285,-27.040161,-26.92878,-28.76818,-28.058102,-29.642632,-28.118626,-26.232212,-26.545816,-24.514765,-24.863396,-24.893908,-26.55089,-26.411915,-29.70026,-28.292305,-26.304178,-25.436214,-24.662754,-27.455484,-29.12441,-28.447784,-29.876225,-30.423878,-23.799948,-24.785328,-28.571814,-25.627443,-23.430239,-23.562788,-26.701416,-27.84629,-26.909212,-27.461079,-28.741684,-29.747873,-30.025635,-31.5509,-28.27029,-25.620937,-27.302462,-28.120754,-25.664265,-25.37577,-27.358278,-26.78611,-27.298422,-27.695694,-26.354342,-28.10419,-27.746035,-29.773487,-26.61385,-22.391586,-22.481947,-23.762566,-23.38219,-24.90203,-28.2462,-26.505047,-24.756239,-24.754412,-24.7558,-25.217932,-22.753307,-23.32052,-27.09823,-25.652822,-25.860214,-25.60742,-26.716204,-24.034197,-24.298332,-25.512173,-25.994133,-24.852268,-24.975697,-24.22675,-23.848984,-23.915993,-24.62196,-23.719645,-24.737808,-26.884914,-26.868027,-25.03598,-26.116348,-24.44379,-28.394432,-29.820202,-25.873966,-25.665575,-25.290253,-24.63137,-28.533375,-30.151203,-25.916712,-22.987505,-22.79676,-28.21388,-28.508675,-25.847473,-26.760319,-28.58473,-29.714191,-27.621704,-25.176426,-23.839191,-22.326317,-22.743492,-23.184551,-26.408176,-30.290472,-29.141693,-25.65287,-27.061426,-26.215948,-26.886143,-26.673098,-26.122725,-24.47831,-26.593224,-25.762932,-25.977093,-26.250668,-28.584316,-28.791313,-26.699196,-28.605904,-28.35497,-28.456642,-27.012962,-28.9491,-30.317766,-26.802784,-25.852863,-27.408325,-27.915642,-27.723719,-27.118088,-27.902431,-24.233704,-25.127113,-27.460888,-29.579199,-39.00894,-50.074745,-49.385506,-49.106194,-49.63585,-49.49848,-49.613064,-49.574017,-47.954197,-51.74327,-67.19626,-80.0,-80.0,-80.0,-80.0,-80.0,-80.0,-80.0,-80.0,-80.0,-80.0,-80.0,-80.0,-80.0,-80.0,-80.0,-80.0,-80.0,-80.0,-80.0,-80.0,-80.0,-80.0,-80.0,-80.0,-80.0,-80.0,-80.0,-80.0,-80.0,-80.0,-80.0,-80.0,-80.0,-80.0,-80.0,-80.0,-80.0,-80.0,-80.0,-80.0,-80.0,-80.0,-80.0,-80.0,-80.0,-80.0,-80.0,-80.0,-80.0,-80.0,-80.0,-80.0,-80.0,-80.0,-80.0,-80.0,-80.0,-80.0,-80.0,-80.0,-80.0,-80.0,-80.0,-80.0,-80.0,-80.0,-80.0,-80.0,-80.0,-80.0,-80.0,-80.0,-80.0,-80.0,-80.0,-80.0,-80.0,-80.0,-80.0,-80.0,-80.0,-80.0,-80.0,-80.0,-80.0,-80.0,-80.0,-80.0,-80.0,-80.0,-80.0,-80.0,-80.0,-80.0
-27.63772,-24.119572,-25.485455,-25.048906,-26.02425,-28.536957,-28.704166,-26.3311,-25.949532,-25.979755,-27.379778,-27.293453,-26.155151,-25.82506,-30.155182,-27.576605,-25.68166,-26.592169,-27.314863,-26.580898,-26.77372,-27.094955,-27.89397,-28.403168,-29.127518,-29.363548,-26.741354,-26.869028,-28.570637,-29.32817,-26.89414,-26.386175,-28.860977,-30.572275,-28.388458,-27.397545,-26.694603,-30.4167,-29.244421,-26.717289,-25.315329,-26.21689,-25.65832,-26.302021,-24.86196,-23.038921,-24.977306,-25.636272,-26.616673,-28.204079,-25.603996,-24.128632,-23.996588,-22.917988,-24.198738,-27.076496,-23.563486,-23.74884,-26.659796,-27.829903,-28.128942,-26.936018,-26.45184,-25.135962,-28.69112,-29.463423,-26.114748,-27.637009,-29.656502,-26.594687,-26.910364,-26.658485,-26.541988,-27.307806,-27.571821,-29.160282,-29.956993,-28.64209,-24.923279,-23.481714,-26.700325,-28.411535,-30.489958,-27.295933,-24.65755,-27.007475,-26.249336,-26.756035,-27.085936,-26.408615,-26.671722,-26.93066,-28.182686,-27.67287,-25.41164,-24.295734,-24.69959,-28.861841,-29.731804,-26.234604,-25.736704,-25.773956,-27.027878,-25.221527,-26.183064,-24.735683,-27.805138,-29.270216,-25.895805,-27.688572,-33.23937,-39.30203,-38.51524,-39.20933,-41.98608,-38.71268,-40.051235,-43.412437,-42.48741,-41.82979,-43.198673,-48.6353,-43.78717,-41.500523,-43.924255,-41.938168,-42.813538,-37.89758,-32.335613,-30.62128,-27.181746,-25.631525,-26.56313,-27.662209,-25.233181,-24.988354,-25.256546,-28.100805,-25.23217,-25.328249,-26.62986,-25.581669,-27.028975,-26.488653,-30.899353,-28.096226,-26.371956,-28.238289,-27.115574,-26.272701,-28.020123,-25.704948,-27.050251,-28.838675,-25.90564,-25.157997,-26.54976,-27.210112,-24.80748,-25.466267,-26.23156,-24.025383,-25.93619,-25.707989,-25.997978,-27.556095,-29.779093,-29.189095,-26.017529,-25.303469,-24.786121,-26.952324,-27.6083,-25.780926,-23.989258,-23.70336,-25.428219,-26.909714,-26.0713,-24.48317,-26.74846,-30.40022,-29.009274,-27.528654,-29.000324,-29.322344,-26.86663,-28.480814,-29.152601,-27.438562,-28.222914,-27.746864,-25.306599,-25.052998,-26.445747,-25.487444,-23.128382,-25.248917,-24.09127,-26.728476,-30.033962,-28.61818,-27.151466,-25.054983,-26.501534,-28.137285,-24.898705,-26.389067,-28.811354,-30.137196,-31.926933,-29.904137,-27.475931,-25.98098,-28.20777,-28.82476,-27.727043,-26.739117,-25.235079,-27.151764,-31.088814,-29.442749,-27.085182,-26.282812,-28.702595,-29.108831,-26.554985,-26.851465,-28.528872,-24.506159,-23.972685,-25.626575,-26.907211,-28.360783,-27.087887,-26.247528,-28.245481,-27.988129,-26.501469,-26.34829,-23.187984,-25.705582,-29.482674,-27.081944,-25.55201,-26.182919,-25.56921,-26.78937,-25.236103,-24.886978,-25.628567,-25.439001,-25.706656,-28.056118,-26.96488,-24.970543,-27.833347,-29.085093,-26.57362,-28.478111,-27.150333,-27.656818,-27.827805,-26.607567,-28.50275,-27.297974,-25.017643,-25.870947,-25.036022,-25.921083,-26.575302,-30.187387,-26.234524,-22.714428,-26.794258,-28.286255,-26.618433,-26.98754,-25.759398,-25.514935,-27.074903,-27.009727,-23.978287,-26.714664,-26.964546,-25.200188,-25.82675,-25.840431,-25.95168,-24.98312,-27.67931,-25.789669,-25.386383,-25.0988,-25.498045,-24.10081,-24.82639,-28.13044,-25.073065,-24.204273,-26.969013,-25.336067,-28.843979,-27.223913,-23.374767,-24.922462,-26.660776,-27.002758,-26.35846,-28.424362,-27.733978,-27.857342,-28.717073,-28.195938,-27.913523,-26.201515,-25.408218,-23.62923,-23.330685,-26.267956,-26.387638,-28.296564,-28.397903,-26.257963,-23.336731,-26.025162,-30.64626,-33.91958,-31.462637,-25.249153,-25.088152,-27.41946,-26.646667,-26.80169,-26.676283,-26.252174,-26.311396,-27.020176,-26.601767,-26.176407,-26.543879,-28.002235,-27.19682,-27.641766,-26.781967,-25.653666,-27.092075,-25.761005,-25.712778,-25.286783,-26.454258,-27.065386,-27.832115,-28.322414,-28.212742,-27.9605,-24.38501,-25.67545,-27.946003,-25.902086,-24.573803,-25.403538,-26.265644,-26.022045,-25.82989,-25.285427,-25.237003,-27.388634,-27.284512,-25.500605,-26.536695,-25.61477,-26.262249,-26.813457,-26.719093,-27.55021,-28.261078,-27.679003,-24.933174,-23.721035,-24.443115,-25.69206,-26.10687,-29.133102,-28.421192,-28.53836,-26.399204,-27.28548,-26.424444,-28.484108,-27.784943,-26.877148,-26.825466,-27.39049,-28.313538,-27.456713,-27.791023,-25.203337,-24.128088,-27.483187,-27.254974,-27.020222,-25.073986,-27.259949,-26.82618,-26.43862,-27.433699,-28.769619,-27.51985,-28.996052,-29.518936,-25.841068,-24.725357,-27.760279,-27.938377,-25.80003,-24.599152,-25.738037,-26.828371,-26.044329,-24.847425,-26.210926,-27.534473,-27.967934,-25.908247,-27.162678,-27.955788,-25.44975,-23.26638,-24.491693,-25.514034,-27.561287,-28.867197,-27.98627,-25.800005,-27.565475,-26.978756,-24.817768,-25.257767,-25.493134,-26.24258,-28.665241,-28.882824,-27.043219,-26.951508,-27.664253,-27.706375,-25.719852,-26.674398,-28.233463,-26.63919,-26.395731,-28.549086,-29.227488,-28.745445,-28.265114,-26.623577,-27.596424,-26.921524,-25.544449,-27.75178,-27.493784,-26.569073,-26.79871,-25.220043,-25.314228,-25.290045,-26.64885,-25.574646,-27.865677,-25.638855,-26.882208,-28.855331,-27.652834,-26.185537,-24.052303,-26.03062,-29.074476,-29.979187,-27.372364,-25.3377,-27.650146,-25.923414,-25.24374,-26.548689,-27.283386,-25.586819,-26.417057,-28.292513,-26.15416,-26.17849,-26.112175,-26.940865,-28.256039,-29.222483,-30.188126,-26.819155,-22.216305,-24.291988,-28.386513,-25.723698,-24.735752,-24.260681,-24.575008,-27.50621,-25.088997,-23.1564,-23.924948,-26.175842,-28.737377,-28.274845,-25.08326,-28.203516,-29.099781,-24.711716,-23.909822,-25.783882,-26.925486,-28.777931,-28.218975,-28.676235,-26.202295,-25.867073,-27.897095,-27.947227,-25.733685,-23.325176,-23.228954,-25.052135,-26.897137,-28.53516,-29.00069,-28.278362,-26.458973,-27.426342,-27.067371,-24.8488,-23.580532,-25.822186,-27.2545,-29.601433,-26.956944,-22.14847,-22.481884,-24.759142,-26.878956,-24.535883,-25.47562,-28.166645,-27.793354,-26.138844,-25.030231,-24.286884,-24.036182,-26.936535,-28.730125,-30.365479,-27.639603,-27.809067,-28.495932,-24.471394,-26.222408,-26.97218,-27.603107,-30.046307,-27.599329,-26.107769,-25.73828,-25.127792,-25.627771,-24.619923,-26.935057,-25.200863,-27.797653,-29.36834,-27.630842,-28.23496,-30.217548,-30.15467,-28.595238,-26.691385,-25.747875,-28.813002,-29.395481,-25.905317,-23.355534,-24.892391,-25.68033,-27.866093,-25.526632,-25.43504,-25.746582,-27.102043,-27.668646,-27.597202,-25.029663,-25.136879,-28.122383,-26.959171,-27.006256,-26.937113,-27.614367,-29.427906,-29.113539,-27.357645,-30.061375,-32.205112,-26.99048,-25.44815,-26.478212,-28.502731,-28.854424,-29.618889,-29.14341,-25.853535,-25.820747,-27.431969,-27.297817,-37.341278,-53.815514,-53.15905,-52.884766,-53.400093,-53.263283,-53.37272,-53.33898,-50.966873,-52.910496,-65.87208,-80.0,-80.0,-80.0,-80.0,-80.0,-80.0,-80.0,-80.0,-80.0,-80.0,-80.0,-80.0,-80.0,-80.0,-80.0,-80.0,-80.0,-80.0,-80.0,-80.0,-80.0,-80.0,-80.0,-80.0,-80.0,-80.0,-80.0,-80.0,-80.0,-80.0,-80.0,-80.0,-80.0,-80.0,-80.0,-80.0,-80.0,-80.0,-80.0,-80.0,-80.0,-80.0,-80.0,-80.0,-80.0,-80.0,-80.0,-80.0,-80.0,-80.0,-80.0,-80.0,-80.0,-80.0,-80.0,-80.0,-80.0,-80.0,-80.0,-80.0,-80.0,-80.0,-80.0,-80.0,-80.0,-80.0,-80.0,-80.0,-80.0,-80.0,-80.0,-80.0,-80.0,-80.0,-80.0,-80.0,-80.0,-80.0,-80.0,-80.0,-80.0,-80.0,-80.0,-80.0,-80.0,-80.0,-80.0,-80.0,-80.0,-80.0,-80.0,-80.0,-80.0,-80.0
-27.55555,-23.945633,-25.530312,-28.177555,-28.56482,-28.40039,-26.92255,-26.27503,-25.585957,-27.277702,-26.901983,-27.531849,-26.36517,-24.882105,-23.813482,-24.75459,-23.733213,-26.339722,-29.736994,-30.43478,-27.568476,-26.134808,-27.066448,-28.02148,-28.279505,-26.990494,-24.913557,-27.174809,-31.877514,-29.436352,-26.8128,-29.557,-26.999506,-26.088785,-28.084673,-29.231121,-27.3597,-24.912424,-26.180141,-26.999771,-26.443462,-28.691872,-29.319227,-28.922733,-27.221718,-24.88128,-26.094887,-29.338968,-29.557545,-24.680897,-24.757208,-26.930948,-23.605335,-24.129501,-25.53509,-28.208315,-28.320595,-28.125114,-26.834198,-25.729456,-24.98124,-28.297428,-26.060402,-23.528717,-22.77682,-24.963179,-25.911257,-24.733099,-26.894226,-25.502396,-26.733768,-27.801971,-25.279127,-25.468414,-30.528214,-29.12819,-28.368,-25.435974,-24.319141,-22.945518,-24.549004,-24.331743,-25.79982,-24.539007,-24.377823,-26.496529,-25.505032,-24.387878,-24.092178,-23.796368,-25.26368,-27.953167,-27.497906,-28.915302,-25.674997,-27.168781,-27.440935,-26.05568,-25.254253,-24.215504,-27.18026,-27.03579,-26.929918,-26.723957,-27.73901,-26.635803,-26.983305,-24.964056,-24.9595,-28.793816,-33.39322,-38.927612,-38.89451,-38.87273,-39.752808,-40.157406,-39.89913,-41.79632,-42.296486,-41.37439,-43.17915,-49.8813,-45.050285,-42.57798,-44.342323,-47.953003,-45.6017,-34.738304,-29.063675,-28.55432,-26.372597,-29.05951,-29.210552,-29.9473,-27.691051,-26.975254,-28.32563,-29.910473,-25.99459,-24.576523,-29.138414,-29.286888,-28.344387,-28.459862,-29.817469,-28.796383,-27.217981,-28.442219,-27.38691,-25.891674,-26.446774,-24.488981,-26.1753,-26.425266,-25.660831,-25.988827,-27.65902,-30.464094,-30.168064,-25.578762,-24.41562,-28.211214,-27.01637,-26.356625,-26.6828,-29.101933,-28.653847,-25.976273,-23.928703,-21.708336,-24.542477,-26.112041,-25.853292,-27.749842,-28.571188,-28.164713,-25.347572,-24.496395,-25.363644,-24.769768,-25.398699,-25.31012,-25.405502,-28.542093,-29.144382,-27.19815,-27.460152,-28.58697,-29.570988,-27.468243,-24.809214,-26.525234,-24.07975,-23.531876,-24.999636,-26.718567,-23.963734,-23.144924,-26.08778,-27.696083,-27.43135,-27.274809,-26.126728,-24.724869,-26.302034,-29.533298,-26.748951,-25.543293,-26.579199,-27.525118,-29.479488,-27.67981,-29.622314,-27.546196,-26.634613,-27.350164,-25.975023,-26.190262,-26.09913,-25.693525,-26.460394,-25.610008,-25.940392,-25.776226,-25.078241,-26.001112,-25.819435,-27.140491,-27.482443,-25.477821,-26.525795,-27.428009,-27.715693,-27.993654,-26.412191,-29.25338,-29.358826,-27.416079,-27.010254,-25.198866,-24.158058,-27.485481,-28.389305,-27.68138,-28.374014,-29.97245,-29.310242,-28.783062,-26.740007,-24.193455,-25.580305,-24.976482,-27.782434,-25.826183,-24.801588,-26.130295,-28.834866,-29.92129,-30.656384,-31.35386,-29.519753,-25.968422,-24.036972,-25.047049,-25.239603,-28.350447,-28.018278,-27.880566,-27.6279,-24.5513,-26.178902,-29.688358,-29.070807,-28.986206,-26.209541,-26.96008,-26.937647,-28.455162,-27.958265,-26.61834,-28.334404,-26.666786,-25.587265,-24.44634,-24.335297,-26.557096,-26.2598,-25.893135,-25.861626,-26.462955,-27.5009,-28.525217,-29.138964,-28.055058,-26.558187,-24.433071,-23.974771,-24.919281,-27.854538,-28.354464,-27.501966,-24.38478,-26.378218,-28.253786,-25.555847,-24.667706,-25.845287,-26.925499,-26.689243,-27.533707,-28.343546,-28.17991,-26.31585,-25.232277,-24.078983,-24.120863,-24.694529,-26.215265,-24.78807,-25.289082,-23.819569,-26.64907,-27.843552,-25.713947,-24.833008,-26.656937,-27.04297,-26.232521,-30.739647,-29.474998,-26.003166,-26.292274,-27.313442,-29.891602,-27.243761,-27.856205,-27.394548,-27.340828,-25.283062,-24.715206,-27.38974,-29.849516,-30.777569,-28.25732,-26.450369,-25.415905,-24.384514,-27.33114,-26.067717,-25.661755,-28.181643,-28.819698,-27.181889,-24.343575,-24.280182,-27.602287,-23.54665,-23.893187,-28.436634,-26.94817,-27.600899,-27.917318,-27.908257,-28.696844,-28.12682,-26.478598,-27.447342,-27.583462,-25.117252,-25.047062,-28.664738,-28.768559,-27.036932,-28.138456,-29.82769,-27.21415,-27.433784,-26.656572,-25.102606,-25.434916,-25.335863,-25.461271,-27.875406,-25.618807,-25.624731,-25.886139,-24.036404,-23.844997,-25.081528,-28.296896,-26.821804,-28.4653,-26.416256,-26.337324,-29.364235,-26.723719,-29.895082,-28.550308,-27.599146,-29.928337,-30.594522,-31.26753,-29.127346,-29.27908,-26.783543,-23.3232,-24.348385,-28.360468,-26.930876,-27.801046,-29.675146,-28.985567,-27.494814,-24.928497,-25.716393,-28.52973,-26.998001,-28.239037,-27.395134,-26.585312,-27.173452,-28.665413,-26.763306,-24.781097,-23.415422,-23.95183,-25.308804,-26.822643,-26.863722,-26.073399,-24.441015,-25.653389,-28.332882,-28.59164,-27.976133,-24.936573,-26.32678,-28.938395,-30.37171,-26.442883,-27.458853,-29.223494,-30.084759,-27.74414,-26.471544,-26.911777,-29.084524,-26.170341,-24.78163,-23.152067,-26.704788,-26.77442,-24.287632,-23.357227,-25.232357,-25.869514,-27.804934,-28.887583,-28.942072,-31.165955,-29.670319,-25.962688,-25.546673,-26.252182,-25.967669,-26.573547,-28.730572,-30.688885,-28.142101,-25.553747,-24.261385,-27.142923,-25.505798,-23.927567,-23.84037,-26.615433,-26.02701,-25.400738,-27.350115,-27.324783,-29.652662,-30.852493,-26.714947,-26.729359,-28.222017,-28.880482,-27.779308,-26.759506,-27.33112,-27.516098,-26.78043,-25.982317,-24.769333,-26.67564,-27.49295,-28.945137,-29.041142,-25.834002,-24.657974,-25.479675,-26.451485,-24.932253,-25.201838,-26.155087,-25.580976,-25.496674,-25.797424,-25.59127,-27.39308,-27.309933,-25.17617,-25.315718,-25.03322,-26.305756,-25.574093,-26.975012,-26.587196,-27.363365,-29.326153,-27.573462,-25.722506,-24.567017,-26.252678,-30.740261,-28.214378,-25.054493,-25.710646,-25.307934,-27.054499,-28.958485,-26.893156,-28.709831,-26.295387,-25.704426,-26.828022,-29.477283,-28.754715,-27.899357,-26.858717,-25.499907,-26.618338,-25.144138,-24.314692,-25.690096,-26.61694,-29.172573,-27.565405,-24.707819,-24.103554,-24.3053,-23.491241,-24.499119,-26.503191,-28.246029,-26.347519,-24.010382,-27.289425,-25.903137,-25.574583,-25.415155,-26.40076,-28.883175,-29.314625,-26.47642,-27.867218,-29.790089,-27.687073,-25.268679,-25.719795,-26.40131,-27.319836,-29.65965,-27.26197,-28.371609,-30.979586,-28.376835,-26.08803,-27.847946,-27.226723,-28.040443,-26.444988,-25.362658,-26.080952,-27.815563,-25.368832,-23.985794,-26.356056,-28.047836,-25.739864,-26.41173,-27.248055,-26.674995,-26.4039,-26.218304,-26.590555,-28.113113,-27.940289,-30.24673,-27.441011,-28.976088,-27.88612,-26.673786,-25.597088,-27.570362,-25.674212,-29.144432,-30.219599,-27.472446,-28.125793,-27.7501,-27.275494,-27.252026,-28.671665,-27.07093,-27.853876,-29.200123,-28.867374,-31.753996,-39.168137,-40.534664,-40.70388,-40.78014,-40.6408,-40.67076,-40.641937,-40.64453,-41.099583,-44.48883,-59.72875,-80.0,-80.0,-80.0,-80.0,-80.0,-80.0,-80.0,-80.0,-80.0,-80.0,-80.0,-80.0,-80.0,-80.0,-80.0,-80.0,-80.0,-80.0,-80.0,-80.0,-80.0,-80.0,-80.0,-80.0,-80.0,-80.0,-80.0,-80.0,-80.0,-80.0,-80.0,-80.0,-80.0,-80.0,-80.0,-80.0,-80.0,-80.0,-80.0,-80.0,-80.0,-80.0,-80.0,-80.0,-80.0,-80.0,-80.0,-80.0,-80.0,-80.0,-80.0,-80.0,-80.0,-80.0,-80.0,-80.0,-80.0,-80.0,-80.0,-80.0,-80.0,-80.0,-80.0,-80.0,-80.0,-80.0,-80.0,-80.0,-80.0,-80.0,-80.0,-80.0,-80.0,-80.0,-80.0,-80.0,-80.0,-80.0,-80.0,-80.0,-80.0,-80.0,-80.0,-80.0,-80.0,-80.0,-80.0,-80.0,-80.0,-80.0,-80.0,-80.0,-80.0,-80.0
-30.716946,-26.6834,-26.01898,-25.846548,-24.338608,-26.177671,-29.261257,-28.921452,-27.953468,-26.012783,-25.775877,-25.169844,-25.20866,-27.829744,-26.211111,-23.237423,-22.325863,-26.213223,-28.408829,-29.626062,-27.309734,-26.907846,-24.598373,-24.487068,-27.625687,-28.485126,-28.122143,-23.176819,-23.020737,-24.886383,-23.441063,-26.62089,-25.839539,-28.690079,-34.262135,-32.550865,-27.278166,-23.427612,-25.97437,-25.335873,-25.352743,-28.018763,-28.39494,-28.330685,-29.030468,-24.214317,-23.958607,-26.462963,-28.00658,-26.977888,-26.143131,-26.761953,-26.498158,-26.684666,-30.843674,-31.501642,-31.36769,-28.547253,-26.816658,-26.815666,-26.71357,-27.233465,-28.846615,-26.316772,-24.068588,-24.919544,-25.32551,-26.112734,-24.453209,-25.616367,-29.069517,-27.75257,-26.153458,-27.746618,-28.467854,-26.200771,-26.933737,-27.786406,-27.617014,-24.54477,-26.923853,-25.550472,-24.764355,-24.699394,-23.22829,-25.209543,-24.726788,-25.561079,-26.374668,-24.210083,-25.020061,-26.081963,-26.257753,-28.024685,-25.731491,-25.8419,-25.07716,-23.129473,-25.315306,-28.65428,-29.02924,-27.483406,-27.133766,-28.012703,-25.449291,-25.708702,-28.368427,-30.077976,-28.097012,-30.792845,-34.70512,-39.035213,-41.029106,-40.020214,-38.718937,-41.32803,-39.157204,-40.986137,-40.725468,-40.51243,-42.967735,-49.078342,-46.556416,-40.920124,-42.505234,-44.769234,-43.116913,-34.47749,-28.437853,-27.689945,-24.008041,-23.090641,-26.67971,-26.689169,-27.179993,-30.184526,-30.299225,-25.544474,-23.936543,-23.547453,-27.49544,-28.328289,-27.348293,-26.844261,-24.595564,-27.073393,-27.120838,-27.018654,-27.548496,-27.614262,-23.350588,-22.437538,-27.005907,-27.498089,-27.481083,-25.798912,-28.384865,-27.755417,-27.176853,-25.140312,-24.14479,-26.296425,-24.719467,-28.810734,-27.586342,-27.57035,-28.064724,-25.512024,-26.554955,-27.970257,-28.879816,-26.921879,-26.22596,-27.014452,-28.074562,-25.76205,-22.658096,-23.569038,-25.237537,-27.765503,-27.371174,-23.97554,-25.5211,-30.649286,-28.148096,-27.648449,-25.73053,-28.657951,-27.938616,-27.150288,-26.80595,-26.794603,-24.011047,-24.956993,-25.29481,-24.91106,-26.721497,-25.563335,-27.819813,-28.226736,-29.41644,-30.441473,-25.593117,-24.371157,-26.32279,-26.677774,-25.745548,-27.075106,-29.140764,-29.838642,-28.354095,-27.613058,-27.67186,-26.266659,-25.778803,-23.242393,-24.182442,-27.061602,-26.35265,-28.962675,-27.92574,-25.632263,-26.606544,-26.878368,-25.410976,-26.09197,-26.777311,-24.832195,-27.154762,-29.090824,-28.565346,-27.108932,-24.153149,-24.50866,-27.733707,-27.9364,-26.98805,-27.85266,-26.091425,-26.986855,-27.419968,-27.750002,-26.945364,-24.877174,-26.741112,-29.700733,-28.806086,-25.827179,-22.408829,-24.928448,-28.102312,-27.584484,-25.801113,-25.00141,-25.226885,-26.396523,-25.242332,-25.029297,-26.286552,-27.643637,-28.215023,-25.419289,-26.612324,-26.799389,-25.174618,-26.58959,-27.945011,-27.779518,-28.268017,-24.738949,-24.611942,-28.166546,-29.769611,-28.664368,-26.326447,-26.767502,-28.16795,-25.613659,-24.464712,-24.420788,-27.127079,-29.857084,-25.663254,-22.796495,-23.777224,-24.068375,-25.932297,-25.010025,-25.783768,-28.165836,-28.299576,-27.444149,-25.795055,-25.050953,-25.528564,-26.332283,-22.933249,-22.942402,-26.498297,-25.540134,-26.151794,-26.20093,-25.394398,-25.65622,-27.416775,-27.796574,-30.194984,-28.208488,-26.258728,-27.2916,-29.196442,-26.624798,-23.611841,-23.852596,-25.79456,-23.971134,-24.764626,-26.77244,-25.364658,-26.093958,-27.134762,-27.683844,-26.692959,-26.334047,-26.391819,-26.863281,-26.543802,-26.41682,-26.767164,-28.134907,-27.353083,-28.429083,-25.525406,-25.461819,-26.882458,-25.857222,-23.734219,-24.316,-24.665802,-25.455301,-26.848356,-29.399027,-28.61139,-28.956688,-27.569408,-23.92043,-22.445217,-24.222725,-24.423492,-23.970661,-24.140064,-26.769905,-25.564548,-23.508368,-24.754671,-27.32459,-25.704082,-28.130322,-31.452475,-30.213266,-30.218725,-29.369217,-27.12468,-26.28462,-25.0378,-27.498926,-26.257065,-26.807022,-30.117798,-24.426523,-24.032076,-29.485083,-29.216604,-31.154251,-31.36605,-30.604488,-25.87652,-23.4068,-28.223074,-29.6731,-26.189976,-28.42263,-29.971836,-26.035915,-25.528559,-25.77209,-22.926476,-23.08347,-25.264297,-24.003027,-26.132175,-27.31226,-25.91089,-26.373137,-30.248817,-29.375294,-27.516376,-28.05042,-31.775848,-33.214397,-33.25322,-27.804161,-24.702522,-27.835587,-28.179356,-25.036839,-24.563816,-26.102665,-26.74664,-25.328203,-26.348492,-28.143414,-27.5321,-26.747215,-26.536488,-26.026234,-25.743021,-25.804207,-22.716347,-23.55298,-26.393099,-25.742027,-25.028677,-25.559368,-27.828106,-26.637821,-26.942486,-27.381687,-25.41668,-24.279678,-25.11449,-26.738644,-26.574068,-26.299507,-26.451668,-25.27984,-25.392006,-28.792229,-28.898376,-26.815525,-27.713938,-28.081696,-29.018387,-29.440472,-31.273632,-28.947899,-25.625916,-25.425709,-26.323881,-25.106125,-26.568142,-27.34479,-25.911407,-22.84044,-24.317469,-27.510944,-26.156204,-26.640005,-28.292263,-29.52187,-28.663177,-25.924,-26.91585,-26.615131,-28.44586,-28.53714,-28.185017,-28.16804,-26.942017,-25.941109,-26.324863,-27.174849,-24.783665,-25.08578,-29.642166,-29.095427,-27.671898,-29.432068,-29.46941,-30.08311,-32.064495,-30.751421,-27.765598,-27.872164,-27.676756,-24.989555,-27.008385,-24.783611,-25.404518,-25.8423,-24.32619,-25.702316,-26.317503,-29.342964,-27.989088,-26.307152,-25.71788,-25.082504,-26.112904,-27.419579,-24.903545,-23.78134,-23.879034,-27.677927,-26.250504,-25.462086,-26.03697,-27.580814,-28.549194,-27.740314,-28.095419,-30.506546,-27.224255,-24.449915,-24.718494,-26.77568,-28.096415,-28.645245,-29.252747,-27.248226,-26.306839,-26.686695,-26.938316,-27.611937,-27.46973,-26.311684,-26.696268,-24.996433,-26.91102,-28.089613,-26.979336,-27.20161,-24.266842,-25.781612,-26.922178,-26.061325,-27.730812,-27.432768,-26.299116,-24.472948,-27.900803,-28.461346,-25.651804,-25.434654,-29.000101,-29.63911,-27.311726,-25.845745,-25.9366,-25.829441,-25.459942,-27.223198,-26.525518,-26.455069,-26.19989,-26.463036,-28.591976,-25.47853,-25.875296,-28.427896,-28.565899,-27.66233,-24.570639,-23.042408,-22.288822,-25.811956,-25.485916,-23.493961,-25.388874,-27.527485,-26.282192,-26.710655,-25.43042,-22.951496,-25.121614,-25.294308,-26.772738,-27.49737,-27.046074,-26.428799,-27.146265,-25.67107,-22.858015,-25.285484,-26.553875,-26.528036,-25.973904,-25.01819,-22.399067,-22.883165,-25.5673,-28.298054,-27.404129,-26.52999,-27.522118,-27.14653,-26.362825,-25.950893,-24.595337,-26.176184,-28.161825,-24.079147,-25.752857,-25.998795,-26.215084,-29.802652,-29.73928,-30.095158,-31.14661,-31.113264,-26.06882,-26.237823,-28.448456,-26.760546,-27.472239,-26.131973,-26.207542,-27.718235,-32.213165,-32.92221,-32.91313,-32.90917,-32.916504,-32.914852,-32.916378,-32.91855,-33.636486,-38.980133,-57.465576,-80.0,-80.0,-80.0,-80.0,-80.0,-80.0,-80.0,-80.0,-80.0,-80.0,-80.0,-80.0,-80.0,-80.0,-80.0,-80.0,-80.0,-80.0,-80.0,-80.0,-80.0,-80.0,-80.0,-80.0,-80.0,-80.0,-80.0,-80.0,-80.0,-80.0,-80.0,-80.0,-80.0,-80.0,-80.0,-80.0,-80.0,-80.0,-80.0,-80.0,-80.0,-80.0,-80.0,-80.0,-80.0,-80.0,-80.0,-80.0,-80.0,-80.0,-80.0,-80.0,-80.0,-80.0,-80.0,-80.0,-80.0,-80.0,-80.0,-80.0,-80.0,-80.0,-80.0,-80.0,-80.0,-80.0,-80.0,-80.0,-80.0,-80.0,-80.0,-80.0,-80.0,-80.0,-80.0,-80.0,-80.0,-80.0,-80.0,-80.0,-80.0,-80.0,-80.0,-80.0,-80.0,-80.0,-80.0,-80.0,-80.0,-80.0,-80.0,-80.0,-80.0,-80.0
-33.067047,-28.466927,-25.91034,-24.509422,-23.308538,-27.92157,-29.633217,-27.593973,-27.066498,-26.849598,-30.470335,-27.358095,-23.840488,-25.520054,-25.67184,-25.361893,-26.396236,-31.025087,-29.677439,-26.982765,-25.234346,-26.625938,-26.703144,-25.214273,-27.153183,-30.523949,-30.093363,-24.746876,-24.750416,-25.100498,-23.027655,-23.771519,-26.44589,-26.444801,-27.703316,-31.390623,-28.60227,-27.261528,-27.944937,-26.528547,-25.715939,-28.802433,-28.773685,-25.326225,-26.208263,-26.96124,-25.947681,-25.630138,-26.77974,-26.24467,-24.05758,-25.841522,-27.06258,-28.689823,-29.53835,-28.109856,-27.371964,-25.11875,-24.655949,-24.281713,-25.613472,-27.000317,-28.959795,-26.59091,-26.06399,-26.076275,-25.797266,-27.443361,-27.582521,-28.651573,-30.78305,-28.157978,-27.268574,-27.19722,-27.037308,-28.842754,-27.921534,-28.461702,-27.68867,-25.44363,-24.77502,-26.501263,-28.304052,-27.300533,-26.01879,-27.808495,-26.504133,-26.797934,-25.820843,-23.122047,-23.943817,-23.97466,-23.90163,-28.289501,-28.901276,-24.090956,-24.375774,-26.364294,-25.889977,-26.955727,-25.159466,-24.527315,-24.826624,-26.211838,-26.743256,-25.99998,-27.429811,-26.907896,-27.629574,-27.895779,-28.302097,-36.67945,-39.23314,-39.544872,-41.383434,-42.950428,-41.642284,-43.880272,-45.614285,-42.356567,-40.999924,-46.550236,-42.877296,-38.193764,-41.086964,-41.89315,-43.995995,-36.89464,-29.505781,-28.454157,-27.221369,-25.406012,-24.904316,-24.633839,-25.319,-27.846703,-27.446852,-26.530363,-26.869768,-27.935478,-26.7908,-28.506477,-27.771448,-25.570375,-25.694988,-25.400208,-22.298576,-23.217758,-23.90847,-25.355196,-26.510021,-26.698334,-28.53498,-27.358343,-26.934563,-25.876406,-27.442535,-27.989708,-27.331625,-27.301754,-25.258251,-25.642977,-25.625134,-26.349846,-29.324106,-30.515265,-30.193447,-29.774702,-27.151707,-26.109205,-26.466925,-25.237137,-24.721064,-26.341805,-28.66727,-27.15815,-25.584042,-27.23632,-26.805681,-28.45068,-28.882174,-26.08065,-26.523596,-28.303436,-28.146225,-27.848816,-27.204865,-28.33562,-26.840187,-29.25026,-28.500885,-27.48841,-25.153673,-28.362848,-28.759306,-27.520775,-25.552666,-23.639599,-26.87974,-28.537388,-27.228611,-28.75135,-27.128721,-25.021927,-24.502047,-24.79749,-23.16402,-24.801079,-24.231926,-26.100887,-24.323975,-27.690775,-30.493076,-29.151785,-27.358793,-25.666592,-24.355614,-26.517687,-25.761934,-26.48496,-28.462122,-25.87076,-26.215717,-26.250185,-26.112915,-27.094624,-25.831186,-23.412462,-25.213947,-28.294527,-30.314877,-29.381672,-25.168507,-23.273623,-24.673588,-24.385452,-25.100039,-26.68581,-26.126339,-27.422916,-26.983276,-27.339825,-27.447117,-28.248512,-26.64411,-28.286318,-29.034164,-27.504932,-25.023146,-27.485744,-27.35763,-26.835083,-27.05295,-26.282837,-27.355541,-27.376709,-27.037369,-27.798878,-27.633102,-23.509726,-24.985027,-29.68715,-28.930428,-25.340977,-25.015749,-25.905838,-28.164234,-26.506903,-26.578318,-25.289448,-24.703362,-26.125732,-26.05211,-27.244112,-26.707455,-23.873123,-24.207493,-25.743683,-28.294115,-31.055075,-28.766209,-28.292624,-26.227343,-26.75779,-25.536636,-26.274502,-27.697021,-26.010159,-27.276716,-27.06282,-26.39878,-24.583939,-26.929077,-31.02955,-29.273605,-26.371454,-24.127388,-22.666172,-26.753101,-27.023647,-28.672523,-28.807735,-25.974335,-26.901226,-26.069637,-26.856678,-29.46981,-28.381344,-28.65483,-27.159256,-26.261848,-26.032272,-24.046295,-24.205086,-27.02838,-24.55565,-27.308662,-25.701403,-24.73647,-25.421421,-28.449467,-28.421314,-24.574009,-27.132414,-29.52206,-27.186481,-29.194508,-28.621342,-25.513405,-26.07055,-27.795816,-28.878736,-24.767403,-23.605236,-24.812683,-26.37133,-25.627054,-25.435776,-25.50753,-25.499743,-25.97337,-26.208206,-24.540764,-23.737797,-26.269712,-27.960083,-28.213924,-28.948444,-26.433317,-24.623726,-24.466713,-26.877153,-29.359545,-28.388466,-29.222399,-28.352604,-28.092026,-29.634796,-29.89357,-29.85649,-29.94977,-29.171299,-27.211452,-26.219833,-23.384912,-24.830421,-26.289066,-26.525639,-29.017973,-28.166063,-25.486176,-26.660786,-25.447254,-28.059244,-29.346386,-30.062347,-27.62117,-26.66742,-27.896988,-26.192097,-24.457258,-26.363754,-27.22902,-27.335365,-26.168316,-26.846416,-26.974724,-28.025137,-26.88789,-27.300991,-26.552334,-27.058231,-25.088343,-23.579178,-25.46259,-28.181929,-25.060736,-24.376375,-27.540205,-31.785181,-28.686012,-24.638577,-22.847404,-26.299845,-25.720573,-23.70857,-24.253773,-24.197617,-24.755028,-25.490726,-27.266495,-27.59874,-26.918644,-27.855803,-28.429298,-26.090916,-25.66559,-25.389439,-25.448252,-27.576305,-26.156185,-24.878387,-27.011719,-25.999325,-25.980831,-26.063908,-27.35651,-29.469803,-26.85272,-25.174797,-24.385744,-23.86417,-23.840397,-27.352604,-25.619223,-25.561613,-26.930513,-26.648129,-27.830776,-27.40431,-27.237846,-25.729961,-27.382668,-29.280506,-26.788528,-24.642101,-25.088036,-26.876152,-27.115353,-27.586056,-24.997906,-27.448294,-28.40586,-23.5326,-22.662878,-21.967857,-22.641201,-27.162601,-28.82365,-27.57903,-26.862177,-25.354118,-27.57805,-28.623344,-28.509823,-27.958893,-27.263924,-25.250559,-24.661823,-24.719463,-25.876898,-27.36764,-28.103226,-25.989077,-25.21354,-27.59379,-26.340456,-26.929844,-26.729237,-26.197056,-25.55872,-27.791292,-26.590214,-26.069714,-27.856747,-27.0438,-25.472145,-24.116364,-27.674337,-29.134964,-27.253166,-27.69195,-27.000296,-28.165106,-24.95854,-24.702703,-26.336666,-27.007904,-27.511993,-29.11626,-28.800135,-26.542099,-24.582294,-26.452847,-28.725878,-26.785162,-27.44468,-28.442213,-27.892715,-27.024235,-27.803717,-28.59663,-24.486256,-24.1692,-28.975609,-28.402645,-28.671177,-28.53025,-27.615025,-26.621384,-28.062977,-28.242016,-27.070633,-27.3255,-27.72973,-28.286354,-30.086082,-30.329847,-30.485909,-32.101788,-29.936438,-29.2651,-26.930828,-27.117819,-26.032005,-27.185163,-28.540182,-28.277063,-24.92815,-24.438581,-26.48985,-28.863174,-28.091625,-24.510502,-25.551823,-24.679146,-24.56147,-28.245235,-29.049805,-27.933933,-29.03783,-29.084328,-27.758795,-26.666683,-25.098404,-26.306944,-27.108177,-23.4611,-24.357988,-22.738861,-24.992874,-27.876722,-26.8956,-26.92645,-26.658016,-27.454208,-27.022713,-26.085232,-26.796524,-24.716743,-24.934288,-25.151234,-27.023678,-26.815622,-24.68344,-24.33318,-26.984571,-27.942282,-28.389614,-29.372885,-26.843128,-25.592957,-25.94359,-25.691616,-26.524445,-26.29871,-27.098932,-26.970236,-26.566984,-23.577166,-24.306875,-26.332918,-27.938116,-27.639347,-26.818779,-27.75586,-26.653557,-26.025162,-26.380217,-25.297974,-27.89373,-27.65926,-27.440254,-25.238396,-24.632843,-26.898125,-27.856712,-26.084099,-25.14975,-24.690435,-26.676992,-26.148792,-24.970402,-25.692753,-28.621191,-31.28047,-32.27613,-33.198875,-42.26553,-49.794556,-49.168003,-48.9226,-49.384155,-49.28695,-49.388706,-49.338287,-47.864094,-51.122177,-64.775345,-80.0,-80.0,-80.0,-80.0,-80.0,-80.0,-80.0,-80.0,-80.0,-80.0,-80.0,-80.0,-80.0,-80.0,-80.0,-80.0,-80.0,-80.0,-80.0,-80.0,-80.0,-80.0,-80.0,-80.0,-80.0,-80.0,-80.0,-80.0,-80.0,-80.0,-80.0,-80.0,-80.0,-80.0,-80.0,-80.0,-80.0,-80.0,-80.0,-80.0,-80.0,-80.0,-80.0,-80.0,-80.0,-80.0,-80.0,-80.0,-80.0,-80.0,-80.0,-80.0,-80.0,-80.0,-80.0,-80.0,-80.0,-80.0,-80.0,-80.0,-80.0,-80.0,-80.0,-80.0,-80.0,-80.0,-80.0,-80.0,-80.0,-80.0,-80.0,-80.0,-80.0,-80.0,-80.0,-80.0,-80.0,-80.0,-80.0,-80.0,-80.0,-80.0,-80.0,-80.0,-80.0,-80.0,-80.0,-80.0,-80.0,-80.0,-80.0,-80.0,-80.0,-80.0
-32.938736,-31.543869,-29.442816,-27.079092,-25.930954,-26.094322,-26.922482,-25.909302,-25.760286,-25.365223,-26.30546,-28.259533,-26.492672,-25.20758,-24.027958,-25.812433,-28.644396,-27.618484,-27.91662,-25.117512,-23.958996,-25.681908,-28.447048,-28.335503,-29.64135,-31.973272,-28.786373,-25.568554,-24.615112,-25.248713,-27.484577,-28.461668,-28.232784,-26.055477,-25.204971,-24.876133,-24.737274,-23.491966,-24.028263,-24.542732,-24.455467,-27.348953,-28.91941,-30.14695,-27.898945,-25.656506,-25.832165,-24.849747,-26.013763,-23.693113,-23.537617,-27.650547,-30.035446,-26.84598,-25.577702,-25.672472,-26.880177,-26.967213,-26.116302,-24.382147,-24.166124,-26.495499,-27.723614,-26.726715,-28.897522,-28.094475,-25.475704,-23.710476,-26.828129,-28.876524,-28.55935,-27.49912,-25.65562,-24.713844,-23.84893,-27.379423,-29.50642,-28.607317,-25.878815,-26.645435,-26.257786,-24.023752,-24.416367,-23.179916,-22.755318,-23.234703,-25.230476,-27.050774,-30.816687,-29.822718,-28.957327,-26.892323,-26.31477,-26.389668,-25.600443,-27.044878,-26.721815,-26.78912,-26.360983,-27.277094,-26.91228,-28.103416,-27.705408,-25.80534,-24.674208,-23.890644,-28.172235,-29.804165,-26.330837,-24.27829,-26.049854,-36.433598,-37.299812,-39.471775,-41.83219,-38.72293,-39.162323,-41.895176,-43.265587,-45.13821,-44.916485,-48.20996,-42.96492,-40.35053,-44.844273,-41.83377,-42.15452,-37.689423,-28.061516,-26.271427,-28.57626,-27.228065,-26.851913,-27.173662,-28.93008,-26.313993,-25.39275,-25.721376,-26.072891,-27.396301,-25.667442,-26.37876,-26.154093,-26.48861,-26.879105,-25.846628,-24.28663,-26.30791,-26.291046,-27.184063,-27.577728,-27.214605,-29.05901,-30.11818,-27.854877,-28.406801,-27.841518,-26.831774,-28.034887,-28.652645,-24.563305,-25.088423,-27.248749,-28.61581,-30.58538,-30.033699,-26.929867,-26.427822,-24.972889,-25.807507,-25.182613,-26.088074,-28.955215,-28.487997,-29.39331,-28.47478,-30.212168,-29.837534,-26.385752,-25.428963,-25.608973,-27.568424,-27.137817,-26.187096,-26.871231,-29.44754,-26.855957,-26.412262,-28.64692,-30.538628,-28.006319,-25.03698,-27.709091,-29.000118,-26.664639,-27.974928,-26.509354,-26.550835,-27.508015,-26.035479,-26.610807,-26.389425,-26.206158,-28.967094,-28.732403,-29.6476,-25.97931,-26.455002,-25.412807,-26.221664,-25.153515,-24.904,-26.300472,-25.64436,-28.390545,-26.850388,-27.020922,-27.968346,-25.279774,-23.59687,-25.086086,-26.833979,-25.056808,-25.117397,-27.163166,-29.235569,-25.833132,-23.800066,-24.342999,-23.95145,-24.747986,-26.490961,-28.468428,-23.92942,-24.100677,-27.460884,-28.321209,-26.677837,-27.31658,-28.311415,-29.115074,-27.601282,-24.13316,-25.406425,-24.61216,-25.730665,-24.816023,-23.746178,-24.216114,-26.294323,-24.586834,-23.69968,-23.378313,-26.662605,-26.440046,-28.207144,-30.90678,-30.347437,-28.866007,-25.495205,-24.044437,-27.106522,-28.737434,-26.435394,-27.475548,-26.408936,-24.630226,-24.035217,-24.661018,-27.939085,-28.134464,-26.532005,-26.56083,-26.905445,-28.398949,-25.902424,-24.988953,-26.980133,-30.138077,-26.047009,-26.361164,-25.828127,-25.628447,-26.361403,-26.360537,-27.623014,-25.923397,-24.959145,-25.893639,-25.059559,-24.447678,-25.993303,-26.688608,-27.916134,-27.575089,-27.185884,-25.332996,-24.260193,-25.736443,-27.838568,-28.189995,-26.211006,-24.406187,-22.34549,-24.768719,-29.610872,-31.014915,-26.623886,-24.972961,-23.865519,-26.725203,-28.10025,-24.52731,-23.71405,-26.917824,-26.906157,-25.8894,-23.996346,-25.310448,-27.39849,-27.47322,-26.390081,-24.35022,-28.750753,-29.640774,-27.324331,-26.821064,-24.249626,-23.615383,-27.257599,-29.844868,-29.96129,-27.216745,-26.076292,-27.396845,-24.21794,-23.214172,-24.212187,-27.096382,-28.139908,-28.011488,-26.55268,-24.73711,-26.422266,-27.132729,-28.35268,-25.560472,-24.654472,-24.859049,-25.53673,-25.128786,-23.98124,-22.757711,-23.543894,-27.761227,-29.475922,-27.899166,-27.254883,-26.203125,-25.373528,-26.406996,-26.346457,-24.526585,-26.222954,-26.2858,-25.657,-26.378231,-25.462132,-25.57425,-26.58722,-23.678015,-25.50577,-27.222591,-27.78312,-26.062824,-27.1974,-28.040054,-26.079622,-23.091494,-23.1635,-24.300182,-26.571404,-26.070845,-27.691181,-23.383503,-23.511097,-26.330366,-26.966648,-26.572214,-26.918762,-27.525854,-28.30244,-26.97974,-25.72695,-25.731043,-25.799122,-26.845444,-26.601078,-27.892685,-29.09288,-28.216238,-25.51057,-25.490543,-28.233223,-26.459822,-25.36018,-28.413496,-27.146336,-24.4702,-24.162327,-26.026073,-26.722061,-24.712341,-25.72636,-29.996967,-28.025928,-25.352028,-23.466072,-26.429907,-29.343706,-27.197433,-26.247128,-25.93407,-26.940445,-28.52488,-28.476469,-26.759884,-27.636845,-26.553652,-25.563416,-25.52925,-23.561646,-22.472061,-25.500912,-24.812887,-23.69277,-27.569298,-27.995945,-28.529022,-26.788298,-27.706684,-29.649645,-28.7867,-29.052502,-23.351421,-23.977135,-28.580935,-27.946705,-26.230862,-24.633911,-25.408422,-28.397268,-31.03855,-28.372461,-25.768934,-24.84871,-24.524956,-28.547821,-28.537424,-31.034176,-29.050331,-25.566471,-25.524544,-27.489746,-26.52347,-26.281166,-25.03088,-23.326008,-24.25125,-25.23964,-25.691196,-26.154526,-24.514736,-24.51153,-25.615551,-26.87529,-25.459702,-25.647865,-26.419977,-26.412958,-22.798925,-20.710358,-23.934507,-25.301432,-25.708605,-27.565536,-29.340923,-29.453661,-26.680485,-28.05019,-26.771852,-24.660225,-25.662857,-28.691282,-27.60281,-26.606106,-27.585693,-28.310265,-27.204351,-27.938166,-28.48037,-26.97995,-27.183046,-27.612162,-29.812044,-29.062319,-29.046463,-28.374596,-28.727844,-26.412647,-25.165703,-25.713312,-23.918547,-23.399391,-26.392982,-27.977453,-27.833618,-25.837639,-26.028252,-25.742853,-27.210285,-28.835087,-28.166534,-28.11798,-28.582119,-25.717833,-26.069677,-30.342905,-29.611818,-27.063675,-25.738686,-26.017769,-26.24328,-27.951954,-26.827892,-25.36984,-25.64756,-27.45824,-26.137924,-27.124538,-26.50868,-27.145037,-25.928299,-26.059597,-27.0324,-25.403082,-24.21314,-25.691177,-28.180038,-27.419025,-24.721947,-25.494457,-28.318369,-28.112629,-27.486517,-28.06097,-24.507492,-25.31854,-28.511778,-25.389214,-26.817348,-30.853634,-29.761961,-29.110203,-29.40327,-25.776714,-25.498325,-27.718515,-28.146532,-27.399006,-27.013374,-26.25127,-26.774864,-26.796387,-27.269205,-28.644726,-27.092175,-24.532454,-24.4525,-27.488134,-24.855167,-25.219997,-27.475206,-26.74523,-26.632084,-25.704594,-25.136936,-27.04066,-26.657162,-26.64884,-28.801994,-27.28883,-28.116617,-25.590202,-25.962187,-26.087147,-24.86787,-23.357868,-26.6678,-27.928574,-24.720655,-24.176819,-23.224718,-25.400455,-25.983154,-26.09404,-27.868279,-26.869244,-25.461742,-25.393982,-27.363764,-28.509304,-29.028,-27.990704,-28.866796,-28.378315,-27.895803,-30.863392,-40.045277,-53.524323,-52.82567,-52.561172,-53.044346,-52.96871,-53.08275,-53.010197,-51.652782,-55.07804,-67.89342,-80.0,-80.0,-80.0,-80.0,-80.0,-80.0,-80.0,-80.0,-80.0,-80.0,-80.0,-80.0,-80.0,-80.0,-80.0,-80.0,-80.0,-80.0,-80.0,-80.0,-80.0,-80.0,-80.0,-80.0,-80.0,-80.0,-80.0,-80.0,-80.0,-80.0,-80.0,-80.0,-80.0,-80.0,-80.0,-80.0,-80.0,-80.0,-80.0,-80.0,-80.0,-80.0,-80.0,-80.0,-80.0,-80.0,-80.0,-80.0,-80.0,-80.0,-80.0,-80.0,-80.0,-80.0,-80.0,-80.0,-80.0,-80.0,-80.0,-80.0,-80.0,-80.0,-80.0,-80.0,-80.0,-80.0,-80.0,-80.0,-80.0,-80.0,-80.0,-80.0,-80.0,-80.0,-80.0,-80.0,-80.0,-80.0,-80.0,-80.0,-80.0,-80.0,-80.0,-80.0,-80.0,-80.0,-80.0,-80.0,-80.0,-80.0,-80.0,-80.0,-80.0,-80.0
-30.82325,-29.30678,-27.78461,-26.023252,-28.803915,-25.81671,-24.022243,-26.4823,-27.692493,-27.970058,-26.384136,-24.930721,-24.606411,-26.860167,-25.87791,-26.256027,-28.377777,-27.829258,-26.289421,-22.79916,-23.632278,-25.72607,-27.717602,-28.841372,-28.289299,-26.753521,-24.265743,-23.800442,-24.927143,-25.355259,-26.589525,-25.956518,-26.436268,-26.55806,-26.653685,-26.100437,-25.27853,-23.757393,-23.139038,-25.45377,-27.153118,-26.713509,-27.552422,-26.70579,-30.112858,-31.655495,-30.842058,-26.954906,-26.171646,-28.092037,-28.587976,-25.774025,-25.049028,-26.285809,-25.141499,-27.288116,-30.366426,-29.264248,-27.620686,-27.579952,-25.885517,-27.092022,-30.069056,-26.938856,-26.480505,-29.54842,-27.087875,-25.78357,-26.725235,-27.949047,-28.92998,-26.905384,-25.087345,-25.336876,-25.787851,-25.343082,-25.161688,-24.592838,-22.74354,-25.01286,-26.760422,-23.904537,-23.84692,-27.065166,-25.805395,-26.851067,-28.40428,-28.082283,-27.61451,-26.761202,-27.959179,-28.047138,-26.04359,-25.22868,-25.047768,-26.12885,-26.240654,-28.461676,-27.200148,-24.38292,-24.153976,-25.722652,-26.3026,-26.904232,-27.6063,-25.140423,-27.800838,-27.968441,-26.584406,-26.805105,-31.657242,-37.91413,-38.846195,-41.434235,-39.76638,-37.961597,-39.46112,-40.061226,-42.6388,-39.92612,-39.516777,-46.50403,-44.21086,-43.261696,-45.47428,-42.038086,-44.649715,-34.433113,-26.95112,-26.339989,-26.131157,-25.63389,-30.88044,-31.014793,-26.239681,-26.583733,-30.34829,-26.07251,-24.993658,-25.723074,-26.40356,-26.06644,-25.670425,-23.783215,-25.861599,-26.490532,-23.16919,-24.548851,-26.03688,-26.615303,-25.126251,-27.330387,-28.576342,-27.849947,-27.038897,-26.122238,-28.272179,-30.98916,-27.070118,-23.667866,-27.324413,-28.494709,-26.991892,-27.298758,-28.548483,-27.77258,-25.933266,-26.610153,-27.333374,-26.73736,-25.199173,-26.310549,-23.999752,-25.835224,-29.730701,-25.877247,-26.218279,-26.816322,-24.515694,-24.202665,-22.941338,-26.177334,-28.493402,-27.726181,-27.729235,-26.409899,-27.321095,-28.12683,-29.739979,-30.886261,-28.811237,-27.659748,-28.179455,-26.822987,-25.004646,-26.564438,-28.321308,-27.010489,-25.646872,-27.071695,-28.58088,-28.549902,-29.21672,-28.95778,-27.93432,-27.508888,-27.79809,-28.560139,-27.998592,-25.21458,-26.946543,-26.16808,-24.741524,-24.651073,-24.836456,-25.1434,-26.734148,-27.90454,-28.089428,-24.90129,-24.991997,-24.7579,-25.84893,-27.42347,-29.779789,-29.098188,-28.412563,-26.344275,-25.302984,-22.657122,-25.735357,-29.014997,-30.811825,-29.460875,-28.57249,-30.75533,-26.11354,-25.17299,-25.421715,-25.388233,-26.243135,-28.854113,-27.647945,-28.193058,-27.711208,-30.75455,-27.74769,-26.936237,-28.44807,-25.994509,-23.506498,-24.509642,-25.071167,-24.688385,-25.732473,-27.956112,-26.427805,-26.597073,-26.724888,-26.26498,-25.2808,-27.69072,-28.864277,-29.96407,-25.27535,-26.00602,-25.201256,-25.572197,-27.236868,-29.776163,-27.795464,-25.941586,-25.254196,-26.908052,-27.780268,-27.848282,-27.433613,-25.740662,-27.948765,-25.823517,-25.385468,-24.390198,-25.034595,-28.723923,-27.94886,-27.462593,-25.347664,-26.910305,-28.125092,-26.883352,-25.055363,-26.872177,-26.348652,-25.63486,-27.664814,-26.554659,-25.361084,-28.233376,-28.392452,-27.902166,-27.005484,-26.742064,-29.301666,-27.267965,-27.531944,-27.099417,-25.281958,-27.115435,-26.460398,-24.623371,-22.622223,-25.12917,-24.361763,-23.943579,-27.843702,-30.19798,-29.388975,-28.33295,-29.138695,-27.100311,-25.570595,-25.36849,-24.114521,-24.51753,-28.276089,-26.722778,-24.585903,-22.158127,-23.384293,-28.055107,-25.040949,-26.192656,-27.894232,-28.48101,-28.041153,-25.294931,-24.224972,-25.610912,-28.643661,-26.798988,-24.532494,-23.918621,-26.142395,-25.027763,-22.438274,-25.985428,-27.413553,-28.163105,-26.942507,-26.296389,-25.484055,-24.30159,-25.477161,-27.205843,-26.59829,-27.724606,-30.544352,-30.906284,-30.432901,-28.425953,-27.384,-25.92201,-24.911364,-28.247366,-30.305054,-28.980715,-28.444172,-27.384386,-27.481552,-26.011173,-24.75949,-27.822908,-30.399681,-29.5094,-26.888332,-27.426342,-26.919046,-27.218338,-26.224014,-23.023804,-26.177235,-29.284452,-28.781815,-28.172989,-25.965723,-25.143154,-24.83451,-24.930038,-26.613113,-26.644775,-26.946539,-27.054976,-25.723787,-24.882895,-24.51181,-24.392525,-25.811527,-27.259123,-24.816969,-24.040987,-23.907076,-25.125214,-25.448805,-27.483532,-26.237152,-27.821474,-28.927841,-27.18323,-27.48774,-26.959358,-25.09983,-25.01875,-23.13023,-24.913483,-27.906425,-28.025599,-28.226759,-26.293812,-27.023945,-27.84764,-26.095625,-23.838863,-26.448597,-28.321945,-29.36797,-27.978468,-29.207788,-29.145922,-29.125784,-28.087616,-28.820835,-25.51952,-25.606773,-26.423857,-23.893717,-24.658792,-28.829226,-29.651157,-28.118145,-27.333836,-26.382755,-24.988834,-26.950016,-29.207548,-26.488785,-26.232996,-26.748875,-27.486927,-25.587791,-26.452694,-28.09884,-28.274435,-28.968494,-27.415258,-25.792732,-26.381351,-26.121542,-27.615107,-29.60641,-29.759163,-28.217249,-29.351757,-27.67012,-28.961014,-28.821602,-25.909164,-23.821962,-24.770065,-26.806238,-26.855377,-27.645922,-29.085272,-28.397137,-30.384222,-26.611256,-25.445957,-22.34382,-23.75754,-24.98922,-28.492994,-29.140621,-25.433468,-24.709553,-25.1832,-25.349335,-27.03933,-26.668095,-25.857449,-25.261593,-25.364546,-26.563873,-27.257174,-25.89862,-26.081459,-26.86532,-26.573252,-26.214542,-28.419312,-29.160751,-27.189335,-27.031088,-28.156456,-26.288818,-27.167294,-30.377134,-30.269983,-30.373463,-27.471382,-25.975147,-26.252525,-24.649288,-26.304296,-26.93893,-24.524826,-25.198448,-25.14091,-24.525414,-24.31785,-25.119001,-23.508278,-25.806694,-26.615957,-25.949814,-27.54069,-25.58912,-26.514503,-26.55386,-28.339973,-28.46035,-26.778305,-25.39,-23.801582,-24.26075,-24.835625,-23.88409,-24.723423,-26.639389,-27.755505,-29.671795,-28.708954,-26.810802,-26.446857,-27.93998,-30.543541,-31.972681,-28.490183,-25.517426,-23.303452,-26.22466,-29.020123,-27.770103,-26.816896,-25.784714,-27.546492,-27.23575,-22.183512,-22.723288,-27.902897,-29.834589,-27.430779,-25.362545,-28.336138,-27.132103,-25.351528,-25.365417,-26.101177,-24.445873,-23.387321,-25.616526,-24.351227,-25.316027,-28.66134,-30.645432,-29.133305,-26.809807,-27.039791,-29.72195,-27.242165,-27.576523,-30.639194,-28.923832,-28.31808,-25.24955,-26.519548,-29.002598,-25.687359,-26.112797,-28.82521,-25.379837,-25.177006,-26.620888,-25.647655,-26.059826,-27.117935,-27.091602,-28.023537,-29.214565,-27.311325,-25.467928,-25.525991,-25.372913,-28.413107,-27.43793,-27.289822,-26.699274,-24.848303,-27.074633,-27.23329,-26.891174,-28.342693,-27.830994,-27.015297,-25.241964,-25.99712,-29.79349,-27.443602,-24.478016,-27.68403,-33.541653,-34.669437,-34.61342,-34.58861,-34.634895,-34.623486,-34.633022,-34.633965,-35.216297,-40.523083,-58.462437,-80.0,-80.0,-80.0,-80.0,-80.0,-80.0,-80.0,-80.0,-80.0,-80.0,-80.0,-80.0,-80.0,-80.0,-80.0,-80.0,-80.0,-80.0,-80.0,-80.0,-80.0,-80.0,-80.0,-80.0,-80.0,-80.0,-80.0,-80.0,-80.0,-80.0,-80.0,-80.0,-80.0,-80.0,-80.0,-80.0,-80.0,-80.0,-80.0,-80.0,-80.0,-80.0,-80.0,-80.0,-80.0,-80.0,-80.0,-80.0,-80.0,-80.0,-80.0,-80.0,-80.0,-80.0,-80.0,-80.0,-80.0,-80.0,-80.0,-80.0,-80.0,-80.0,-80.0,-80.0,-80.0,-80.0,-80.0,-80.0,-80.0,-80.0,-80.0,-80.0,-80.0,-80.0,-80.0,-80.0,-80.0,-80.0,-80.0,-80.0,-80.0,-80.0,-80.0,-80.0,-80.0,-80.0,-80.0,-80.0,-80.0,-80.0,-80.0,-80.0,-80.0,-80.0
-30.462242,-27.579926,-28.12154,-28.456404,-29.036959,-26.824287,-25.746492,-26.21936,-26.108164,-25.768696,-25.105143,-24.199608,-24.55497,-26.266535,-25.661268,-25.148876,-26.642387,-27.886557,-26.026363,-26.144104,-27.270506,-26.938534,-28.179111,-28.800915,-27.612858,-27.525799,-27.16425,-23.91095,-23.387512,-23.408913,-25.644398,-24.348846,-24.258299,-25.322962,-24.292074,-24.788273,-27.955656,-28.86344,-27.19326,-24.886433,-22.829212,-24.72096,-24.138025,-24.271431,-27.132479,-27.813168,-28.234056,-29.752743,-26.99712,-26.22979,-27.509434,-27.0728,-26.396307,-28.457024,-28.102465,-25.769241,-27.911844,-30.611681,-26.789457,-25.317196,-26.69562,-25.001318,-28.99419,-30.018328,-29.024134,-28.431461,-27.961697,-25.632366,-25.856285,-28.103086,-26.614737,-25.333809,-24.411757,-25.374363,-28.5185,-28.736197,-24.78238,-24.639923,-25.405853,-26.29507,-27.47854,-27.846708,-27.271774,-26.434078,-26.571377,-27.060125,-26.774239,-25.854103,-24.908875,-25.899399,-28.974827,-26.817171,-26.898506,-27.864834,-29.338623,-32.41534,-28.726505,-27.836887,-25.596067,-24.555119,-24.071735,-26.194744,-29.174091,-28.496977,-26.360985,-27.342176,-29.524187,-27.710602,-25.2948,-25.385996,-32.735386,-38.457706,-39.172844,-40.781837,-40.30327,-39.150658,-41.31177,-41.83816,-43.473778,-41.88413,-41.4355,-47.03983,-43.426796,-40.98327,-43.970993,-45.96709,-44.141975,-32.629242,-25.686481,-26.323551,-27.446823,-26.670593,-26.607334,-26.69152,-27.182562,-26.948273,-26.830076,-26.06448,-27.46533,-25.848368,-25.794472,-28.02421,-29.393606,-26.964607,-28.758888,-29.80235,-26.622673,-25.045393,-26.167635,-28.810038,-25.748672,-27.19827,-30.554522,-26.56765,-24.486572,-24.542122,-25.529434,-28.354374,-28.02765,-25.57362,-26.838787,-29.561989,-27.22382,-26.751276,-26.46948,-26.031216,-26.597422,-25.955503,-27.35664,-25.867393,-25.541515,-26.996044,-25.357666,-25.908558,-29.956076,-25.993614,-24.554813,-25.65507,-25.711426,-24.349033,-26.229332,-27.320284,-27.3008,-27.970865,-26.818172,-27.331446,-29.061527,-27.608288,-26.82987,-23.913807,-25.178192,-28.241482,-25.17092,-24.958092,-25.96645,-25.450909,-25.490938,-23.903564,-22.179354,-24.98247,-28.742405,-28.083073,-27.204578,-27.703377,-27.013905,-24.83886,-27.285055,-26.152178,-22.951464,-23.57994,-27.918152,-26.938206,-26.098473,-28.394812,-29.385937,-28.533716,-27.76076,-26.885822,-27.319094,-26.25047,-27.996357,-26.365568,-24.627665,-27.298895,-27.930403,-25.63499,-26.71276,-27.30215,-25.812866,-23.487957,-25.941711,-32.315975,-31.331331,-26.440031,-23.586723,-23.700779,-24.893774,-25.763638,-24.883396,-25.476603,-27.030205,-27.626163,-27.134161,-26.89019,-27.273167,-28.394474,-27.717136,-25.90371,-26.212488,-29.735786,-28.255322,-28.327374,-27.595917,-24.775612,-26.755114,-27.914402,-26.946959,-29.300356,-29.567898,-28.085865,-27.61198,-25.73522,-27.440405,-29.128094,-26.352974,-26.773865,-27.557106,-26.325558,-25.16261,-25.759008,-25.416147,-26.48074,-26.825605,-26.739584,-28.415443,-28.779493,-26.317787,-24.03446,-23.2836,-23.584532,-26.39832,-26.902515,-26.403116,-25.738556,-26.192413,-25.461575,-25.411352,-27.802383,-30.12368,-28.154007,-25.18688,-26.386555,-28.492651,-25.465961,-23.985102,-23.928581,-22.937801,-27.213394,-28.331476,-28.754993,-31.395498,-28.714403,-26.278677,-25.135563,-26.966461,-26.852276,-26.320045,-26.52538,-26.940943,-26.122648,-25.556767,-27.201555,-27.15039,-28.466831,-29.572002,-27.273603,-28.209337,-27.752632,-28.25018,-27.642813,-25.849453,-24.401695,-23.957268,-25.05598,-31.191164,-26.991959,-23.78387,-23.962381,-26.734547,-27.692995,-25.850788,-29.043262,-30.53936,-26.880713,-26.436153,-27.12136,-26.643436,-28.341707,-29.126575,-25.580244,-24.775236,-25.705338,-25.957249,-24.401695,-24.905056,-27.24472,-27.449875,-26.645395,-27.465889,-25.956202,-23.94426,-25.022861,-25.545715,-25.19235,-23.129263,-26.77176,-27.138683,-26.736645,-26.57204,-25.164673,-27.511824,-27.644512,-24.589598,-26.073483,-28.376228,-28.403214,-29.24234,-27.316713,-28.059813,-28.913567,-28.739147,-27.62674,-29.101973,-28.815258,-29.209269,-31.473135,-32.902847,-27.41858,-26.326805,-28.134235,-26.633331,-25.63223,-26.097736,-23.331402,-25.455261,-26.8049,-24.516045,-23.631512,-22.990276,-24.405949,-27.282705,-27.32265,-29.237211,-27.49562,-26.568165,-27.328232,-27.389017,-28.056389,-24.904222,-25.206871,-25.157894,-24.413908,-26.3466,-27.308117,-27.6766,-28.123432,-27.110388,-26.24395,-26.179283,-26.257626,-26.46727,-26.496803,-27.268267,-28.9715,-25.938347,-24.771069,-24.548523,-26.555666,-28.575531,-28.615313,-25.845669,-24.740202,-25.50282,-25.123077,-27.037569,-25.932178,-26.384705,-25.665447,-27.801264,-27.544287,-29.239044,-27.974396,-28.617054,-24.557272,-25.224268,-25.203522,-24.79541,-25.153004,-26.841068,-25.572979,-23.736338,-25.783497,-27.232212,-28.647959,-28.2352,-27.29537,-26.601856,-27.301704,-25.166603,-25.93122,-27.909878,-28.964134,-29.193983,-31.635803,-31.887104,-27.074259,-25.401966,-26.280197,-28.216545,-30.429386,-27.008793,-25.229475,-27.624992,-26.806158,-26.674545,-28.113405,-27.706892,-29.71267,-29.938526,-25.844002,-25.19827,-28.453285,-28.179302,-24.871742,-25.729282,-28.576277,-29.891624,-25.846432,-23.761396,-24.117203,-26.485838,-25.044472,-25.640259,-25.95866,-24.116535,-26.356752,-27.816135,-26.340551,-26.188747,-25.56771,-28.350983,-28.77136,-24.315098,-25.070602,-27.564589,-26.595978,-25.5662,-26.574064,-27.656418,-26.264626,-26.482033,-26.572628,-28.323957,-27.449179,-26.639801,-25.162704,-24.805145,-26.560831,-26.65576,-27.687738,-24.976652,-23.865782,-26.960463,-26.880737,-27.006416,-25.94022,-26.290195,-26.299492,-26.225029,-24.972933,-26.22134,-26.037464,-24.78405,-27.048931,-27.800083,-28.689037,-28.91888,-27.907509,-26.88416,-27.307415,-28.777058,-28.280472,-30.909342,-29.144135,-25.94466,-25.554707,-25.982273,-25.885319,-26.9968,-26.520563,-24.506132,-27.40478,-25.780918,-26.79232,-27.973795,-28.879862,-27.329088,-25.288174,-26.075087,-29.044842,-27.918213,-27.474651,-25.186005,-26.977533,-28.301857,-26.78072,-25.85153,-29.237902,-32.04746,-29.736193,-27.23898,-24.369663,-25.003582,-25.020449,-24.889212,-28.002499,-27.566423,-25.161812,-26.111507,-27.38704,-25.893158,-26.657167,-26.785452,-27.556368,-26.023726,-28.22769,-29.814606,-27.507366,-28.54307,-28.906752,-28.184237,-26.22058,-23.594849,-24.355738,-26.95755,-24.453049,-23.624722,-26.856133,-27.896362,-27.86628,-29.892097,-27.032045,-26.614609,-25.458223,-28.100065,-26.720207,-28.381708,-29.334366,-27.759995,-24.693472,-24.784231,-27.009487,-25.460007,-23.76866,-24.959166,-25.598923,-26.510427,-28.768307,-30.431717,-26.024576,-24.967014,-26.123701,-27.020533,-27.480267,-28.551888,-27.645702,-26.823336,-28.778824,-33.32147,-33.670067,-33.728374,-33.75453,-33.70642,-33.717373,-33.707394,-33.71017,-34.438843,-39.264133,-56.811775,-80.0,-80.0,-80.0,-80.0,-80.0,-80.0,-80.0,-80.0,-80.0,-80.0,-80.0,-80.0,-80.0,-80.0,-80.0,-80.0,-80.0,-80.0,-80.0,-80.0,-80.0,-80.0,-80.0,-80.0,-80.0,-80.0,-80.0,-80.0,-80.0,-80.0,-80.0,-80.0,-80.0,-80.0,-80.0,-80.0,-80.0,-80.0,-80.0,-80.0,-80.0,-80.0,-80.0,-80.0,-80.0,-80.0,-80.0,-80.0,-80.0,-80.0,-80.0,-80.0,-80.0,-80.0,-80.0,-80.0,-80.0,-80.0,-80.0,-80.0,-80.0,-80.0,-80.0,-80.0,-80.0,-80.0,-80.0,-80.0,-80.0,-80.0,-80.0,-80.0,-80.0,-80.0,-80.0,-80.0,-80.0,-80.0,-80.0,-80.0,-80.0,-80.0,-80.0,-80.0,-80.0,-80.0,-80.0,-80.0,-80.0,-80.0,-80.0,-80.0,-80.0,-80.0
-30.961676,-26.755539,-25.957508,-26.69643,-26.371443,-25.84399,-25.920113,-23.711237,-23.35791,-25.451385,-25.247757,-26.33596,-25.332603,-24.926865,-27.574043,-27.110687,-27.535713,-25.327965,-25.536034,-28.552895,-25.528057,-26.126701,-26.828842,-24.400013,-23.968145,-27.542845,-30.788214,-28.264881,-24.734432,-24.525578,-24.993908,-24.90453,-25.809155,-27.1026,-26.570198,-23.392323,-24.624111,-28.490871,-27.149689,-24.953266,-24.126837,-25.917116,-29.341522,-26.823986,-24.081905,-23.387667,-25.946266,-25.930048,-25.24431,-25.868917,-26.778717,-28.442692,-26.533134,-26.096413,-28.183287,-27.622223,-32.544106,-29.383173,-27.55599,-26.281311,-26.293816,-24.708029,-27.190742,-26.68112,-26.073597,-27.008343,-25.35326,-25.817883,-26.298187,-27.007212,-26.438883,-27.56351,-27.780767,-28.35513,-28.809383,-28.680773,-27.182247,-27.070972,-29.711672,-27.165459,-29.090885,-28.732203,-28.71755,-27.789017,-27.122524,-28.989504,-30.425817,-29.626896,-25.825306,-26.307,-27.870583,-27.641846,-25.742613,-24.861523,-25.255486,-27.907307,-27.130127,-24.273392,-25.327908,-25.473785,-26.80209,-26.092808,-27.954514,-27.252838,-26.821663,-28.185658,-29.763552,-26.361761,-25.35672,-27.218563,-33.192104,-41.728436,-42.295654,-39.814346,-38.03304,-36.77746,-37.123466,-42.12955,-45.117546,-44.064507,-44.437138,-48.621773,-44.201473,-40.23479,-43.217983,-47.828274,-45.564953,-36.394844,-29.023302,-26.081146,-23.809162,-24.424076,-26.822878,-28.034748,-27.261644,-25.91697,-27.61629,-26.737457,-25.306236,-26.447603,-25.495796,-26.975487,-28.748756,-27.395569,-27.051807,-24.726933,-26.672976,-25.753447,-25.382168,-26.772337,-26.295994,-26.563293,-25.913631,-25.918402,-25.36903,-26.360996,-25.685465,-26.744547,-27.447004,-24.214725,-24.976036,-28.833279,-26.5469,-25.873272,-28.093042,-30.57596,-29.743786,-27.389313,-25.709352,-23.589058,-22.2099,-24.915619,-27.652552,-26.438229,-25.425774,-23.13573,-26.71061,-29.942863,-27.826248,-29.579348,-28.62101,-26.30949,-27.089264,-28.008963,-24.926394,-25.2545,-26.267483,-24.764898,-26.357903,-26.074646,-28.332174,-27.308388,-25.146187,-26.604115,-26.902744,-24.338337,-26.42194,-27.007618,-26.60653,-28.626022,-28.135818,-25.662926,-24.995008,-28.268421,-31.95391,-27.378613,-27.916046,-27.923632,-26.216724,-27.491001,-30.488478,-30.53043,-27.360376,-27.251242,-29.384418,-27.558676,-27.622072,-31.248768,-29.525522,-27.441833,-26.808018,-26.742138,-26.609207,-27.358772,-25.770975,-26.630238,-29.508072,-28.890566,-25.444519,-23.503748,-26.564651,-28.242981,-26.894337,-29.81885,-26.791496,-24.307056,-24.386223,-25.473167,-26.630634,-26.01418,-25.647774,-26.683268,-27.255621,-26.202627,-26.039324,-28.91303,-27.287886,-24.987465,-24.330917,-26.645683,-27.776558,-25.411469,-26.438519,-27.824593,-28.98131,-27.909489,-27.207745,-27.180103,-25.211452,-26.854061,-28.554623,-27.37876,-28.033207,-24.499592,-25.32631,-27.409184,-27.882746,-26.322552,-24.988644,-23.049276,-25.231401,-25.11095,-25.484848,-26.284285,-28.41444,-29.761105,-27.485455,-25.143253,-24.131306,-23.881273,-27.083267,-28.928215,-27.846533,-26.704544,-24.93354,-23.889214,-23.338959,-25.13593,-26.199986,-22.967184,-24.595858,-30.897568,-28.688448,-26.459831,-24.47506,-24.160896,-24.314022,-26.41637,-26.21788,-30.08286,-30.397074,-29.48584,-28.974098,-29.126,-28.127224,-26.111925,-27.190842,-26.618454,-25.54482,-26.02312,-26.470179,-28.023235,-28.648067,-28.214226,-30.071142,-29.140833,-27.192188,-26.635857,-25.786522,-24.234089,-26.26118,-26.596764,-25.574818,-25.037867,-25.952728,-28.655306,-30.266321,-26.981705,-26.078053,-26.143059,-25.13562,-27.828476,-27.915462,-26.926147,-26.45701,-27.25801,-28.540524,-26.894958,-28.151182,-27.044983,-25.738916,-28.785023,-27.09869,-24.880432,-28.446655,-26.422974,-25.145279,-26.243324,-25.971043,-26.804897,-27.414913,-30.049824,-28.472683,-25.246212,-24.22357,-24.762543,-26.04628,-27.728268,-25.06688,-25.297504,-26.319683,-29.1857,-29.107168,-27.180874,-28.063951,-26.507322,-27.507889,-27.566847,-28.26731,-24.688028,-23.957918,-21.958696,-22.678112,-29.215866,-30.26578,-29.561756,-31.462612,-28.568527,-28.264904,-29.986996,-28.648363,-25.20163,-26.041191,-26.364292,-27.973923,-28.378027,-25.027092,-24.97112,-24.97473,-25.7661,-24.784058,-25.623821,-28.76813,-25.14613,-24.98912,-27.451456,-27.622562,-25.98515,-25.91716,-25.400745,-27.549524,-24.967426,-23.779821,-25.12875,-25.067242,-26.829573,-28.527151,-26.577145,-25.411125,-24.077076,-26.26597,-26.686516,-27.780426,-28.62564,-28.756653,-25.457817,-26.648907,-28.219318,-29.476885,-27.293064,-24.985851,-24.664602,-25.367184,-26.193314,-26.64986,-26.576008,-24.99972,-24.146025,-26.09161,-28.29983,-29.116982,-28.850504,-28.696632,-26.09139,-27.275381,-27.745363,-27.832542,-27.028893,-26.616337,-25.493668,-24.324196,-25.704895,-26.780746,-26.51471,-26.05634,-28.58556,-26.604986,-25.631432,-26.30292,-27.058237,-28.229105,-29.934223,-29.002487,-29.901594,-29.453644,-26.204834,-24.497627,-22.774506,-24.110153,-27.120037,-26.43544,-25.505566,-26.738895,-25.950344,-25.64336,-26.168112,-26.464108,-26.244812,-27.641724,-24.812668,-24.847393,-26.812092,-26.226542,-24.969479,-24.682238,-26.86614,-27.925251,-27.952131,-28.422852,-26.056673,-24.925125,-23.574184,-26.319216,-28.026142,-26.098322,-25.424955,-25.651924,-26.902863,-27.167925,-27.834732,-30.444256,-29.23623,-27.06633,-27.012316,-27.51713,-24.383953,-26.226341,-29.099697,-29.056726,-26.683792,-26.040228,-30.538326,-31.510132,-27.018833,-25.447115,-23.826797,-24.147223,-27.957844,-30.900225,-27.594646,-25.78983,-26.44936,-24.492062,-26.819477,-27.694061,-25.037579,-26.662243,-27.158846,-26.764126,-28.078287,-28.691673,-28.612682,-25.348583,-24.064198,-24.317986,-28.398067,-25.475327,-26.072212,-27.77932,-28.233253,-29.727356,-27.334976,-27.690979,-30.298153,-27.58529,-27.459755,-27.3075,-25.211014,-24.599857,-25.78804,-26.600725,-26.778097,-28.322613,-26.128036,-26.560574,-26.687027,-24.412264,-24.992832,-26.838793,-25.21083,-25.223595,-26.43448,-27.515278,-27.715849,-29.639652,-27.001997,-26.835915,-28.883347,-26.703358,-26.208511,-28.69369,-26.13971,-22.696247,-23.946968,-25.778023,-28.543097,-27.876268,-27.888763,-27.441513,-25.599773,-24.913342,-26.872974,-28.37125,-26.972122,-26.813221,-28.466272,-27.899647,-26.819569,-26.614916,-28.676756,-30.330437,-25.633768,-24.130272,-25.822203,-23.840054,-24.575954,-25.211618,-26.00325,-25.990662,-26.742256,-27.717163,-28.749313,-27.713367,-25.704954,-27.81211,-27.19653,-28.069649,-28.317942,-25.79398,-25.852707,-27.995777,-25.643757,-24.835712,-28.49589,-29.08587,-26.011242,-25.134056,-28.070652,-30.588778,-27.803997,-26.164394,-25.970333,-25.831802,-25.387352,-25.698887,-25.629074,-27.298502,-31.72942,-42.336708,-52.730595,-52.132355,-51.87523,-52.35318,-52.22869,-52.330936,-52.29818,-49.775143,-51.146477,-63.600266,-80.0,-80.0,-80.0,-80.0,-80.0,-80.0,-80.0,-80.0,-80.0,-80.0,-80.0,-80.0,-80.0,-80.0,-80.0,-80.0,-80.0,-80.0,-80.0,-80.0,-80.0,-80.0,-80.0,-80.0,-80.0,-80.0,-80.0,-80.0,-80.0,-80.0,-80.0,-80.0,-80.0,-80.0,-80.0,-80.0,-80.0,-80.0,-80.0,-80.0,-80.0,-80.0,-80.0,-80.0,-80.0,-80.0,-80.0,-80.0,-80.0,-80.0,-80.0,-80.0,-80.0,-80.0,-80.0,-80.0,-80.0,-80.0,-80.0,-80.0,-80.0,-80.0,-80.0,-80.0,-80.0,-80.0,-80.0,-80.0,-80.0,-80.0,-80.0,-80.0,-80.0,-80.0,-80.0,-80.0,-80.0,-80.0,-80.0,-80.0,-80.0,-80.0,-80.0,-80.0,-80.0,-80.0,-80.0,-80.0,-80.0,-80.0,-80.0,-80.0,-80.0,-80.0
-28.343182,-27.838316,-25.368227,-24.40616,-22.217075,-23.940786,-27.11551,-27.794065,-27.231663,-27.807817,-27.589712,-27.328526,-28.442665,-26.407223,-28.247202,-29.76553,-28.079403,-28.957253,-27.42748,-29.1015,-27.116947,-25.945227,-24.118683,-23.067856,-23.134241,-26.220943,-25.447845,-25.690647,-25.526833,-27.10414,-27.2909,-26.192123,-26.450424,-26.19494,-27.168125,-27.20034,-26.361782,-23.48653,-24.991386,-28.709415,-29.29388,-25.32601,-26.381721,-30.91394,-28.76374,-25.394594,-26.457848,-28.718534,-25.358517,-26.533182,-28.602541,-27.26014,-24.936745,-22.318092,-26.715229,-30.3445,-29.738796,-27.721018,-27.576702,-26.726799,-26.41152,-24.46569,-25.85234,-27.204678,-25.209185,-25.438656,-24.962097,-25.98359,-26.086422,-27.726913,-26.125874,-26.57868,-28.989473,-27.679064,-28.625105,-28.387552,-26.6624,-26.671402,-28.81147,-26.938486,-28.409788,-30.044624,-25.78445,-25.841434,-29.690783,-33.472332,-29.604324,-29.371168,-29.33307,-29.400291,-27.99347,-26.610718,-27.675192,-26.822905,-26.680779,-28.635206,-27.450914,-25.980461,-27.53973,-25.810165,-26.015491,-24.207905,-25.706654,-28.105291,-26.80038,-26.50424,-26.985596,-26.909855,-28.680393,-28.620338,-30.405334,-38.006233,-40.798637,-38.788548,-39.79311,-39.917557,-39.029118,-41.454098,-43.87959,-42.83058,-42.693306,-48.18631,-41.5793,-39.77657,-44.157944,-46.173912,-44.71326,-40.172188,-30.51616,-26.861694,-25.533913,-25.685642,-25.14008,-25.789528,-29.354713,-27.836498,-27.206774,-26.824594,-28.730024,-27.225096,-27.230303,-26.205408,-27.29013,-29.221966,-27.108036,-24.482487,-26.670998,-27.101566,-26.017284,-25.245003,-25.043911,-24.692173,-23.097313,-27.990364,-26.778744,-25.862446,-24.966475,-23.355991,-26.000443,-25.770493,-24.911377,-27.730392,-28.554138,-24.967268,-27.096514,-27.224888,-26.478695,-27.220158,-27.83799,-27.002739,-23.587246,-25.5769,-28.093401,-24.08166,-23.694668,-25.396389,-26.28368,-26.308191,-25.310022,-27.1988,-27.39885,-25.750303,-26.535055,-28.505775,-24.556946,-23.411816,-24.731274,-26.866907,-26.788734,-25.08426,-26.961157,-26.628658,-25.693233,-27.610634,-26.510218,-25.562328,-25.887989,-25.93446,-25.755598,-27.228724,-25.551056,-26.4337,-30.928734,-30.479517,-30.606234,-27.896423,-26.932959,-27.137428,-30.317892,-30.827896,-28.9359,-26.655544,-25.994976,-26.867434,-27.148804,-24.91088,-27.169678,-28.119799,-25.43918,-25.382427,-28.192657,-26.234655,-26.418575,-28.68937,-27.327282,-25.462183,-27.77666,-29.850012,-25.990562,-23.537876,-24.803267,-26.562126,-25.014503,-25.923767,-24.873974,-25.326485,-25.90029,-24.48536,-27.162926,-29.828543,-30.164307,-30.406523,-28.189955,-27.367245,-28.462011,-29.84127,-29.994514,-25.719687,-23.23634,-25.281778,-25.689072,-26.07741,-25.758396,-26.093025,-26.781353,-24.947212,-24.150509,-28.26649,-26.94347,-25.186579,-26.384823,-28.006256,-26.461838,-25.161299,-25.148233,-24.543291,-25.77791,-27.971016,-29.244507,-27.546444,-29.818926,-27.579014,-26.182419,-26.026688,-27.290955,-27.753788,-26.964169,-27.77773,-25.761696,-26.169765,-26.512012,-26.541122,-23.80723,-24.035446,-26.209675,-24.987385,-24.446423,-28.067001,-25.648958,-24.352737,-27.015453,-27.494709,-25.292736,-25.128624,-23.867388,-23.39198,-26.809998,-26.065964,-26.855963,-28.816006,-27.137989,-27.81102,-25.391882,-25.35145,-31.261639,-27.69146,-26.587748,-25.535604,-23.087814,-23.859127,-26.174305,-27.623507,-26.833645,-25.180927,-27.049568,-25.69249,-24.960052,-28.136742,-29.258142,-26.998402,-27.979195,-25.784079,-24.032822,-21.899094,-24.061178,-28.008257,-30.328037,-27.964184,-26.55665,-24.892763,-27.229996,-28.328737,-28.918558,-27.032484,-25.606178,-25.581244,-27.685478,-24.942461,-24.006104,-26.026596,-24.607851,-26.384893,-25.436417,-24.95568,-25.18484,-26.676825,-24.404894,-23.938602,-24.347984,-26.698635,-27.85881,-28.378239,-26.744072,-25.298265,-24.303001,-24.772165,-25.98928,-26.48793,-24.299973,-25.389984,-26.817936,-28.272804,-28.043959,-26.298512,-27.35271,-27.11716,-27.607819,-26.934744,-26.74741,-27.624712,-25.863419,-23.151333,-23.464312,-27.330065,-30.68433,-30.074448,-26.245308,-24.886377,-27.380335,-26.815895,-26.98157,-26.771145,-28.218113,-27.323435,-26.413189,-26.50784,-23.187532,-23.707794,-25.844418,-24.695198,-23.146374,-23.781876,-26.13141,-26.515408,-24.98085,-27.743488,-27.48451,-25.269657,-27.86929,-25.96761,-27.630476,-27.970217,-26.786594,-26.080265,-25.322634,-25.08171,-27.955313,-26.951996,-25.197208,-24.205978,-26.12405,-27.820469,-28.289951,-29.419422,-27.907213,-26.204914,-26.854248,-25.430685,-26.812656,-27.288147,-23.556755,-24.058828,-25.986435,-27.938673,-25.843676,-27.237,-25.19693,-23.902992,-28.204145,-28.989021,-27.681818,-27.316761,-28.47667,-28.153904,-29.40296,-29.367798,-27.466022,-25.288933,-23.484816,-26.349121,-27.6536,-26.404827,-25.111979,-24.723837,-26.503647,-26.796051,-24.921055,-24.032621,-25.468912,-25.308723,-30.200638,-31.027515,-28.176151,-27.618034,-25.677269,-22.442444,-24.842821,-23.862457,-23.38105,-25.222267,-28.425432,-27.513721,-26.28792,-26.862768,-26.258049,-24.176664,-25.87101,-27.42332,-28.587643,-26.59851,-27.281761,-27.692526,-25.545254,-26.393423,-25.72825,-24.896954,-24.15151,-24.849045,-27.858778,-25.343163,-23.543755,-23.039806,-25.224537,-28.395393,-26.819233,-25.190727,-25.339787,-24.746582,-25.153202,-28.49097,-27.66195,-24.58662,-26.141823,-27.863638,-27.082514,-23.12617,-25.995293,-27.63002,-27.51221,-26.648113,-26.584492,-29.671967,-27.144817,-25.080093,-23.984829,-23.203148,-26.002523,-27.566109,-28.231739,-27.720251,-27.321419,-26.415817,-26.81504,-27.426641,-25.85094,-26.436317,-29.444448,-26.533876,-27.09981,-25.35709,-27.388893,-29.72282,-27.331276,-25.33677,-24.334808,-26.03096,-25.058243,-25.394527,-29.63014,-29.06326,-26.88882,-27.70266,-27.67226,-31.290668,-28.570053,-26.347712,-25.997868,-28.37911,-25.206783,-24.792068,-27.317816,-28.220253,-30.168875,-25.085854,-25.392162,-25.12017,-26.671352,-26.519768,-25.353125,-26.768898,-28.535154,-26.328081,-25.891968,-27.471127,-29.422451,-27.78241,-26.305103,-27.800499,-25.471375,-24.958862,-29.000965,-26.822502,-23.176662,-24.460258,-25.23898,-26.556105,-24.97125,-26.209488,-26.506626,-25.506424,-26.043184,-29.845695,-29.31013,-25.377007,-25.438343,-29.192852,-27.844795,-26.133907,-26.095655,-26.026737,-27.300678,-26.988237,-24.925152,-25.30964,-24.014584,-24.421268,-26.870972,-26.79799,-26.42745,-25.060978,-25.110693,-27.424633,-28.221064,-27.459742,-28.20775,-27.687605,-27.826477,-26.09064,-24.538017,-28.038662,-27.199432,-26.863523,-28.817497,-30.8308,-29.929066,-26.163277,-26.58813,-28.61148,-27.827843,-32.841736,-30.191452,-26.833515,-25.93262,-28.04404,-26.38477,-25.819931,-27.539719,-28.913458,-40.514816,-50.739616,-50.01905,-49.758286,-50.252686,-50.170757,-50.28418,-50.189533,-48.40683,-51.821465,-66.68033,-80.0,-80.0,-80.0,-80.0,-80.0,-80.0,-80.0,-80.0,-80.0,-80.0,-80.0,-80.0,-80.0,-80.0,-80.0,-80.0,-80.0,-80.0,-80.0,-80.0,-80.0,-80.0,-80.0,-80.0,-80.0,-80.0,-80.0,-80.0,-80.0,-80.0,-80.0,-80.0,-80.0,-80.0,-80.0,-80.0,-80.0,-80.0,-80.0,-80.0,-80.0,-80.0,-80.0,-80.0,-80.0,-80.0,-80.0,-80.0,-80.0,-80.0,-80.0,-80.0,-80.0,-80.0,-80.0,-80.0,-80.0,-80.0,-80.0,-80.0,-80.0,-80.0,-80.0,-80.0,-80.0,-80.0,-80.0,-80.0,-80.0,-80.0,-80.0,-80.0,-80.0,-80.0,-80.0,-80.0,-80.0,-80.0,-80.0,-80.0,-80.0,-80.0,-80.0,-80.0,-80.0,-80.0,-80.0,-80.0,-80.0,-80.0,-80.0,-80.0,-80.0,-80.0
-26.841658,-27.380878,-25.135412,-24.80278,-29.108849,-26.170994,-24.82299,-29.375668,-25.874489,-24.310455,-28.824589,-28.069557,-29.316477,-31.72207,-31.238943,-27.590675,-26.820005,-25.819408,-23.127098,-25.33829,-28.495378,-27.947712,-24.088728,-26.156488,-26.500093,-26.18599,-25.547773,-28.875885,-27.866879,-26.440716,-24.744724,-24.765377,-21.42366,-26.023636,-29.384205,-25.296555,-24.935146,-26.74615,-27.169672,-28.46118,-29.41691,-25.281353,-23.508144,-23.827446,-26.382553,-29.730022,-32.062717,-31.367239,-28.070164,-28.807365,-30.281994,-28.231497,-25.728786,-22.667534,-26.798664,-27.938612,-27.857159,-27.887354,-26.98288,-25.0497,-24.867783,-26.307655,-26.560093,-26.940859,-24.568943,-24.362782,-25.488525,-27.42516,-28.21097,-28.668343,-26.851215,-26.489985,-27.867899,-27.353058,-25.457924,-22.429409,-25.895437,-28.609783,-28.4264,-28.28924,-26.537209,-25.928385,-25.374014,-28.639603,-30.307688,-28.164097,-30.344723,-27.189333,-26.149967,-29.84923,-28.230762,-28.080688,-25.273808,-23.647047,-23.588495,-26.551962,-28.87754,-27.185015,-27.878193,-27.740314,-26.178055,-27.319748,-28.860107,-27.979048,-27.586575,-29.217045,-28.98315,-27.072819,-25.869003,-28.082815,-34.04879,-37.438087,-41.8415,-40.938347,-39.17569,-42.381657,-42.31306,-41.469017,-42.396633,-43.55219,-42.00568,-47.20347,-42.208275,-38.868706,-42.26635,-43.71364,-44.21319,-37.25575,-26.929169,-26.711916,-27.714052,-29.96791,-28.722408,-26.97927,-29.226643,-29.312733,-27.794632,-28.60323,-26.663834,-25.02763,-28.22955,-29.186558,-27.635965,-24.30166,-24.19313,-27.649246,-28.032787,-27.8869,-27.547215,-25.346146,-28.354467,-26.568356,-24.938122,-29.405052,-29.731903,-28.406677,-28.690325,-22.945086,-23.14016,-25.549044,-26.580524,-24.788265,-25.020283,-24.942165,-25.750456,-23.87562,-23.88007,-27.569828,-29.339607,-30.367657,-25.089478,-26.308804,-27.457926,-24.57422,-25.072193,-28.279633,-27.144772,-25.094648,-26.516298,-28.21085,-28.090446,-28.39209,-32.6652,-28.40149,-26.355396,-22.90879,-22.601543,-26.056616,-26.8479,-26.59147,-28.198433,-28.181435,-27.553692,-27.007517,-26.850996,-25.786001,-27.370323,-27.801418,-26.166718,-28.549019,-29.095764,-29.489288,-29.67578,-27.662453,-29.62375,-29.730816,-26.659626,-27.763632,-30.760353,-32.196205,-28.819342,-26.84287,-26.421001,-25.864979,-25.597242,-24.071728,-25.649214,-25.460968,-27.24474,-26.3949,-25.398685,-26.011114,-27.738506,-28.401085,-29.947239,-27.95005,-30.972982,-31.53678,-26.820694,-24.53271,-24.734207,-25.447142,-27.983097,-25.23563,-23.869259,-26.247894,-25.911938,-26.96284,-29.90804,-27.582874,-27.728146,-31.170078,-27.210693,-25.441973,-27.524227,-27.925598,-26.46686,-24.483166,-25.531635,-24.570396,-21.611553,-21.4813,-24.23252,-25.299595,-27.500395,-29.409119,-26.408316,-23.156801,-25.314274,-29.913486,-28.671343,-28.95017,-27.297384,-25.89133,-24.989315,-25.795193,-27.462826,-28.476704,-28.734955,-29.97594,-30.444004,-28.639862,-25.054874,-24.67152,-28.889782,-28.72079,-26.453474,-28.179686,-29.362366,-29.819302,-28.091543,-26.120478,-26.28049,-26.935925,-26.87119,-26.617374,-26.746912,-28.46482,-30.166302,-28.757694,-26.862381,-25.061882,-25.820007,-26.415863,-23.851004,-24.811668,-24.37202,-24.861584,-27.145123,-25.959713,-27.133621,-28.980162,-26.061718,-25.931606,-30.001202,-30.19348,-26.824165,-26.225677,-28.276457,-26.522917,-26.911716,-27.065897,-25.715889,-27.033958,-27.82454,-24.964836,-27.252815,-29.615498,-28.733742,-28.342997,-28.132635,-24.142384,-24.436253,-29.565165,-28.952028,-27.313042,-27.773457,-28.654999,-28.117592,-25.320658,-25.79329,-22.836784,-26.329386,-28.966599,-26.727303,-25.496101,-24.3932,-26.800714,-26.509607,-24.418488,-24.131317,-25.24081,-25.430744,-28.456497,-26.03552,-24.975786,-25.245884,-25.414227,-23.95153,-23.949741,-27.076502,-26.728504,-25.1342,-27.75636,-26.386374,-26.8369,-30.188787,-28.12333,-25.526192,-25.123062,-23.960787,-25.583817,-28.298382,-27.403545,-26.693499,-26.617596,-26.793797,-23.862041,-24.047386,-27.284761,-25.49633,-26.376915,-24.889446,-23.365234,-26.905603,-29.368603,-25.62526,-25.875923,-27.868996,-25.44556,-26.367674,-26.053698,-26.316797,-25.003723,-26.20905,-27.293396,-24.647104,-25.77438,-24.42787,-25.93345,-25.318684,-27.752811,-29.473549,-27.109325,-27.411114,-26.542051,-21.215923,-23.835163,-31.332102,-26.467041,-27.725414,-27.294569,-26.044775,-24.334433,-24.469746,-27.056501,-29.610111,-26.335144,-25.497494,-24.939611,-26.106014,-24.69029,-28.671179,-29.185822,-23.278233,-23.31725,-26.653805,-26.29417,-24.589397,-27.324665,-28.783241,-29.054993,-27.407194,-27.746193,-27.006584,-27.405348,-24.751915,-26.734362,-28.434444,-26.3414,-27.854195,-27.436691,-26.591019,-29.603275,-29.049522,-26.359226,-26.436094,-25.18147,-24.715134,-27.44106,-26.910967,-26.750511,-26.094679,-25.51066,-25.990606,-28.51373,-30.208508,-28.411755,-27.039717,-26.59292,-28.663286,-29.691624,-29.242233,-28.661617,-29.236074,-28.158037,-27.705347,-28.2621,-25.189037,-24.39949,-25.896536,-24.966866,-26.533962,-27.662333,-24.451176,-24.907078,-29.84814,-28.80049,-28.798637,-27.583582,-26.581024,-28.018345,-26.735031,-25.736383,-27.077427,-31.316925,-26.95568,-26.360498,-25.27464,-24.049881,-25.462128,-24.276943,-27.425299,-29.10118,-24.45246,-23.99008,-27.379349,-28.500324,-26.812567,-28.505154,-28.746262,-27.141907,-27.444033,-28.52549,-26.451601,-23.77659,-22.913605,-22.50673,-26.81004,-27.042837,-26.679646,-27.19664,-26.646969,-25.039368,-25.96314,-27.873827,-27.204891,-27.110605,-26.042595,-28.115232,-29.891142,-30.39345,-27.34754,-27.391932,-27.308498,-24.942692,-26.165098,-26.77124,-27.323702,-26.631695,-26.06381,-27.407509,-27.48276,-27.491604,-27.256468,-27.444744,-26.089745,-26.74614,-28.371698,-26.206697,-24.251492,-24.84039,-24.867554,-27.622913,-28.530943,-26.49631,-23.842726,-26.728252,-29.048347,-27.758635,-28.304148,-29.211441,-27.274563,-26.970081,-25.437056,-25.588116,-23.639957,-22.49044,-24.18734,-26.761463,-26.750132,-26.770771,-26.927578,-27.77781,-26.770887,-25.371042,-26.340385,-27.88601,-25.929705,-25.059523,-24.101982,-28.010551,-29.998707,-26.073084,-23.522602,-26.473173,-26.21275,-25.335873,-27.09662,-27.54919,-32.071823,-34.761337,-32.298298,-29.406097,-30.214376,-30.921448,-27.628786,-25.106075,-24.766407,-27.147064,-29.292206,-32.041924,-31.121468,-27.114979,-28.567196,-27.578846,-23.281033,-24.078943,-28.307323,-26.606863,-25.19125,-24.858118,-27.276783,-28.74683,-25.069904,-23.58594,-25.16682,-25.789486,-27.319958,-30.311941,-28.909208,-26.038998,-27.682947,-28.036531,-27.782673,-26.681404,-27.055058,-28.423008,-28.306877,-30.782433,-30.77618,-26.718359,-25.498377,-25.580877,-23.14825,-21.726307,-25.27106,-30.979668,-38.483276,-39.08151,-39.184975,-39.22821,-39.148735,-39.1621,-39.145084,-39.159298,-40.31678,-45.980736,-66.158356,-80.0,-80.0,-80.0,-80.0,-80.0,-80.0,-80.0,-80.0,-80.0,-80.0,-80.0,-80.0,-80.0,-80.0,-80.0,-80.0,-80.0,-80.0,-80.0,-80.0,-80.0,-80.0,-80.0,-80.0,-80.0,-80.0,-80.0,-80.0,-80.0,-80.0,-80.0,-80.0,-80.0,-80.0,-80.0,-80.0,-80.0,-80.0,-80.0,-80.0,-80.0,-80.0,-80.0,-80.0,-80.0,-80.0,-80.0,-80.0,-80.0,-80.0,-80.0,-80.0,-80.0,-80.0,-80.0,-80.0,-80.0,-80.0,-80.0,-80.0,-80.0,-80.0,-80.0,-80.0,-80.0,-80.0,-80.0,-80.0,-80.0,-80.0,-80.0,-80.0,-80.0,-80.0,-80.0,-80.0,-80.0,-80.0,-80.0,-80.0,-80.0,-80.0,-80.0,-80.0,-80.0,-80.0,-80.0,-80.0,-80.0,-80.0,-80.0,-80.0,-80.0,-80.0
-27.837996,-27.430693,-25.103605,-24.413069,-23.589964,-25.140759,-27.225128,-30.173223,-28.770771,-27.084967,-27.867702,-26.913544,-29.06064,-28.429094,-28.939178,-28.690025,-27.79715,-28.08219,-26.124054,-28.251017,-27.540585,-26.369095,-23.995415,-23.93766,-24.158592,-26.191038,-25.443485,-25.754799,-25.543018,-26.829918,-26.961159,-27.929462,-25.25026,-27.305965,-31.222858,-28.888754,-28.05908,-23.921741,-24.25853,-28.567377,-28.938934,-25.291904,-25.211432,-27.20845,-29.236038,-28.61935,-29.276596,-28.85949,-25.22154,-26.849844,-29.172562,-27.549835,-25.473585,-22.962755,-27.534525,-30.229332,-28.80096,-27.42369,-27.052376,-26.914726,-26.756165,-25.813324,-25.365269,-26.589504,-24.458302,-24.66106,-24.6156,-26.498043,-28.472984,-29.249708,-26.149868,-25.75061,-28.284388,-28.172962,-27.858707,-25.195293,-25.944267,-26.405876,-28.573246,-28.153385,-29.14156,-27.98279,-24.925413,-26.623442,-30.794682,-31.41766,-30.565832,-29.554256,-28.024464,-29.292402,-28.46417,-26.628796,-28.538418,-27.485004,-26.944695,-28.513554,-26.216139,-25.266552,-27.182909,-26.088436,-25.995806,-25.453842,-26.082218,-26.727356,-26.993698,-26.29467,-26.798594,-25.985077,-28.658941,-30.827682,-33.048866,-37.418007,-40.720074,-38.69353,-39.788513,-41.381348,-40.429,-41.50452,-43.51581,-42.263733,-41.910645,-48.036335,-41.020996,-39.053406,-43.32168,-45.53368,-44.5204,-38.992737,-28.162985,-26.100681,-26.470814,-26.668903,-25.798237,-26.177156,-29.25108,-28.011694,-26.79367,-26.531174,-28.392994,-26.581383,-27.183645,-26.701923,-27.128933,-27.472519,-25.655346,-24.46064,-26.002369,-25.403374,-25.5404,-25.988811,-27.121445,-25.657974,-23.888258,-29.672195,-28.529522,-26.417246,-25.675285,-23.806183,-25.797655,-25.91626,-25.368538,-27.622875,-27.193506,-25.739574,-27.001905,-26.094479,-25.81007,-28.038471,-29.925892,-29.47358,-24.570028,-25.585407,-27.172138,-24.156723,-24.370266,-28.405306,-27.323906,-26.37741,-26.824427,-29.60366,-27.133152,-25.760073,-28.07558,-28.437065,-24.729733,-23.237766,-23.695793,-25.940973,-26.014824,-25.66164,-26.67435,-26.69386,-26.702204,-27.843143,-26.972088,-25.521122,-26.141014,-26.906609,-25.758705,-27.788576,-27.107285,-27.58514,-31.023058,-30.018423,-29.244871,-28.577955,-26.583897,-27.151854,-30.627708,-30.706184,-29.919565,-27.137497,-25.87353,-25.341747,-26.453028,-24.9633,-25.23528,-26.929026,-27.343346,-26.329006,-27.317831,-27.968025,-29.522676,-28.704563,-27.570387,-25.716759,-27.48505,-30.693111,-26.813927,-24.984406,-25.797668,-25.521969,-23.816647,-24.554996,-23.78178,-24.875443,-26.065327,-26.146597,-27.950336,-29.310942,-29.151278,-29.442287,-28.069296,-27.07993,-28.821186,-28.23894,-27.746687,-24.472809,-24.108875,-25.877127,-24.822357,-24.315983,-24.493134,-25.31456,-27.280476,-25.741909,-24.91057,-26.24293,-25.92297,-25.91308,-26.99123,-28.285313,-26.363901,-24.964968,-24.883669,-25.201431,-26.031033,-29.021095,-30.051003,-30.221054,-31.930737,-29.137228,-25.009144,-24.83634,-27.165775,-27.511143,-26.526505,-28.467712,-27.531467,-28.939598,-27.386623,-25.305115,-24.210285,-25.108192,-27.077574,-24.406813,-23.362309,-27.422974,-27.832556,-25.72054,-26.69482,-26.002018,-25.323729,-26.46994,-23.992386,-23.690151,-26.532505,-25.369492,-26.02393,-26.88988,-26.607151,-27.114029,-26.929771,-27.580093,-29.624285,-27.235495,-26.696236,-26.385319,-24.392467,-24.566906,-25.922056,-27.451876,-26.271898,-25.544937,-27.717524,-26.281723,-25.182953,-26.956442,-28.502165,-27.706833,-28.503351,-25.606422,-24.447123,-23.68728,-24.651993,-25.711199,-28.590694,-26.729797,-26.385612,-24.28183,-26.910908,-26.618607,-28.307827,-25.746515,-25.415737,-27.159124,-26.390232,-26.022516,-25.176033,-25.519096,-24.672943,-25.347328,-25.339375,-27.53541,-26.549227,-25.990608,-24.71331,-25.459564,-25.60847,-27.223597,-29.23412,-28.361437,-26.555405,-27.423527,-25.301498,-25.58132,-26.198093,-25.767834,-24.346601,-25.706066,-26.784945,-27.141811,-26.445015,-26.392765,-28.680435,-26.132933,-26.526302,-27.332176,-27.318554,-27.145512,-25.024242,-23.528528,-24.18145,-26.015347,-28.0547,-28.140026,-24.897808,-24.978802,-28.370441,-26.511974,-25.749306,-26.515522,-29.128902,-27.111397,-27.036003,-27.599262,-23.951458,-24.996822,-26.372278,-26.233677,-24.325314,-25.051266,-26.003176,-27.127419,-25.025269,-26.755247,-25.377157,-25.268618,-28.762642,-26.885689,-27.56839,-28.075758,-26.214142,-24.74528,-24.27786,-25.628822,-29.022343,-25.964117,-24.410208,-24.679985,-26.167976,-26.860106,-27.782719,-28.192986,-25.818226,-25.324368,-26.05529,-24.899338,-26.790056,-27.314484,-25.188587,-24.541725,-25.711,-29.05114,-26.89526,-26.802517,-25.442793,-25.650635,-28.588886,-28.579222,-28.15931,-27.499483,-27.584873,-30.069647,-30.518011,-29.237148,-27.715569,-25.717386,-24.666142,-29.544577,-29.51073,-27.762577,-26.34947,-25.122517,-25.998148,-26.650265,-25.660437,-25.153597,-27.063984,-26.296696,-28.240005,-29.269394,-28.232533,-28.68021,-29.537712,-25.530464,-25.940159,-24.812233,-23.58634,-24.233759,-26.829514,-27.495838,-27.256475,-27.078003,-26.081045,-25.529999,-28.687716,-28.246294,-28.019918,-26.239964,-26.713398,-28.319956,-26.957954,-27.900047,-27.543823,-26.592155,-24.691822,-25.145824,-27.266857,-25.404696,-23.455093,-23.698751,-25.533016,-27.25874,-26.58344,-26.269297,-27.26026,-27.093983,-25.423578,-25.89043,-28.15509,-25.035908,-26.087093,-27.257881,-26.093523,-23.070879,-24.67683,-25.420963,-26.33612,-26.224827,-26.676815,-27.78981,-25.754192,-25.807875,-26.025492,-24.875347,-27.235443,-28.944561,-27.905499,-27.418175,-28.147928,-27.57322,-27.545597,-27.41736,-26.03428,-25.815544,-28.045467,-26.973019,-27.687548,-25.721365,-26.610394,-27.527637,-27.198965,-25.789501,-24.527924,-25.829752,-25.404575,-25.915644,-28.52222,-27.47534,-25.686146,-26.708797,-27.020397,-29.075003,-26.965557,-25.453787,-25.6897,-29.30274,-26.112713,-24.613075,-26.569592,-28.206661,-28.705128,-25.845459,-25.945513,-26.208538,-26.24841,-24.59714,-24.762836,-26.183254,-27.91666,-25.52671,-25.204735,-26.05881,-26.77662,-26.566109,-25.881683,-27.834026,-26.248318,-26.251518,-28.701725,-28.097122,-25.51838,-24.54509,-24.508183,-28.179008,-26.270523,-26.356432,-26.724722,-26.019459,-27.286037,-31.606745,-29.526953,-25.759447,-26.74894,-29.183891,-27.668684,-25.35242,-24.753433,-25.3654,-26.019096,-26.513346,-25.47723,-24.826546,-24.27844,-25.476772,-26.034058,-26.377438,-27.310905,-25.316723,-24.73476,-26.603134,-28.058834,-27.813787,-27.619915,-26.885818,-27.62228,-25.745674,-24.593697,-28.501446,-28.842583,-27.129707,-29.331444,-31.170198,-30.520107,-26.39955,-26.849178,-29.050903,-28.515432,-32.3149,-31.441406,-27.244854,-25.658787,-27.212025,-25.300497,-23.959244,-27.066141,-30.469303,-40.73749,-45.081245,-44.92636,-44.867382,-44.97679,-44.9632,-44.987713,-44.965797,-45.035892,-49.711708,-66.581696,-80.0,-80.0,-80.0,-80.0,-80.0,-80.0,-80.0,-80.0,-80.0,-80.0,-80.0,-80.0,-80.0,-80.0,-80.0,-80.0,-80.0,-80.0,-80.0,-80.0,-80.0,-80.0,-80.0,-80.0,-80.0,-80.0,-80.0,-80.0,-80.0,-80.0,-80.0,-80.0,-80.0,-80.0,-80.0,-80.0,-80.0,-80.0,-80.0,-80.0,-80.0,-80.0,-80.0,-80.0,-80.0,-80.0,-80.0,-80.0,-80.0,-80.0,-80.0,-80.0,-80.0,-80.0,-80.0,-80.0,-80.0,-80.0,-80.0,-80.0,-80.0,-80.0,-80.0,-80.0,-80.0,-80.0,-80.0,-80.0,-80.0,-80.0,-80.0,-80.0,-80.0,-80.0,-80.0,-80.0,-80.0,-80.0,-80.0,-80.0,-80.0,-80.0,-80.0,-80.0,-80.0,-80.0,-80.0,-80.0,-80.0,-80.0,-80.0,-80.0,-80.0,-80.0
-30.92756,-27.336485,-25.721634,-25.867165,-24.346054,-24.432495,-25.018028,-23.736485,-22.579197,-24.89008,-25.177174,-26.230587,-25.338886,-24.044483,-27.06807,-27.148483,-27.474972,-26.09768,-25.832449,-28.338638,-25.531145,-25.563797,-25.633553,-23.467283,-23.155663,-27.518492,-30.103783,-27.498396,-24.361294,-25.391647,-26.52189,-26.247593,-27.159836,-27.562557,-26.878063,-23.353708,-24.09473,-25.30486,-26.690624,-27.657259,-25.66658,-26.267462,-30.028969,-28.325836,-26.202171,-25.270903,-26.88498,-25.884655,-25.392498,-25.506336,-27.07927,-28.226385,-26.613194,-25.436369,-28.253529,-28.57316,-32.401676,-29.835709,-27.300016,-25.934338,-26.47835,-25.402134,-27.100956,-27.784166,-26.836184,-26.593777,-25.03215,-26.96249,-26.540274,-27.283308,-26.49316,-26.574196,-28.235615,-29.5378,-29.337494,-28.602615,-26.30127,-25.650648,-28.050013,-26.316658,-28.225422,-27.723501,-26.861221,-26.570675,-26.931936,-30.068771,-30.175907,-28.868816,-27.105396,-27.102066,-27.403934,-26.586075,-26.035952,-25.920639,-25.888609,-27.012314,-25.383654,-22.314041,-24.512417,-25.89857,-26.498646,-24.66373,-27.457684,-29.02506,-26.706028,-27.009876,-28.467419,-27.072742,-26.859533,-27.9338,-31.311237,-40.753265,-42.067772,-39.812935,-38.133896,-36.670254,-36.834995,-41.963177,-44.962013,-44.61775,-44.701317,-48.460327,-44.463238,-41.079384,-44.174667,-47.26112,-45.650795,-40.380314,-30.814445,-26.413431,-24.214088,-24.713558,-26.230995,-27.176554,-27.854265,-26.387432,-27.921999,-27.195732,-25.751272,-26.608856,-26.210642,-26.852041,-28.45486,-28.070572,-26.764277,-22.703953,-25.659067,-26.17728,-24.390621,-25.535847,-25.542185,-25.41978,-25.077469,-27.065193,-25.130713,-24.604467,-23.675714,-24.784838,-25.915028,-24.248081,-25.659851,-28.563984,-26.273724,-24.825237,-27.623846,-31.605255,-31.268126,-27.37421,-25.72853,-23.643839,-21.705908,-23.957325,-26.735363,-25.057869,-24.613224,-23.525131,-26.79765,-30.213995,-28.39785,-30.567013,-28.989227,-26.304882,-26.432922,-28.144928,-24.507172,-24.51191,-26.594477,-25.832722,-26.482134,-26.55946,-28.205557,-25.403522,-24.642578,-27.6833,-27.016129,-23.13678,-25.084448,-27.589647,-27.772995,-26.95074,-25.81556,-25.456108,-26.110073,-29.420221,-29.718071,-26.747608,-27.610909,-27.694101,-27.020908,-28.014168,-30.87986,-31.879383,-27.166252,-27.931597,-29.50766,-27.648342,-27.387312,-29.730341,-29.718416,-29.039412,-26.707973,-24.976734,-26.762486,-26.9273,-26.669682,-25.970158,-27.610931,-28.92395,-26.047308,-23.782146,-26.302704,-26.64143,-25.014248,-28.28515,-27.595007,-25.137423,-25.192451,-25.006817,-25.180773,-25.630692,-26.685917,-26.918251,-27.117456,-27.60241,-27.66657,-28.059761,-26.877596,-24.491764,-23.644213,-26.470245,-27.61567,-26.527851,-26.571138,-27.379799,-27.983198,-26.346947,-25.449982,-25.521023,-24.264584,-25.831276,-27.052898,-28.550407,-27.803097,-23.273617,-24.696522,-27.436823,-27.522268,-26.303022,-25.654232,-23.939083,-25.98417,-24.71414,-25.010725,-26.485584,-29.086672,-32.07804,-28.910137,-25.675926,-26.08342,-25.05776,-25.860617,-27.673414,-26.786165,-26.31187,-24.509583,-23.46047,-23.039139,-24.026525,-26.673372,-24.663918,-26.238205,-28.004288,-26.070683,-26.433388,-24.973125,-23.308395,-24.556658,-25.913633,-24.80972,-27.470108,-29.091057,-30.040009,-29.762749,-30.425352,-29.874407,-27.539879,-27.940977,-26.632572,-24.29863,-25.015976,-25.961182,-25.730442,-25.942383,-27.099419,-30.72048,-29.035402,-26.095287,-26.599104,-26.210468,-25.34271,-28.249626,-27.848389,-25.298206,-24.224108,-26.062595,-27.987558,-29.219278,-25.888601,-25.019274,-24.91053,-25.55869,-26.572624,-26.331701,-27.514421,-26.015232,-25.845984,-28.462364,-27.650368,-28.000631,-28.529615,-26.340137,-27.101513,-26.906982,-26.400644,-28.037476,-26.083221,-25.127172,-26.103424,-26.337688,-26.871687,-27.471817,-26.330307,-25.249763,-24.608036,-24.87852,-25.123444,-25.658087,-26.025654,-26.143621,-25.316135,-25.630812,-28.252132,-29.527136,-27.792568,-28.628204,-26.55463,-27.579784,-26.366388,-26.391943,-24.572266,-24.309242,-23.331253,-24.422548,-30.138401,-30.394112,-29.89848,-29.066315,-26.624966,-26.889832,-28.465633,-26.371494,-24.565891,-26.736546,-28.318089,-28.790405,-28.872753,-25.697683,-25.171206,-26.019844,-25.91708,-24.211544,-24.174927,-27.250065,-25.175762,-24.851482,-28.004639,-26.770243,-25.834465,-26.636324,-25.42678,-28.157534,-28.228271,-27.141289,-25.177319,-26.336174,-28.062042,-30.83222,-27.688541,-25.284786,-23.840992,-26.419153,-28.17284,-29.361797,-28.487995,-27.858229,-25.564198,-27.147053,-28.608608,-29.249296,-26.024918,-23.4077,-23.607128,-24.898428,-26.323938,-25.411697,-26.018833,-24.338417,-23.540169,-25.83202,-27.956556,-29.064161,-28.91675,-29.223503,-26.702835,-26.776115,-27.777777,-28.626966,-27.715248,-25.067083,-24.485832,-22.456684,-24.528614,-26.118773,-25.786402,-27.648315,-27.42012,-24.938728,-24.905529,-27.42113,-27.598923,-27.782373,-29.931011,-29.58753,-30.55129,-28.46494,-25.235947,-25.178558,-22.758755,-22.865768,-26.259521,-26.520638,-26.36876,-28.168255,-26.832878,-26.958134,-26.085646,-26.422634,-26.02551,-27.056705,-24.254368,-25.707924,-26.778461,-25.70299,-26.14555,-25.128445,-25.566063,-25.664669,-25.840473,-27.047518,-26.104939,-25.057278,-22.559757,-25.225822,-28.582104,-26.57359,-25.443808,-24.427221,-25.738222,-26.788868,-27.545757,-29.49518,-26.809597,-26.990383,-26.910337,-25.766552,-23.365833,-24.646069,-28.595533,-28.628765,-26.980717,-26.501049,-29.044992,-29.354244,-25.587135,-25.052505,-23.172043,-24.19963,-29.161396,-31.269236,-27.827463,-25.753975,-26.411425,-25.207706,-26.43623,-27.425694,-25.043884,-27.05655,-26.641933,-26.822323,-27.875336,-27.350948,-28.173367,-25.583065,-23.621807,-23.470066,-27.859318,-25.680216,-26.59461,-27.848267,-27.288486,-28.489368,-27.752224,-27.776066,-30.121801,-27.166376,-26.536026,-25.740784,-24.977224,-23.75059,-25.394377,-25.687984,-25.150478,-29.092585,-26.702358,-26.622068,-25.97602,-26.308601,-26.025599,-25.455456,-24.471395,-26.164114,-27.413815,-27.538267,-27.833916,-29.353613,-26.788578,-26.445408,-26.281563,-24.198206,-25.158176,-28.879124,-26.250217,-22.92462,-23.919224,-24.580856,-27.568249,-26.313736,-25.621845,-27.364803,-26.110508,-25.387266,-27.796835,-27.920202,-26.70446,-26.788984,-28.35921,-27.77237,-27.457977,-27.91127,-28.689676,-28.729807,-25.535791,-24.754953,-24.374123,-22.604145,-24.057917,-25.579865,-26.246445,-25.639755,-26.0452,-27.141964,-28.852697,-27.891249,-25.90057,-27.675646,-27.231201,-27.900024,-27.752996,-25.250832,-25.956686,-27.56631,-25.691093,-25.49771,-30.09577,-31.956017,-26.8981,-25.617085,-27.930704,-28.915407,-29.258293,-26.654919,-25.781271,-25.348797,-25.780565,-26.065643,-26.499897,-27.26102,-29.524109,-40.94852,-53.49691,-52.823063,-52.555405,-53.076866,-52.935627,-53.045494,-53.017693,-50.58476,-52.20199,-64.85407,-80.0,-80.0,-80.0,-80.0,-80.0,-80.0,-80.0,-80.0,-80.0,-80.0,-80.0,-80.0,-80.0,-80.0,-80.0,-80.0,-80.0,-80.0,-80.0,-80.0,-80.0,-80.0,-80.0,-80.0,-80.0,-80.0,-80.0,-80.0,-80.0,-80.0,-80.0,-80.0,-80.0,-80.0,-80.0,-80.0,-80.0,-80.0,-80.0,-80.0,-80.0,-80.0,-80.0,-80.0,-80.0,-80.0,-80.0,-80.0,-80.0,-80.0,-80.0,-80.0,-80.0,-80.0,-80.0,-80.0,-80.0,-80.0,-80.0,-80.0,-80.0,-80.0,-80.0,-80.0,-80.0,-80.0,-80.0,-80.0,-80.0,-80.0,-80.0,-80.0,-80.0,-80.0,-80.0,-80.0,-80.0,-80.0,-80.0,-80.0,-80.0,-80.0,-80.0,-80.0,-80.0,-80.0,-80.0,-80.0,-80.0,-80.0,-80.0,-80.0,-80.0,-80.0
-30.597143,-27.312063,-27.873074,-28.436441,-28.95547,-27.107807,-25.624722,-25.589417,-25.656586,-25.758,-25.584238,-24.570198,-24.343723,-26.357393,-26.51928,-25.91871,-27.028568,-27.084003,-26.115662,-26.950863,-27.254673,-27.368042,-29.15133,-28.154146,-27.10193,-27.933372,-28.417814,-24.79292,-23.795696,-23.694683,-25.674618,-25.05929,-24.599155,-26.242651,-24.448763,-23.687021,-26.728563,-29.14637,-28.000885,-24.965267,-22.930832,-25.234058,-25.363514,-24.541258,-26.769703,-26.412178,-28.380657,-30.078459,-26.923582,-26.632542,-27.37433,-27.9729,-26.530249,-27.540503,-28.358824,-25.651167,-27.946299,-29.683468,-25.906666,-24.583046,-27.166016,-27.200256,-30.658884,-28.265768,-27.066582,-27.55698,-28.048332,-26.707668,-26.26016,-27.015015,-26.112574,-25.573631,-24.644176,-27.592873,-30.380169,-28.249252,-24.879719,-24.747284,-26.057323,-24.848562,-26.864153,-26.803963,-27.185707,-26.79364,-26.11164,-27.12597,-27.731148,-25.581907,-24.285336,-25.185167,-27.54647,-27.027576,-27.21646,-26.618511,-27.539894,-29.811123,-28.710785,-27.798573,-25.973558,-25.873806,-25.19617,-26.904234,-29.990152,-30.581959,-26.74736,-27.396652,-31.10381,-27.819885,-24.36259,-24.769669,-31.360186,-39.10426,-39.74183,-40.485863,-40.059196,-39.17419,-40.785915,-41.829273,-43.5821,-42.087936,-42.12671,-47.50217,-43.150757,-40.200092,-43.31662,-46.708908,-44.288834,-33.750843,-25.806057,-25.978613,-27.147003,-26.519623,-26.753473,-27.04511,-27.266285,-26.799797,-26.847853,-26.100143,-27.215288,-26.137356,-25.565453,-27.82469,-29.507751,-27.087837,-29.134712,-33.24249,-28.574924,-25.73056,-25.95325,-29.373848,-26.70721,-26.840422,-28.98994,-26.104658,-24.788126,-25.451601,-25.571213,-27.301836,-26.974144,-25.332195,-26.721165,-28.730259,-27.42804,-27.288094,-27.436428,-27.61239,-28.544607,-27.88599,-27.662098,-25.714237,-25.656136,-26.934574,-25.869766,-26.718887,-29.048681,-25.79097,-25.6364,-26.924932,-26.19775,-24.621973,-26.308086,-26.956507,-27.371655,-27.629755,-25.969341,-26.922615,-28.039495,-27.052967,-26.752653,-24.159513,-25.81791,-28.558811,-25.265648,-25.134243,-26.131899,-26.21368,-26.183521,-23.769712,-22.073648,-24.922333,-29.11979,-27.604923,-26.08097,-26.413439,-27.549135,-25.848076,-27.605316,-26.628561,-23.2416,-23.62041,-27.625885,-26.341003,-26.32853,-29.19913,-29.266403,-27.50561,-28.423464,-26.641327,-28.098383,-26.819899,-26.72255,-25.757145,-24.915737,-28.36687,-27.512413,-25.449402,-26.695665,-27.05679,-25.550468,-23.830904,-26.81304,-33.466312,-30.404028,-27.676193,-23.675331,-22.62649,-24.823982,-26.029476,-25.0141,-25.471296,-27.358864,-27.372728,-26.755697,-26.087688,-25.696041,-27.353947,-28.776022,-26.305517,-26.599253,-29.648304,-29.123682,-27.777338,-27.371544,-25.717045,-27.418655,-27.227121,-25.23008,-26.926716,-28.638994,-28.860363,-29.326918,-27.00024,-26.92498,-26.735622,-26.070164,-26.511683,-27.21278,-25.231922,-23.422874,-24.193306,-25.397371,-25.967834,-25.417202,-26.302082,-26.90166,-27.853594,-26.135475,-23.951653,-24.457363,-24.456139,-26.517284,-27.221779,-25.50837,-25.129967,-25.896301,-25.261547,-24.837965,-26.188604,-30.698637,-27.503338,-25.896883,-28.09111,-31.003834,-26.482517,-23.880922,-23.246239,-22.773903,-26.592497,-26.713028,-28.683195,-32.25862,-29.28918,-26.662785,-25.926607,-27.037985,-27.247612,-27.235664,-27.857763,-26.35534,-25.110039,-24.352913,-26.09848,-26.84981,-28.045164,-28.980906,-27.40263,-27.002918,-27.023506,-27.429771,-27.614729,-26.459318,-25.200438,-25.564703,-26.18655,-30.6772,-27.510475,-24.903465,-24.404242,-25.597399,-26.920633,-24.979544,-28.241114,-31.395737,-29.645884,-26.78291,-26.225552,-26.162968,-27.765522,-30.116655,-25.906818,-26.020874,-26.534395,-26.090523,-25.461113,-25.72507,-24.570953,-25.81134,-25.927908,-25.761225,-27.254427,-25.681337,-24.844515,-24.612028,-24.132305,-22.068325,-27.153078,-28.489885,-27.523064,-26.66312,-25.49612,-26.264944,-27.441074,-26.049042,-28.12643,-30.17346,-27.997635,-28.471384,-26.07949,-26.921799,-26.691061,-26.741867,-25.800615,-26.965214,-28.896828,-28.536255,-30.50566,-32.50951,-27.639565,-25.996426,-26.67401,-25.683273,-24.967907,-25.804445,-24.882404,-27.297438,-28.377924,-25.053705,-24.28292,-23.940262,-24.138645,-26.78743,-26.191433,-27.667215,-26.199574,-26.112991,-27.553467,-27.61738,-27.968332,-26.110107,-25.970364,-27.71364,-25.905935,-25.886978,-27.58672,-29.039677,-31.398796,-30.971579,-27.469097,-26.636673,-26.789833,-27.325333,-26.546026,-28.77835,-29.506004,-25.094482,-23.824123,-24.267017,-25.91237,-29.07051,-27.356777,-24.212606,-24.610754,-26.798271,-26.291836,-26.098183,-25.534763,-26.550322,-25.25481,-26.993435,-26.736252,-28.113564,-29.63295,-28.697008,-24.116837,-24.574326,-25.031311,-24.991611,-26.112656,-27.030891,-25.20861,-23.13347,-26.873627,-28.706306,-28.243393,-27.202091,-25.354055,-25.099335,-26.513805,-24.531898,-24.967974,-26.645538,-27.720118,-30.16974,-30.308067,-30.377083,-29.489956,-26.26019,-24.88319,-27.432386,-28.776985,-29.169313,-27.27604,-27.251448,-26.563858,-26.99835,-28.545532,-28.158463,-28.785267,-29.161472,-24.40636,-24.375309,-28.839325,-27.534481,-23.938614,-24.925503,-28.607004,-29.168068,-25.184841,-24.19643,-24.486752,-26.746037,-24.379913,-25.775116,-25.911259,-24.04932,-26.921669,-26.527344,-25.425634,-25.86578,-25.545286,-27.117382,-25.381601,-23.47725,-24.87534,-26.625729,-25.012148,-24.205786,-26.956306,-26.939949,-27.105171,-27.706814,-25.403097,-26.710123,-28.138613,-26.430798,-24.55199,-23.940039,-26.759565,-26.994276,-27.80056,-25.565598,-24.6179,-26.991331,-26.541443,-27.674536,-26.618816,-26.277102,-26.38515,-26.61459,-25.974003,-26.446045,-26.66067,-25.573832,-25.140465,-26.561579,-29.336788,-26.637165,-25.858849,-25.998013,-26.309208,-28.57032,-27.984312,-29.91204,-29.740828,-27.091408,-25.916634,-26.019222,-25.935547,-26.040892,-26.52192,-24.667858,-27.53471,-26.108978,-26.081646,-27.359434,-26.69069,-26.951368,-26.78619,-27.05696,-29.27314,-28.263355,-26.824923,-25.425568,-27.304737,-27.637218,-26.233486,-25.784916,-28.536545,-29.68166,-29.030537,-27.684948,-24.77704,-25.675217,-25.472,-24.827902,-28.233574,-29.314774,-26.068035,-25.42139,-27.097708,-27.14276,-27.60891,-25.741951,-25.737251,-26.5186,-27.975214,-28.083271,-26.946136,-27.714533,-29.012789,-28.890142,-26.984077,-24.116259,-24.191666,-25.95103,-24.811457,-24.012503,-27.10802,-27.942043,-27.927557,-29.187567,-26.84605,-26.814169,-25.598896,-28.212263,-26.691814,-28.164845,-29.418785,-27.497538,-24.179361,-24.460804,-26.480453,-24.9621,-23.946648,-25.138416,-25.709267,-25.938137,-28.615307,-31.402279,-26.174038,-25.168404,-26.04243,-26.916224,-26.877419,-27.632425,-26.723843,-28.12855,-32.607876,-34.608265,-34.958393,-35.017773,-35.043934,-34.995213,-35.006405,-34.996376,-34.998543,-35.689205,-40.39639,-57.55785,-80.0,-80.0,-80.0,-80.0,-80.0,-80.0,-80.0,-80.0,-80.0,-80.0,-80.0,-80.0,-80.0,-80.0,-80.0,-80.0,-80.0,-80.0,-80.0,-80.0,-80.0,-80.0,-80.0,-80.0,-80.0,-80.0,-80.0,-80.0,-80.0,-80.0,-80.0,-80.0,-80.0,-80.0,-80.0,-80.0,-80.0,-80.0,-80.0,-80.0,-80.0,-80.0,-80.0,-80.0,-80.0,-80.0,-80.0,-80.0,-80.0,-80.0,-80.0,-80.0,-80.0,-80.0,-80.0,-80.0,-80.0,-80.0,-80.0,-80.0,-80.0,-80.0,-80.0,-80.0,-80.0,-80.0,-80.0,-80.0,-80.0,-80.0,-80.0,-80.0,-80.0,-80.0,-80.0,-80.0,-80.0,-80.0,-80.0,-80.0,-80.0,-80.0,-80.0,-80.0,-80.0,-80.0,-80.0,-80.0,-80.0,-80.0,-80.0,-80.0,-80.0,-80.0
-30.855366,-29.211973,-27.938381,-26.264334,-28.633575,-25.985191,-24.854565,-27.471848,-27.647085,-27.162634,-26.163977,-25.448895,-24.828064,-26.743847,-25.8277,-26.179459,-28.021517,-27.83307,-26.21092,-22.982552,-23.91131,-25.767384,-28.083887,-28.727337,-27.820768,-26.071241,-24.127403,-24.26318,-24.835382,-25.203316,-27.32664,-27.008389,-26.952944,-26.171501,-28.002441,-27.739954,-25.670057,-23.550121,-23.185678,-25.49638,-26.341148,-26.100685,-27.077045,-26.38993,-30.4449,-30.007723,-29.999681,-27.280348,-26.493515,-27.84552,-27.860874,-25.844604,-25.017178,-26.24176,-25.275982,-26.932869,-29.155308,-27.588074,-25.524254,-25.971647,-25.199783,-26.393927,-29.38256,-25.498749,-25.458221,-27.640732,-28.008043,-26.197845,-27.223907,-30.353706,-28.322838,-26.960365,-25.55902,-26.179317,-26.451773,-25.558773,-24.860672,-24.06102,-22.68412,-24.543592,-25.333054,-23.351162,-24.249863,-27.569456,-26.257772,-27.936327,-28.447645,-27.45678,-27.785141,-28.518026,-29.095036,-27.76461,-25.74274,-25.793476,-25.62114,-25.70193,-27.210838,-28.772621,-28.059744,-25.564638,-24.490128,-26.160057,-25.465286,-25.431065,-26.189953,-25.29957,-29.416237,-28.747736,-27.851683,-26.454948,-30.634474,-37.85553,-38.6595,-41.397747,-39.792492,-37.987877,-39.630802,-40.284298,-42.757317,-40.17538,-39.616962,-46.51142,-44.229126,-43.236435,-45.587112,-42.298714,-44.513905,-34.935825,-27.079563,-25.868816,-25.752975,-26.005716,-30.41242,-30.30126,-26.271412,-26.451748,-29.626564,-26.073097,-25.0933,-25.692175,-26.345533,-26.15422,-25.916714,-24.124622,-26.207859,-27.263336,-23.588116,-25.396666,-28.134094,-28.50003,-25.806286,-27.06212,-27.611202,-27.174767,-26.646603,-25.435825,-27.321253,-29.241688,-27.425783,-24.474766,-27.134747,-28.67918,-28.095669,-27.078156,-26.948904,-26.490921,-26.079357,-28.355156,-28.13367,-27.233435,-24.601944,-24.743822,-24.449318,-25.888824,-28.62437,-26.62364,-26.826588,-26.81561,-25.203337,-24.104664,-23.501194,-26.57977,-28.333565,-27.80882,-28.020988,-26.867094,-27.832718,-28.9542,-29.04116,-29.212399,-28.246883,-27.455187,-27.530155,-26.127266,-24.46011,-26.154762,-28.319082,-26.275105,-24.303883,-25.111643,-27.978983,-27.964127,-28.876415,-28.048553,-26.41702,-26.807182,-27.675846,-28.071592,-27.094797,-25.321594,-26.959244,-24.848684,-24.02272,-26.610256,-26.75143,-25.384342,-27.102192,-27.356907,-26.286028,-24.426504,-26.48011,-26.759865,-26.71683,-25.223343,-26.602287,-27.259655,-28.67075,-26.521,-25.013084,-22.279476,-25.327972,-29.896143,-29.580017,-27.891813,-27.558144,-30.196314,-25.95145,-25.367674,-25.773396,-25.200298,-26.02433,-30.147861,-29.040703,-27.76707,-27.565948,-30.861423,-28.77289,-26.494114,-28.406853,-27.308393,-24.822697,-25.473053,-25.48056,-24.82461,-25.347673,-27.498928,-25.700882,-26.635315,-27.71076,-27.0074,-26.116497,-27.963795,-28.78413,-29.876814,-26.526337,-25.541435,-25.443281,-27.008965,-28.610538,-29.196033,-28.623325,-27.059399,-25.212137,-26.570477,-28.90583,-28.084873,-28.347893,-28.183552,-28.036827,-24.25614,-24.405056,-24.47593,-25.77085,-27.7395,-27.351997,-27.607306,-26.481064,-27.504269,-27.36383,-27.452019,-25.777275,-26.478292,-27.14451,-26.23444,-26.0248,-24.751001,-24.08192,-26.863117,-26.124275,-26.582998,-28.048485,-27.185051,-27.704988,-26.160252,-27.657463,-26.905413,-25.00662,-27.25047,-26.004547,-23.68686,-22.021393,-23.446484,-22.93014,-23.182667,-25.906317,-27.62549,-27.812962,-27.591476,-28.380354,-26.96069,-25.836601,-25.565374,-24.729532,-25.44951,-28.878975,-27.62196,-25.193462,-22.666447,-23.345827,-27.33303,-24.284252,-25.452589,-27.57383,-29.534124,-30.136446,-24.75241,-22.91055,-23.850718,-27.49979,-26.392914,-25.125359,-24.563612,-24.41098,-23.2601,-21.888035,-25.050446,-25.027555,-26.060741,-26.995182,-28.042404,-27.086916,-25.475399,-26.89999,-25.718975,-24.917915,-27.567183,-29.084404,-30.654552,-30.471552,-27.846397,-28.647812,-26.03244,-25.207989,-29.596418,-32.419613,-29.216486,-28.170887,-27.152977,-26.747513,-25.15357,-25.409756,-29.631489,-28.799433,-27.117697,-26.263878,-27.45834,-27.855429,-26.69405,-25.5326,-24.381168,-26.736607,-27.168789,-28.576578,-29.282753,-27.399345,-26.580566,-25.759048,-25.203854,-26.194733,-26.307407,-26.912998,-26.73356,-25.27782,-24.742817,-24.919243,-25.701702,-26.003204,-26.808052,-24.691887,-24.45212,-24.964102,-26.212154,-25.95818,-27.9837,-27.0613,-28.834835,-29.79339,-27.307713,-27.058681,-27.525566,-26.323631,-25.813879,-24.300278,-25.852913,-27.207796,-26.286509,-28.92353,-28.33832,-29.614452,-28.202461,-25.081451,-24.470606,-27.146618,-26.681744,-26.282017,-26.313774,-28.0018,-28.968485,-30.07202,-29.064985,-29.02615,-26.809547,-25.609299,-25.064274,-24.65073,-25.157127,-27.973671,-30.163084,-29.7976,-26.930511,-25.396809,-25.142035,-27.024014,-27.700462,-25.108837,-26.795336,-27.446976,-26.949232,-25.065516,-26.046225,-27.460243,-27.399012,-29.197344,-28.995815,-26.540348,-27.264286,-26.372768,-26.136385,-28.159492,-30.312479,-31.382431,-31.623247,-28.341019,-29.563425,-29.994259,-28.048729,-25.809542,-26.380121,-28.346447,-27.088276,-26.625628,-27.66615,-27.277536,-30.352556,-28.130114,-26.07956,-22.995026,-23.263893,-24.282845,-28.392324,-28.038265,-24.654873,-24.884686,-25.981161,-25.926926,-26.895609,-23.966017,-24.023405,-24.607067,-23.905924,-26.407566,-25.695309,-24.211082,-24.950485,-26.949636,-26.59949,-26.238216,-27.553738,-27.480944,-27.286062,-27.59994,-25.20768,-23.68531,-26.511892,-28.962242,-30.44312,-28.758696,-27.399971,-25.828892,-26.599167,-24.864271,-25.837238,-25.87732,-23.697285,-25.973854,-26.181072,-24.657715,-24.46465,-25.198273,-23.566874,-25.857805,-27.284903,-26.374273,-26.989914,-26.225769,-26.799534,-26.33701,-28.062014,-28.426392,-26.176651,-25.191835,-24.003176,-26.009665,-25.814182,-25.174988,-24.612083,-25.69629,-28.051678,-29.41848,-28.48169,-26.285236,-25.18611,-26.611416,-29.638586,-31.882744,-27.180267,-24.809383,-23.821712,-26.727455,-28.91386,-28.648357,-26.160683,-25.241877,-27.138947,-27.819748,-23.400814,-24.14218,-28.969189,-28.562515,-26.622623,-25.614477,-27.665026,-26.808197,-25.028896,-25.105974,-25.806955,-24.33339,-23.885782,-25.098637,-23.741226,-25.73051,-29.827627,-30.883018,-30.059372,-26.859945,-26.942434,-29.628132,-27.073627,-27.486324,-29.95746,-28.148262,-27.363184,-23.695797,-24.921404,-28.047504,-25.35822,-25.586086,-27.434235,-25.361052,-25.437838,-27.252804,-25.966892,-26.144344,-26.922897,-27.754242,-28.586838,-29.283836,-27.348751,-25.864996,-25.711239,-25.267502,-28.213026,-27.305683,-26.83337,-25.989609,-24.7224,-27.253008,-27.503757,-27.143211,-28.131119,-27.40006,-27.18414,-25.959322,-26.541864,-29.843098,-27.825222,-26.131706,-29.9413,-33.674633,-34.330364,-34.292423,-34.275826,-34.306973,-34.299442,-34.305847,-34.306946,-34.9227,-40.18632,-58.20956,-80.0,-80.0,-80.0,-80.0,-80.0,-80.0,-80.0,-80.0,-80.0,-80.0,-80.0,-80.0,-80.0,-80.0,-80.0,-80.0,-80.0,-80.0,-80.0,-80.0,-80.0,-80.0,-80.0,-80.0,-80.0,-80.0,-80.0,-80.0,-80.0,-80.0,-80.0,-80.0,-80.0,-80.0,-80.0,-80.0,-80.0,-80.0,-80.0,-80.0,-80.0,-80.0,-80.0,-80.0,-80.0,-80.0,-80.0,-80.0,-80.0,-80.0,-80.0,-80.0,-80.0,-80.0,-80.0,-80.0,-80.0,-80.0,-80.0,-80.0,-80.0,-80.0,-80.0,-80.0,-80.0,-80.0,-80.0,-80.0,-80.0,-80.0,-80.0,-80.0,-80.0,-80.0,-80.0,-80.0,-80.0,-80.0,-80.0,-80.0,-80.0,-80.0,-80.0,-80.0,-80.0,-80.0,-80.0,-80.0,-80.0,-80.0,-80.0,-80.0,-80.0,-80.0
-32.15281,-30.828426,-28.660597,-26.643444,-25.72958,-26.969578,-28.317518,-27.20306,-26.542772,-25.707985,-27.372675,-28.733849,-25.928331,-24.917564,-24.261902,-26.581354,-28.584656,-28.174995,-28.039818,-25.283287,-23.965992,-25.718685,-27.68789,-27.668547,-29.254297,-31.194342,-29.626617,-27.545567,-25.845318,-25.690388,-26.887516,-27.556057,-28.612766,-27.658192,-25.99596,-25.364101,-23.667206,-23.651016,-24.8124,-25.361053,-24.475925,-27.907772,-29.05597,-28.46537,-26.940174,-25.320312,-25.377293,-24.96829,-26.77601,-24.608288,-24.034578,-27.455418,-29.154144,-26.396854,-25.676773,-25.271675,-26.454903,-27.532074,-26.337105,-24.165077,-23.997017,-26.054352,-26.654999,-25.472206,-28.223064,-27.826681,-26.267855,-25.107271,-27.215113,-27.822584,-28.163876,-29.094091,-26.705578,-26.20702,-25.891098,-27.656923,-28.619186,-28.42892,-25.95651,-25.34821,-24.741734,-23.437038,-25.23144,-25.02716,-23.43556,-24.18969,-25.939285,-26.710047,-29.022041,-27.198145,-26.931662,-25.274834,-24.908955,-26.783684,-26.45189,-26.233444,-26.930122,-26.70643,-25.991306,-28.766846,-26.529198,-26.932304,-25.85865,-23.643106,-24.14922,-24.13417,-28.455032,-29.227661,-27.113026,-25.112606,-27.114344,-36.88082,-37.603874,-39.409275,-41.912582,-39.237328,-39.646057,-42.37572,-43.669567,-44.849625,-43.938004,-47.683823,-42.81897,-39.792522,-43.694935,-41.488678,-42.217255,-35.780663,-27.33157,-25.482224,-26.741713,-26.744137,-26.519611,-26.472775,-27.806845,-26.440872,-25.507845,-25.898008,-26.70152,-27.492428,-25.678795,-26.828247,-26.309063,-26.026382,-26.784725,-26.418938,-24.312763,-26.466948,-26.179455,-26.483257,-28.173176,-30.359838,-29.555433,-29.421967,-27.745707,-29.643707,-29.160557,-27.735863,-27.575811,-27.726418,-25.404072,-25.256596,-28.066614,-28.965141,-29.949337,-29.737679,-28.530323,-27.611238,-24.409752,-25.0543,-24.11739,-24.69188,-27.006977,-26.511818,-27.62969,-27.695198,-28.474483,-28.569439,-26.41492,-25.96037,-26.053886,-27.15348,-27.00626,-26.715479,-26.973257,-28.539322,-26.066063,-25.805367,-28.69326,-32.316338,-30.240496,-26.587223,-27.063677,-27.489857,-26.276264,-28.210184,-25.901793,-26.533663,-29.003872,-26.691622,-27.061203,-28.439905,-27.760508,-26.855846,-26.692396,-27.559761,-24.923075,-25.887094,-24.86052,-25.908733,-25.704256,-26.040688,-26.223446,-26.269302,-27.231762,-26.988129,-26.206175,-27.417915,-24.704975,-23.944265,-26.8148,-27.859665,-26.872757,-25.746258,-25.756271,-27.850779,-27.08847,-25.24509,-25.013329,-23.547094,-25.100803,-27.143917,-26.338718,-24.197725,-24.71414,-25.561913,-26.176086,-25.815445,-26.006521,-27.67704,-28.80581,-26.989464,-24.314327,-26.078518,-24.954155,-26.672483,-26.223274,-25.06251,-24.539429,-25.797138,-24.50555,-24.495533,-24.78494,-27.397804,-27.13685,-29.25777,-31.14784,-31.404064,-28.99068,-25.91825,-25.016464,-26.799997,-28.355696,-25.811619,-26.583385,-27.292122,-26.64757,-26.024445,-26.24899,-28.194256,-26.315533,-25.894386,-26.542788,-26.071608,-27.470036,-26.16996,-26.09565,-26.86864,-27.875393,-25.219559,-26.092056,-25.830044,-25.182224,-25.969673,-25.828548,-28.99276,-27.167976,-25.662844,-26.100006,-25.79834,-25.506,-24.599659,-25.600067,-28.681,-26.859644,-26.369246,-26.024044,-23.698193,-24.533806,-26.995037,-28.300327,-26.652826,-24.306162,-23.795414,-26.514864,-28.87473,-31.001871,-29.049656,-27.390753,-24.725674,-25.724854,-26.695892,-23.057701,-22.68173,-26.065886,-25.89424,-25.911331,-24.329645,-25.411137,-27.593443,-28.239046,-27.900238,-25.61863,-29.208794,-30.374895,-27.715755,-27.389313,-24.793304,-23.507874,-26.331837,-29.146057,-28.060322,-26.18676,-25.546713,-27.22817,-25.148392,-23.488106,-23.691399,-26.452026,-27.119858,-27.18951,-25.985939,-23.304611,-24.61386,-26.41283,-27.320621,-25.447908,-24.588007,-24.317753,-27.844414,-28.820017,-25.867502,-24.12817,-23.568153,-25.600502,-27.59618,-28.298721,-29.180527,-27.485722,-26.48746,-28.51044,-26.294128,-24.774597,-27.266533,-27.526869,-27.39078,-26.58392,-25.699524,-26.204838,-26.990604,-24.219582,-25.619362,-26.158733,-26.204645,-26.06812,-26.603474,-26.97757,-25.165756,-23.485332,-23.634312,-23.961758,-26.659298,-26.285656,-28.639784,-25.331512,-24.80457,-27.342196,-27.411453,-26.44371,-26.28434,-26.427794,-27.753325,-26.639965,-25.00451,-24.649734,-25.026247,-25.829874,-26.307049,-27.74004,-28.117577,-28.194004,-26.651459,-26.138395,-26.947113,-27.190018,-29.363703,-28.909933,-26.396122,-24.273144,-25.132994,-27.460604,-26.568268,-24.620863,-25.65195,-29.011179,-27.466734,-28.013945,-25.8915,-27.012596,-28.108559,-27.089096,-26.33696,-25.644451,-24.816673,-26.231462,-27.681961,-28.035519,-28.647585,-27.429344,-25.827301,-26.542679,-25.624464,-23.761684,-26.427708,-26.120312,-25.693653,-29.737926,-29.338072,-29.991428,-26.519543,-26.625696,-28.738646,-27.653666,-28.029041,-24.8206,-26.920898,-29.694107,-28.17041,-27.455175,-26.086916,-25.536247,-28.286648,-28.962708,-26.002373,-24.586689,-24.297335,-24.474743,-27.569012,-28.880358,-28.556675,-27.27567,-26.254696,-25.919394,-27.691895,-27.192602,-26.471783,-26.669544,-24.421576,-25.41214,-26.30381,-27.179018,-26.958393,-24.780499,-24.62038,-25.736134,-26.998268,-25.02251,-25.890142,-26.904037,-27.156897,-23.945118,-22.001186,-24.176998,-25.75285,-25.8018,-26.961208,-25.76936,-28.257679,-28.131704,-27.203625,-26.57647,-25.206936,-25.39105,-28.389297,-27.093159,-25.327183,-27.094315,-29.001532,-26.659603,-26.756166,-28.30783,-26.425747,-26.958908,-28.22766,-29.477478,-29.126308,-27.886877,-30.4596,-29.75318,-26.30687,-25.482042,-26.070717,-24.036047,-23.08028,-25.232586,-25.953312,-27.358543,-25.81874,-26.568457,-26.115074,-27.539776,-28.50196,-26.755274,-27.307642,-27.73035,-26.351059,-26.892916,-29.618734,-28.267155,-26.558706,-26.093067,-26.239513,-27.128288,-28.268282,-27.506966,-27.141953,-25.49392,-28.315556,-26.063442,-25.2304,-25.790976,-26.541119,-26.047752,-26.62315,-27.65583,-25.657106,-25.186272,-28.919523,-30.154001,-27.721697,-26.31752,-27.656502,-27.40259,-27.283268,-27.355696,-27.814644,-25.098625,-26.410915,-29.088955,-24.204254,-25.22984,-30.157318,-29.669704,-28.547365,-28.68742,-26.300667,-25.302637,-27.034445,-24.715984,-25.564114,-27.039274,-26.845547,-27.882645,-27.057968,-27.927086,-28.308044,-27.370743,-25.454132,-25.56054,-27.64613,-24.594719,-24.94104,-28.192337,-27.89598,-26.133385,-25.601252,-25.325684,-26.727917,-26.656345,-26.057457,-27.922306,-27.984894,-28.016401,-25.80553,-26.095848,-26.165829,-24.754303,-23.465347,-26.42638,-27.553219,-25.151686,-24.414806,-23.654932,-25.71873,-25.703354,-25.95178,-27.971592,-26.542297,-25.283375,-25.448425,-27.243423,-27.993202,-28.450249,-27.753845,-28.993244,-29.14406,-28.728434,-31.276358,-40.58143,-53.429264,-52.748795,-52.487404,-52.970783,-52.882294,-52.99253,-52.93808,-51.734398,-55.234146,-67.87268,-80.0,-80.0,-80.0,-80.0,-80.0,-80.0,-80.0,-80.0,-80.0,-80.0,-80.0,-80.0,-80.0,-80.0,-80.0,-80.0,-80.0,-80.0,-80.0,-80.0,-80.0,-80.0,-80.0,-80.0,-80.0,-80.0,-80.0,-80.0,-80.0,-80.0,-80.0,-80.0,-80.0,-80.0,-80.0,-80.0,-80.0,-80.0,-80.0,-80.0,-80.0,-80.0,-80.0,-80.0,-80.0,-80.0,-80.0,-80.0,-80.0,-80.0,-80.0,-80.0,-80.0,-80.0,-80.0,-80.0,-80.0,-80.0,-80.0,-80.0,-80.0,-80.0,-80.0,-80.0,-80.0,-80.0,-80.0,-80.0,-80.0,-80.0,-80.0,-80.0,-80.0,-80.0,-80.0,-80.0,-80.0,-80.0,-80.0,-80.0,-80.0,-80.0,-80.0,-80.0,-80.0,-80.0,-80.0,-80.0,-80.0,-80.0,-80.0,-80.0,-80.0,-80.0
-32.643246,-27.595749,-25.675112,-24.429325,-22.995722,-27.051893,-30.421646,-29.09067,-27.98285,-27.017067,-28.652767,-26.557056,-24.195744,-26.76297,-26.314756,-23.976883,-24.587368,-29.022968,-29.50949,-27.724636,-25.91196,-27.081385,-25.892147,-24.678429,-27.367973,-29.458338,-28.448627,-24.793793,-25.519585,-24.703438,-22.231539,-24.143864,-27.475796,-28.480711,-28.826332,-31.254633,-29.443693,-27.307232,-27.74247,-27.015205,-26.28356,-29.125463,-29.773388,-28.809685,-27.278328,-25.74049,-24.724808,-25.677898,-27.935398,-26.734476,-24.936779,-26.350967,-26.8852,-27.871447,-30.149466,-29.017508,-28.585005,-26.360573,-25.924026,-26.056732,-26.546314,-26.877094,-28.169891,-25.930832,-25.424236,-26.093594,-25.78041,-27.416721,-24.845337,-26.47214,-29.28088,-27.908527,-27.26507,-27.719639,-27.572107,-26.89936,-26.478386,-29.201551,-28.776989,-24.403137,-24.74088,-25.492313,-27.089045,-26.916792,-25.605183,-26.575203,-25.514877,-26.024578,-26.12233,-22.736097,-22.899998,-23.782867,-24.731033,-27.547314,-27.531843,-24.788061,-24.217873,-23.984999,-25.417484,-28.215519,-26.132269,-25.279408,-24.481028,-26.16888,-26.05091,-24.500257,-25.429016,-26.188305,-28.552402,-30.224152,-32.036625,-38.191944,-39.831314,-39.74091,-40.265854,-42.940254,-40.490147,-42.55353,-43.39106,-41.13307,-41.161865,-47.23545,-44.15692,-39.039257,-41.721752,-43.035095,-44.20379,-37.31621,-29.500402,-28.150227,-25.618155,-23.958042,-25.05754,-25.115772,-26.143164,-28.901207,-28.77307,-25.923145,-25.054565,-26.144567,-27.235655,-27.97763,-27.465454,-25.750452,-26.020596,-26.556494,-23.289364,-23.595873,-24.240345,-25.516308,-25.417597,-24.538185,-27.343363,-27.692856,-27.024818,-26.457415,-29.597878,-29.38007,-28.268314,-26.550995,-24.886402,-25.85413,-26.650486,-28.876236,-28.514984,-26.82001,-30.569921,-27.029787,-26.309189,-27.027397,-26.29374,-25.417934,-25.45922,-25.595108,-26.780529,-25.797455,-23.821323,-25.867905,-26.046795,-28.312105,-28.012314,-25.34702,-26.530739,-28.592335,-28.30588,-27.493702,-26.166222,-28.28667,-26.93361,-28.147268,-29.449213,-28.434233,-25.117405,-27.063969,-26.082228,-25.248306,-25.639801,-23.787739,-26.827486,-27.878267,-27.24371,-30.407877,-26.63512,-25.501251,-26.57027,-24.398363,-23.996387,-25.81672,-25.801605,-27.202888,-26.469393,-28.972702,-28.710846,-28.264412,-26.173523,-24.017212,-24.06145,-26.574524,-26.457922,-26.117607,-27.721804,-26.860647,-27.665325,-25.247059,-24.386269,-25.712162,-25.759125,-23.150442,-25.330153,-28.053427,-30.807583,-29.205229,-24.407402,-23.738382,-25.727434,-24.07177,-25.47241,-27.17334,-24.111382,-25.528027,-26.468096,-26.526257,-26.577713,-27.079884,-26.424088,-27.820372,-28.204836,-27.952267,-24.986795,-27.026548,-28.028242,-26.382717,-25.409288,-25.263058,-26.978962,-28.895142,-27.16634,-25.160027,-26.371489,-24.973824,-26.728802,-28.273542,-27.712893,-25.908587,-24.111486,-25.641977,-31.276606,-28.852264,-27.014395,-25.101177,-24.167929,-26.68798,-27.688942,-29.232735,-27.600174,-24.686495,-24.408455,-24.59861,-27.900028,-28.234638,-28.099237,-28.273024,-26.959837,-25.381079,-25.208467,-25.457546,-27.035913,-27.08054,-27.986992,-29.663921,-28.337236,-25.068714,-26.345821,-27.805925,-27.18703,-25.447432,-23.595663,-22.473272,-25.940548,-26.273287,-27.972628,-29.046642,-26.037533,-26.156603,-26.726126,-27.829617,-29.269978,-28.446512,-28.159641,-26.369696,-26.271221,-25.898602,-23.353476,-23.86635,-27.574875,-25.792736,-26.725746,-26.379402,-24.25563,-24.643723,-28.112059,-27.49076,-23.668642,-26.513586,-30.221941,-28.549444,-28.488995,-27.501545,-24.948967,-27.21606,-28.41301,-27.33931,-23.485748,-24.154758,-25.685383,-24.737438,-24.992283,-26.2413,-26.216433,-25.72984,-25.253727,-26.049944,-25.476326,-25.986778,-27.528969,-25.513592,-25.47938,-26.516064,-25.186085,-25.341969,-25.95351,-27.92223,-27.664772,-26.96827,-28.1896,-28.929272,-28.546175,-28.059586,-29.488348,-29.51128,-29.290186,-26.802294,-26.094364,-26.144587,-23.295994,-25.011187,-25.985172,-27.419046,-28.720829,-26.062872,-24.997026,-28.52374,-27.554295,-29.645023,-29.607399,-30.106638,-26.962309,-25.140553,-28.295895,-28.03163,-25.687706,-27.60492,-29.624554,-28.12747,-27.982323,-28.763134,-26.446085,-27.42126,-27.106022,-26.82344,-26.810478,-26.884672,-26.258213,-25.177479,-25.769613,-26.538898,-24.504826,-24.604801,-28.678623,-30.210573,-26.781813,-25.824976,-23.857628,-25.719177,-25.667465,-26.411802,-26.124252,-24.607643,-24.911783,-25.768257,-28.341137,-27.51408,-25.92262,-27.233473,-28.324406,-26.349453,-27.4273,-26.339987,-24.21608,-25.863014,-27.177073,-25.057373,-26.491632,-25.952862,-26.98053,-26.70421,-26.518898,-29.134344,-26.66397,-26.254715,-26.671177,-25.436192,-26.651407,-28.501472,-27.10635,-26.427692,-27.144321,-27.51401,-27.603119,-24.629059,-25.07259,-26.12105,-27.01302,-30.154192,-30.245857,-25.310162,-24.426037,-25.78101,-25.536877,-26.760107,-26.013031,-27.578182,-27.19226,-24.639683,-23.907526,-24.445988,-24.082546,-26.909605,-29.010647,-28.230553,-26.719048,-26.143,-27.435852,-27.35171,-28.59639,-28.738325,-28.842058,-26.825958,-26.728563,-26.203625,-26.141254,-26.761248,-25.977568,-25.543785,-26.13211,-28.52058,-28.092842,-27.847534,-25.595078,-25.547249,-27.153461,-29.237984,-27.673283,-26.14339,-25.834003,-24.96631,-25.845335,-25.538055,-28.763756,-29.045153,-26.217834,-27.601162,-27.822954,-28.639202,-25.625305,-24.69313,-24.164305,-24.674194,-25.99685,-29.748152,-28.245403,-26.526987,-24.531364,-25.475498,-25.764782,-25.14979,-25.794735,-27.140247,-28.259253,-27.600183,-28.322226,-29.982748,-25.685562,-25.103537,-27.69065,-27.551817,-27.831255,-28.709202,-28.117697,-27.106773,-27.435379,-27.369854,-27.106504,-27.462273,-27.940306,-28.195696,-29.294508,-26.815853,-28.357544,-29.094397,-29.372166,-30.025543,-26.803177,-27.719204,-27.75032,-26.440708,-26.17931,-26.802986,-24.133545,-23.518967,-27.275959,-28.977493,-27.393972,-25.246752,-27.272928,-26.40926,-25.375267,-26.051718,-27.315239,-26.897535,-27.771927,-27.93619,-26.638283,-26.86094,-25.983622,-27.20989,-28.712196,-25.173594,-25.605093,-24.847416,-26.921394,-26.508106,-24.840252,-24.971245,-24.765497,-26.412897,-26.252428,-25.023033,-25.29626,-24.474075,-23.728678,-24.634857,-25.763588,-25.144512,-25.22903,-24.802895,-27.232183,-27.514496,-27.56565,-28.398615,-26.983599,-25.708206,-25.30584,-25.759434,-25.564987,-25.935656,-26.7342,-26.251438,-24.81467,-23.172413,-24.76258,-26.584965,-27.622852,-27.294426,-27.41001,-28.117468,-26.88674,-26.258236,-26.140274,-25.995121,-28.166355,-26.015564,-27.026182,-24.835861,-24.692055,-27.595032,-28.074905,-27.086363,-26.795328,-26.693237,-26.650982,-26.246107,-26.25871,-26.236721,-27.989416,-29.289545,-28.76647,-29.412424,-36.454464,-37.62957,-37.554893,-37.5223,-37.582535,-37.56876,-37.58144,-37.580803,-38.111256,-43.39173,-60.999687,-80.0,-80.0,-80.0,-80.0,-80.0,-80.0,-80.0,-80.0,-80.0,-80.0,-80.0,-80.0,-80.0,-80.0,-80.0,-80.0,-80.0,-80.0,-80.0,-80.0,-80.0,-80.0,-80.0,-80.0,-80.0,-80.0,-80.0,-80.0,-80.0,-80.0,-80.0,-80.0,-80.0,-80.0,-80.0,-80.0,-80.0,-80.0,-80.0,-80.0,-80.0,-80.0,-80.0,-80.0,-80.0,-80.0,-80.0,-80.0,-80.0,-80.0,-80.0,-80.0,-80.0,-80.0,-80.0,-80.0,-80.0,-80.0,-80.0,-80.0,-80.0,-80.0,-80.0,-80.0,-80.0,-80.0,-80.0,-80.0,-80.0,-80.0,-80.0,-80.0,-80.0,-80.0,-80.0,-80.0,-80.0,-80.0,-80.0,-80.0,-80.0,-80.0,-80.0,-80.0,-80.0,-80.0,-80.0,-80.0,-80.0,-80.0,-80.0,-80.0,-80.0,-80.0
-28.80737,-25.29538,-26.151264,-27.95387,-27.232521,-27.698896,-28.004128,-27.994106,-27.451195,-26.906212,-25.675718,-26.217598,-26.092678,-25.439945,-23.79374,-23.45852,-22.696358,-26.100912,-29.037933,-30.354124,-27.749779,-26.182865,-25.735111,-27.093502,-28.962078,-27.41557,-25.82452,-25.730549,-27.820026,-28.3335,-26.219769,-28.35335,-28.34614,-28.737495,-29.850363,-30.371496,-27.128815,-23.227186,-25.000069,-25.132544,-25.468056,-28.903831,-29.022144,-29.898397,-27.916367,-25.326372,-25.11838,-27.225117,-28.414227,-24.58882,-24.889103,-27.118856,-24.929401,-25.560373,-27.503044,-27.736618,-27.867832,-29.064922,-26.615377,-26.697845,-26.960114,-28.357239,-26.630915,-23.628191,-21.984787,-24.374046,-26.524878,-25.299465,-24.609573,-26.225063,-28.531324,-28.743357,-26.361723,-26.365788,-28.610228,-28.940168,-28.825129,-26.152637,-25.768223,-24.406616,-26.34532,-24.45063,-24.821793,-25.803333,-24.834856,-25.29922,-24.871859,-24.884117,-25.769756,-24.48389,-25.245438,-26.82064,-26.388157,-27.192123,-24.300552,-25.847279,-24.4647,-22.661789,-24.496994,-26.720005,-27.272215,-25.90997,-27.386879,-26.775953,-25.412437,-24.334145,-27.158371,-27.307625,-26.99754,-28.232738,-32.36245,-39.089973,-39.776123,-39.500298,-39.032364,-40.050743,-39.29033,-41.056572,-41.28115,-41.283463,-43.8925,-49.87166,-45.532963,-41.68799,-43.03235,-46.10162,-43.822914,-33.73446,-27.579908,-28.519962,-26.476204,-25.629953,-28.550999,-28.419758,-27.066395,-28.256573,-29.125406,-27.47375,-25.04048,-23.706045,-28.216831,-29.41428,-28.240952,-28.520813,-26.423096,-27.74525,-27.101725,-26.7196,-28.045055,-27.522926,-24.918507,-23.1202,-27.064312,-26.62757,-26.031157,-26.88902,-28.035309,-27.092327,-27.361399,-26.151966,-25.082844,-27.336285,-26.369728,-28.06827,-26.58062,-26.978191,-28.776104,-25.00436,-24.71117,-23.428562,-25.367237,-25.96073,-25.144073,-26.656527,-27.034883,-25.724178,-23.487041,-24.258118,-26.7566,-27.223705,-26.898088,-24.16114,-24.938295,-29.998358,-29.61736,-27.943077,-26.989841,-27.727453,-26.438644,-27.845505,-26.81116,-26.938814,-24.249279,-24.269554,-24.977259,-25.690895,-25.044983,-24.579628,-27.44131,-28.06815,-28.005484,-29.287922,-26.352053,-25.299728,-28.26247,-28.083256,-25.95208,-25.945107,-27.79016,-29.179447,-29.262173,-27.932665,-29.79641,-26.726828,-26.031206,-25.572897,-27.200716,-28.133453,-26.252123,-25.565676,-27.058636,-27.087154,-27.021849,-27.437572,-24.333723,-24.087227,-25.238436,-26.027374,-27.839027,-27.447702,-28.441605,-27.987333,-25.846375,-26.240604,-26.739407,-27.355682,-27.82939,-25.511745,-25.799383,-25.769016,-26.460556,-28.157946,-27.860645,-25.805822,-26.478283,-29.637802,-29.390976,-27.653791,-25.362743,-25.14772,-26.383465,-25.059317,-26.36218,-25.478642,-25.153416,-27.926636,-26.74822,-24.87312,-28.527662,-29.05006,-29.025887,-26.156502,-25.61581,-26.015263,-25.01485,-27.189102,-28.871906,-28.813097,-27.995735,-25.699722,-26.237911,-28.326666,-30.36946,-29.224567,-26.05643,-26.420277,-28.99115,-28.027237,-25.870544,-25.34559,-27.308447,-28.013733,-25.768011,-23.74813,-24.182756,-25.989614,-26.648127,-25.517673,-26.194588,-28.71885,-29.864632,-27.475868,-26.098137,-25.725544,-26.389526,-26.370409,-24.38296,-24.915913,-28.118177,-27.600727,-27.293392,-25.107216,-25.49216,-25.713802,-26.285067,-25.557236,-27.568537,-28.177423,-27.38054,-27.378555,-28.055336,-26.326263,-25.706259,-23.967575,-23.70546,-24.480154,-24.37817,-26.806099,-26.261425,-25.46178,-24.912018,-27.24739,-27.03701,-26.387062,-26.415554,-26.278471,-27.897663,-27.544844,-28.863743,-28.253826,-26.371042,-27.85365,-28.02443,-29.105843,-26.686161,-27.025782,-25.865437,-25.803131,-25.451023,-24.752722,-26.241344,-28.757393,-29.500721,-27.8214,-27.836151,-24.470707,-22.66594,-24.903896,-25.740257,-25.7356,-24.96634,-26.323877,-26.868761,-24.255249,-25.412079,-27.801882,-27.151823,-29.020185,-28.696615,-27.141317,-29.76452,-28.178034,-26.206646,-25.608486,-27.087753,-27.17567,-26.57464,-27.450405,-27.029804,-25.681253,-28.07471,-28.823938,-26.325035,-28.887226,-30.347216,-29.147808,-27.510733,-24.830765,-25.312353,-26.275059,-26.053595,-26.792803,-28.16101,-25.89378,-25.729164,-25.168297,-24.381083,-23.930792,-24.623579,-25.64778,-27.18388,-28.163864,-24.407118,-24.15725,-30.28526,-31.735476,-30.946482,-31.214893,-30.916603,-28.56924,-28.170761,-27.412575,-27.735847,-30.849089,-27.965897,-24.421398,-23.358086,-26.56886,-27.599554,-26.672623,-27.406492,-27.947512,-27.239254,-26.084162,-26.211758,-27.494745,-26.10149,-25.98777,-23.902914,-23.862907,-25.861359,-27.635654,-25.480444,-24.769615,-25.216215,-25.745094,-26.071213,-27.365536,-25.781067,-25.99053,-25.850708,-26.797504,-28.05315,-26.59993,-28.266901,-26.150925,-26.764782,-29.896343,-30.813553,-28.066484,-27.93388,-29.029064,-28.670038,-27.73759,-26.755373,-26.71091,-27.450356,-26.427063,-25.267612,-24.264236,-27.364635,-26.574808,-26.126234,-25.795452,-26.482695,-27.760353,-30.185497,-29.812841,-28.973059,-30.193882,-29.176912,-26.66407,-26.9557,-26.53343,-26.571026,-26.940557,-29.197735,-30.959166,-29.482315,-27.811172,-26.93347,-26.82068,-23.794813,-24.382359,-25.92072,-27.240734,-27.445421,-29.269325,-30.556992,-31.161774,-31.83894,-30.507576,-27.423992,-27.798433,-27.324867,-28.230028,-28.239138,-27.164268,-27.190899,-27.322357,-26.134323,-28.366837,-27.443817,-27.951298,-28.310974,-28.073532,-27.812668,-25.837776,-24.647673,-24.710045,-25.334108,-24.800627,-25.296051,-26.628262,-25.569288,-25.657951,-25.941132,-24.881914,-26.015528,-27.185263,-25.904837,-26.530476,-24.32668,-24.877743,-25.52536,-27.235605,-27.118189,-27.95719,-30.100784,-27.578726,-26.149921,-25.46894,-26.736284,-28.499249,-27.11575,-24.753399,-25.681873,-25.051716,-25.665703,-26.675121,-26.268581,-27.299562,-25.550663,-26.766502,-27.981915,-26.619282,-26.421219,-27.55201,-27.09405,-25.861786,-27.65517,-25.573217,-24.159195,-25.025965,-26.872786,-30.508883,-27.55682,-24.580894,-24.671371,-24.540535,-24.477627,-25.817423,-25.778017,-26.744589,-26.498318,-25.390476,-27.230495,-25.749504,-25.520882,-25.17246,-26.56114,-28.621115,-27.750034,-25.111969,-23.715555,-25.91657,-26.521086,-24.0846,-25.456474,-27.789124,-27.3389,-28.929914,-27.226418,-25.714249,-28.591875,-25.755177,-24.719471,-27.690228,-27.992687,-27.311714,-26.88585,-26.015594,-26.03361,-28.876501,-26.992516,-25.64049,-26.45031,-26.002714,-23.295536,-24.443237,-26.060505,-26.19093,-26.102741,-26.305191,-27.027449,-27.681696,-27.68483,-28.120012,-25.71854,-27.749786,-28.867132,-25.488945,-25.51663,-27.012814,-25.408346,-28.995789,-30.14546,-28.742891,-29.958763,-30.082859,-26.805214,-26.70043,-28.49335,-26.896786,-27.814062,-27.399464,-27.102982,-29.020607,-34.41483,-35.090553,-35.145084,-35.16936,-35.124786,-35.134792,-35.12548,-35.12824,-35.83969,-40.6331,-58.021893,-80.0,-80.0,-80.0,-80.0,-80.0,-80.0,-80.0,-80.0,-80.0,-80.0,-80.0,-80.0,-80.0,-80.0,-80.0,-80.0,-80.0,-80.0,-80.0,-80.0,-80.0,-80.0,-80.0,-80.0,-80.0,-80.0,-80.0,-80.0,-80.0,-80.0,-80.0,-80.0,-80.0,-80.0,-80.0,-80.0,-80.0,-80.0,-80.0,-80.0,-80.0,-80.0,-80.0,-80.0,-80.0,-80.0,-80.0,-80.0,-80.0,-80.0,-80.0,-80.0,-80.0,-80.0,-80.0,-80.0,-80.0,-80.0,-80.0,-80.0,-80.0,-80.0,-80.0,-80.0,-80.0,-80.0,-80.0,-80.0,-80.0,-80.0,-80.0,-80.0,-80.0,-80.0,-80.0,-80.0,-80.0,-80.0,-80.0,-80.0,-80.0,-80.0,-80.0,-80.0,-80.0,-80.0,-80.0,-80.0,-80.0,-80.0,-80.0,-80.0,-80.0,-80.0
-27.732533,-23.938103,-25.353737,-25.566,-26.62054,-28.893398,-28.345798,-26.068516,-25.48563,-26.110718,-27.919651,-26.730902,-25.693018,-25.86983,-28.04636,-26.968208,-25.677177,-26.568926,-27.558304,-27.051632,-26.750156,-26.866167,-27.31291,-28.041557,-28.367716,-26.85876,-25.812757,-27.690435,-29.55109,-29.92072,-27.530924,-26.6361,-27.457233,-27.901878,-27.413378,-28.159039,-27.351484,-28.829098,-28.546795,-27.095268,-25.751352,-26.584497,-26.34282,-27.149906,-26.15261,-23.744068,-24.506771,-25.875824,-27.712116,-26.92132,-24.654957,-24.145287,-23.830967,-23.264927,-24.366222,-26.423622,-23.889446,-24.356272,-26.387634,-27.352665,-28.448523,-26.38815,-25.68392,-24.185041,-26.489822,-28.574245,-26.031258,-25.58593,-27.550453,-26.255804,-27.875011,-29.978458,-26.718925,-26.8616,-26.771395,-28.75164,-29.72908,-27.713526,-27.10247,-25.20303,-26.634615,-27.320292,-29.206438,-27.599823,-25.704943,-26.922928,-25.423939,-25.760439,-26.590126,-26.336956,-26.521526,-27.313171,-28.452557,-28.786655,-26.264074,-25.279192,-25.687433,-27.27281,-28.10253,-26.187513,-26.086628,-27.406898,-27.100151,-25.20962,-26.772978,-25.931017,-27.780514,-27.334751,-25.231895,-26.637665,-31.207907,-39.170883,-38.710773,-39.15274,-41.589172,-39.27759,-40.313614,-43.134445,-42.457623,-41.364674,-42.892532,-48.659443,-43.636578,-41.35136,-43.81004,-42.63279,-43.414455,-37.800415,-32.02657,-30.693794,-27.064953,-25.731113,-26.937075,-27.791828,-25.534813,-25.429157,-25.871887,-28.018665,-25.2355,-25.46746,-27.205452,-26.344967,-27.224323,-26.471176,-30.35051,-27.51485,-26.28715,-29.704185,-27.498375,-27.213062,-26.825138,-24.746231,-26.61424,-28.77193,-26.931503,-25.746227,-26.747414,-26.918665,-24.870487,-25.615696,-25.893002,-24.852688,-25.713972,-25.90129,-26.691956,-29.66621,-29.350561,-28.524202,-25.431402,-23.555094,-24.995369,-27.398449,-26.731268,-25.34134,-24.774544,-23.348162,-23.726498,-26.231462,-25.841305,-25.140583,-26.937254,-29.2482,-28.243446,-27.486807,-28.560894,-28.365387,-27.165829,-29.217777,-29.14277,-27.07002,-27.11767,-26.540546,-24.877161,-24.368254,-25.599413,-25.840694,-23.033102,-24.69293,-24.91351,-26.47622,-29.828968,-29.339321,-28.747478,-25.373348,-26.553598,-28.093687,-25.09956,-26.283901,-28.205072,-28.936148,-29.184265,-27.45763,-26.232811,-26.201176,-26.105711,-28.116041,-28.614798,-28.14762,-25.889275,-27.24723,-30.591719,-28.939081,-27.538813,-27.13021,-27.979322,-27.336433,-26.502369,-26.739532,-27.010899,-24.204102,-25.29815,-27.094675,-27.528786,-28.377478,-26.573305,-27.413136,-29.014147,-28.741117,-28.529863,-27.829592,-24.077187,-26.093319,-29.301243,-27.463928,-25.953579,-28.955078,-27.573307,-26.631182,-24.780014,-24.182354,-25.822948,-25.166264,-25.721853,-27.162657,-27.13152,-25.792862,-28.054417,-28.267342,-26.113483,-27.800644,-26.614067,-27.158463,-26.696003,-27.165686,-28.234936,-26.735588,-25.529182,-26.99999,-25.452618,-26.3489,-27.6124,-28.463877,-26.692219,-23.673866,-27.488543,-29.397541,-28.704113,-28.360731,-25.03873,-25.167332,-26.388243,-26.647266,-24.457626,-27.31387,-27.79391,-24.884514,-25.091316,-27.156498,-27.19932,-26.001825,-28.034487,-26.488369,-27.908497,-28.041824,-26.717037,-24.03396,-25.652164,-29.506998,-26.893719,-24.849693,-26.685743,-24.895653,-28.158112,-29.70152,-24.95683,-25.529182,-27.583447,-27.491909,-26.969654,-27.702557,-27.214487,-28.647976,-28.67313,-27.610195,-28.593624,-27.164753,-26.239784,-24.258728,-23.820625,-26.00444,-25.765388,-27.878242,-28.060032,-25.858528,-23.916698,-25.856102,-28.827362,-29.818243,-30.515755,-25.954573,-24.799582,-27.516094,-27.290508,-27.611557,-27.600698,-27.284538,-26.545616,-26.6167,-25.83609,-25.656805,-25.570724,-26.599232,-26.059338,-26.5521,-26.745441,-25.125242,-26.78773,-27.784725,-27.143402,-25.724192,-25.319565,-26.103973,-26.840096,-29.10651,-29.255041,-28.316545,-25.279125,-26.189785,-26.187164,-24.326254,-24.028395,-24.264202,-27.877415,-27.715975,-27.781082,-27.047325,-26.841465,-26.737444,-26.15504,-25.899097,-27.927477,-26.851038,-25.670036,-26.911434,-27.302565,-26.981754,-27.334774,-25.996578,-24.823275,-24.92533,-25.91758,-26.008148,-27.063242,-28.58294,-27.366123,-28.229399,-27.414152,-27.383034,-26.149826,-28.07037,-27.709698,-27.909082,-27.592861,-28.496151,-28.582985,-26.789627,-28.04659,-25.93224,-25.020222,-27.862597,-27.460022,-27.878101,-26.681763,-29.501162,-28.762367,-26.914248,-27.116402,-29.433598,-28.87501,-29.954533,-29.915396,-26.619923,-25.339378,-27.091099,-28.12937,-27.577564,-25.919693,-25.36304,-25.63606,-25.863777,-25.458456,-27.374367,-30.68464,-28.512724,-25.285105,-26.702845,-28.572123,-25.805382,-24.480242,-26.30755,-26.87944,-27.1874,-28.497572,-27.63176,-29.613766,-28.681526,-26.315859,-25.768421,-27.328485,-27.6505,-27.462034,-27.56478,-29.51236,-27.824724,-27.19677,-26.217304,-27.037529,-25.877308,-26.06213,-26.195004,-25.656689,-26.640888,-26.646069,-27.252323,-27.458082,-26.353123,-26.642662,-27.13902,-26.131203,-25.652157,-28.256779,-27.018139,-25.195011,-25.74107,-25.005112,-25.241852,-25.322937,-27.082447,-25.070465,-27.0667,-25.549257,-26.999004,-27.064665,-26.739414,-25.387077,-24.389034,-25.770498,-27.829672,-28.983564,-27.728544,-27.02222,-27.907967,-26.410583,-26.446115,-26.332588,-27.3976,-26.046017,-27.704897,-27.463856,-25.3525,-25.968655,-25.703495,-25.9075,-27.835144,-28.031998,-29.189835,-27.694326,-23.357233,-25.004322,-27.926838,-26.1063,-25.664463,-25.932957,-25.670666,-26.817875,-25.445831,-22.906013,-22.3288,-24.862637,-28.264332,-27.347599,-24.964554,-26.603334,-28.317211,-27.344452,-26.318493,-26.40578,-27.320492,-28.365488,-27.819416,-27.988235,-25.974442,-26.207413,-27.802925,-27.262583,-24.5392,-23.339064,-23.972935,-25.790073,-27.570013,-28.609241,-27.962166,-26.339005,-25.480991,-26.374025,-26.655384,-25.730055,-25.494446,-27.169369,-27.694296,-27.85286,-26.625872,-23.869389,-24.065243,-25.531582,-27.823784,-25.212484,-24.791096,-26.162487,-25.272095,-25.400408,-25.595072,-23.917957,-23.890524,-26.208435,-27.918598,-29.086754,-27.234833,-26.313744,-25.541096,-24.834324,-28.119,-28.1334,-27.97525,-28.467985,-27.911922,-26.151688,-25.205868,-24.735735,-25.809364,-25.812284,-27.244184,-25.742435,-26.642385,-27.95988,-26.830353,-26.114574,-29.749676,-30.201862,-28.228535,-26.104355,-24.660982,-27.939528,-28.89009,-25.456673,-23.342686,-25.080296,-26.107609,-28.148682,-25.859121,-25.831379,-25.719753,-26.88876,-26.90173,-27.272644,-25.588726,-25.354984,-28.171158,-27.037415,-27.084938,-27.107475,-27.473536,-28.506603,-29.179457,-27.654533,-30.144724,-31.816845,-27.038342,-25.926294,-26.944983,-28.13014,-28.423584,-28.696938,-28.170727,-25.905485,-26.347813,-28.140377,-28.350487,-38.13643,-52.951515,-52.27511,-52.0082,-52.512177,-52.394753,-52.505787,-52.45452,-50.134987,-51.98008,-64.74639,-80.0,-80.0,-80.0,-80.0,-80.0,-80.0,-80.0,-80.0,-80.0,-80.0,-80.0,-80.0,-80.0,-80.0,-80.0,-80.0,-80.0,-80.0,-80.0,-80.0,-80.0,-80.0,-80.0,-80.0,-80.0,-80.0,-80.0,-80.0,-80.0,-80.0,-80.0,-80.0,-80.0,-80.0,-80.0,-80.0,-80.0,-80.0,-80.0,-80.0,-80.0,-80.0,-80.0,-80.0,-80.0,-80.0,-80.0,-80.0,-80.0,-80.0,-80.0,-80.0,-80.0,-80.0,-80.0,-80.0,-80.0,-80.0,-80.0,-80.0,-80.0,-80.0,-80.0,-80.0,-80.0,-80.0,-80.0,-80.0,-80.0,-80.0,-80.0,-80.0,-80.0,-80.0,-80.0,-80.0,-80.0,-80.0,-80.0,-80.0,-80.0,-80.0,-80.0,-80.0,-80.0,-80.0,-80.0,-80.0,-80.0,-80.0,-80.0,-80.0,-80.0,-80.0
-31.284275,-25.366114,-25.257133,-26.04169,-27.353434,-26.13127,-23.461777,-24.96866,-25.571182,-24.510849,-26.832367,-26.058523,-24.63876,-25.595978,-24.863564,-27.039059,-29.854292,-29.185993,-25.721245,-25.44843,-26.425514,-26.378698,-26.539316,-25.71503,-24.794788,-26.04855,-26.936808,-28.150082,-27.418272,-27.866539,-26.149652,-26.02803,-26.092361,-26.380997,-26.729582,-27.056156,-27.434324,-27.425306,-30.154915,-26.765108,-25.873104,-26.307543,-23.152172,-24.963081,-26.905457,-23.056292,-24.61865,-24.468033,-23.937279,-27.618942,-26.662872,-24.458723,-23.857252,-26.739283,-26.442135,-26.380177,-25.676052,-25.242,-26.388786,-26.554228,-26.33219,-25.43121,-25.455297,-26.501087,-25.390072,-25.826443,-24.74863,-25.910954,-26.87225,-24.96481,-25.581835,-26.724781,-26.689487,-26.965858,-26.47866,-27.796423,-27.175713,-26.321945,-27.275938,-27.402569,-27.276878,-28.296295,-28.121628,-26.79008,-25.715141,-27.430538,-26.75364,-26.287418,-25.775864,-25.173994,-26.677881,-26.379612,-27.538582,-28.138254,-27.660984,-27.922308,-27.430481,-29.801329,-30.207407,-26.016472,-27.136116,-28.89582,-26.307001,-24.193571,-22.765858,-24.29602,-24.176174,-23.813086,-26.598286,-30.511177,-33.079563,-40.5487,-41.275837,-41.783806,-40.968857,-36.79305,-37.13153,-40.398647,-40.57879,-40.333,-42.740562,-46.990047,-42.849426,-41.03419,-42.070614,-42.45178,-44.179264,-39.50238,-31.75658,-29.075516,-28.760277,-27.634315,-26.024984,-22.615751,-22.641815,-24.558838,-25.795427,-24.912321,-24.089237,-26.210758,-26.938293,-27.189558,-27.455719,-28.15231,-28.969442,-26.616983,-26.515255,-26.944258,-27.215199,-25.379265,-25.055267,-25.958847,-25.761723,-25.51997,-26.222664,-26.139061,-24.286549,-24.013979,-25.838558,-25.97564,-25.369095,-24.719488,-25.190144,-25.402412,-28.901405,-28.944763,-26.447105,-27.787224,-26.731012,-26.055044,-28.402489,-27.48229,-28.02305,-28.235535,-26.897787,-26.373947,-26.75373,-26.901432,-25.866806,-26.702515,-25.146423,-26.135708,-26.95243,-25.497137,-25.863152,-27.049114,-26.225277,-28.437483,-27.813337,-28.277843,-27.275068,-25.451672,-27.239391,-28.516068,-26.756695,-27.098703,-27.514257,-26.86396,-28.036,-29.556921,-28.67305,-27.447567,-28.395245,-25.46168,-25.818167,-25.85588,-24.736845,-26.550787,-25.958849,-25.290867,-24.068882,-25.069216,-26.884027,-26.978376,-24.925285,-25.77361,-28.564634,-26.471296,-27.024242,-26.644638,-26.777084,-27.408073,-28.165352,-27.536388,-28.874523,-29.68745,-29.366535,-27.524672,-26.31388,-26.642704,-26.817127,-27.589575,-26.345055,-26.21966,-25.362453,-26.548927,-29.63107,-29.560238,-27.764126,-27.900375,-26.791664,-28.577015,-27.566818,-24.391119,-23.585854,-24.345913,-27.515991,-26.948921,-22.470078,-22.86298,-26.179905,-27.773144,-28.687683,-27.139769,-28.12481,-25.723074,-26.099312,-26.51707,-26.163757,-27.589783,-26.91121,-27.486553,-27.495445,-25.503174,-27.224012,-28.109697,-27.015053,-26.588142,-26.276703,-27.869759,-28.56797,-27.439829,-26.239975,-23.813095,-25.777225,-26.105362,-26.461502,-25.963001,-25.990158,-26.275436,-25.045906,-26.371204,-25.750069,-25.766079,-27.048738,-27.301258,-28.644653,-29.898436,-29.134315,-29.992785,-31.246887,-26.86412,-26.144411,-25.031776,-25.726795,-27.606403,-26.164526,-27.085392,-27.035902,-25.558369,-27.496937,-24.569147,-24.70682,-24.953312,-24.472992,-25.855728,-27.864788,-28.261612,-28.660381,-27.461975,-27.497162,-26.434593,-26.137085,-25.285774,-26.097775,-27.421139,-26.962769,-28.176731,-26.04166,-27.022758,-27.245674,-29.355606,-29.325253,-28.146599,-26.114134,-26.455738,-29.90759,-27.987324,-25.387074,-25.519945,-28.281935,-30.831575,-29.446022,-29.084534,-28.2331,-27.93521,-27.504915,-26.84882,-27.095005,-27.719242,-26.406141,-26.033695,-24.768879,-25.895164,-28.18878,-26.797646,-26.393557,-28.32745,-27.686108,-26.000334,-25.59357,-25.565956,-25.122272,-28.299637,-29.021671,-27.002964,-27.278805,-27.200422,-29.058922,-27.919983,-25.235134,-26.431452,-27.19962,-25.337456,-25.88846,-29.083702,-27.252996,-25.353333,-27.911907,-27.041153,-25.28677,-25.212074,-24.92603,-25.77055,-27.949419,-28.347948,-29.027636,-26.205107,-25.555237,-24.841507,-27.602663,-28.655022,-28.561485,-29.029854,-26.048098,-24.657845,-26.877588,-28.436493,-25.883867,-27.841639,-29.884628,-28.957733,-27.493557,-24.988173,-26.843147,-26.576832,-26.770988,-25.607315,-25.732738,-26.718277,-26.548117,-26.650745,-27.262413,-27.92717,-28.297403,-26.074684,-26.071115,-25.526249,-26.67568,-30.098654,-29.318903,-27.203793,-25.501915,-24.986668,-25.575157,-26.254597,-24.118397,-23.675701,-25.226814,-25.271265,-28.20599,-28.474916,-27.934046,-27.70165,-26.994053,-26.924477,-26.09903,-25.617607,-23.138199,-25.166965,-26.117868,-27.368845,-28.471106,-27.149773,-28.405422,-28.607239,-28.438574,-27.63612,-25.692093,-24.49548,-26.23869,-26.507965,-26.30666,-27.25529,-24.952324,-22.80069,-23.466408,-25.415024,-26.378193,-25.8886,-24.31103,-26.20523,-27.422277,-27.867373,-27.896748,-27.122826,-26.604437,-28.93491,-30.79517,-28.163021,-26.787857,-27.04766,-26.88187,-27.017416,-26.760815,-25.131487,-26.123508,-27.170536,-24.727123,-27.020693,-25.66138,-25.47564,-25.932224,-26.42063,-27.109331,-26.070507,-29.145136,-29.144106,-28.369678,-27.674911,-27.570585,-26.348185,-24.602524,-24.349274,-25.37672,-27.577084,-26.876293,-28.195366,-27.361027,-25.16175,-25.576778,-23.992044,-26.453545,-27.806046,-28.014412,-28.43165,-28.365559,-23.446209,-23.386078,-27.225243,-26.644714,-25.009083,-25.23288,-26.78472,-26.385305,-27.60488,-27.525614,-27.480852,-29.04004,-28.82517,-29.908749,-27.968105,-25.544804,-27.535412,-27.887787,-25.062872,-25.058691,-27.438683,-26.629738,-26.559402,-26.866333,-26.559155,-26.570717,-26.30239,-27.386791,-26.112722,-22.726517,-22.73109,-25.707823,-24.964888,-25.400635,-27.067366,-25.812576,-24.376911,-24.260609,-24.696041,-25.43319,-23.098625,-23.388456,-25.740887,-25.010605,-26.237768,-26.142647,-25.144878,-24.427,-26.409464,-26.717474,-26.911385,-24.920214,-24.713194,-24.692337,-25.03246,-24.847736,-25.484001,-24.579048,-26.17184,-27.827356,-26.600636,-24.154053,-25.791393,-24.871243,-28.02306,-27.240473,-26.693687,-26.048431,-24.096655,-23.673126,-26.20897,-27.599989,-25.595707,-24.240673,-23.169554,-27.094133,-27.808342,-25.986717,-25.292492,-27.497179,-28.876818,-26.820312,-24.9945,-23.58695,-22.800077,-23.93219,-23.661491,-25.358208,-29.206284,-28.15165,-25.464127,-26.755404,-26.328289,-27.425137,-27.160303,-26.870375,-25.575045,-27.105982,-26.03366,-25.794785,-25.863586,-28.630098,-28.590977,-26.271883,-26.845137,-27.269634,-27.958138,-26.74489,-29.00071,-29.83633,-26.822086,-26.171825,-27.968826,-27.89199,-27.193737,-27.655632,-27.719748,-24.797455,-25.286972,-26.466816,-29.18373,-38.230427,-43.679806,-43.667805,-43.664764,-43.67053,-43.672585,-43.67407,-43.672783,-44.326187,-49.386063,-66.94484,-80.0,-80.0,-80.0,-80.0,-80.0,-80.0,-80.0,-80.0,-80.0,-80.0,-80.0,-80.0,-80.0,-80.0,-80.0,-80.0,-80.0,-80.0,-80.0,-80.0,-80.0,-80.0,-80.0,-80.0,-80.0,-80.0,-80.0,-80.0,-80.0,-80.0,-80.0,-80.0,-80.0,-80.0,-80.0,-80.0,-80.0,-80.0,-80.0,-80.0,-80.0,-80.0,-80.0,-80.0,-80.0,-80.0,-80.0,-80.0,-80.0,-80.0,-80.0,-80.0,-80.0,-80.0,-80.0,-80.0,-80.0,-80.0,-80.0,-80.0,-80.0,-80.0,-80.0,-80.0,-80.0,-80.0,-80.0,-80.0,-80.0,-80.0,-80.0,-80.0,-80.0,-80.0,-80.0,-80.0,-80.0,-80.0,-80.0,-80.0,-80.0,-80.0,-80.0,-80.0,-80.0,-80.0,-80.0,-80.0,-80.0,-80.0,-80.0,-80.0,-80.0,-80.0
-31.91239,-28.370296,-25.459509,-25.119204,-25.969759,-25.094782,-26.398428,-28.419008,-28.372555,-27.413591,-28.687681,-25.259102,-25.446646,-24.758848,-23.148542,-26.43571,-28.92545,-27.390814,-26.83464,-27.106518,-24.401184,-24.675375,-27.451473,-28.156622,-26.240921,-26.571644,-29.01578,-28.355927,-28.538876,-28.065552,-26.167797,-25.475029,-25.537323,-26.779968,-27.646006,-24.976223,-24.54113,-25.9708,-27.937181,-25.24794,-23.978441,-25.73296,-24.12777,-24.412382,-28.847214,-27.14112,-27.917156,-27.369976,-26.935097,-28.596783,-26.82597,-26.314621,-24.588905,-24.540379,-26.821793,-27.052599,-27.34215,-25.727648,-26.899626,-26.99893,-26.82839,-27.67081,-26.934612,-26.830616,-25.502514,-26.02496,-25.294157,-26.284233,-28.249695,-26.2943,-26.31624,-27.687641,-26.938457,-25.760864,-26.134985,-28.690481,-26.409273,-25.793903,-26.385582,-26.441296,-27.758911,-28.08902,-27.855347,-27.954706,-28.086782,-27.001465,-23.536139,-23.553349,-26.699596,-27.855463,-27.625532,-27.150215,-27.494253,-26.231064,-25.79684,-30.098577,-28.750479,-28.506618,-28.453033,-27.65732,-30.02507,-27.292797,-26.097723,-26.525154,-25.392223,-27.564688,-27.19046,-27.537218,-25.948902,-26.794643,-32.78052,-40.295937,-38.402508,-35.688286,-37.731422,-39.085857,-40.63138,-42.929886,-40.991608,-40.527763,-40.821465,-45.86413,-44.842834,-44.180683,-45.85874,-45.28415,-45.254345,-38.446976,-28.587734,-23.887686,-25.46756,-29.252304,-24.707481,-23.44656,-25.18709,-24.066986,-26.70539,-27.61914,-27.796259,-26.631332,-26.04905,-25.59653,-26.490505,-26.899267,-27.734865,-29.499298,-28.370075,-25.99936,-25.467594,-24.332281,-25.577585,-26.607334,-26.926414,-26.820011,-25.596458,-26.657913,-27.39811,-24.71938,-24.59613,-24.187675,-23.378763,-26.058846,-26.351316,-25.299599,-28.038582,-30.067665,-27.140938,-27.947556,-26.988462,-28.248123,-28.083065,-26.663124,-26.67934,-26.834768,-26.615282,-28.986002,-26.502827,-25.345123,-27.022484,-26.352757,-26.042625,-24.608633,-24.45414,-23.469994,-25.24234,-27.070808,-26.495504,-25.89016,-25.884396,-24.941872,-27.467936,-28.525627,-27.380981,-25.206972,-26.041838,-27.451017,-26.992313,-29.067928,-30.198242,-27.529926,-25.124388,-24.623547,-27.2311,-28.830132,-25.886862,-23.602264,-23.811705,-24.748617,-25.56232,-27.164171,-25.648937,-26.73522,-28.244263,-25.65331,-24.93281,-26.810425,-25.858913,-25.493,-26.860249,-25.080639,-26.45372,-24.50693,-25.556602,-27.551249,-27.897593,-27.17242,-24.962498,-23.923782,-25.187515,-27.666145,-26.899536,-26.395477,-25.707241,-26.082546,-26.167553,-27.465574,-28.155922,-28.011524,-27.801237,-27.41088,-28.050375,-28.877224,-28.300262,-28.403912,-25.664139,-25.41624,-26.02145,-23.695755,-22.896076,-24.222755,-26.671576,-27.480179,-26.083328,-26.360092,-28.780499,-28.545418,-26.54004,-25.32225,-23.94823,-26.847527,-26.916483,-26.875032,-28.148964,-26.734497,-26.656355,-27.74065,-27.45084,-26.662823,-25.22979,-24.370903,-25.199463,-26.928795,-24.876408,-24.314959,-28.010994,-27.481228,-26.008919,-26.49723,-27.125896,-26.322184,-25.008171,-26.963081,-26.753666,-27.483335,-27.04839,-27.298214,-29.327986,-29.44958,-30.280668,-29.499203,-27.950827,-28.42045,-25.134178,-25.985863,-29.941696,-30.567198,-28.836143,-27.258806,-26.36673,-26.092422,-25.860447,-24.293274,-24.589119,-24.04663,-21.953474,-23.541039,-26.706963,-24.847618,-25.881958,-25.815271,-25.415321,-24.931828,-25.853294,-25.651855,-26.368876,-28.594267,-28.36361,-29.101831,-26.091703,-25.52112,-27.374485,-31.832277,-27.942636,-28.200493,-30.188145,-26.734005,-26.91884,-29.634943,-27.114586,-24.82874,-26.486752,-28.304203,-25.385864,-25.524254,-28.02475,-27.170174,-27.449621,-29.545399,-30.86714,-28.257824,-27.151857,-28.221886,-24.378178,-25.429943,-27.758793,-25.290058,-27.114721,-26.185356,-24.198917,-23.12505,-24.00893,-27.258808,-29.139532,-29.26529,-25.83266,-25.10122,-28.359253,-27.519688,-27.375053,-25.667358,-24.914234,-25.028664,-25.393185,-24.817625,-24.44212,-27.454426,-29.124374,-26.833439,-27.359558,-26.766916,-26.16135,-25.30403,-26.436333,-27.216236,-29.818872,-27.61523,-25.122673,-27.866459,-29.244785,-27.366922,-26.998535,-26.159739,-26.360954,-27.830378,-27.425106,-26.795902,-28.447306,-27.646181,-26.65615,-26.607067,-26.531628,-26.502474,-25.648571,-24.294802,-23.560755,-22.98435,-26.000843,-26.732176,-27.247208,-27.173777,-28.28244,-26.000767,-25.489845,-25.164993,-25.751741,-26.663692,-26.501322,-25.4122,-27.021076,-30.00111,-29.235386,-26.683056,-27.159687,-24.159832,-23.44485,-25.609413,-24.660652,-23.416603,-26.526905,-27.774921,-30.380476,-27.518301,-25.493046,-24.558167,-24.909222,-25.594334,-24.346893,-25.350729,-26.127113,-24.961332,-26.947964,-28.277277,-24.519749,-24.753757,-27.861454,-28.272196,-27.165054,-25.51734,-27.30161,-26.643906,-28.034073,-28.050722,-24.814491,-25.135872,-25.116617,-25.00531,-24.873512,-26.52147,-25.997486,-26.391594,-27.69038,-29.105564,-28.960737,-25.643955,-26.529894,-28.01808,-27.08562,-28.194265,-29.35367,-27.274048,-25.571796,-26.109251,-26.348484,-24.350939,-25.975174,-28.707417,-27.876062,-25.535404,-24.98338,-26.431736,-26.216291,-24.275156,-24.51467,-25.301922,-25.403706,-24.084673,-25.38895,-26.390366,-26.437918,-26.254345,-26.735033,-28.307777,-24.835714,-22.969742,-26.355864,-27.472555,-28.857368,-27.846592,-25.451235,-26.131773,-27.445711,-26.376438,-25.861229,-25.493713,-25.387901,-26.778532,-26.052038,-24.145557,-25.250538,-25.28653,-24.485363,-27.07365,-26.562847,-26.738499,-28.082304,-28.277283,-26.993004,-28.083212,-29.840607,-28.261497,-25.77516,-26.560482,-26.195652,-27.947624,-28.084993,-26.205585,-25.847136,-25.63951,-29.275164,-28.061527,-26.271566,-25.489948,-24.2877,-27.832588,-28.530693,-26.76416,-26.560045,-27.967344,-29.984697,-25.59414,-23.434212,-26.887808,-27.978401,-26.958748,-26.631355,-26.003689,-26.598293,-25.181927,-24.20454,-25.924383,-25.857029,-24.599146,-23.679943,-24.693462,-25.816402,-27.877443,-25.856913,-26.310514,-26.975058,-27.74028,-28.521008,-28.251917,-25.78497,-27.902042,-26.43058,-28.095715,-26.789318,-25.475563,-28.0769,-28.911366,-24.943531,-25.029585,-24.269392,-24.754091,-26.163542,-23.680813,-24.835434,-25.852818,-25.3219,-24.12067,-26.327305,-28.677132,-28.406157,-27.867022,-27.598341,-25.483173,-28.691769,-27.75825,-27.29226,-24.579857,-24.141602,-28.338423,-28.578354,-26.666729,-26.708067,-29.23988,-26.609125,-23.609238,-24.910196,-23.763641,-26.02413,-28.122602,-28.639187,-26.468348,-26.765543,-29.18549,-26.200241,-25.91846,-29.061836,-27.269936,-23.161455,-22.873188,-25.583313,-27.900087,-29.079134,-28.181107,-28.523949,-26.548178,-26.541441,-26.163761,-25.767584,-26.381756,-27.098911,-27.273798,-25.349102,-23.965227,-26.58349,-32.857895,-38.69049,-40.258976,-40.30215,-40.31982,-40.286926,-40.29236,-40.285378,-40.290833,-41.13842,-46.567722,-65.98381,-80.0,-80.0,-80.0,-80.0,-80.0,-80.0,-80.0,-80.0,-80.0,-80.0,-80.0,-80.0,-80.0,-80.0,-80.0,-80.0,-80.0,-80.0,-80.0,-80.0,-80.0,-80.0,-80.0,-80.0,-80.0,-80.0,-80.0,-80.0,-80.0,-80.0,-80.0,-80.0,-80.0,-80.0,-80.0,-80.0,-80.0,-80.0,-80.0,-80.0,-80.0,-80.0,-80.0,-80.0,-80.0,-80.0,-80.0,-80.0,-80.0,-80.0,-80.0,-80.0,-80.0,-80.0,-80.0,-80.0,-80.0,-80.0,-80.0,-80.0,-80.0,-80.0,-80.0,-80.0,-80.0,-80.0,-80.0,-80.0,-80.0,-80.0,-80.0,-80.0,-80.0,-80.0,-80.0,-80.0,-80.0,-80.0,-80.0,-80.0,-80.0,-80.0,-80.0,-80.0,-80.0,-80.0,-80.0,-80.0,-80.0,-80.0,-80.0,-80.0,-80.0,-80.0
-31.589468,-29.555006,-26.795614,-26.767067,-27.967953,-26.53907,-28.189718,-24.438442,-23.24427,-23.326464,-23.501865,-24.54871,-27.59995,-26.823751,-26.101202,-26.685055,-29.122643,-28.545855,-26.27745,-24.806675,-23.323528,-23.731003,-25.710098,-25.33511,-26.353006,-27.58418,-26.61861,-25.466543,-27.026108,-26.386179,-26.474237,-24.359833,-25.55759,-27.735172,-25.69996,-25.461885,-26.201077,-24.892483,-27.423494,-26.970177,-27.666134,-28.907448,-27.00626,-25.13005,-28.167744,-29.766573,-27.46037,-28.138765,-27.407299,-26.513947,-25.83077,-24.92624,-26.067888,-26.6242,-26.802658,-29.513676,-28.282707,-26.138605,-25.721653,-27.007795,-27.633598,-25.742737,-23.839153,-26.786621,-26.17953,-25.641531,-25.882923,-26.817093,-28.823149,-25.864676,-26.32846,-25.395348,-25.535923,-25.60786,-24.512299,-25.50485,-24.539154,-23.460794,-26.094334,-24.51104,-25.746002,-27.0603,-27.574501,-27.222614,-27.30721,-27.23255,-28.46845,-27.035896,-27.078959,-27.507883,-26.528082,-27.782513,-24.749622,-25.234966,-29.288322,-28.825535,-25.466997,-24.754728,-26.88671,-26.35151,-29.859772,-28.857698,-27.399292,-26.03161,-25.233456,-26.297882,-26.211315,-27.024284,-27.7318,-30.98255,-32.940002,-37.158974,-40.076447,-38.996532,-40.342514,-39.714676,-42.010513,-42.800163,-40.789707,-38.126644,-40.865677,-48.695164,-45.75363,-41.86178,-44.21997,-45.58647,-46.841877,-38.839138,-29.028097,-27.444916,-26.624763,-26.468845,-26.472004,-27.002636,-25.927704,-24.977444,-26.490616,-29.526493,-29.11428,-28.266045,-26.337248,-23.63126,-22.705065,-24.082314,-26.085398,-27.157944,-26.765339,-26.040516,-26.404034,-26.496204,-26.396399,-26.470304,-25.72759,-26.72152,-26.203754,-26.00448,-24.399862,-24.320858,-27.14641,-27.008995,-25.969643,-27.551586,-26.844322,-28.630632,-29.968016,-28.753445,-27.869396,-27.636044,-28.43908,-28.51922,-29.023888,-27.51286,-24.768158,-25.13575,-27.224365,-26.900665,-25.991646,-25.0125,-24.6423,-26.33773,-27.174995,-26.333347,-27.325233,-25.490623,-24.387495,-25.859272,-26.052132,-26.321257,-27.554249,-24.939583,-26.475983,-26.393822,-25.17174,-25.314003,-26.2923,-28.629166,-30.130707,-29.501488,-29.689629,-27.66912,-23.480415,-24.038565,-27.911106,-30.158453,-28.032751,-27.276012,-27.89179,-29.311438,-27.817902,-26.636852,-26.777151,-25.329704,-25.601189,-27.507671,-29.209604,-27.021347,-25.335495,-26.899632,-27.353527,-27.927761,-29.194952,-28.512436,-25.087742,-25.496124,-27.430027,-28.930294,-26.845734,-24.55727,-26.56329,-27.549152,-27.189928,-26.383907,-26.464596,-25.115288,-24.56937,-27.126837,-26.067839,-25.43849,-25.1274,-24.538887,-24.367287,-27.735638,-29.068542,-28.290848,-26.431555,-26.791315,-26.756224,-24.980164,-25.495747,-27.622301,-30.700495,-27.869661,-26.315113,-26.46202,-28.842155,-27.394112,-27.098103,-26.227753,-27.725445,-29.3204,-29.683355,-29.14858,-27.667698,-25.453878,-27.028805,-26.372913,-26.831398,-27.82753,-25.214314,-24.033726,-25.588856,-25.589317,-24.4026,-24.900373,-28.133831,-29.29744,-28.561989,-28.158384,-27.804882,-26.461811,-25.350956,-27.413504,-29.229666,-26.53003,-24.9691,-24.432169,-26.16475,-26.77723,-26.631855,-25.911728,-24.222845,-24.041817,-23.762058,-27.252844,-29.052094,-29.660278,-26.83221,-26.49741,-26.844284,-26.487785,-25.513159,-24.672073,-26.167255,-27.400755,-28.387276,-27.301132,-27.638878,-27.089094,-26.398533,-26.080368,-27.17479,-27.277729,-25.96093,-27.217297,-30.010864,-26.3182,-26.838493,-28.883112,-25.866695,-25.091228,-25.613937,-25.49208,-24.374146,-25.803778,-29.585815,-27.878887,-27.170538,-26.75269,-28.739342,-29.531662,-26.84969,-25.470974,-26.483307,-26.040413,-27.214056,-27.892761,-27.370502,-27.713766,-28.74646,-30.382126,-31.652367,-29.391752,-26.748743,-26.595392,-29.05274,-30.199852,-28.732615,-26.675941,-25.200375,-26.364578,-25.505295,-25.920816,-27.056934,-26.263062,-25.177048,-24.45562,-27.079422,-28.279205,-26.239904,-25.20015,-24.88042,-23.961151,-26.49988,-27.785244,-25.13055,-25.829367,-27.301262,-30.118332,-27.577297,-24.450651,-27.783474,-28.45179,-28.30296,-25.970491,-24.578033,-24.927923,-24.78143,-27.50489,-27.317837,-25.606052,-26.315678,-25.959839,-24.808712,-25.634592,-27.212439,-28.333014,-29.85695,-29.23877,-27.328655,-24.925549,-24.423943,-24.098679,-25.91121,-26.360418,-26.333736,-25.090872,-25.859272,-24.750206,-28.111637,-26.386177,-24.96901,-26.061214,-26.241133,-24.455048,-24.346481,-25.858833,-27.337788,-24.858727,-25.698414,-28.523129,-28.520763,-26.820345,-26.583622,-25.721916,-26.05855,-27.344118,-28.04631,-26.471619,-27.3988,-27.41487,-28.636791,-28.910704,-27.919662,-26.966183,-26.329731,-26.599947,-26.554493,-25.536867,-25.653156,-25.274239,-26.860748,-27.65542,-25.617458,-25.67152,-27.76395,-28.472832,-25.394024,-25.907127,-27.100811,-28.682344,-29.085915,-25.345524,-23.744204,-23.212057,-26.333023,-27.383354,-27.581951,-28.367468,-27.588219,-25.914732,-27.696037,-26.716732,-25.552464,-24.885674,-25.070671,-25.68505,-26.18763,-26.35379,-27.787678,-29.324688,-28.090302,-27.3777,-26.365944,-26.49249,-25.985352,-27.879772,-28.315765,-26.475323,-25.416035,-27.111586,-26.390566,-25.422825,-27.897715,-28.565418,-26.882805,-24.992264,-25.688204,-25.174934,-25.805439,-26.080519,-27.264793,-27.679716,-24.682854,-25.749496,-28.837585,-29.284092,-27.341873,-26.978617,-27.011406,-27.81952,-28.217073,-24.66169,-26.103113,-27.714901,-27.589874,-27.597075,-24.727032,-25.070017,-28.182142,-26.135563,-26.070877,-27.74659,-28.143335,-27.700993,-26.734924,-29.12189,-28.290346,-27.995872,-27.997885,-26.474997,-25.21962,-25.399155,-29.113024,-29.406525,-28.530256,-28.982084,-26.972998,-26.847073,-27.69339,-28.015789,-26.506222,-25.635654,-25.633537,-24.682138,-25.313322,-24.304153,-23.542587,-25.549166,-25.244543,-25.825642,-24.774244,-24.632318,-26.724749,-27.08828,-28.38628,-26.286173,-26.256475,-26.053974,-25.948406,-27.849377,-25.451826,-23.7095,-27.155247,-28.573639,-28.833488,-26.8071,-25.416033,-25.79636,-25.171535,-28.35723,-25.973114,-25.355316,-27.173534,-29.029503,-28.658316,-27.05896,-23.102339,-21.983665,-25.253902,-28.94806,-27.87849,-27.767326,-27.529037,-27.736473,-25.936018,-23.718006,-25.768272,-28.47007,-26.551617,-26.131271,-26.78054,-26.930376,-26.214172,-29.02358,-27.713049,-28.635761,-31.481068,-28.490337,-27.752438,-28.781166,-27.99615,-26.589102,-26.986013,-30.991758,-29.229116,-27.935734,-26.510744,-24.92872,-26.231777,-27.589535,-28.643803,-29.312004,-28.246243,-27.313463,-27.961975,-31.024109,-26.013813,-26.326057,-27.96217,-25.631683,-24.90888,-24.90223,-27.143606,-28.640068,-29.901205,-28.664474,-28.72889,-26.431171,-25.90777,-26.01687,-28.026405,-28.685863,-27.882748,-26.573837,-27.377,-26.38654,-27.450766,-32.989697,-43.95733,-52.931984,-52.25714,-52.001038,-52.490078,-52.38639,-52.49485,-52.435257,-50.090546,-51.94168,-64.976776,-80.0,-80.0,-80.0,-80.0,-80.0,-80.0,-80.0,-80.0,-80.0,-80.0,-80.0,-80.0,-80.0,-80.0,-80.0,-80.0,-80.0,-80.0,-80.0,-80.0,-80.0,-80.0,-80.0,-80.0,-80.0,-80.0,-80.0,-80.0,-80.0,-80.0,-80.0,-80.0,-80.0,-80.0,-80.0,-80.0,-80.0,-80.0,-80.0,-80.0,-80.0,-80.0,-80.0,-80.0,-80.0,-80.0,-80.0,-80.0,-80.0,-80.0,-80.0,-80.0,-80.0,-80.0,-80.0,-80.0,-80.0,-80.0,-80.0,-80.0,-80.0,-80.0,-80.0,-80.0,-80.0,-80.0,-80.0,-80.0,-80.0,-80.0,-80.0,-80.0,-80.0,-80.0,-80.0,-80.0,-80.0,-80.0,-80.0,-80.0,-80.0,-80.0,-80.0,-80.0,-80.0,-80.0,-80.0,-80.0,-80.0,-80.0,-80.0,-80.0,-80.0,-80.0
-31.168465,-27.849855,-25.247433,-26.098057,-27.59345,-27.297832,-27.514456,-24.19844,-23.21165,-24.293877,-26.621798,-29.39506,-30.324303,-28.157143,-28.182087,-30.60644,-26.82479,-26.579704,-27.335182,-26.136093,-25.621244,-26.323698,-28.185835,-29.06977,-25.924091,-25.511444,-26.870014,-27.820276,-28.801329,-27.104038,-25.840595,-23.241842,-25.701405,-27.271599,-26.414837,-25.776125,-25.258791,-23.04633,-27.144733,-28.333042,-28.493696,-28.548828,-27.20847,-27.126122,-27.104101,-28.903008,-29.31483,-27.324501,-23.948515,-24.098248,-25.593891,-23.77752,-24.323997,-26.35466,-25.583021,-26.879528,-26.418482,-24.380312,-24.739128,-27.892897,-27.163366,-23.989773,-23.064915,-25.269224,-25.609343,-26.097878,-26.827436,-27.460796,-25.995853,-27.624233,-26.594807,-23.809214,-24.557882,-25.854935,-25.013008,-25.784473,-26.606728,-28.696238,-27.128857,-23.886162,-24.11971,-25.820381,-28.265614,-27.202183,-25.745676,-24.300247,-26.1989,-25.533463,-27.548267,-29.92949,-28.086182,-26.712269,-25.281002,-26.720955,-28.413319,-26.054405,-24.75547,-25.395996,-24.022524,-25.482468,-26.500296,-24.47654,-25.348131,-26.319654,-26.278418,-26.87947,-26.024788,-27.31607,-28.07744,-29.138908,-31.237387,-37.705482,-38.088047,-38.882942,-41.78343,-40.06875,-38.6221,-38.647713,-38.683105,-39.29122,-37.871346,-44.224648,-47.449387,-44.556602,-47.05984,-43.377438,-43.995964,-34.670563,-26.56818,-26.879715,-28.502407,-25.933018,-25.919844,-29.771925,-29.970882,-29.743156,-29.865685,-29.640583,-29.474865,-28.609623,-26.493649,-24.60474,-25.104862,-25.46792,-26.929817,-25.367767,-25.964262,-25.309105,-26.791117,-27.872147,-26.75729,-26.257977,-26.632027,-26.807228,-27.145794,-27.766922,-25.73403,-28.965046,-27.135992,-25.25321,-24.995413,-25.543911,-27.177162,-25.05853,-26.918211,-28.14421,-26.893276,-26.162851,-26.392841,-28.355335,-24.95793,-24.260756,-24.01311,-25.074314,-24.803753,-23.437126,-24.73587,-25.370647,-24.628592,-24.840855,-25.890873,-30.143875,-27.879677,-27.823772,-25.448849,-26.183119,-27.187515,-25.673206,-24.982298,-25.86777,-26.677887,-26.370548,-25.682024,-25.618206,-27.747858,-26.598923,-25.878113,-24.822289,-25.933853,-26.51506,-24.86391,-24.565979,-27.279951,-28.821552,-25.301178,-26.463814,-28.777813,-27.583128,-26.020588,-26.278143,-24.587885,-25.623016,-25.03116,-25.402546,-27.534536,-24.496223,-24.131508,-24.59803,-27.596895,-27.964928,-26.734407,-27.426208,-26.022102,-25.983332,-27.242796,-27.16803,-25.363195,-26.991262,-27.062325,-25.00845,-24.669903,-24.7359,-25.207932,-26.078547,-24.825066,-25.591106,-24.465958,-26.49898,-26.454077,-25.099384,-23.383873,-25.588232,-25.087984,-27.08078,-29.9178,-26.951767,-25.482077,-24.955534,-25.655073,-27.734325,-26.00401,-23.834824,-23.309244,-24.105804,-26.097843,-27.513128,-26.8484,-24.818195,-23.794804,-25.338808,-27.460886,-28.092087,-26.932539,-24.9837,-25.692463,-25.24998,-28.97686,-28.23367,-26.242395,-25.122406,-24.31309,-24.946087,-27.944519,-27.222498,-27.46048,-27.853384,-26.898012,-26.803392,-25.817223,-25.614836,-26.655798,-26.538929,-24.018726,-23.809399,-26.431805,-26.941536,-25.822735,-25.177137,-25.072113,-24.628704,-27.471085,-26.287811,-25.314293,-27.926308,-27.173134,-25.844015,-26.708548,-27.813725,-27.041695,-29.090729,-29.796925,-27.015924,-27.491692,-27.332476,-27.510334,-26.971588,-27.678713,-27.123365,-25.759054,-26.197033,-28.389248,-30.075111,-27.005463,-26.98087,-29.155033,-26.718784,-27.624565,-26.220314,-26.328535,-28.741203,-28.02322,-26.949158,-25.408796,-26.226955,-26.080894,-24.246023,-24.669857,-26.442766,-26.444704,-26.22553,-26.25452,-26.449583,-25.477453,-26.459387,-26.70385,-27.643856,-27.32932,-27.745132,-28.91212,-26.720837,-25.74203,-27.131884,-26.27443,-25.15115,-23.90907,-25.214893,-26.217894,-27.34129,-27.322376,-26.466305,-24.481915,-26.042791,-26.302574,-24.86491,-25.801714,-26.58148,-25.722975,-24.897842,-25.541773,-26.358511,-28.208017,-25.748245,-24.672764,-24.943604,-24.646706,-24.17649,-24.44655,-28.676952,-29.15807,-26.730684,-27.371696,-28.884312,-28.60969,-26.611128,-25.215117,-25.651722,-26.17751,-27.591671,-25.345985,-25.326906,-26.368923,-26.204483,-24.362473,-24.910114,-25.297342,-25.323303,-26.045395,-26.790154,-25.49223,-23.666832,-23.932217,-23.34467,-26.097,-28.96901,-26.849564,-27.149567,-26.345436,-24.8405,-25.10196,-26.548828,-26.696495,-26.637012,-24.009487,-26.157495,-29.701761,-25.949877,-24.215977,-24.844177,-26.705467,-26.39616,-24.676054,-26.213587,-26.527414,-27.320002,-29.12177,-26.60461,-27.150425,-29.539719,-27.810625,-25.974564,-26.298843,-25.834274,-25.564247,-26.535072,-25.189823,-24.56411,-27.307774,-24.657787,-23.601418,-24.44104,-23.421814,-27.638474,-27.949957,-26.9627,-26.560917,-27.10497,-27.294163,-27.66069,-27.374826,-27.147274,-26.657257,-24.001007,-25.345905,-26.752438,-26.780548,-25.549204,-26.253305,-28.797016,-26.75653,-22.887665,-25.79267,-25.15231,-25.262573,-25.113148,-25.1529,-26.7848,-24.686428,-26.172222,-27.582153,-25.54342,-24.761597,-25.35767,-27.79351,-29.406982,-28.374401,-27.219893,-26.657911,-26.924751,-27.654778,-28.70543,-25.76882,-23.73471,-25.977772,-27.51551,-27.978815,-26.643837,-27.328115,-26.216713,-25.624743,-25.597498,-26.930395,-28.387205,-28.31695,-26.224567,-26.98194,-27.765493,-26.423595,-27.25961,-26.783733,-25.900126,-26.431206,-26.698286,-26.620718,-23.387873,-25.284569,-30.624287,-29.654636,-27.864273,-26.128899,-27.088667,-26.743261,-27.179508,-26.390106,-28.192558,-29.030218,-29.573711,-28.48595,-26.610878,-25.15693,-26.264168,-25.887487,-26.178768,-28.507048,-28.678898,-28.567333,-26.523472,-26.389835,-25.086485,-24.23356,-24.056213,-23.478935,-22.312141,-24.822004,-27.95806,-28.124697,-27.97413,-29.103477,-28.392464,-26.081093,-24.428524,-25.376635,-24.695688,-24.910091,-26.204372,-29.148249,-29.98701,-28.835526,-25.9275,-27.374027,-30.45925,-27.055496,-24.63122,-26.014229,-26.477398,-27.402391,-25.86176,-25.736435,-25.23484,-24.263094,-27.696636,-27.771154,-27.507557,-27.145514,-27.146639,-27.203733,-27.99985,-26.373583,-24.889957,-24.600502,-27.822628,-27.278395,-27.883198,-26.735935,-27.024899,-26.663445,-27.133156,-26.238367,-26.172691,-25.664162,-27.27982,-27.470057,-27.31142,-26.53634,-22.727512,-23.541739,-27.575418,-28.14865,-27.372292,-25.709692,-24.854757,-26.271717,-26.448359,-27.454254,-29.558365,-29.198044,-26.985132,-25.71849,-26.22726,-26.687418,-28.03328,-28.488596,-25.34468,-26.720188,-27.29115,-27.736845,-29.143307,-25.568783,-25.08256,-27.231369,-25.104189,-26.644749,-27.435814,-27.279137,-27.773851,-25.0713,-23.609241,-22.03088,-22.192463,-26.189869,-27.690176,-28.858597,-29.393114,-27.972061,-27.250338,-27.690155,-27.340261,-27.093678,-28.030056,-33.564728,-34.604042,-34.650345,-34.670692,-34.633194,-34.641403,-34.63354,-34.636044,-35.30921,-40.03684,-57.084328,-80.0,-80.0,-80.0,-80.0,-80.0,-80.0,-80.0,-80.0,-80.0,-80.0,-80.0,-80.0,-80.0,-80.0,-80.0,-80.0,-80.0,-80.0,-80.0,-80.0,-80.0,-80.0,-80.0,-80.0,-80.0,-80.0,-80.0,-80.0,-80.0,-80.0,-80.0,-80.0,-80.0,-80.0,-80.0,-80.0,-80.0,-80.0,-80.0,-80.0,-80.0,-80.0,-80.0,-80.0,-80.0,-80.0,-80.0,-80.0,-80.0,-80.0,-80.0,-80.0,-80.0,-80.0,-80.0,-80.0,-80.0,-80.0,-80.0,-80.0,-80.0,-80.0,-80.0,-80.0,-80.0,-80.0,-80.0,-80.0,-80.0,-80.0,-80.0,-80.0,-80.0,-80.0,-80.0,-80.0,-80.0,-80.0,-80.0,-80.0,-80.0,-80.0,-80.0,-80.0,-80.0,-80.0,-80.0,-80.0,-80.0,-80.0,-80.0,-80.0,-80.0,-80.0
-29.223059,-24.881702,-24.594786,-24.800474,-25.960663,-25.168934,-25.234566,-26.217726,-28.542847,-28.384579,-25.957436,-22.505772,-23.981876,-27.705563,-28.625874,-28.188747,-26.83928,-26.454891,-28.80722,-28.72495,-27.028292,-26.707432,-29.10247,-27.724848,-26.570198,-26.771898,-27.98645,-27.769672,-27.282818,-27.269773,-26.170822,-25.990974,-28.620718,-27.989374,-24.379353,-23.47063,-27.722628,-28.811226,-29.981405,-27.621643,-25.954704,-26.449627,-27.88323,-27.884668,-25.962128,-27.197433,-29.801746,-28.974087,-27.000385,-26.38582,-28.630896,-26.02076,-24.5881,-25.32117,-25.940817,-27.377718,-28.14587,-23.890642,-24.456848,-29.35203,-27.492407,-24.396223,-23.994333,-25.019762,-25.249039,-27.126854,-28.63764,-27.73891,-27.393703,-26.890656,-25.51218,-23.361378,-24.572124,-27.962793,-30.100657,-29.117254,-28.686035,-29.384298,-28.959133,-27.298517,-26.417664,-28.579462,-29.905172,-26.63743,-26.71801,-25.96629,-26.134014,-26.287426,-27.768734,-26.889206,-25.12025,-25.477154,-26.26524,-27.352829,-27.517668,-25.39093,-28.226778,-30.375835,-26.413256,-27.18827,-28.776733,-26.591358,-26.014524,-27.973959,-29.7817,-28.036903,-26.206345,-26.355247,-25.278515,-26.745367,-31.29565,-39.610104,-40.11783,-39.74317,-38.80104,-40.43609,-38.69322,-39.491722,-40.893547,-39.687263,-39.677715,-45.56462,-42.59206,-39.426846,-43.19672,-41.858467,-42.813713,-39.819435,-33.34786,-30.68615,-28.693907,-24.845562,-25.365593,-25.59717,-25.597883,-26.649347,-27.131348,-24.77602,-26.273092,-26.463654,-26.709875,-27.41389,-26.970776,-24.952332,-24.474897,-26.016565,-27.04235,-27.18106,-27.14169,-26.8928,-25.412033,-26.773184,-27.084877,-26.03069,-27.348183,-24.737358,-23.672192,-26.655231,-28.298206,-26.432528,-27.776733,-26.998163,-26.6347,-29.008078,-26.6445,-26.54429,-27.55424,-26.01895,-24.734886,-24.98822,-25.121002,-25.297184,-26.538746,-26.23257,-25.856005,-26.180613,-25.97203,-27.040024,-26.294483,-24.777758,-25.299307,-27.557024,-27.165428,-27.254032,-26.382252,-27.925102,-28.484615,-26.37302,-26.372213,-29.043587,-29.816175,-26.958467,-26.134277,-25.569632,-26.377287,-25.15413,-26.749304,-27.437532,-25.183395,-24.910593,-23.206799,-22.550415,-25.034016,-27.901413,-28.347187,-28.595512,-28.505531,-26.899323,-26.699638,-27.379562,-28.080744,-30.499172,-28.1641,-25.335644,-25.838533,-24.033787,-25.235731,-26.853563,-27.480694,-30.410038,-30.368727,-26.417952,-25.941635,-27.605274,-27.43919,-25.898878,-25.230228,-25.536346,-25.480576,-25.020157,-25.304605,-26.553997,-29.26043,-26.77709,-26.75954,-26.724598,-25.214905,-26.947405,-29.136734,-28.171719,-27.399485,-25.838516,-25.93165,-27.367924,-28.584127,-27.24401,-28.127232,-29.109566,-28.472738,-25.838097,-22.86789,-22.55577,-23.604012,-24.388376,-24.805243,-27.248938,-29.219898,-26.945826,-25.64811,-25.671576,-26.534103,-28.068869,-26.935936,-23.563068,-22.652935,-24.70169,-27.26841,-25.765083,-25.798046,-25.559422,-24.399872,-25.13129,-27.712585,-24.806702,-23.51726,-25.700163,-27.754435,-27.215858,-25.81136,-25.524734,-25.056496,-25.871946,-25.396374,-25.226553,-25.181198,-27.107988,-26.915203,-24.845177,-24.86893,-25.244495,-25.27553,-26.099068,-27.513569,-26.169216,-26.070557,-23.666927,-24.45842,-26.65083,-25.703447,-26.698318,-25.68913,-24.097267,-25.491901,-27.954216,-26.598255,-26.536057,-30.084826,-31.387693,-28.132038,-27.549324,-27.58763,-29.346586,-25.268375,-23.910229,-24.522337,-24.317623,-24.676743,-25.175991,-25.794922,-26.265081,-27.700384,-27.833015,-26.267506,-25.152794,-25.625671,-24.92155,-26.244314,-27.438686,-24.5618,-24.20007,-25.58973,-26.384886,-26.149574,-27.801836,-25.556112,-26.6399,-25.002926,-25.232275,-26.891369,-25.909798,-25.741718,-26.307207,-26.060389,-24.058474,-25.451757,-26.471052,-26.687363,-25.066456,-25.097565,-23.938765,-24.4016,-27.390833,-26.429653,-25.159315,-25.544975,-27.63213,-25.187958,-25.652931,-24.540932,-24.824303,-26.038082,-27.629248,-25.796722,-24.887619,-27.02755,-27.766262,-26.192741,-25.872768,-26.266586,-26.436108,-27.039114,-27.19348,-27.095022,-25.30806,-25.229134,-28.75111,-28.55688,-27.910583,-26.911036,-26.979252,-27.142,-27.684399,-25.878948,-25.091526,-25.70322,-26.009706,-23.643768,-26.053024,-25.468235,-24.911121,-25.852974,-27.219341,-28.457094,-25.010529,-22.604185,-25.464993,-25.997288,-26.888432,-26.72993,-26.551872,-26.828846,-27.526855,-26.649364,-25.274332,-27.799637,-25.108387,-25.547052,-29.668335,-29.98718,-26.085545,-26.063799,-26.933544,-27.234222,-28.217636,-24.85971,-24.556,-26.257114,-28.14467,-25.417686,-25.82136,-26.535624,-25.700073,-27.619188,-28.232098,-25.79265,-23.928005,-24.690117,-24.984913,-26.268871,-27.206665,-25.655605,-25.482388,-26.160395,-27.203394,-27.462038,-27.705154,-28.214218,-27.930334,-30.165367,-30.258224,-26.60049,-25.871498,-25.968666,-26.676546,-25.344372,-25.149239,-27.311697,-26.88274,-27.252901,-26.61227,-27.339226,-25.796272,-25.926224,-28.315235,-27.65351,-27.856236,-25.937267,-25.726042,-27.60183,-26.46252,-26.952686,-27.225658,-26.598038,-25.3924,-25.743284,-25.180187,-23.948994,-27.09871,-27.70257,-28.554308,-25.826954,-25.539085,-25.476276,-26.946253,-27.194223,-27.008505,-28.9412,-27.337431,-25.362751,-25.092112,-25.76193,-29.360332,-27.866302,-26.848286,-25.172676,-26.135012,-27.843868,-25.911858,-26.570675,-27.372879,-26.849152,-25.427021,-24.987022,-24.992535,-25.781887,-28.568844,-30.432518,-28.519747,-26.62197,-25.404297,-25.28459,-26.575226,-28.090946,-28.86866,-27.611923,-28.169102,-25.630217,-24.201563,-26.821657,-28.999012,-26.38451,-24.727922,-25.635132,-26.533485,-25.254887,-26.517529,-27.50893,-28.520187,-27.94612,-27.834534,-25.733566,-24.617031,-24.35931,-27.57679,-29.101562,-25.834246,-26.39305,-27.743544,-28.052269,-26.524446,-26.661297,-27.097263,-27.606743,-25.584778,-27.03598,-29.108175,-27.846918,-26.379341,-27.704853,-30.3657,-26.522036,-25.457783,-26.41068,-24.549927,-24.189663,-24.086845,-23.892271,-24.916672,-25.374256,-29.420801,-27.24329,-24.180428,-24.570679,-25.003979,-26.44577,-25.076994,-24.920021,-25.105688,-24.353222,-25.35148,-25.256779,-29.164352,-26.87499,-22.77597,-24.44669,-25.489943,-24.401863,-25.279129,-25.2994,-26.11052,-24.104954,-24.502903,-26.221079,-26.661434,-27.591713,-28.478937,-28.07461,-25.278305,-24.448658,-23.51727,-24.760937,-27.31124,-29.103,-28.335499,-27.498844,-25.722214,-25.885654,-26.831287,-26.489296,-26.79882,-29.455568,-29.639252,-28.12546,-26.122635,-27.381317,-30.17353,-30.013819,-28.36063,-26.356716,-25.289885,-28.102058,-28.394413,-26.874924,-28.178818,-26.543552,-26.82169,-25.979538,-25.51651,-27.218008,-27.046686,-29.128994,-28.531834,-25.759113,-27.656673,-30.91475,-30.482622,-27.847069,-29.008427,-32.429512,-32.854298,-32.829174,-32.81824,-32.838478,-32.833996,-32.838253,-32.838985,-33.46849,-38.681442,-56.706535,-80.0,-80.0,-80.0,-80.0,-80.0,-80.0,-80.0,-80.0,-80.0,-80.0,-80.0,-80.0,-80.0,-80.0,-80.0,-80.0,-80.0,-80.0,-80.0,-80.0,-80.0,-80.0,-80.0,-80.0,-80.0,-80.0,-80.0,-80.0,-80.0,-80.0,-80.0,-80.0,-80.0,-80.0,-80.0,-80.0,-80.0,-80.0,-80.0,-80.0,-80.0,-80.0,-80.0,-80.0,-80.0,-80.0,-80.0,-80.0,-80.0,-80.0,-80.0,-80.0,-80.0,-80.0,-80.0,-80.0,-80.0,-80.0,-80.0,-80.0,-80.0,-80.0,-80.0,-80.0,-80.0,-80.0,-80.0,-80.0,-80.0,-80.0,-80.0,-80.0,-80.0,-80.0,-80.0,-80.0,-80.0,-80.0,-80.0,-80.0,-80.0,-80.0,-80.0,-80.0,-80.0,-80.0,-80.0,-80.0,-80.0,-80.0,-80.0,-80.0,-80.0,-80.0
-28.939693,-25.338217,-29.120806,-29.028294,-29.327454,-25.993685,-26.013742,-25.764168,-28.148346,-26.899094,-25.787895,-26.158794,-26.154278,-27.520088,-27.686003,-25.99979,-23.289087,-24.067318,-24.98544,-25.495491,-26.997618,-28.34729,-27.656107,-28.072777,-26.943327,-27.917728,-27.975212,-26.328657,-26.344746,-27.3373,-25.372353,-28.408432,-29.716536,-26.05118,-23.280018,-25.397068,-25.494026,-26.618462,-26.477448,-27.228806,-26.63734,-27.614626,-27.690422,-26.159285,-25.104656,-26.141613,-27.484215,-27.629766,-26.083757,-25.955715,-27.458782,-27.23519,-28.202213,-27.940155,-24.998571,-26.691006,-28.024408,-26.140076,-25.07304,-24.166012,-24.385597,-26.859608,-27.277508,-25.863342,-24.179955,-26.151575,-28.14631,-26.213707,-25.127987,-24.68933,-26.518318,-25.929827,-24.48203,-24.953888,-26.616682,-27.724586,-27.121656,-28.041744,-26.961737,-25.19527,-29.097368,-31.104425,-29.719173,-28.692154,-27.629213,-26.56229,-26.64462,-28.81477,-28.98378,-27.244762,-27.469837,-27.297968,-26.74304,-27.106842,-26.05831,-26.908747,-28.539635,-29.442978,-29.072784,-28.050667,-28.277859,-25.0424,-25.660574,-27.11266,-27.344757,-27.625343,-25.22744,-25.161968,-26.400003,-25.623495,-30.888191,-41.01891,-40.63157,-38.192574,-38.132454,-39.16315,-39.956013,-42.818092,-39.7731,-39.440266,-41.082115,-45.829765,-42.02567,-42.791477,-45.990456,-41.229103,-42.013382,-37.498604,-29.578709,-28.107893,-28.79331,-26.797745,-26.723618,-25.57696,-27.15161,-29.358887,-27.72762,-27.035126,-25.854156,-27.110157,-26.4925,-25.573145,-26.72933,-26.153725,-25.392399,-28.191576,-27.855011,-28.615736,-26.255701,-26.302681,-27.2477,-24.467577,-24.512608,-25.924105,-27.98668,-26.169243,-26.297028,-27.06792,-27.279682,-26.870361,-27.549007,-26.74546,-24.97063,-26.23719,-25.767391,-27.218601,-26.95414,-27.710098,-27.96453,-27.258354,-26.093372,-25.685162,-26.407635,-24.148594,-25.108692,-25.771873,-25.228327,-24.574713,-26.67583,-27.37846,-29.322025,-29.08545,-25.982975,-26.12755,-27.429674,-29.432867,-28.938084,-26.723738,-25.78371,-26.57772,-26.850304,-25.355042,-24.182476,-25.829908,-25.389427,-27.694561,-29.416182,-27.4931,-25.496208,-24.814724,-24.748575,-25.261194,-24.44566,-24.364666,-26.294815,-27.6922,-27.483019,-26.697792,-28.148348,-27.455778,-27.623688,-29.071552,-28.57029,-28.823112,-26.905666,-23.663998,-24.268713,-26.506851,-26.705444,-26.53451,-26.387465,-24.10645,-25.47176,-29.19776,-28.739557,-24.768452,-24.95096,-25.9048,-26.656157,-25.24105,-24.26909,-27.488201,-26.529861,-26.080965,-27.060871,-25.159472,-28.685543,-30.297127,-29.13452,-26.68513,-25.4199,-26.070353,-26.754156,-24.852861,-28.022219,-26.399305,-24.998705,-26.139252,-27.528435,-28.960672,-26.852228,-25.71694,-24.387661,-25.903706,-24.51556,-24.708858,-24.8951,-25.753988,-25.980179,-25.619461,-26.550245,-30.892576,-28.435299,-23.107971,-22.322454,-26.874619,-25.784456,-25.352406,-25.026482,-25.730286,-27.118813,-27.11677,-29.474226,-28.60766,-26.106255,-27.593107,-27.34989,-26.238102,-25.58435,-26.309109,-23.625547,-24.76181,-25.330313,-27.368326,-26.440592,-24.582733,-23.734938,-24.846859,-25.704193,-24.920403,-23.832563,-25.365652,-27.096869,-25.433273,-24.978697,-25.070087,-24.943546,-25.475231,-27.255531,-25.763603,-25.927263,-24.619019,-24.101234,-26.487097,-25.882505,-25.17898,-26.098293,-24.284164,-24.696266,-27.576012,-25.691795,-24.930061,-27.26974,-25.074175,-24.16517,-25.541042,-27.304924,-26.363018,-26.275408,-27.146175,-27.247868,-28.954985,-30.676943,-26.613626,-25.085,-26.010006,-26.139656,-26.664452,-26.555557,-25.500397,-25.24356,-24.834051,-25.708942,-27.137524,-23.562107,-24.962795,-28.840181,-27.95754,-26.944239,-24.776281,-24.85602,-26.787521,-26.887863,-24.943375,-28.331064,-27.651318,-25.169529,-24.498468,-26.15245,-25.619038,-25.241417,-26.387644,-28.18764,-26.263273,-26.979406,-27.92482,-24.994026,-25.951012,-26.027706,-25.287493,-23.704082,-27.041656,-26.495466,-24.993673,-27.181215,-28.482471,-27.38781,-28.94397,-27.001389,-25.530228,-25.503326,-28.020933,-28.290264,-26.994125,-28.197594,-30.20968,-28.31279,-26.785084,-26.419022,-28.00225,-26.1451,-26.453857,-26.167114,-26.228722,-26.883854,-27.650007,-25.897358,-26.664906,-26.040237,-26.4837,-25.119934,-26.921463,-26.726816,-26.320429,-24.809855,-25.533571,-26.037167,-28.405632,-30.524998,-26.689857,-24.166265,-25.485584,-27.038616,-26.444365,-26.257801,-24.141985,-24.55529,-27.40153,-28.498344,-27.332237,-27.167027,-24.626534,-25.782516,-27.52515,-28.3671,-26.165905,-26.80112,-29.09431,-27.970428,-25.462616,-25.646204,-25.772406,-25.81497,-24.729061,-26.229305,-26.3675,-27.498903,-25.135136,-25.528963,-24.14987,-22.904776,-24.038994,-23.603027,-23.037485,-25.658298,-26.407162,-24.48164,-25.58418,-26.343338,-24.832312,-23.848091,-25.660835,-26.855797,-26.37096,-27.634937,-27.60918,-26.2705,-25.654066,-25.447784,-25.037334,-23.993101,-24.688593,-25.905277,-27.56968,-28.15293,-26.781929,-24.266903,-23.551956,-26.81746,-25.827492,-25.476158,-27.448673,-27.075993,-27.202335,-27.083893,-25.14672,-25.822914,-26.607637,-27.613567,-27.517279,-26.298714,-27.709122,-26.392536,-24.99567,-24.86137,-25.656254,-26.76905,-28.250916,-26.277412,-25.096512,-25.282211,-27.015142,-27.783371,-25.545391,-25.724428,-25.980286,-25.490631,-25.905743,-27.1876,-26.475956,-26.635597,-26.110775,-25.051601,-27.431444,-28.186249,-27.480658,-27.919031,-28.210842,-26.643707,-25.869442,-26.607693,-30.18647,-29.335533,-27.731762,-27.690636,-25.61448,-24.340939,-24.810474,-25.366451,-28.276112,-28.19523,-26.18504,-26.80294,-27.534416,-26.425642,-27.647327,-27.44634,-26.550716,-27.855995,-28.191957,-25.195822,-23.871449,-23.20122,-25.15229,-27.776045,-25.927341,-25.523766,-25.75901,-25.527222,-25.961266,-27.869915,-26.52761,-25.714687,-25.826977,-25.61232,-25.454205,-25.698277,-27.23424,-27.591366,-28.567228,-25.861614,-25.614029,-24.32438,-23.956501,-24.952675,-26.55979,-26.489468,-27.956238,-27.528893,-27.093933,-26.757803,-26.855215,-25.701866,-24.944483,-26.912428,-26.5378,-27.500118,-27.84078,-26.522476,-25.197048,-26.46746,-27.111317,-26.956682,-26.323427,-25.42508,-25.306725,-25.357239,-25.760666,-25.305899,-26.191288,-26.581821,-25.844551,-26.226467,-27.361324,-29.270218,-26.93291,-24.350613,-24.50262,-26.79502,-26.441423,-25.391026,-27.029789,-29.364021,-29.541107,-28.764696,-27.921364,-26.546051,-27.367138,-29.081835,-26.844734,-26.516483,-27.049715,-25.517353,-26.795485,-28.544287,-26.748726,-24.246017,-27.247366,-26.845297,-27.138748,-27.52384,-27.97865,-27.226742,-25.94435,-26.02634,-28.572533,-27.128506,-27.400463,-27.922415,-27.944103,-29.314108,-26.540918,-25.869858,-24.933638,-26.660826,-27.227686,-27.808983,-33.21666,-44.160004,-53.08491,-52.42527,-52.14917,-52.673306,-52.526894,-52.63676,-52.63565,-51.237312,-54.288853,-66.62123,-80.0,-80.0,-80.0,-80.0,-80.0,-80.0,-80.0,-80.0,-80.0,-80.0,-80.0,-80.0,-80.0,-80.0,-80.0,-80.0,-80.0,-80.0,-80.0,-80.0,-80.0,-80.0,-80.0,-80.0,-80.0,-80.0,-80.0,-80.0,-80.0,-80.0,-80.0,-80.0,-80.0,-80.0,-80.0,-80.0,-80.0,-80.0,-80.0,-80.0,-80.0,-80.0,-80.0,-80.0,-80.0,-80.0,-80.0,-80.0,-80.0,-80.0,-80.0,-80.0,-80.0,-80.0,-80.0,-80.0,-80.0,-80.0,-80.0,-80.0,-80.0,-80.0,-80.0,-80.0,-80.0,-80.0,-80.0,-80.0,-80.0,-80.0,-80.0,-80.0,-80.0,-80.0,-80.0,-80.0,-80.0,-80.0,-80.0,-80.0,-80.0,-80.0,-80.0,-80.0,-80.0,-80.0,-80.0,-80.0,-80.0,-80.0,-80.0,-80.0,-80.0,-80.0
-32.066406,-29.665016,-30.661383,-28.246447,-24.80981,-25.642149,-27.567577,-28.005997,-27.769915,-28.221617,-27.510988,-27.581142,-28.22094,-29.711233,-29.088211,-29.37243,-28.338245,-26.938322,-25.510254,-25.49504,-25.460243,-23.455458,-24.232475,-25.91996,-25.417454,-26.062714,-28.88465,-26.756168,-25.44485,-26.64197,-29.82142,-29.908262,-27.906433,-28.068947,-26.509422,-25.60632,-26.840883,-27.62852,-26.922493,-27.803892,-28.812738,-27.553526,-26.806763,-25.688698,-23.128502,-24.659714,-28.822569,-25.427614,-24.645784,-26.209244,-27.42928,-27.709835,-25.618908,-27.301147,-28.8188,-28.647715,-28.524363,-27.415289,-26.971111,-23.407864,-21.6667,-25.047096,-28.991375,-27.172348,-25.493322,-26.973425,-28.12262,-27.154036,-25.497293,-26.127289,-27.993048,-28.70046,-28.722296,-27.518646,-26.55034,-27.950558,-29.983131,-26.967031,-24.189636,-25.432297,-27.103817,-26.173317,-26.237003,-28.293743,-27.78849,-24.77451,-23.806932,-25.533028,-29.571426,-27.553389,-26.897947,-27.982092,-25.224253,-24.22525,-25.34871,-26.501837,-25.65863,-26.522661,-26.326397,-27.897598,-27.436766,-26.535603,-25.232483,-26.745794,-26.499275,-26.513039,-26.420963,-26.745249,-26.174452,-26.055069,-30.857704,-39.807384,-39.327274,-40.06702,-39.89251,-38.64071,-37.770363,-41.123573,-40.186485,-39.212738,-40.059544,-44.575943,-43.21209,-39.60015,-41.8966,-41.923576,-41.7322,-38.84704,-27.729122,-25.506577,-27.552593,-27.369831,-26.95174,-27.004894,-26.331146,-28.242561,-28.011871,-28.650131,-27.429277,-26.274439,-26.47121,-25.270187,-23.290176,-24.6806,-25.549398,-26.340986,-26.710598,-27.695974,-26.66375,-26.847313,-29.702763,-28.885181,-28.263124,-27.314108,-28.83157,-29.129677,-30.173265,-30.088451,-25.306301,-23.43786,-26.262926,-28.415234,-27.869514,-24.9814,-26.318201,-27.508661,-26.037518,-28.03433,-27.32409,-24.714369,-25.952728,-25.277328,-26.097021,-26.062248,-27.580725,-28.70921,-28.468021,-27.169044,-28.014635,-28.938272,-27.01242,-27.723389,-27.118946,-26.202314,-25.685488,-27.019207,-27.140406,-26.383669,-24.887875,-25.3841,-27.837292,-26.241337,-27.486237,-28.538387,-26.708153,-25.448654,-27.327667,-27.477533,-27.179605,-26.223003,-26.222338,-25.982101,-26.611195,-24.455927,-25.04926,-28.09116,-25.485561,-27.155699,-26.685022,-25.62828,-28.323248,-29.03169,-26.479965,-27.714146,-28.650692,-27.378206,-25.04692,-25.113182,-24.776556,-24.78881,-27.096495,-25.97689,-25.34541,-26.875347,-26.00914,-24.508957,-25.047728,-24.792313,-24.503376,-24.059605,-24.742817,-27.598803,-25.409912,-25.483814,-27.533756,-26.504316,-28.095293,-27.342518,-26.14478,-26.42579,-27.098255,-28.089203,-27.640762,-24.565397,-25.107576,-26.771769,-27.71215,-25.624166,-25.134487,-26.90124,-26.214495,-27.175562,-25.535692,-26.09657,-23.882412,-22.964153,-23.306637,-24.545551,-28.062998,-27.086687,-25.006771,-24.887651,-25.311928,-25.079884,-26.905005,-25.247143,-25.542118,-29.80786,-28.135319,-27.345085,-26.005829,-25.277004,-27.417585,-24.354914,-23.827152,-24.990852,-23.210573,-24.375137,-26.223375,-25.175394,-24.474045,-26.470013,-28.384224,-28.779564,-27.112568,-25.084476,-26.38851,-24.458626,-24.456814,-24.848461,-24.701597,-26.296383,-27.73967,-27.092508,-28.450169,-27.441284,-25.146502,-24.561832,-22.543161,-23.838823,-26.371454,-25.334023,-26.054155,-26.6828,-26.24834,-25.126999,-25.578123,-25.046003,-25.889164,-25.80347,-25.547634,-24.272327,-25.523289,-24.961967,-25.976254,-26.183546,-27.532948,-27.063892,-26.988237,-25.557636,-24.474415,-25.005917,-25.248907,-25.118237,-25.8316,-25.623112,-26.287296,-27.452091,-27.651184,-28.363176,-25.31984,-24.886898,-26.994072,-27.611574,-25.408058,-25.505955,-27.190002,-27.4108,-26.238716,-24.640131,-24.542492,-25.030897,-25.837948,-26.373344,-27.395523,-27.577448,-24.625675,-23.106365,-24.655346,-25.765411,-25.880428,-28.454044,-28.085644,-25.932518,-26.833889,-27.240065,-28.174305,-26.527185,-25.75571,-25.813929,-24.971535,-26.361013,-25.446404,-25.091059,-27.925682,-26.68861,-27.181084,-28.940624,-26.855186,-27.630192,-28.371449,-27.717388,-26.899492,-25.725681,-27.213081,-27.310558,-28.15149,-27.150156,-28.347992,-29.833878,-26.151026,-25.190271,-28.756203,-27.39927,-26.699781,-26.500116,-24.89353,-27.058077,-27.436947,-28.05455,-25.67435,-26.239754,-26.018505,-24.33387,-26.102701,-27.126848,-26.5557,-25.783379,-27.047634,-27.176256,-25.212872,-23.933048,-25.930763,-24.73336,-23.809532,-23.895035,-25.224987,-26.774673,-29.877792,-30.17485,-27.855202,-23.695026,-24.17453,-25.768097,-26.484814,-30.043573,-26.816265,-25.710735,-25.841377,-26.336021,-25.228994,-24.88074,-24.768408,-23.768734,-23.548092,-25.56062,-26.811905,-24.190216,-24.684002,-24.639708,-25.858147,-25.508272,-26.69363,-25.585403,-25.166878,-24.917812,-24.131271,-25.143993,-26.931715,-27.582317,-25.365423,-25.003643,-25.558191,-26.196459,-27.463558,-26.260418,-26.079222,-24.856026,-25.367157,-25.971394,-24.645624,-25.32394,-26.333963,-27.676058,-25.879845,-26.275146,-27.690237,-27.473532,-26.652103,-26.745405,-23.39817,-23.068262,-25.635801,-28.26691,-26.092764,-25.016626,-25.571867,-25.804588,-24.74723,-24.932123,-27.091965,-27.782299,-25.962875,-25.417255,-25.283388,-26.85345,-27.35899,-27.45805,-26.371943,-25.200651,-26.484394,-25.937332,-26.61776,-23.563194,-24.233067,-26.151917,-26.55867,-27.71066,-25.98294,-27.34792,-29.39153,-27.528603,-25.94785,-26.06271,-25.750624,-27.548035,-28.393574,-28.819729,-27.97852,-27.409256,-27.8251,-28.034184,-27.122608,-26.037167,-26.443735,-26.278158,-26.711725,-28.92168,-26.654566,-25.798412,-26.25594,-26.388306,-29.310143,-29.938808,-28.044468,-27.825825,-27.219038,-27.944248,-28.557793,-26.715761,-26.45448,-27.726818,-28.171362,-25.471714,-25.135647,-27.044846,-25.133396,-22.005018,-24.621853,-24.861206,-25.906084,-26.15356,-26.94348,-27.474085,-26.804981,-26.124432,-26.81725,-29.85565,-29.742828,-27.495424,-24.598186,-25.982468,-27.639181,-28.386883,-28.153831,-27.902843,-26.302128,-26.688744,-26.534372,-25.232468,-27.631954,-28.916983,-27.622551,-27.51727,-26.636494,-24.342468,-26.567963,-27.765842,-27.681684,-28.838713,-28.678823,-26.3191,-24.171108,-22.849266,-24.924442,-25.581696,-26.694279,-25.142254,-25.878965,-26.218983,-26.381489,-25.64886,-25.427208,-27.023346,-26.997328,-27.715857,-24.564997,-22.807955,-25.439198,-27.918488,-27.214975,-27.58006,-25.326359,-27.076956,-27.088118,-29.31611,-27.015806,-26.978119,-28.58557,-27.314215,-28.093533,-26.962933,-23.309902,-25.096003,-26.50287,-25.354485,-25.212736,-26.240738,-25.909405,-25.065237,-24.296406,-26.682482,-27.618393,-24.237244,-23.74782,-26.514454,-24.97984,-26.143364,-28.410728,-29.638796,-27.65989,-26.370213,-27.191353,-26.690075,-26.306793,-26.638878,-27.49935,-30.28157,-35.75662,-36.38534,-36.36636,-36.358616,-36.37278,-36.370544,-36.373665,-36.37333,-36.990154,-42.090706,-59.72937,-80.0,-80.0,-80.0,-80.0,-80.0,-80.0,-80.0,-80.0,-80.0,-80.0,-80.0,-80.0,-80.0,-80.0,-80.0,-80.0,-80.0,-80.0,-80.0,-80.0,-80.0,-80.0,-80.0,-80.0,-80.0,-80.0,-80.0,-80.0,-80.0,-80.0,-80.0,-80.0,-80.0,-80.0,-80.0,-80.0,-80.0,-80.0,-80.0,-80.0,-80.0,-80.0,-80.0,-80.0,-80.0,-80.0,-80.0,-80.0,-80.0,-80.0,-80.0,-80.0,-80.0,-80.0,-80.0,-80.0,-80.0,-80.0,-80.0,-80.0,-80.0,-80.0,-80.0,-80.0,-80.0,-80.0,-80.0,-80.0,-80.0,-80.0,-80.0,-80.0,-80.0,-80.0,-80.0,-80.0,-80.0,-80.0,-80.0,-80.0,-80.0,-80.0,-80.0,-80.0,-80.0,-80.0,-80.0,-80.0,-80.0,-80.0,-80.0,-80.0,-80.0,-80.0
-33.15342,-31.244846,-31.294558,-29.081856,-26.046696,-27.932158,-27.635796,-27.473228,-25.160671,-23.214478,-25.406769,-26.577955,-26.734211,-28.79194,-27.652243,-26.384258,-27.798609,-27.583412,-25.239586,-26.031918,-26.92185,-26.003963,-24.456535,-23.489513,-24.936523,-26.072956,-25.182465,-24.57193,-25.520752,-27.611431,-27.639517,-26.400753,-25.537216,-25.679737,-25.957119,-25.690187,-26.319746,-27.091333,-22.731476,-22.472921,-25.873455,-27.282408,-27.136862,-26.159899,-26.672907,-27.860262,-30.493484,-30.453398,-28.4888,-27.76144,-28.188007,-29.528189,-26.47033,-26.388538,-28.087383,-28.112595,-27.047962,-28.389063,-27.49873,-25.300236,-26.103662,-25.228579,-25.508595,-26.165827,-26.36594,-25.419292,-25.032166,-25.70591,-24.104477,-24.0027,-26.943153,-29.556704,-29.912493,-30.1342,-29.846933,-28.6306,-28.538157,-25.474312,-25.96699,-27.026575,-24.828638,-23.951962,-23.764065,-27.631815,-27.885874,-27.751997,-28.58429,-28.31524,-27.319069,-24.90137,-27.222118,-27.108973,-26.36948,-26.01184,-25.351543,-27.06472,-28.056032,-27.166155,-26.929611,-27.631273,-26.81542,-26.650797,-26.44546,-26.682306,-24.984737,-24.551529,-24.583467,-26.142502,-26.741608,-25.264236,-29.182554,-38.039,-40.29393,-42.632923,-43.530624,-39.75696,-40.702614,-42.020645,-40.289272,-38.149673,-41.85849,-50.461845,-44.320904,-39.494034,-42.378593,-43.03178,-42.88751,-36.175575,-28.170506,-26.992222,-27.322948,-27.703346,-26.965206,-26.888893,-27.221355,-28.461922,-28.200619,-26.901222,-26.186352,-26.768631,-25.660997,-24.260326,-24.255964,-24.876974,-23.065296,-24.448643,-26.348747,-26.078194,-27.335943,-28.627693,-26.81879,-28.328072,-25.408619,-23.43274,-25.479261,-25.91283,-26.426634,-26.053421,-26.629791,-24.991516,-25.251884,-26.636686,-26.167953,-24.956127,-25.472986,-24.232292,-24.508175,-26.215418,-26.092388,-24.132946,-26.081049,-28.293415,-28.469091,-25.816265,-27.365562,-26.453815,-26.62081,-27.694784,-26.719215,-26.280003,-27.637835,-24.763884,-26.81444,-26.959867,-26.00932,-24.78709,-23.765636,-24.542986,-24.679409,-23.771364,-24.671911,-26.870594,-28.02417,-27.79586,-26.117075,-24.948338,-26.96798,-27.392443,-25.81821,-25.319962,-25.871593,-27.05877,-26.387463,-25.669476,-27.73848,-30.64884,-28.436357,-29.275814,-27.116125,-26.5507,-27.642536,-26.875977,-25.672852,-28.807377,-28.69788,-26.440243,-27.334269,-24.398575,-24.58459,-25.061737,-26.119423,-26.561098,-25.833977,-25.911268,-26.54043,-28.960264,-25.490936,-23.44471,-24.284111,-26.352478,-27.824215,-26.959045,-25.127396,-27.25301,-28.680677,-27.86805,-27.268513,-27.307579,-27.571455,-27.07846,-28.263607,-27.416176,-27.44875,-26.038277,-25.88007,-28.94443,-26.925709,-25.991598,-28.068163,-28.854862,-29.34874,-28.378174,-25.586327,-25.1629,-24.25998,-23.427845,-25.720293,-25.598133,-26.659088,-28.07517,-28.710743,-27.298412,-25.516596,-27.189901,-26.90779,-25.54705,-26.556831,-28.8202,-28.940277,-28.974401,-27.041046,-27.899654,-28.93796,-26.180576,-25.418964,-25.6077,-25.771503,-26.218294,-24.98441,-25.841545,-26.937244,-27.134476,-26.703487,-27.390854,-27.113325,-27.177395,-27.615501,-25.413012,-25.619703,-28.446644,-29.288803,-28.65044,-26.276096,-25.545494,-25.693157,-27.2455,-25.1217,-25.89576,-26.315287,-25.697903,-26.584082,-26.941595,-25.896046,-26.118137,-22.91051,-23.211102,-24.712616,-26.517189,-24.45628,-25.487717,-26.441326,-23.569735,-26.747604,-27.679632,-25.851732,-25.79457,-26.06564,-25.246357,-25.235594,-27.806404,-28.523354,-25.950245,-25.769266,-25.389606,-25.870823,-27.933998,-26.68831,-25.857204,-29.04459,-28.747364,-25.002357,-25.847944,-26.777185,-27.584835,-25.304317,-26.50431,-27.29969,-27.226086,-26.622658,-27.168928,-27.972012,-28.464258,-27.578674,-25.646055,-27.1706,-27.495039,-22.955282,-22.84937,-24.93185,-25.477116,-28.234463,-26.572844,-27.220978,-30.688179,-29.613377,-28.891722,-25.755634,-25.246029,-24.749203,-24.65966,-25.75655,-27.20441,-26.784492,-27.654325,-27.258083,-24.68777,-25.028536,-25.756847,-24.555195,-26.00901,-28.234331,-28.541069,-28.858059,-28.046555,-27.213898,-25.755384,-25.383175,-25.502903,-27.014034,-27.218315,-25.97082,-25.49788,-27.39527,-26.797619,-26.828117,-25.793583,-24.289803,-25.651873,-27.099928,-28.665041,-27.808867,-26.846899,-28.089205,-25.786335,-25.154985,-26.5512,-27.388386,-24.079205,-24.002272,-26.503998,-27.1586,-25.04042,-25.930346,-27.267033,-26.653738,-27.219444,-27.13379,-25.240385,-26.671398,-29.098227,-28.09419,-30.197159,-28.073513,-26.304214,-24.457024,-25.788494,-28.52947,-25.837967,-26.303785,-26.849777,-25.650421,-25.350166,-24.907549,-24.581154,-26.763935,-27.029974,-25.684406,-25.563534,-25.71778,-24.186771,-26.173927,-26.97564,-27.39321,-25.787762,-24.820963,-27.066027,-26.330807,-26.570412,-27.21984,-27.177374,-26.409504,-26.117117,-26.765116,-26.382366,-27.221361,-26.291573,-24.94913,-24.551792,-26.236374,-27.225454,-27.18321,-24.829815,-24.800732,-28.670925,-28.38957,-26.985577,-26.580599,-26.423693,-25.51445,-24.594463,-23.310974,-24.82483,-24.08241,-24.61774,-25.515919,-25.158943,-24.602434,-25.153152,-24.718822,-25.176281,-27.282763,-27.897964,-27.539747,-26.47232,-26.191357,-25.25275,-26.82241,-28.324322,-26.556065,-26.701603,-26.823154,-27.144314,-27.5966,-27.086119,-28.330776,-28.39209,-26.112864,-26.332054,-25.190063,-26.898773,-29.006226,-27.599865,-26.78828,-28.07605,-26.77911,-24.626144,-25.590279,-28.4684,-29.172771,-25.982035,-25.208988,-27.96805,-25.0318,-23.502094,-25.075512,-26.210262,-26.28125,-27.091053,-26.6018,-25.265627,-25.377953,-27.152233,-26.956116,-27.583202,-27.48394,-26.346039,-26.242996,-25.466225,-26.49889,-27.705435,-26.575834,-25.656425,-26.471096,-25.692078,-27.185642,-30.78807,-27.945707,-26.539288,-26.63284,-23.682236,-25.863941,-25.9962,-25.568771,-26.143423,-27.036053,-26.2263,-25.020485,-26.707914,-29.272507,-27.540794,-26.85993,-26.47464,-26.562695,-27.81338,-28.979834,-26.417713,-25.044983,-25.115181,-26.792614,-27.152714,-27.743675,-25.877365,-25.827814,-26.170189,-26.462765,-25.428152,-25.030325,-25.968533,-28.299736,-29.594542,-28.338032,-25.146347,-25.879206,-24.786022,-26.611538,-30.328363,-29.955378,-25.971512,-24.553318,-26.45019,-27.503437,-27.142563,-27.435884,-26.9959,-27.611994,-29.886631,-29.366562,-28.036118,-28.42432,-29.579275,-27.496658,-26.204025,-24.296883,-23.55753,-24.945457,-28.212503,-25.224367,-23.814646,-23.697464,-26.46972,-26.943611,-27.016937,-25.39061,-27.416115,-26.732439,-26.542318,-30.70974,-29.565474,-27.19035,-24.384644,-24.771862,-27.87755,-25.810816,-23.832863,-25.286993,-25.818321,-26.05674,-24.996315,-25.957691,-28.804873,-25.230837,-22.204002,-22.502237,-26.98095,-29.533955,-27.85339,-28.944792,-29.507832,-36.620575,-40.138763,-40.20697,-40.23733,-40.181686,-40.193874,-40.18226,-40.184143,-40.732365,-44.912807,-60.86947,-80.0,-80.0,-80.0,-80.0,-80.0,-80.0,-80.0,-80.0,-80.0,-80.0,-80.0,-80.0,-80.0,-80.0,-80.0,-80.0,-80.0,-80.0,-80.0,-80.0,-80.0,-80.0,-80.0,-80.0,-80.0,-80.0,-80.0,-80.0,-80.0,-80.0,-80.0,-80.0,-80.0,-80.0,-80.0,-80.0,-80.0,-80.0,-80.0,-80.0,-80.0,-80.0,-80.0,-80.0,-80.0,-80.0,-80.0,-80.0,-80.0,-80.0,-80.0,-80.0,-80.0,-80.0,-80.0,-80.0,-80.0,-80.0,-80.0,-80.0,-80.0,-80.0,-80.0,-80.0,-80.0,-80.0,-80.0,-80.0,-80.0,-80.0,-80.0,-80.0,-80.0,-80.0,-80.0,-80.0,-80.0,-80.0,-80.0,-80.0,-80.0,-80.0,-80.0,-80.0,-80.0,-80.0,-80.0,-80.0,-80.0,-80.0,-80.0,-80.0,-80.0,-80.0
-29.236645,-25.579401,-28.774511,-28.91063,-27.158283,-27.26622,-25.718796,-25.717562,-27.272434,-24.970434,-26.44098,-27.436256,-27.55965,-27.663128,-27.283417,-26.784428,-26.748707,-25.435785,-26.270353,-27.745228,-29.511913,-26.820477,-25.97482,-25.614357,-24.791359,-27.032833,-26.340227,-26.389065,-26.970745,-27.640474,-25.06876,-24.638832,-26.980066,-26.305176,-26.102646,-27.915728,-26.88068,-26.373924,-25.401276,-25.453308,-26.494473,-27.778131,-28.025908,-26.416235,-25.771172,-28.435574,-28.22831,-28.12183,-28.054323,-27.050083,-27.70372,-28.825193,-27.258656,-26.085161,-27.013033,-27.246284,-26.893566,-27.863445,-26.803543,-25.389904,-26.050907,-28.526,-27.018036,-26.557922,-25.116074,-25.599169,-28.362411,-28.70919,-26.391298,-25.237661,-26.358383,-27.770939,-27.142424,-26.688791,-24.890255,-24.198256,-27.022512,-27.260706,-25.332325,-24.996916,-26.387062,-25.955208,-25.215042,-25.598202,-25.77158,-28.232058,-29.77419,-26.917551,-24.361012,-24.052128,-27.945965,-28.171158,-27.778822,-25.980045,-24.92936,-25.355507,-24.914507,-25.75393,-27.174196,-26.750824,-26.122173,-25.621244,-28.285168,-28.06302,-27.897926,-27.587587,-26.426847,-27.393055,-27.932888,-26.627182,-28.628342,-35.444576,-37.41525,-39.01626,-38.517754,-39.46879,-40.194378,-41.280434,-39.633152,-40.490845,-44.677902,-48.801476,-44.61926,-39.179104,-40.23471,-41.20102,-42.05706,-37.990196,-30.859833,-26.248146,-24.890722,-27.179747,-27.644821,-27.21189,-25.906067,-26.290222,-28.740263,-29.602318,-25.207203,-25.379883,-26.465935,-27.497074,-27.25821,-25.993103,-26.068466,-26.439508,-25.285809,-25.5411,-26.170237,-28.523266,-28.831638,-29.921074,-27.56763,-26.508974,-25.828068,-25.545765,-26.347754,-26.885517,-27.273298,-26.24852,-25.393402,-25.625458,-25.052315,-25.038578,-26.46823,-25.985075,-24.8582,-23.526516,-25.07756,-25.375114,-26.828323,-27.622057,-26.298607,-25.74189,-25.696377,-25.562428,-26.820717,-26.935562,-25.769482,-24.693985,-27.553732,-26.75753,-27.84771,-23.950443,-23.865898,-26.386318,-25.98949,-26.33042,-26.536524,-25.10685,-24.510817,-26.527508,-27.77897,-28.425426,-26.389227,-23.724222,-24.388306,-26.480179,-27.128317,-24.771767,-23.544102,-27.965466,-27.765305,-24.679243,-25.163908,-28.539614,-26.837193,-26.728882,-28.106627,-27.575466,-26.946884,-27.23259,-27.314697,-28.316502,-26.974506,-26.206425,-26.990093,-27.156124,-27.672503,-26.709652,-27.878021,-28.090702,-27.955532,-27.59293,-27.080942,-24.97874,-25.75676,-27.417757,-28.769436,-25.835249,-26.203457,-27.355001,-26.341118,-26.784697,-26.726543,-26.698402,-26.462545,-26.580944,-27.000961,-27.694036,-26.087055,-26.549807,-29.182396,-29.174686,-26.816914,-26.693756,-27.668682,-27.846725,-29.07938,-27.271427,-27.509739,-29.41187,-29.598644,-28.182802,-27.835087,-28.153934,-29.422804,-27.025284,-27.14624,-26.931087,-27.633745,-28.605146,-26.84803,-24.99688,-26.661228,-27.97073,-25.204552,-27.18117,-28.103783,-26.772911,-26.236326,-25.978561,-29.034805,-27.468243,-26.784733,-26.930408,-26.82473,-27.1512,-24.896976,-26.44789,-27.00497,-25.367126,-24.677675,-25.36602,-24.749077,-26.551544,-27.597889,-26.863997,-25.708574,-27.090307,-27.855396,-26.489937,-25.759754,-23.583706,-25.181162,-26.980297,-26.358746,-26.268847,-26.144852,-25.812191,-26.180948,-29.108215,-26.765821,-26.617123,-27.496115,-27.610771,-26.195038,-27.562056,-25.374905,-26.572231,-27.943151,-27.69647,-30.341917,-27.543917,-25.60656,-27.004831,-28.751793,-27.30188,-26.251095,-27.858513,-30.449648,-29.481241,-30.187164,-30.294056,-27.103682,-27.615786,-26.81721,-25.656391,-26.51931,-26.584635,-27.120205,-27.940912,-28.07789,-27.973114,-24.65427,-25.396042,-27.502836,-25.28975,-24.167063,-27.691082,-27.329983,-26.181484,-26.982288,-28.188541,-27.141027,-26.273634,-25.289263,-25.865967,-23.854624,-23.333397,-26.501514,-26.06089,-26.462347,-29.805523,-28.041348,-27.949162,-28.272104,-26.3434,-25.448626,-27.874529,-28.761358,-27.003372,-26.872147,-28.584198,-27.00677,-25.986187,-25.106304,-23.9767,-24.333069,-27.046534,-27.72202,-26.988907,-27.187634,-26.831257,-25.109032,-22.9308,-23.2536,-24.470026,-25.945358,-26.648186,-25.980377,-26.644756,-27.371685,-28.407705,-29.304531,-26.61378,-26.86604,-25.389284,-24.79065,-25.522648,-25.067455,-25.389584,-27.823446,-26.789738,-25.047306,-24.44015,-26.813639,-26.457905,-27.171349,-26.17759,-24.85792,-26.239555,-26.638111,-28.708382,-30.013905,-30.305656,-24.454756,-23.008646,-25.51342,-25.731476,-26.173098,-24.197872,-23.600891,-26.26611,-26.692287,-28.262276,-29.211117,-25.74297,-25.201403,-28.71379,-27.203505,-24.666645,-26.445564,-27.566845,-29.267246,-30.270765,-27.014923,-25.723446,-26.441172,-26.101833,-27.49627,-29.810965,-26.062046,-26.307657,-29.262669,-29.108166,-28.212206,-27.187029,-25.991568,-26.902672,-25.865772,-24.908731,-26.661768,-25.351093,-24.940723,-25.270947,-24.424557,-25.354757,-24.413578,-24.759062,-27.556728,-26.088152,-25.549292,-26.624517,-29.00601,-27.707134,-25.035095,-25.991428,-25.60505,-24.210016,-23.730234,-26.505125,-27.498753,-26.054619,-25.607826,-24.396,-24.664978,-24.692314,-25.695889,-27.78029,-24.863579,-25.373169,-27.069654,-27.566107,-24.867535,-23.228863,-25.68922,-26.882275,-26.93515,-27.110312,-26.10979,-27.377625,-26.142563,-26.383953,-25.97105,-25.529776,-24.926968,-25.785954,-27.599173,-28.46359,-26.786503,-27.46291,-27.023085,-26.28516,-25.914637,-26.82159,-29.124485,-30.79298,-28.231918,-26.1328,-25.062769,-24.144737,-25.411186,-27.07868,-26.452238,-27.618584,-26.62411,-26.161104,-26.128103,-25.225576,-26.203787,-24.35447,-25.569641,-28.813906,-25.816992,-24.053984,-27.795425,-27.853474,-26.666004,-26.975937,-27.711412,-27.401255,-25.080582,-25.806557,-28.855186,-27.720873,-25.735111,-25.653461,-28.443275,-26.003887,-27.10637,-26.50822,-26.042833,-28.319172,-28.154125,-26.614405,-26.775871,-27.948027,-28.947018,-26.790287,-27.085638,-27.294546,-27.736385,-27.81443,-27.559475,-26.326849,-25.517004,-26.061314,-25.905167,-24.519112,-23.491259,-26.1083,-29.41644,-25.469786,-25.23505,-28.290152,-27.718117,-25.671352,-26.45641,-28.16558,-24.3675,-24.38638,-26.977232,-25.478031,-25.454424,-27.321865,-26.879776,-24.266127,-25.438908,-28.51564,-26.355797,-25.528072,-26.79892,-26.152401,-26.081936,-26.71416,-25.675137,-27.336834,-27.024206,-27.79381,-27.479172,-24.162817,-24.665823,-26.187422,-27.012367,-24.540768,-25.472424,-26.024363,-26.084948,-27.097694,-25.749033,-24.326046,-25.948215,-28.614428,-27.959518,-27.758083,-28.79063,-27.639212,-27.26466,-26.604527,-29.050491,-27.782146,-25.747246,-26.550152,-27.392561,-25.70869,-25.785042,-28.3996,-28.16104,-27.189432,-26.93552,-25.90687,-25.750694,-25.76862,-26.97331,-29.651966,-29.66132,-29.25576,-38.344826,-48.692757,-48.34121,-48.200367,-48.46508,-48.4122,-48.46926,-48.440666,-47.794247,-51.71627,-66.963135,-80.0,-80.0,-80.0,-80.0,-80.0,-80.0,-80.0,-80.0,-80.0,-80.0,-80.0,-80.0,-80.0,-80.0,-80.0,-80.0,-80.0,-80.0,-80.0,-80.0,-80.0,-80.0,-80.0,-80.0,-80.0,-80.0,-80.0,-80.0,-80.0,-80.0,-80.0,-80.0,-80.0,-80.0,-80.0,-80.0,-80.0,-80.0,-80.0,-80.0,-80.0,-80.0,-80.0,-80.0,-80.0,-80.0,-80.0,-80.0,-80.0,-80.0,-80.0,-80.0,-80.0,-80.0,-80.0,-80.0,-80.0,-80.0,-80.0,-80.0,-80.0,-80.0,-80.0,-80.0,-80.0,-80.0,-80.0,-80.0,-80.0,-80.0,-80.0,-80.0,-80.0,-80.0,-80.0,-80.0,-80.0,-80.0,-80.0,-80.0,-80.0,-80.0,-80.0,-80.0,-80.0,-80.0,-80.0,-80.0,-80.0,-80.0,-80.0,-80.0,-80.0,-80.0
-26.177456,-27.052578,-29.478338,-27.25768,-26.649931,-25.21565,-24.291521,-26.071426,-27.657593,-29.255978,-30.676075,-27.28953,-25.398891,-25.895622,-27.847124,-28.336786,-26.473032,-24.903337,-26.630938,-28.11055,-26.965126,-24.932632,-23.856321,-24.77245,-25.664518,-26.074356,-25.09174,-24.924149,-26.733177,-26.962032,-25.595556,-27.713089,-28.066635,-23.854797,-24.971092,-26.586018,-25.014532,-24.44857,-25.175095,-27.495611,-25.308624,-24.663267,-25.458176,-27.52042,-26.856068,-24.859468,-26.189507,-26.500942,-27.084028,-26.312654,-25.16941,-26.13962,-28.270409,-31.722275,-27.485905,-26.917763,-28.442276,-28.225935,-26.713509,-27.712635,-26.58803,-25.845373,-25.263401,-25.707615,-24.992296,-25.178684,-27.080156,-27.730618,-26.352028,-24.503525,-24.9096,-26.468319,-26.485767,-24.972506,-24.954266,-26.451298,-28.588074,-27.366095,-27.865808,-26.565163,-28.049726,-27.538473,-24.981956,-24.686043,-27.063301,-26.363935,-26.578316,-25.234362,-25.547287,-25.951355,-25.3749,-27.514746,-28.988272,-29.089668,-27.172485,-25.223354,-24.032223,-24.333094,-25.639973,-26.254578,-26.990856,-27.341888,-28.31205,-27.81255,-28.997936,-28.81031,-29.817488,-27.771902,-27.250572,-28.376709,-29.82528,-36.131973,-37.697857,-37.608612,-38.16684,-38.020977,-37.410866,-39.3247,-40.568123,-40.573685,-42.28825,-45.88742,-40.822227,-38.181892,-40.484493,-40.098312,-41.551754,-37.180935,-30.059303,-27.370052,-26.226189,-24.887957,-26.92616,-26.354576,-26.011065,-27.360968,-26.319597,-28.66379,-30.009838,-29.636753,-27.303808,-25.573265,-27.112757,-26.33812,-24.83524,-27.287083,-25.84466,-27.081844,-27.804422,-26.938301,-27.272972,-29.620415,-28.051805,-26.761713,-25.530571,-25.564854,-25.975492,-24.867243,-25.816942,-26.913609,-25.84034,-23.592505,-26.035423,-28.543007,-27.65316,-27.466385,-28.012321,-28.983877,-27.321003,-26.880344,-27.972599,-28.506596,-25.854874,-24.645294,-26.092474,-27.06192,-27.39069,-25.84861,-26.681728,-26.49889,-25.22174,-24.363943,-25.660051,-25.511095,-25.326998,-27.371664,-27.639755,-28.287788,-29.824205,-25.87445,-25.02259,-24.05119,-26.578445,-29.348772,-28.54949,-25.1413,-21.76963,-24.771706,-26.58307,-22.25512,-23.54446,-26.02238,-27.713287,-26.63934,-26.773136,-28.676952,-29.439728,-27.881634,-27.88851,-26.264286,-23.136189,-24.375275,-26.290146,-26.57025,-28.41323,-29.867401,-28.599276,-27.357592,-26.328491,-24.40297,-26.523651,-26.52406,-26.514149,-26.219967,-26.337719,-25.405312,-28.271017,-26.099895,-27.481327,-27.16829,-25.480888,-25.956589,-24.720654,-24.61307,-25.900621,-25.771835,-27.954266,-28.627987,-25.468822,-24.693129,-26.236946,-26.066158,-26.984352,-27.823229,-26.415108,-26.282074,-29.08686,-27.679573,-28.198605,-27.501408,-27.029423,-27.929974,-26.647943,-27.94557,-27.246923,-27.16033,-25.04972,-26.286827,-29.584972,-27.658484,-25.55202,-27.120304,-27.375011,-27.361723,-26.132643,-27.115192,-25.87207,-26.190388,-27.084766,-27.185429,-26.947914,-28.626595,-29.232769,-29.408285,-27.175941,-26.749727,-26.450813,-26.261246,-25.492083,-27.010431,-27.138617,-26.617064,-25.37934,-24.769365,-26.631134,-29.167896,-28.029892,-28.105534,-27.328527,-26.082945,-27.824343,-25.803978,-25.157429,-25.570034,-26.36834,-26.89674,-27.278618,-27.028427,-26.661331,-24.853235,-23.957901,-26.518682,-25.834826,-26.151264,-27.121397,-28.013155,-26.881384,-25.57235,-24.2072,-26.429108,-28.90211,-28.289803,-27.496517,-26.68441,-26.28674,-27.308052,-27.315601,-25.588348,-24.576973,-26.801815,-26.124603,-26.247677,-26.928234,-29.330883,-27.522503,-27.01793,-26.697475,-27.350143,-29.885086,-29.059002,-28.404129,-27.80794,-26.55199,-27.468748,-25.817783,-24.881687,-25.738384,-26.875822,-26.734331,-28.487125,-28.047653,-25.621685,-25.813534,-26.840454,-25.298145,-26.411518,-26.299774,-26.698456,-28.199911,-25.30807,-23.912186,-25.397676,-26.015347,-27.553034,-26.446331,-24.209352,-23.626621,-25.63036,-26.806957,-29.207584,-27.890991,-27.496696,-28.132353,-27.553381,-26.193552,-27.808483,-25.508265,-26.978125,-27.683794,-27.430908,-27.25563,-27.48471,-25.191856,-24.047016,-25.317015,-25.589607,-26.509493,-26.438011,-26.663017,-26.014591,-25.209259,-24.88781,-25.160252,-27.64516,-28.631378,-29.097363,-26.244125,-24.031582,-24.83427,-24.799875,-25.267988,-28.205498,-26.780142,-24.852633,-26.93092,-27.539125,-27.303894,-27.375742,-26.420631,-27.011177,-25.644997,-26.883812,-28.534424,-27.90817,-29.133917,-30.738924,-25.97993,-25.69424,-26.108232,-24.400932,-25.746311,-25.996006,-25.917002,-26.546064,-26.73942,-27.645554,-27.269848,-25.923153,-27.647638,-27.883652,-25.61022,-26.885078,-27.732876,-28.142843,-25.866322,-27.201727,-28.909708,-26.961716,-25.78172,-27.359812,-27.19272,-27.787828,-24.430563,-24.28191,-26.429832,-24.647512,-25.294403,-26.837492,-25.661167,-27.635376,-25.745832,-24.271475,-24.865417,-25.79559,-27.734379,-27.932228,-24.557652,-24.792885,-25.90479,-27.479727,-26.499578,-24.246542,-26.132812,-29.38155,-25.021744,-24.116016,-26.118828,-27.908709,-27.207186,-26.011944,-26.494705,-27.148705,-25.604637,-26.025127,-26.617626,-23.78366,-23.795902,-26.876427,-26.306747,-25.76667,-24.98386,-25.248775,-25.789806,-27.14185,-26.93732,-26.48895,-26.665144,-26.780327,-25.676712,-26.215145,-27.066847,-28.90861,-30.233704,-27.870476,-26.878548,-27.29803,-25.466442,-26.831024,-27.684088,-26.504757,-25.264696,-26.655819,-25.295544,-24.363987,-26.28765,-27.467327,-26.902206,-29.173908,-29.208733,-26.616058,-26.493141,-26.213867,-28.92087,-29.01348,-28.992887,-28.174171,-27.47414,-26.231182,-24.950253,-27.91607,-26.002579,-25.671274,-29.041603,-28.430252,-28.811983,-28.658884,-28.15661,-27.664734,-26.725695,-27.801311,-26.48246,-28.199396,-26.34705,-25.855572,-25.151937,-24.046627,-26.066216,-26.665936,-25.904009,-27.265583,-26.047478,-24.7584,-24.295181,-24.810747,-26.472378,-25.123806,-27.11824,-28.63118,-27.123,-26.021309,-26.469566,-26.166687,-25.485325,-25.187408,-25.218384,-26.435047,-25.279587,-25.191513,-25.823942,-23.266897,-23.2473,-26.444407,-25.08543,-23.697214,-26.406242,-29.635117,-29.176218,-28.427876,-29.543732,-26.457531,-25.658527,-24.502117,-26.630125,-25.054708,-25.220703,-26.248203,-28.160822,-29.478415,-26.158121,-27.535654,-26.93133,-25.030602,-25.96668,-26.536001,-28.215555,-28.490198,-26.07149,-26.026482,-27.13563,-27.20219,-23.955132,-23.034534,-27.336391,-30.882912,-27.891544,-25.029648,-27.084236,-27.490154,-25.85017,-26.505774,-25.74842,-25.312231,-26.758938,-30.947817,-29.995554,-27.69392,-26.486488,-26.307484,-26.717014,-28.284836,-30.750017,-28.086834,-27.266277,-26.359547,-26.380648,-26.601002,-24.957382,-26.072086,-27.996029,-29.274807,-27.343061,-26.8717,-26.659807,-26.91891,-27.556286,-30.106434,-26.869291,-27.788464,-37.696106,-39.740257,-39.83556,-39.875484,-39.801727,-39.814507,-39.798885,-39.810005,-40.881977,-46.442207,-65.98306,-80.0,-80.0,-80.0,-80.0,-80.0,-80.0,-80.0,-80.0,-80.0,-80.0,-80.0,-80.0,-80.0,-80.0,-80.0,-80.0,-80.0,-80.0,-80.0,-80.0,-80.0,-80.0,-80.0,-80.0,-80.0,-80.0,-80.0,-80.0,-80.0,-80.0,-80.0,-80.0,-80.0,-80.0,-80.0,-80.0,-80.0,-80.0,-80.0,-80.0,-80.0,-80.0,-80.0,-80.0,-80.0,-80.0,-80.0,-80.0,-80.0,-80.0,-80.0,-80.0,-80.0,-80.0,-80.0,-80.0,-80.0,-80.0,-80.0,-80.0,-80.0,-80.0,-80.0,-80.0,-80.0,-80.0,-80.0,-80.0,-80.0,-80.0,-80.0,-80.0,-80.0,-80.0,-80.0,-80.0,-80.0,-80.0,-80.0,-80.0,-80.0,-80.0,-80.0,-80.0,-80.0,-80.0,-80.0,-80.0,-80.0,-80.0,-80.0,-80.0,-80.0,-80.0
-30.267328,-28.152266,-27.382326,-26.904263,-27.027063,-26.040535,-26.248302,-27.126493,-27.31358,-25.598026,-25.625837,-24.094208,-25.39538,-27.885792,-29.700102,-28.528387,-25.974022,-24.444197,-27.137949,-31.216906,-31.53164,-28.546677,-25.25187,-26.397036,-28.193836,-26.441456,-24.1012,-24.529705,-26.086624,-29.556395,-29.042618,-28.851738,-29.149788,-29.212215,-27.654531,-28.825253,-28.993107,-27.053003,-28.306843,-28.156174,-28.977545,-28.219564,-26.663994,-26.421032,-26.758451,-26.525932,-26.334818,-28.145634,-27.293404,-24.595646,-25.154472,-26.916775,-27.221478,-28.47041,-26.463833,-25.986727,-26.253609,-26.597847,-27.148983,-27.546644,-28.434753,-27.441053,-24.242579,-26.133595,-26.99284,-24.261478,-25.876202,-27.428698,-26.582209,-26.035164,-24.166603,-26.558441,-25.013973,-23.575726,-22.559933,-24.827305,-25.922045,-24.708376,-25.114435,-27.934261,-27.953663,-26.496332,-25.195541,-26.65847,-27.477566,-27.340837,-26.489468,-24.609488,-26.408962,-25.061558,-24.430712,-25.864145,-25.066833,-26.896881,-24.50317,-24.790045,-25.747942,-24.74828,-23.760586,-25.561829,-27.270775,-28.374912,-27.313778,-26.526382,-23.686207,-23.465162,-27.633385,-29.797552,-29.247072,-28.971817,-32.620564,-36.297707,-36.8824,-37.852787,-37.805847,-36.229687,-38.538265,-40.129963,-38.019592,-37.871983,-40.92805,-45.580437,-40.268486,-37.417816,-41.696457,-43.53886,-42.355305,-37.71175,-28.111057,-26.420689,-26.463497,-24.228151,-27.164516,-25.536804,-23.440063,-28.474398,-28.585344,-25.592133,-25.324322,-27.805758,-27.285774,-26.196945,-25.83826,-26.462032,-27.695522,-29.303493,-26.9608,-28.76189,-28.782839,-26.902231,-26.03834,-27.722654,-27.697807,-26.992207,-27.442677,-25.85096,-25.007927,-25.644794,-25.601477,-27.277218,-26.340027,-25.287897,-27.335419,-28.47113,-26.811665,-23.849579,-23.891144,-25.301744,-26.245247,-26.601143,-25.554493,-25.408794,-25.714996,-26.379639,-26.845217,-26.794926,-25.430786,-26.774605,-27.787928,-26.15749,-27.298569,-28.005405,-26.846142,-25.34111,-25.725782,-25.990303,-25.727253,-27.457436,-29.516785,-25.98152,-24.739681,-26.965551,-24.191488,-24.010365,-27.394135,-28.023602,-28.670704,-27.028599,-26.141222,-26.492308,-27.819952,-25.872892,-26.185432,-24.218037,-25.187794,-27.361622,-28.321396,-24.407299,-24.904148,-25.298042,-24.904589,-24.72653,-26.764912,-29.242058,-28.258259,-27.795137,-26.710129,-25.538673,-24.452888,-23.186218,-23.24253,-22.515606,-22.815794,-26.43973,-26.377022,-25.521587,-26.818663,-26.239965,-25.851526,-27.37909,-26.355692,-25.397713,-24.402176,-26.223331,-25.723969,-25.988438,-23.938957,-25.459265,-28.03286,-26.540094,-25.556635,-25.069244,-28.915413,-27.023098,-25.885258,-26.5932,-27.78452,-24.280914,-26.481562,-27.072903,-26.075565,-28.93191,-26.67051,-25.262854,-26.349518,-28.073938,-26.704292,-26.81366,-29.488087,-29.569479,-28.394241,-28.072296,-25.79591,-26.120548,-25.928085,-26.145477,-28.186604,-29.788439,-29.26922,-28.452261,-27.277187,-25.655724,-27.197252,-27.020607,-25.827621,-24.842808,-26.508411,-24.99236,-23.08003,-24.825417,-27.73675,-26.08728,-25.933691,-25.696451,-26.332981,-26.079138,-26.154074,-24.728174,-25.477802,-27.82119,-28.508099,-26.495186,-25.982449,-26.250294,-24.282925,-24.496866,-26.756222,-27.99626,-27.63173,-26.163263,-26.806469,-27.97174,-25.637148,-26.533804,-26.294518,-26.229801,-27.447681,-25.64083,-25.084631,-26.368694,-27.174145,-24.46593,-24.2094,-24.465635,-26.02811,-26.801016,-27.139866,-27.076378,-27.062492,-28.43447,-26.976122,-27.159422,-29.876438,-30.185457,-29.108093,-29.511917,-27.398222,-26.455635,-27.150446,-25.398102,-26.728516,-27.599474,-25.62809,-26.301826,-27.410727,-28.60111,-28.374481,-28.546898,-27.546947,-26.824352,-26.044296,-25.634987,-27.175285,-25.379059,-23.976038,-24.205467,-25.262764,-26.937622,-25.608334,-24.803246,-27.155748,-26.431267,-24.400257,-24.761927,-25.98843,-24.48468,-23.23404,-25.69161,-25.849995,-26.136671,-25.767914,-25.344694,-25.497524,-27.392792,-27.443127,-26.907967,-28.972277,-29.516161,-25.83425,-24.873938,-26.2048,-25.481308,-24.572887,-26.164722,-26.458418,-26.95257,-26.924133,-26.308493,-25.575586,-23.137274,-24.505913,-26.893633,-27.168304,-23.862953,-25.714119,-28.079876,-28.415949,-25.389145,-25.408548,-24.694489,-25.66005,-25.662477,-25.691301,-25.043337,-26.757107,-28.515059,-27.830866,-28.493816,-25.692896,-25.144524,-28.818098,-28.64254,-26.804083,-27.093126,-26.926117,-28.63628,-26.274477,-24.69629,-25.710712,-27.2938,-27.16415,-25.361765,-25.253498,-26.5993,-26.286663,-25.287415,-24.176414,-24.309624,-24.319466,-25.852858,-26.862343,-28.413912,-27.57974,-25.423851,-24.298298,-25.64373,-29.221355,-26.908426,-24.64411,-27.470943,-26.042759,-25.332428,-24.942383,-24.078087,-27.317455,-28.363932,-26.873837,-26.89936,-27.102448,-26.000925,-25.640429,-27.014727,-26.532837,-24.00713,-24.250584,-26.579912,-26.281338,-25.85156,-28.154114,-29.393747,-27.395441,-25.98613,-27.752403,-28.268364,-27.32034,-26.263275,-24.524862,-25.803646,-26.450535,-27.433327,-25.93925,-24.954514,-23.979437,-25.912407,-25.695208,-27.000076,-25.170986,-25.708048,-27.724041,-25.821144,-26.984867,-27.132608,-27.961647,-29.47991,-27.784538,-27.05687,-27.175955,-27.610489,-29.065098,-26.64511,-25.18018,-30.708256,-29.440031,-25.137974,-25.587582,-26.662815,-25.60389,-25.703438,-27.969694,-27.180632,-25.98237,-28.067963,-25.048513,-25.564106,-28.268028,-26.991611,-26.589718,-27.172853,-26.502111,-25.937399,-26.027668,-25.923204,-26.922108,-25.357016,-27.312386,-26.638346,-27.62309,-26.754953,-27.546356,-28.131699,-28.160152,-27.033659,-26.852362,-26.760101,-26.487724,-27.845661,-26.541077,-27.042337,-30.315758,-27.64141,-26.606274,-28.965965,-25.69324,-26.397686,-25.956152,-25.959587,-26.66921,-26.455235,-25.985916,-25.693724,-24.915525,-25.31847,-24.682718,-25.370148,-25.873585,-24.230093,-25.956646,-26.62643,-27.34309,-28.08699,-28.402576,-26.164375,-25.29617,-25.395275,-24.190353,-22.841904,-24.01706,-23.626234,-24.516117,-27.683037,-25.737797,-24.25439,-25.94625,-27.019493,-26.461832,-27.377998,-28.239662,-27.959377,-28.623245,-27.112091,-27.3465,-25.109665,-25.100262,-27.639267,-25.27965,-25.864092,-25.849552,-26.66994,-28.159382,-27.6154,-26.224876,-24.186281,-24.83355,-23.631117,-24.298033,-24.377172,-25.323566,-24.833073,-25.620937,-25.940073,-28.551966,-28.71229,-30.10364,-28.574558,-25.788162,-25.786781,-25.447067,-26.331226,-27.140083,-26.59084,-26.133223,-26.001099,-27.312847,-26.960934,-26.472017,-25.41518,-24.812538,-25.237682,-27.416716,-26.817696,-28.001747,-28.49733,-27.382109,-26.141003,-25.617004,-25.799145,-25.715782,-25.31795,-26.528524,-26.569004,-24.86768,-25.90596,-27.370514,-25.797209,-24.941044,-27.076134,-29.254223,-31.736391,-42.948013,-50.454018,-49.804108,-49.558033,-50.025105,-49.93412,-50.03773,-49.97238,-47.89277,-50.157555,-63.63933,-80.0,-80.0,-80.0,-80.0,-80.0,-80.0,-80.0,-80.0,-80.0,-80.0,-80.0,-80.0,-80.0,-80.0,-80.0,-80.0,-80.0,-80.0,-80.0,-80.0,-80.0,-80.0,-80.0,-80.0,-80.0,-80.0,-80.0,-80.0,-80.0,-80.0,-80.0,-80.0,-80.0,-80.0,-80.0,-80.0,-80.0,-80.0,-80.0,-80.0,-80.0,-80.0,-80.0,-80.0,-80.0,-80.0,-80.0,-80.0,-80.0,-80.0,-80.0,-80.0,-80.0,-80.0,-80.0,-80.0,-80.0,-80.0,-80.0,-80.0,-80.0,-80.0,-80.0,-80.0,-80.0,-80.0,-80.0,-80.0,-80.0,-80.0,-80.0,-80.0,-80.0,-80.0,-80.0,-80.0,-80.0,-80.0,-80.0,-80.0,-80.0,-80.0,-80.0,-80.0,-80.0,-80.0,-80.0,-80.0,-80.0,-80.0,-80.0,-80.0,-80.0,-80.0
-30.127127,-28.156265,-28.019838,-26.349686,-25.824856,-26.110508,-24.919456,-24.562597,-25.15163,-23.923042,-25.644638,-26.657608,-25.542564,-24.797901,-28.749983,-29.332497,-26.684181,-24.789162,-26.165539,-26.15418,-26.094212,-28.27692,-30.405087,-29.090769,-29.099514,-28.70702,-26.596043,-23.92952,-23.446566,-26.020412,-26.58642,-27.056675,-27.393715,-26.972044,-27.503986,-27.205688,-25.623562,-26.947271,-26.9791,-28.535341,-29.016445,-26.958073,-26.770689,-27.575184,-27.250156,-28.792915,-27.007633,-26.727985,-26.515924,-24.400862,-26.124235,-28.423786,-26.869143,-26.318031,-27.616348,-31.162563,-27.329212,-24.701653,-26.874279,-27.249516,-26.940403,-29.171852,-25.796112,-27.264973,-27.440403,-25.486502,-25.204693,-25.181297,-25.09774,-25.791553,-24.200459,-26.97294,-27.890846,-25.814571,-27.477566,-27.19877,-26.617447,-25.495874,-25.71917,-28.71687,-25.753235,-23.391586,-23.952278,-26.963526,-26.378325,-26.5905,-27.089085,-28.494324,-26.549217,-25.170517,-24.729076,-27.165215,-27.730808,-28.752708,-27.747042,-28.03793,-27.442095,-25.440966,-24.67695,-25.761534,-28.148123,-26.979195,-25.72462,-27.14864,-26.07909,-24.966774,-25.661991,-25.151405,-25.227081,-27.9872,-32.86376,-37.004536,-36.25354,-36.632275,-37.31101,-36.278366,-38.275955,-40.69926,-41.362816,-38.216,-36.98314,-44.132927,-41.99879,-37.878178,-41.000458,-41.090828,-41.922047,-39.33895,-32.019016,-30.701479,-28.253164,-26.734446,-27.27359,-24.589233,-24.664879,-26.418037,-27.572315,-26.105814,-24.335403,-24.563713,-25.553764,-25.436497,-25.811188,-23.387678,-24.197664,-27.76309,-28.347511,-25.866104,-25.85622,-24.85804,-24.7654,-24.246365,-25.041182,-26.156147,-27.533249,-27.19648,-26.584661,-28.93263,-27.936373,-26.861958,-27.405865,-26.293486,-24.330126,-26.55425,-26.687231,-23.187035,-23.18052,-24.582975,-25.47687,-25.314701,-24.268078,-24.135502,-25.0304,-24.096703,-24.152527,-25.724472,-25.978256,-26.016243,-27.301231,-28.132801,-27.46394,-28.768923,-26.991957,-25.377563,-26.6178,-23.345627,-21.783367,-25.868427,-27.86296,-27.098896,-27.636887,-26.77778,-25.764149,-26.826014,-27.224041,-28.535692,-26.790361,-26.169746,-25.949284,-28.54573,-28.291939,-27.923233,-28.785112,-27.165417,-25.176704,-25.462545,-25.617537,-24.223042,-26.63977,-28.418655,-28.799187,-26.968214,-25.446701,-26.755558,-27.45075,-26.048061,-23.303024,-23.509562,-25.544773,-26.688007,-26.010485,-25.489483,-26.024914,-25.289604,-25.019077,-24.052336,-24.61425,-23.611301,-25.46682,-26.154638,-25.987848,-24.667717,-25.6464,-26.277254,-25.169312,-25.241302,-24.26112,-24.80336,-26.508984,-28.035309,-25.704926,-25.858759,-25.048384,-26.079193,-27.49935,-29.001133,-29.169146,-27.436085,-26.970028,-26.043785,-25.61528,-28.30455,-29.434893,-26.167349,-25.93475,-25.321686,-27.13123,-27.496208,-27.210491,-27.333427,-27.35433,-25.183403,-24.327621,-26.554338,-27.602798,-29.489817,-29.184364,-28.150372,-27.93805,-29.529406,-27.278385,-26.076063,-26.498257,-28.818922,-26.786322,-25.053015,-27.1956,-27.716305,-27.237259,-27.906057,-27.713177,-26.174538,-25.036295,-24.945604,-26.045444,-26.357239,-27.110504,-25.192774,-24.175535,-26.959858,-26.494957,-26.168995,-24.814407,-25.194426,-26.864866,-26.968636,-26.118553,-25.369663,-25.424076,-26.062656,-24.664135,-25.228058,-25.12284,-24.816687,-28.06075,-27.833052,-27.906403,-25.80804,-24.4498,-27.786789,-29.03634,-28.487724,-28.366108,-26.110836,-26.786413,-26.361473,-27.49501,-27.949493,-26.96718,-27.188553,-29.347782,-28.424438,-27.461811,-26.743103,-27.841282,-29.131958,-26.46402,-26.023823,-26.99537,-26.342413,-27.684317,-27.992634,-26.385998,-28.810646,-27.748962,-25.858614,-25.02285,-25.870665,-24.927032,-27.075352,-27.659771,-27.76034,-28.56986,-27.49493,-25.689594,-24.356812,-24.749218,-26.583244,-25.118187,-24.914686,-26.120987,-25.85891,-23.857468,-26.12437,-26.048916,-25.107647,-26.864954,-26.326878,-27.412575,-27.532,-26.871326,-25.599377,-25.634296,-26.093643,-27.095236,-28.857555,-28.748688,-27.3342,-25.741457,-25.644035,-27.583057,-26.317654,-26.092697,-27.092953,-25.772877,-25.49121,-25.658499,-24.166428,-24.36759,-25.91689,-26.554968,-27.078085,-27.130127,-27.596846,-28.410141,-28.464573,-31.207428,-26.937138,-24.329336,-25.959549,-25.330906,-25.662582,-25.89358,-26.019238,-26.020105,-25.373516,-23.809093,-26.03279,-26.238518,-24.110765,-24.626274,-26.436642,-25.773357,-24.758419,-26.168129,-26.70708,-26.315758,-26.293972,-28.247478,-30.813696,-29.432562,-25.866653,-26.10653,-27.651663,-27.29323,-26.91971,-28.505066,-27.073643,-24.268213,-24.467215,-25.628944,-26.789827,-25.82939,-23.960169,-25.87995,-27.980675,-28.45715,-26.323288,-26.270157,-28.277395,-25.9837,-26.119453,-27.20341,-28.088633,-27.54991,-26.59765,-28.890396,-26.568287,-25.85891,-28.137688,-28.945698,-28.274487,-25.952997,-24.622118,-25.528942,-27.73518,-26.660301,-26.21629,-25.405476,-26.723602,-28.156927,-27.858318,-27.851963,-25.664497,-24.654308,-25.050827,-25.391472,-25.90753,-26.18633,-24.755688,-23.987106,-26.94693,-26.405828,-26.246529,-26.174187,-26.859482,-28.280169,-27.307642,-26.54846,-27.169388,-26.114956,-26.342436,-27.448658,-28.279354,-26.398312,-27.460012,-27.604263,-27.294518,-28.128868,-27.986368,-28.38554,-27.313545,-27.31781,-26.532692,-27.725924,-26.691967,-27.644644,-27.734375,-27.57799,-28.70823,-25.688671,-23.614357,-24.72377,-25.756844,-25.878445,-25.644999,-24.937626,-25.282074,-27.240932,-26.32717,-26.209085,-26.243801,-26.40315,-26.732534,-25.436954,-26.505663,-28.02009,-27.656044,-27.995796,-25.17579,-24.641806,-26.744343,-25.097422,-24.758698,-28.16444,-25.85772,-23.73938,-25.431744,-28.750648,-29.72194,-27.867916,-25.67202,-24.802223,-25.625229,-26.958744,-26.596172,-27.83019,-27.481796,-25.816639,-25.447536,-27.166046,-23.629652,-24.189919,-26.802338,-25.61641,-25.422575,-25.825476,-27.425339,-29.817863,-27.122276,-25.212587,-25.147423,-25.776075,-24.881414,-26.5989,-26.618582,-26.290632,-27.38335,-26.233269,-26.10934,-26.299038,-26.892681,-28.806181,-26.653687,-25.655014,-27.043652,-26.000875,-24.238445,-25.540071,-26.283068,-26.245811,-24.86525,-25.920628,-25.130302,-24.83805,-25.498707,-23.561562,-24.98347,-27.085651,-26.212498,-25.911339,-24.775713,-25.632732,-26.791634,-26.86778,-25.589548,-26.159763,-24.078842,-25.758778,-28.612183,-26.853159,-28.033367,-30.739895,-29.178532,-28.278465,-26.273952,-25.020576,-26.278221,-26.989508,-26.394815,-25.992107,-25.324205,-27.58477,-29.00318,-27.71365,-25.59312,-24.932816,-24.902206,-25.905664,-26.930988,-29.556684,-29.18541,-27.72173,-25.885767,-23.567287,-25.251083,-24.356731,-24.716942,-25.229088,-26.024971,-27.815483,-28.075315,-28.109781,-25.107956,-23.417341,-25.611565,-26.695972,-28.700233,-31.970509,-31.930239,-31.95639,-31.96797,-31.946644,-31.951422,-31.94698,-31.948944,-32.622192,-37.52805,-54.96293,-80.0,-80.0,-80.0,-80.0,-80.0,-80.0,-80.0,-80.0,-80.0,-80.0,-80.0,-80.0,-80.0,-80.0,-80.0,-80.0,-80.0,-80.0,-80.0,-80.0,-80.0,-80.0,-80.0,-80.0,-80.0,-80.0,-80.0,-80.0,-80.0,-80.0,-80.0,-80.0,-80.0,-80.0,-80.0,-80.0,-80.0,-80.0,-80.0,-80.0,-80.0,-80.0,-80.0,-80.0,-80.0,-80.0,-80.0,-80.0,-80.0,-80.0,-80.0,-80.0,-80.0,-80.0,-80.0,-80.0,-80.0,-80.0,-80.0,-80.0,-80.0,-80.0,-80.0,-80.0,-80.0,-80.0,-80.0,-80.0,-80.0,-80.0,-80.0,-80.0,-80.0,-80.0,-80.0,-80.0,-80.0,-80.0,-80.0,-80.0,-80.0,-80.0,-80.0,-80.0,-80.0,-80.0,-80.0,-80.0,-80.0,-80.0,-80.0,-80.0,-80.0,-80.0
-30.179005,-28.514257,-30.271835,-27.367981,-26.18597,-25.987583,-25.316204,-25.679794,-25.39049,-26.165867,-26.85022,-28.633823,-28.420986,-28.399487,-28.888187,-26.191563,-25.914902,-26.765879,-23.418388,-22.682877,-24.416023,-27.783943,-28.443857,-26.475197,-25.527245,-26.737968,-27.385574,-25.219315,-24.974253,-25.410814,-27.101755,-27.194609,-25.176235,-24.570509,-27.218342,-28.127037,-27.361687,-25.95342,-25.423988,-28.02186,-29.006737,-26.72263,-26.908298,-28.460083,-29.140972,-27.139452,-27.46407,-28.23027,-26.510395,-25.748507,-25.521221,-25.881214,-25.89457,-24.799004,-25.755104,-28.081589,-28.4506,-24.996248,-24.741053,-25.69117,-26.455254,-27.40664,-29.511497,-28.79544,-26.892056,-25.803974,-25.53845,-26.136538,-25.746883,-25.78931,-23.392685,-25.930485,-24.714773,-23.49969,-24.803625,-25.018478,-26.12621,-24.137562,-26.249601,-27.700798,-26.653109,-25.212763,-27.397665,-27.676052,-26.649284,-27.24068,-28.738068,-27.433874,-26.1237,-26.11781,-27.54896,-30.607327,-28.91426,-25.360104,-25.395702,-25.402271,-26.582977,-28.517855,-27.155989,-26.218033,-25.280807,-25.645283,-26.47487,-27.447514,-25.332916,-24.834976,-26.794558,-25.044195,-23.33536,-24.915497,-30.06668,-37.729553,-37.527733,-35.964115,-36.09282,-35.858746,-38.717453,-41.99229,-40.705456,-38.845352,-40.356304,-46.93809,-40.46645,-38.047653,-42.230225,-42.127693,-41.945072,-38.064014,-31.19728,-30.614128,-29.35492,-27.880728,-25.303581,-23.59249,-25.947037,-25.509033,-25.268581,-25.760633,-24.86183,-25.788582,-24.93539,-25.260654,-26.800343,-27.986547,-25.588501,-25.291407,-25.91044,-25.760422,-26.002253,-26.82544,-26.2238,-25.143036,-26.69371,-29.186121,-27.696564,-27.892906,-28.197994,-27.318258,-26.853325,-27.396423,-26.822243,-25.746117,-25.532417,-28.743149,-28.309185,-25.277555,-26.085583,-24.633804,-25.567133,-29.110275,-28.10218,-26.896574,-26.247562,-24.597488,-23.289888,-25.984638,-26.949175,-27.164501,-25.011703,-25.138992,-26.851263,-25.568943,-23.22926,-24.805502,-27.057028,-25.892494,-26.091797,-26.258125,-26.319767,-26.282528,-27.394642,-25.438171,-25.541597,-27.35926,-26.70401,-25.627274,-27.47565,-25.533642,-27.153568,-27.47727,-26.42265,-26.10582,-25.107065,-25.818651,-24.568401,-24.272003,-26.437672,-25.60371,-26.228363,-27.048737,-25.75427,-22.77854,-23.265709,-24.072802,-25.416367,-26.345757,-25.29728,-25.099117,-25.708725,-26.017464,-26.871876,-27.679237,-28.908535,-25.831467,-25.257854,-27.650019,-28.511587,-26.32146,-26.321028,-26.304241,-26.666279,-24.944977,-27.723824,-26.977081,-26.510773,-27.241291,-25.577145,-25.325428,-25.216572,-27.083366,-27.16148,-26.351025,-25.847088,-27.385202,-28.0753,-27.851597,-28.181187,-27.15429,-26.460417,-23.915277,-25.245,-25.64703,-26.954912,-27.913427,-27.770748,-27.927435,-27.908562,-28.249458,-28.38194,-26.184267,-24.70888,-23.859894,-25.180079,-28.552002,-25.968594,-25.99939,-26.024914,-27.028652,-28.93088,-27.241543,-23.705025,-24.821743,-26.346035,-27.035397,-26.508999,-24.192434,-24.369862,-27.378342,-29.920168,-30.85286,-27.719662,-25.971588,-25.500786,-25.066616,-25.455877,-26.791985,-26.78341,-25.071377,-26.341022,-27.610773,-26.077715,-25.786499,-27.188477,-25.594038,-27.688087,-25.55172,-24.626673,-26.375946,-27.592735,-26.953348,-25.971498,-26.790524,-26.989088,-26.036173,-30.211163,-29.82721,-27.53755,-26.44833,-26.82821,-27.72157,-27.092644,-26.839256,-25.756134,-26.044312,-25.09148,-25.377151,-26.433603,-27.178783,-28.141861,-29.478716,-28.744072,-28.864735,-26.128578,-25.268454,-27.331583,-28.708563,-27.19928,-25.939194,-24.151104,-24.566534,-26.934454,-27.201899,-25.737598,-26.317688,-25.4021,-25.4159,-25.685017,-25.565283,-25.837303,-26.889797,-28.168688,-27.142302,-27.550219,-28.096266,-25.658188,-25.495136,-26.65632,-26.244535,-23.939299,-25.637064,-28.601562,-27.48977,-25.822296,-25.280182,-27.317575,-27.67232,-28.031288,-26.002726,-27.756979,-27.832306,-26.245323,-27.16948,-25.787977,-24.296398,-25.46886,-25.635883,-26.805515,-27.242994,-27.981386,-26.616505,-27.404945,-27.853924,-27.895897,-27.3747,-26.626753,-26.622387,-27.395908,-26.150906,-25.008165,-24.863853,-26.642368,-28.049212,-27.747332,-27.404861,-26.050438,-25.59848,-29.858074,-26.79252,-24.626759,-26.416298,-28.233912,-28.489513,-26.489326,-25.70694,-26.679588,-26.227465,-24.916517,-25.228539,-24.841312,-26.075678,-26.140491,-26.970116,-27.177826,-24.259422,-24.034601,-24.573814,-26.561302,-28.347595,-27.218307,-24.347574,-24.901035,-27.37488,-26.42316,-26.267149,-25.77281,-25.845074,-28.313862,-28.816624,-28.023691,-26.780867,-26.078407,-25.672592,-26.332592,-24.963963,-25.958218,-29.15302,-26.76279,-26.670137,-27.134731,-27.839169,-27.054817,-26.930819,-26.996815,-29.08917,-28.712585,-28.728981,-28.640884,-26.80515,-26.133518,-28.575344,-28.201637,-27.629868,-25.230179,-25.826412,-27.465885,-28.6973,-28.190552,-27.843958,-26.005682,-25.58815,-26.99364,-26.960737,-27.5915,-26.093212,-24.712917,-25.830868,-26.72718,-27.3298,-28.40198,-26.688324,-27.569746,-25.514492,-25.599628,-25.726435,-24.740192,-24.388962,-25.104168,-25.797016,-24.218784,-26.418999,-25.263794,-26.03282,-27.249146,-26.540928,-25.925236,-25.936346,-26.376686,-27.673464,-27.688944,-26.524055,-27.137726,-28.19154,-25.289673,-24.8414,-25.290272,-25.61692,-28.069635,-27.685663,-26.829065,-26.32455,-27.129616,-26.695744,-25.803062,-24.298016,-24.161934,-28.359974,-27.543156,-27.188044,-28.995996,-28.253805,-26.261543,-25.507462,-25.088543,-22.79224,-22.75616,-26.578608,-27.985989,-29.32607,-26.214294,-23.75703,-24.185753,-25.899712,-25.619722,-23.431683,-23.579426,-24.371183,-23.621044,-25.603039,-24.97098,-26.635765,-27.603281,-26.875536,-25.33314,-24.803036,-25.54582,-24.078602,-25.716208,-26.988317,-27.65479,-26.293118,-27.977066,-26.663052,-26.671001,-28.534122,-26.991602,-25.341967,-24.870565,-25.900997,-26.388666,-25.659267,-25.360237,-25.411446,-25.804081,-25.311707,-26.52256,-26.226402,-27.307114,-27.55151,-25.72105,-25.290947,-26.257244,-27.099949,-27.251062,-27.44996,-29.130257,-28.68906,-27.998295,-26.129948,-26.548183,-25.737745,-27.271694,-25.142406,-23.697296,-25.11132,-25.167847,-26.4392,-24.433199,-24.8027,-26.269302,-25.85983,-25.11301,-26.130947,-25.812435,-26.324028,-26.529724,-25.625969,-26.163988,-25.953495,-26.777006,-27.070393,-26.410515,-26.286537,-27.567911,-27.842459,-26.879477,-27.705751,-27.59012,-28.300491,-28.089283,-28.485933,-25.359924,-26.031559,-27.499973,-27.515919,-25.909554,-25.572336,-24.256077,-25.304916,-26.038258,-25.63632,-29.512161,-29.50528,-29.000174,-28.500408,-27.99913,-27.114227,-27.096262,-28.225258,-28.483482,-25.628515,-25.741337,-25.847353,-27.882687,-28.208256,-25.91179,-27.271004,-26.782537,-27.271156,-32.048878,-32.29404,-32.268665,-32.257545,-32.27808,-32.273476,-32.277775,-32.2784,-32.891903,-38.05133,-55.858955,-80.0,-80.0,-80.0,-80.0,-80.0,-80.0,-80.0,-80.0,-80.0,-80.0,-80.0,-80.0,-80.0,-80.0,-80.0,-80.0,-80.0,-80.0,-80.0,-80.0,-80.0,-80.0,-80.0,-80.0,-80.0,-80.0,-80.0,-80.0,-80.0,-80.0,-80.0,-80.0,-80.0,-80.0,-80.0,-80.0,-80.0,-80.0,-80.0,-80.0,-80.0,-80.0,-80.0,-80.0,-80.0,-80.0,-80.0,-80.0,-80.0,-80.0,-80.0,-80.0,-80.0,-80.0,-80.0,-80.0,-80.0,-80.0,-80.0,-80.0,-80.0,-80.0,-80.0,-80.0,-80.0,-80.0,-80.0,-80.0,-80.0,-80.0,-80.0,-80.0,-80.0,-80.0,-80.0,-80.0,-80.0,-80.0,-80.0,-80.0,-80.0,-80.0,-80.0,-80.0,-80.0,-80.0,-80.0,-80.0,-80.0,-80.0,-80.0,-80.0,-80.0,-80.0
-31.315876,-27.777245,-28.599556,-27.91831,-25.998936,-26.678919,-27.887981,-27.634853,-25.293682,-27.312908,-26.483322,-26.982769,-29.532734,-30.299978,-28.371576,-24.63623,-24.75388,-26.200924,-25.269682,-25.872404,-25.368017,-25.397724,-28.408028,-27.3952,-27.266983,-27.062912,-25.977013,-25.079578,-25.799267,-25.494362,-26.180851,-24.959885,-24.505917,-26.48952,-27.810047,-27.902489,-25.192127,-26.226845,-27.139519,-26.282127,-27.62186,-26.55951,-27.047855,-27.15386,-26.052868,-26.040054,-26.753979,-29.53267,-26.679508,-25.818142,-27.98058,-26.029049,-26.971643,-26.339775,-24.183426,-25.661606,-27.784054,-27.111975,-27.364372,-26.861248,-26.615566,-26.974312,-25.092941,-23.868698,-24.870712,-26.12613,-26.933657,-27.460857,-28.393019,-28.204716,-26.944199,-25.639366,-25.833485,-24.136227,-24.572508,-24.62191,-27.344517,-27.921272,-28.273811,-27.248585,-26.493948,-25.37274,-28.891981,-27.20417,-26.171463,-26.74026,-27.369398,-25.764275,-26.146736,-25.746746,-28.01915,-29.243141,-29.674564,-27.774712,-25.57785,-24.110626,-25.105782,-27.127533,-27.099884,-26.13475,-27.235794,-29.073387,-28.727623,-27.15398,-25.956709,-26.3609,-27.398994,-26.443073,-24.969276,-25.987366,-30.792322,-37.48334,-35.75849,-37.07029,-39.51696,-37.106354,-37.2488,-37.43025,-40.4246,-39.23762,-38.497334,-44.42056,-38.94857,-36.47461,-39.77419,-44.401825,-43.623188,-36.70012,-28.455091,-26.856886,-27.628244,-27.484703,-27.418682,-27.551666,-26.90494,-26.600735,-28.002348,-27.30281,-27.020086,-27.1433,-27.675425,-27.246328,-25.564407,-27.652416,-26.545158,-25.437643,-27.87788,-27.225948,-26.173412,-27.01734,-27.077423,-26.877357,-27.709112,-27.905228,-29.236958,-28.33514,-27.188904,-26.388798,-24.968313,-26.575188,-27.78597,-25.910324,-26.765036,-25.906414,-24.83631,-25.52878,-26.270191,-26.220158,-26.972301,-26.9456,-27.574856,-28.207367,-25.796597,-26.273972,-26.606369,-27.073927,-27.639599,-26.504658,-26.10733,-27.658712,-26.937939,-25.416534,-25.37896,-27.711273,-29.234837,-26.152893,-26.643738,-28.370396,-26.326138,-26.172483,-26.345242,-25.639328,-26.52131,-27.150959,-26.171663,-27.352457,-26.649864,-24.861618,-26.76756,-25.994217,-26.660791,-27.85786,-26.733952,-26.63786,-26.466179,-27.434732,-27.652859,-29.185482,-26.052246,-24.778236,-26.215157,-25.921684,-24.506552,-24.470066,-26.517504,-26.445532,-26.896208,-26.72158,-26.220192,-24.382755,-24.168701,-25.162632,-28.572823,-25.305855,-24.502384,-26.550697,-25.671095,-28.092415,-27.832117,-24.711157,-24.233137,-25.844793,-27.534517,-25.55231,-27.227081,-28.018627,-26.866703,-27.99033,-25.798223,-24.256947,-25.78267,-27.390736,-28.995495,-26.96606,-27.206676,-28.893848,-26.477633,-25.568672,-25.26562,-22.905876,-23.034971,-24.947763,-25.814125,-24.176466,-26.115337,-26.784214,-26.329872,-25.959368,-24.94738,-24.970963,-24.199936,-22.598707,-24.900242,-25.943075,-24.7986,-23.816277,-24.037632,-26.751564,-28.371668,-26.238972,-27.41626,-27.559969,-26.076254,-25.409851,-25.311106,-26.886396,-26.941551,-28.722206,-26.099636,-24.868345,-23.337397,-24.554426,-26.740765,-29.481005,-27.285892,-27.058,-27.212029,-25.391462,-26.768263,-25.629833,-24.996262,-27.125978,-27.44149,-26.002995,-25.735567,-25.39075,-27.719847,-28.664322,-27.002731,-25.977076,-25.91949,-25.626724,-24.812376,-24.857246,-25.978018,-27.919949,-26.891563,-26.605997,-28.558247,-26.34867,-26.613846,-28.578379,-26.959244,-27.18935,-25.203934,-25.037262,-26.50954,-26.841686,-26.522789,-26.974144,-27.14657,-26.871847,-26.888834,-27.66093,-27.835554,-28.19397,-26.82261,-25.45171,-25.914516,-25.05143,-25.062878,-25.940908,-26.43903,-26.017666,-26.016176,-27.2323,-26.695484,-25.796574,-27.63032,-26.6116,-25.555378,-25.927883,-25.209656,-25.299809,-25.686275,-26.190994,-26.25248,-25.664835,-25.107944,-27.275925,-27.334753,-27.444775,-27.17894,-26.318348,-26.322128,-27.410316,-27.004597,-25.99178,-27.009949,-26.395102,-24.508068,-24.992582,-25.738394,-25.03125,-24.543888,-24.928936,-25.804773,-24.918608,-25.790531,-27.220081,-26.592686,-26.906717,-24.310207,-24.7243,-26.315952,-27.895046,-26.004305,-25.010628,-24.250578,-24.683971,-28.1083,-29.744164,-27.804028,-26.020008,-26.551085,-27.163288,-26.39452,-26.82294,-28.671494,-27.228882,-25.920376,-26.686184,-25.235432,-26.469257,-27.106514,-25.336103,-25.776155,-26.859348,-28.185827,-26.550035,-24.914375,-26.587433,-25.682537,-25.319418,-25.608438,-25.22,-26.499474,-28.043764,-26.144936,-26.486847,-27.30545,-27.387245,-24.196964,-23.61603,-27.29012,-29.147535,-29.167253,-29.255634,-30.54956,-27.837051,-26.970692,-29.634783,-28.365536,-24.810442,-26.096458,-27.071564,-27.784597,-28.514593,-25.905134,-26.189499,-27.68498,-27.224298,-27.70784,-29.940329,-28.803226,-27.959549,-27.253227,-28.38758,-26.75806,-25.698992,-25.53772,-29.426762,-27.135382,-27.677986,-30.426609,-30.11154,-28.814083,-27.416836,-26.907452,-26.879356,-27.898588,-27.65179,-26.217873,-25.82508,-26.791264,-28.248192,-26.631626,-26.67651,-28.986061,-28.344166,-29.620247,-26.01651,-27.045584,-27.763214,-27.741728,-26.860313,-26.527792,-27.826756,-28.320057,-27.343462,-24.771969,-24.51826,-25.390373,-26.143173,-27.527142,-26.197546,-25.486824,-25.803743,-26.617002,-26.808369,-26.334724,-23.638597,-23.915092,-26.201649,-25.49867,-25.399826,-24.696991,-27.039032,-26.625168,-24.737629,-25.396616,-26.597004,-27.067549,-25.282745,-24.121902,-27.179977,-28.240168,-25.154865,-26.001339,-27.170649,-24.4306,-24.66034,-24.757439,-25.35507,-27.811043,-27.69093,-26.45514,-24.873013,-23.139679,-25.132421,-24.76332,-27.651262,-26.522064,-24.062937,-25.257051,-26.33255,-26.984945,-28.553532,-26.769096,-25.479929,-26.629152,-26.092072,-23.210793,-23.76036,-24.417854,-27.329205,-28.55391,-26.478453,-24.732277,-25.645496,-28.702314,-27.587713,-23.767967,-24.44748,-27.224543,-25.471628,-24.19881,-26.45274,-28.887579,-26.670927,-26.291952,-27.017414,-26.710157,-26.423183,-26.743956,-25.15831,-26.278908,-27.070827,-27.966537,-29.125673,-26.864033,-25.661827,-26.35541,-27.394371,-27.824295,-25.72462,-26.585762,-26.043571,-27.048384,-28.650795,-28.684175,-26.079096,-26.166155,-26.96106,-24.681143,-24.972622,-23.898615,-23.63858,-26.217175,-26.967999,-28.456879,-27.150427,-25.416697,-25.134838,-25.415894,-25.410425,-26.019264,-24.267576,-26.267212,-27.295395,-25.385191,-25.182522,-25.81852,-26.221447,-25.610725,-28.033928,-28.125126,-26.09552,-25.98465,-25.118195,-26.66022,-27.922241,-27.802517,-27.553127,-26.091703,-24.547665,-24.389126,-25.82784,-25.219313,-24.352737,-25.503395,-26.801083,-28.601898,-27.33585,-27.825195,-26.65856,-26.793737,-26.340733,-25.326353,-25.46978,-27.622887,-27.078743,-27.115759,-26.931192,-26.67768,-24.993916,-24.995476,-27.623837,-38.979908,-43.98253,-43.773483,-43.682777,-43.850838,-43.81094,-43.846313,-43.84168,-43.96685,-48.80078,-64.160446,-80.0,-80.0,-80.0,-80.0,-80.0,-80.0,-80.0,-80.0,-80.0,-80.0,-80.0,-80.0,-80.0,-80.0,-80.0,-80.0,-80.0,-80.0,-80.0,-80.0,-80.0,-80.0,-80.0,-80.0,-80.0,-80.0,-80.0,-80.0,-80.0,-80.0,-80.0,-80.0,-80.0,-80.0,-80.0,-80.0,-80.0,-80.0,-80.0,-80.0,-80.0,-80.0,-80.0,-80.0,-80.0,-80.0,-80.0,-80.0,-80.0,-80.0,-80.0,-80.0,-80.0,-80.0,-80.0,-80.0,-80.0,-80.0,-80.0,-80.0,-80.0,-80.0,-80.0,-80.0,-80.0,-80.0,-80.0,-80.0,-80.0,-80.0,-80.0,-80.0,-80.0,-80.0,-80.0,-80.0,-80.0,-80.0,-80.0,-80.0,-80.0,-80.0,-80.0,-80.0,-80.0,-80.0,-80.0,-80.0,-80.0,-80.0,-80.0,-80.0,-80.0,-80.0
-29.16569,-23.981846,-24.851873,-28.596188,-29.846334,-29.696293,-29.461216,-29.479164,-26.474438,-26.471441,-24.503769,-26.119284,-26.330055,-24.78592,-25.440262,-27.797253,-26.136826,-25.742737,-26.928082,-28.34132,-26.670366,-25.121536,-26.364283,-25.57154,-27.622456,-29.840294,-28.948765,-26.798382,-27.044355,-27.101925,-29.069551,-28.756514,-28.316616,-27.357342,-29.764242,-29.491339,-25.791252,-25.58741,-26.187532,-26.25829,-26.50056,-27.139093,-29.574139,-27.961613,-24.261086,-24.775055,-26.629604,-26.792412,-27.273914,-26.974453,-27.948463,-28.614975,-26.836441,-27.65082,-26.468376,-24.74451,-26.43816,-27.414997,-26.308712,-25.75249,-24.875248,-22.661034,-23.521729,-25.675825,-26.408102,-25.849466,-25.21775,-26.033768,-25.644909,-25.648403,-27.781492,-25.978815,-26.639622,-29.747639,-27.950455,-25.553074,-25.046951,-25.99121,-26.668774,-25.70927,-26.772577,-27.838543,-26.65083,-26.440886,-27.17886,-27.094643,-28.637457,-30.219845,-29.50242,-26.97258,-29.674286,-29.12889,-29.379642,-30.041359,-27.919521,-24.991241,-24.797691,-27.785831,-30.358017,-29.701855,-29.587154,-29.845936,-28.745098,-28.741364,-26.782463,-24.710388,-28.0332,-27.452946,-26.386671,-26.795628,-31.039768,-37.41659,-35.949577,-35.857613,-37.57045,-38.158596,-39.12861,-38.19551,-39.579273,-39.8142,-41.62411,-44.989372,-42.012943,-38.995422,-41.84265,-43.821297,-45.565266,-36.31757,-27.858198,-26.235163,-26.598171,-26.457138,-27.26781,-29.837563,-26.214676,-28.456806,-30.892399,-29.56522,-26.72596,-24.676004,-25.235521,-26.054214,-24.83685,-26.219925,-26.042149,-24.89112,-25.373016,-27.814285,-26.26452,-26.708412,-27.692978,-26.604172,-26.628426,-27.917458,-27.896511,-25.985558,-23.34267,-25.19463,-26.182629,-26.392756,-27.913933,-27.472862,-28.321941,-26.406374,-24.203453,-25.184052,-27.087204,-27.081554,-25.71309,-27.477602,-27.744938,-27.419846,-28.521461,-27.149652,-24.572481,-25.85328,-25.485897,-25.347965,-25.258568,-26.449223,-26.864464,-27.513264,-28.197681,-28.03928,-27.332212,-26.54835,-27.221746,-27.28043,-26.024952,-24.666185,-26.53249,-28.487091,-27.92604,-26.140385,-27.325274,-27.52862,-25.372034,-24.951462,-25.854614,-25.862617,-23.927666,-24.835403,-24.241924,-26.9904,-29.046362,-26.425388,-26.694456,-26.705992,-27.366762,-26.958939,-27.153364,-27.167782,-27.053528,-27.449272,-28.759317,-26.475605,-24.845795,-24.997585,-25.798277,-25.649078,-26.59256,-27.4696,-26.723953,-26.154587,-26.31914,-25.391201,-26.653223,-28.869877,-28.282082,-28.043129,-25.480946,-25.883997,-26.123951,-25.436329,-26.817722,-28.78139,-25.670284,-24.714066,-28.473991,-28.31847,-25.324165,-26.28954,-26.571583,-26.795473,-27.557932,-26.65443,-25.52966,-23.85541,-23.563099,-24.487934,-24.799492,-27.677021,-27.999325,-26.237911,-27.470383,-27.719505,-27.778755,-26.278751,-24.888618,-25.669174,-25.48125,-25.24337,-27.911263,-27.542555,-25.987885,-25.627487,-24.807589,-24.04977,-24.667969,-25.071655,-27.461483,-28.404842,-28.941357,-26.904802,-25.693302,-24.834728,-22.960573,-24.256784,-24.251356,-25.758217,-28.093336,-29.859999,-28.14471,-26.049309,-27.562859,-28.120504,-27.345116,-27.690098,-28.68152,-24.431969,-25.257051,-27.812168,-30.187323,-29.389866,-26.43949,-27.221642,-28.751818,-25.395565,-24.784985,-26.516567,-24.35739,-25.60358,-23.99664,-26.162666,-27.388922,-29.843811,-29.125198,-27.728115,-28.264568,-27.842995,-27.633373,-29.122496,-27.849516,-26.013615,-25.868025,-27.095512,-27.402706,-28.295155,-26.225266,-25.318638,-26.343946,-25.965591,-25.438501,-26.68616,-28.189491,-27.617853,-24.923218,-23.735683,-25.832905,-25.57146,-26.097376,-26.888306,-27.380299,-26.539822,-26.002392,-25.674332,-27.64874,-26.413755,-24.719849,-25.066053,-22.89619,-25.683529,-26.872082,-26.26185,-27.38995,-27.413761,-27.565273,-28.189901,-27.213964,-26.68334,-28.072657,-27.756943,-26.322025,-26.409819,-26.44522,-24.880192,-24.88804,-25.91322,-24.696156,-25.56458,-27.339876,-25.439487,-25.470322,-24.124722,-25.415695,-27.501068,-25.523247,-25.368532,-25.789902,-26.829796,-28.649902,-26.752825,-25.854542,-25.068073,-25.77287,-27.046263,-28.022642,-27.721882,-25.737307,-24.775967,-25.288734,-26.89238,-26.707745,-25.224483,-25.673534,-26.377672,-25.086136,-26.158335,-27.711105,-25.3932,-23.916237,-27.241644,-28.96768,-27.763763,-26.23597,-27.620792,-27.823387,-28.251837,-27.207243,-26.350798,-24.419558,-26.31604,-25.684078,-24.785475,-24.75494,-24.96663,-24.1876,-26.470835,-25.981071,-27.480103,-26.58083,-27.245358,-25.558334,-23.301365,-24.250866,-27.857212,-27.757507,-26.733158,-26.752462,-29.20247,-26.546894,-26.595066,-25.303497,-24.648901,-24.64207,-26.014797,-27.765255,-28.643604,-26.957296,-26.50755,-27.777914,-26.22686,-24.326345,-27.406185,-28.311684,-28.440453,-26.72519,-26.254223,-26.705399,-25.689981,-23.775265,-24.295744,-26.128939,-26.831741,-29.398209,-29.85438,-28.05431,-27.327566,-27.410336,-30.696337,-28.890133,-28.173489,-26.023312,-24.503078,-25.327831,-25.483139,-26.425962,-27.310648,-27.40327,-27.12349,-26.159763,-26.315765,-26.79662,-29.171366,-29.65683,-28.616856,-29.122538,-26.777294,-26.231113,-26.16027,-26.543423,-24.554827,-25.322567,-26.229551,-25.834974,-25.90752,-25.615273,-27.18008,-26.30271,-26.468094,-26.231674,-26.48913,-26.367517,-25.914162,-24.549528,-25.30278,-26.415249,-26.896605,-25.915417,-27.079765,-26.364422,-26.118427,-25.186234,-25.28011,-25.05654,-27.197746,-30.04084,-25.969425,-24.123125,-27.336151,-25.38198,-23.812353,-23.42577,-25.49171,-25.078976,-24.722462,-25.0699,-24.052029,-24.48894,-26.578327,-27.227665,-26.193096,-27.309946,-27.246307,-26.34532,-27.80715,-25.844887,-26.442177,-25.05141,-24.73391,-25.08471,-25.860798,-25.95826,-23.959433,-23.648098,-26.310211,-27.774706,-27.147465,-26.874094,-28.043669,-26.05595,-24.664078,-25.559216,-27.650328,-24.792892,-24.94174,-26.39494,-26.783482,-26.239523,-25.03907,-25.749088,-27.28389,-26.99628,-25.980434,-26.470177,-29.072798,-30.005775,-28.19943,-25.229305,-24.738604,-28.120193,-26.74788,-26.013918,-25.869656,-25.299873,-25.284723,-26.941198,-24.29512,-25.200577,-25.487347,-26.863005,-26.088543,-26.768658,-28.85558,-27.927372,-28.547134,-28.463957,-27.20757,-26.458782,-26.342468,-28.391838,-24.142286,-24.092255,-24.90408,-24.74396,-25.447731,-26.418701,-27.718267,-26.389904,-25.306686,-26.053768,-26.476994,-25.81936,-23.429737,-23.848896,-26.236412,-26.140696,-26.010233,-26.749506,-25.434208,-25.884558,-27.859028,-27.909039,-27.395004,-29.075054,-27.470438,-27.370533,-27.09777,-25.921429,-25.50719,-25.511368,-27.192108,-27.642845,-26.560833,-27.348986,-25.81289,-25.401524,-26.751455,-25.661915,-24.676357,-24.99159,-27.424725,-28.595093,-27.321972,-26.368313,-25.712547,-26.660458,-31.301355,-36.95281,-37.12374,-37.179977,-37.20595,-37.15843,-37.170124,-37.160366,-37.161823,-37.837246,-42.477036,-59.3361,-80.0,-80.0,-80.0,-80.0,-80.0,-80.0,-80.0,-80.0,-80.0,-80.0,-80.0,-80.0,-80.0,-80.0,-80.0,-80.0,-80.0,-80.0,-80.0,-80.0,-80.0,-80.0,-80.0,-80.0,-80.0,-80.0,-80.0,-80.0,-80.0,-80.0,-80.0,-80.0,-80.0,-80.0,-80.0,-80.0,-80.0,-80.0,-80.0,-80.0,-80.0,-80.0,-80.0,-80.0,-80.0,-80.0,-80.0,-80.0,-80.0,-80.0,-80.0,-80.0,-80.0,-80.0,-80.0,-80.0,-80.0,-80.0,-80.0,-80.0,-80.0,-80.0,-80.0,-80.0,-80.0,-80.0,-80.0,-80.0,-80.0,-80.0,-80.0,-80.0,-80.0,-80.0,-80.0,-80.0,-80.0,-80.0,-80.0,-80.0,-80.0,-80.0,-80.0,-80.0,-80.0,-80.0,-80.0,-80.0,-80.0,-80.0,-80.0,-80.0,-80.0,-80.0
-34.02824,-26.696108,-24.361172,-26.320118,-27.49549,-27.89978,-27.541166,-27.858923,-26.20829,-25.659138,-26.747229,-26.805994,-26.144753,-25.330671,-26.048565,-29.854843,-31.220573,-29.701637,-28.597164,-28.305906,-27.996859,-27.594904,-26.089914,-24.14388,-26.294998,-27.035572,-24.794666,-24.837004,-25.998032,-26.829426,-30.260859,-29.410622,-28.141127,-26.920362,-27.800798,-27.38276,-27.926266,-27.77567,-28.049833,-29.640068,-28.35479,-28.151157,-27.438517,-26.054718,-23.975948,-24.494473,-26.097939,-27.463362,-27.057281,-25.096842,-26.630482,-27.160658,-25.13453,-25.152515,-26.917782,-28.242186,-27.561954,-25.844707,-25.219275,-27.301329,-27.450253,-25.404953,-27.425604,-28.460228,-28.94358,-26.07886,-26.15239,-27.491606,-25.825916,-24.438652,-25.762226,-23.980755,-23.313686,-27.039078,-26.520231,-24.73604,-24.677513,-25.094616,-26.76751,-25.908577,-26.818932,-28.624283,-25.528706,-25.090427,-24.160809,-25.627655,-26.293842,-27.046173,-26.58026,-26.154549,-24.957188,-26.822643,-25.207417,-27.17804,-29.155603,-27.001774,-27.612448,-28.446312,-28.828827,-27.579588,-26.815168,-27.298605,-29.543928,-27.444204,-25.728394,-28.418772,-27.701363,-27.046928,-26.195507,-27.625751,-32.483532,-35.277176,-38.751724,-37.52185,-36.281578,-35.105946,-34.725327,-38.141014,-39.890533,-39.79607,-42.321865,-46.45646,-43.538208,-39.507236,-41.089695,-42.139175,-44.21966,-33.396835,-25.77133,-24.749174,-26.021864,-27.684301,-27.715973,-29.907324,-27.443428,-25.050611,-27.287506,-27.38845,-26.599537,-26.599335,-26.895952,-27.114569,-25.62377,-26.835155,-27.75997,-27.158855,-26.17891,-25.244318,-25.030706,-26.449406,-27.23987,-26.431095,-26.885786,-27.60814,-28.013914,-26.958427,-26.86281,-24.608816,-24.034142,-25.745213,-27.15438,-26.67386,-27.08204,-27.347805,-27.37867,-26.816818,-26.815567,-27.123432,-25.309452,-25.966076,-26.902645,-28.882618,-27.05763,-28.594532,-28.113068,-26.807907,-28.065235,-27.173784,-26.13074,-25.900791,-25.78162,-25.929264,-27.764912,-29.042547,-28.63454,-27.323235,-25.949162,-23.298649,-25.661703,-27.552303,-27.661522,-25.210438,-25.287407,-24.63124,-26.573696,-27.783073,-25.596218,-26.020136,-26.770485,-26.42384,-26.918108,-27.15991,-25.733932,-27.782795,-28.44793,-26.426853,-26.415161,-26.028414,-25.967602,-26.513128,-27.508564,-27.087265,-25.685188,-24.26529,-25.043076,-27.296713,-26.69394,-27.753057,-26.182873,-26.504812,-28.350084,-24.62593,-24.083504,-24.47581,-25.752684,-26.074093,-26.665588,-28.772942,-28.09465,-28.58508,-26.868198,-24.908005,-26.872185,-27.595493,-26.031593,-25.485273,-26.104319,-27.783566,-26.791918,-26.578815,-27.23825,-26.094204,-25.06086,-25.231451,-24.944662,-23.726128,-24.223602,-26.635845,-26.190441,-25.724548,-26.677914,-27.73125,-26.699003,-28.301369,-28.353758,-28.912306,-28.403574,-27.668907,-28.060999,-26.917376,-26.135944,-25.871538,-26.531574,-27.337162,-26.457352,-24.440773,-26.045208,-25.019526,-24.784374,-28.227552,-29.677124,-28.604311,-26.630758,-26.653309,-26.324112,-23.9631,-24.15969,-24.435425,-25.046984,-25.337048,-26.16917,-29.449306,-28.070892,-27.101624,-26.38645,-26.101183,-26.732527,-27.944412,-26.845478,-25.211378,-25.642231,-26.799198,-27.16727,-27.60876,-25.982105,-24.77063,-27.209538,-27.521889,-25.979702,-26.690632,-27.933336,-27.603695,-26.074635,-29.602667,-29.94798,-27.191227,-27.62703,-29.970066,-27.889301,-27.908241,-25.780228,-28.305819,-30.133968,-27.574326,-24.46568,-24.645124,-27.014656,-30.021317,-27.320543,-28.77763,-25.441158,-23.955658,-26.70066,-28.35177,-28.226654,-24.485332,-22.76125,-24.382097,-27.706688,-27.068245,-26.997236,-27.664555,-27.909237,-28.25571,-27.88537,-26.733543,-27.30463,-27.052942,-26.739876,-27.031143,-25.840452,-26.486101,-26.39495,-25.685669,-26.145676,-28.219501,-27.43348,-26.416756,-26.256302,-26.05605,-27.020878,-25.541426,-25.173986,-26.076788,-28.36342,-28.845648,-28.066301,-26.796871,-24.10442,-23.32697,-26.684475,-26.598219,-23.487215,-25.043667,-25.934158,-25.67454,-23.254343,-23.798584,-25.723536,-26.668701,-28.356806,-23.909737,-25.141068,-26.989853,-27.710371,-27.814976,-25.567326,-26.1512,-23.29992,-24.232035,-27.317179,-27.363516,-25.051777,-26.81648,-28.40949,-27.327988,-27.080708,-27.19517,-27.91706,-26.503773,-27.822632,-28.076736,-25.783888,-26.53718,-27.072117,-28.559753,-27.226582,-26.871332,-27.513111,-26.602768,-27.1486,-27.742382,-29.362476,-28.34357,-27.199135,-28.740988,-26.746084,-24.856062,-25.21491,-27.312374,-27.60762,-28.271744,-26.860512,-26.165468,-26.18121,-26.260891,-25.29749,-27.305634,-26.677002,-28.052015,-27.640085,-27.164028,-25.880564,-26.204811,-26.940598,-28.060257,-28.638695,-28.630821,-27.50177,-26.183985,-24.396389,-24.978651,-25.076797,-27.268457,-28.006645,-25.919695,-25.92825,-24.747602,-23.011892,-23.640593,-26.513468,-25.164207,-26.734707,-28.873688,-27.59583,-28.395164,-30.222296,-30.547802,-29.246132,-27.969677,-27.012655,-28.135761,-28.87916,-27.287535,-25.65554,-27.196499,-27.06225,-27.078362,-27.85796,-25.461552,-24.741558,-25.351608,-24.11858,-25.981028,-27.288406,-27.749454,-27.548367,-24.65609,-22.916851,-25.797028,-28.67432,-28.250933,-26.655823,-24.920803,-24.618397,-24.507847,-25.029057,-25.646946,-24.704208,-26.160286,-24.862946,-24.112528,-25.091072,-26.540535,-26.65802,-27.91133,-26.968082,-26.784552,-26.877262,-25.072582,-25.024378,-27.893425,-26.800436,-23.768293,-23.42716,-24.581085,-28.082008,-30.33832,-28.917385,-27.71724,-25.650177,-25.511219,-25.434155,-25.034378,-25.943672,-25.857788,-25.425982,-26.583477,-27.469868,-25.895405,-25.53947,-25.583357,-27.377071,-28.041233,-27.712933,-27.674587,-26.080837,-26.089828,-25.509254,-25.954235,-27.257385,-26.529093,-25.496609,-25.479792,-25.754173,-24.900162,-26.368063,-29.408253,-27.604816,-27.303621,-27.094654,-26.098839,-25.299614,-27.013933,-26.632622,-27.910664,-26.625023,-24.413906,-24.894693,-27.079796,-25.782246,-28.154747,-27.058971,-24.500807,-26.02247,-27.0792,-27.836113,-26.701336,-25.306202,-25.472733,-28.408396,-28.351734,-25.635542,-25.343811,-26.416542,-25.835876,-25.703959,-27.395473,-25.904892,-26.696701,-26.728874,-28.58326,-27.685452,-26.061958,-25.94513,-25.965483,-25.67414,-24.903547,-25.152834,-24.90597,-27.73013,-27.27111,-25.110855,-25.829311,-26.388966,-26.540432,-25.896122,-25.503265,-24.925243,-26.510044,-28.852135,-30.006445,-27.820148,-25.087236,-25.05915,-27.17271,-27.779789,-27.799866,-28.913406,-28.014736,-26.654224,-27.919899,-26.041693,-23.448555,-25.151928,-27.26568,-26.872925,-26.779093,-26.01791,-25.539906,-24.317327,-25.728483,-26.466347,-25.723335,-28.474623,-25.977718,-23.937136,-25.522963,-27.038857,-25.734955,-26.342958,-26.752348,-24.671143,-25.658241,-27.392946,-29.755844,-29.151876,-31.44144,-42.41177,-51.885834,-51.220078,-50.936497,-51.47198,-51.3182,-51.43118,-51.41168,-49.234287,-51.489044,-64.74683,-80.0,-80.0,-80.0,-80.0,-80.0,-80.0,-80.0,-80.0,-80.0,-80.0,-80.0,-80.0,-80.0,-80.0,-80.0,-80.0,-80.0,-80.0,-80.0,-80.0,-80.0,-80.0,-80.0,-80.0,-80.0,-80.0,-80.0,-80.0,-80.0,-80.0,-80.0,-80.0,-80.0,-80.0,-80.0,-80.0,-80.0,-80.0,-80.0,-80.0,-80.0,-80.0,-80.0,-80.0,-80.0,-80.0,-80.0,-80.0,-80.0,-80.0,-80.0,-80.0,-80.0,-80.0,-80.0,-80.0,-80.0,-80.0,-80.0,-80.0,-80.0,-80.0,-80.0,-80.0,-80.0,-80.0,-80.0,-80.0,-80.0,-80.0,-80.0,-80.0,-80.0,-80.0,-80.0,-80.0,-80.0,-80.0,-80.0,-80.0,-80.0,-80.0,-80.0,-80.0,-80.0,-80.0,-80.0,-80.0,-80.0,-80.0,-80.0,-80.0,-80.0,-80.0
-29.446663,-26.268011,-25.714872,-25.607986,-26.624956,-27.541943,-27.975876,-27.28588,-26.279692,-24.787262,-24.253551,-25.86468,-25.343884,-23.75647,-25.262821,-28.60898,-30.105652,-29.390146,-28.295643,-26.83527,-28.717281,-29.15643,-25.145689,-24.604355,-24.599895,-25.645138,-25.830769,-24.631939,-24.49158,-23.957104,-25.401323,-24.548847,-25.46199,-25.191343,-25.621885,-25.300898,-25.862911,-30.573063,-28.413343,-28.075363,-29.173742,-25.76503,-26.001177,-27.469822,-27.103844,-25.866701,-25.761469,-27.55619,-27.21165,-25.089798,-24.517004,-23.851364,-23.572388,-24.287237,-24.148392,-24.430035,-27.87365,-27.406822,-27.762224,-29.348347,-27.267942,-26.183508,-24.579628,-25.326813,-26.766815,-28.18929,-28.056644,-27.226622,-27.217922,-26.701294,-25.096449,-26.426394,-27.33817,-28.872349,-27.08898,-24.954197,-25.312061,-25.129936,-24.408186,-24.43822,-25.941332,-28.41065,-28.627087,-26.368866,-25.250137,-24.825583,-26.77456,-27.664116,-26.581947,-25.989426,-26.023483,-25.414892,-24.046225,-24.525826,-26.915648,-27.11655,-29.598629,-30.281544,-26.648142,-25.051498,-28.072708,-27.51937,-26.648941,-24.95791,-23.515495,-26.883816,-26.65318,-26.218729,-26.772947,-25.449232,-28.960955,-35.55616,-38.1358,-39.359966,-39.857178,-37.00509,-35.59716,-37.85407,-39.05755,-38.79052,-41.737267,-46.818916,-40.460186,-39.168556,-43.629486,-43.540497,-42.632286,-36.061283,-28.775911,-26.739101,-28.264637,-28.378761,-28.367226,-29.086506,-27.552355,-25.763124,-25.112793,-27.284687,-28.158205,-25.855436,-24.858555,-25.889072,-27.359575,-28.666794,-26.037195,-25.92794,-26.373386,-24.120367,-25.13056,-27.192102,-28.232191,-27.362724,-27.69312,-29.992603,-29.212173,-27.251745,-26.291018,-26.060905,-24.673943,-24.503716,-25.677082,-26.195967,-26.189213,-27.190655,-26.07388,-25.84147,-26.408804,-27.920418,-27.481596,-26.526375,-26.147243,-28.471989,-28.857101,-30.633818,-29.61444,-28.919968,-29.920559,-26.51129,-25.02312,-26.863827,-26.548716,-24.090038,-24.75993,-23.795528,-25.923084,-26.847088,-25.40086,-24.160126,-24.937782,-25.976763,-25.65097,-25.156002,-26.181244,-27.70943,-27.839104,-27.979404,-24.500162,-25.138754,-27.795452,-27.51817,-28.225965,-26.897383,-26.562428,-27.70187,-25.195124,-24.737234,-25.33666,-28.716438,-27.749817,-27.038761,-28.824936,-27.077229,-26.21593,-25.568485,-25.844837,-28.61233,-26.415644,-26.81883,-26.632572,-27.435268,-26.294928,-24.308842,-23.548777,-24.358047,-27.55319,-27.462864,-25.744644,-25.869957,-25.418009,-28.348446,-28.694061,-26.122469,-25.018578,-24.388784,-25.01425,-25.137066,-26.568201,-27.26095,-27.187252,-27.608469,-26.856613,-26.223583,-25.372074,-25.417023,-25.690605,-25.5635,-25.148918,-26.187819,-28.073612,-28.14909,-27.651733,-26.444748,-25.674366,-25.46793,-24.598448,-26.509293,-26.801918,-26.246943,-25.79832,-26.659826,-25.591694,-25.390944,-27.381258,-27.640236,-27.945545,-27.1446,-26.587202,-26.645794,-27.104122,-25.900257,-26.240475,-25.30054,-26.727634,-26.229765,-26.035702,-24.786335,-25.159418,-24.844738,-25.008698,-25.417606,-25.534428,-26.373932,-28.181744,-26.247978,-25.285442,-23.872683,-26.199528,-26.706573,-26.71767,-25.838652,-24.799702,-25.445839,-25.756523,-24.929691,-26.413397,-26.456528,-26.261702,-27.159641,-27.714567,-28.908234,-28.598907,-27.43805,-27.274948,-26.849457,-27.151909,-27.982288,-26.536266,-27.574354,-27.97285,-25.753365,-24.417858,-25.923965,-26.987682,-25.346115,-24.871325,-25.48927,-26.325459,-25.665613,-25.02833,-28.402557,-26.612446,-25.230953,-28.563784,-29.351175,-27.908272,-24.95586,-23.302258,-25.545025,-27.234926,-26.651981,-26.606804,-28.437227,-25.863201,-25.856419,-26.620903,-26.192978,-24.708502,-24.487625,-27.031914,-25.234833,-25.13739,-25.196587,-24.477444,-26.31107,-26.571001,-26.1887,-25.82008,-25.497562,-24.958248,-25.64789,-26.619589,-26.5763,-23.606924,-23.264389,-26.45214,-27.999405,-30.07195,-27.52127,-26.098812,-25.502245,-27.493036,-27.137486,-26.832586,-28.087933,-27.7821,-25.477854,-24.049477,-25.125935,-23.320107,-24.0112,-23.948494,-23.538391,-23.97769,-24.038618,-23.675156,-23.513649,-24.672924,-27.481468,-24.68631,-25.359486,-26.467274,-25.560396,-24.945747,-26.765768,-27.086506,-27.808784,-28.208874,-26.328857,-24.943405,-25.519918,-27.243443,-26.095772,-25.400034,-26.136333,-27.059803,-29.794367,-28.461428,-28.019363,-29.983845,-27.590405,-26.291838,-23.72142,-23.72526,-26.16975,-24.594238,-26.506744,-28.857609,-28.41617,-26.81166,-26.52319,-26.326567,-25.341663,-24.789433,-26.491974,-26.326384,-24.854424,-24.708328,-24.88792,-26.877924,-26.857256,-26.81589,-25.307438,-24.95934,-25.50408,-26.729124,-28.307037,-28.138565,-27.839127,-26.923769,-26.532568,-27.277912,-27.288334,-27.727093,-27.740421,-26.807743,-25.933384,-27.471443,-26.924015,-25.231735,-25.324894,-26.211548,-26.194088,-27.652725,-27.822433,-27.99678,-26.96916,-26.820578,-25.018385,-25.77065,-25.996752,-26.67188,-26.058504,-25.778702,-26.223461,-26.12754,-26.002184,-25.540997,-25.890968,-27.779737,-26.29793,-26.50225,-27.022776,-25.412605,-26.379992,-26.464926,-26.387669,-25.848713,-26.613297,-26.241234,-26.881168,-25.374748,-24.09616,-24.865404,-25.330595,-25.30584,-24.993675,-26.006664,-26.143303,-26.17292,-26.059093,-27.954071,-28.474552,-27.44937,-27.16332,-27.234016,-28.86805,-26.02079,-24.115257,-26.623093,-28.130592,-28.650385,-28.168863,-26.448137,-24.864311,-25.701176,-24.546093,-25.686989,-27.037678,-26.838364,-28.922882,-29.273155,-28.343122,-27.196423,-27.160898,-26.432848,-25.736202,-25.515312,-27.9628,-28.13868,-26.092,-25.058298,-24.921474,-27.96607,-27.564228,-25.648556,-25.063736,-26.957876,-26.076082,-24.953632,-25.517033,-25.94828,-25.363777,-25.243046,-26.096504,-25.989883,-25.885796,-27.047237,-28.016155,-26.558271,-26.778027,-27.795502,-28.572132,-27.886341,-27.336676,-28.294174,-28.73017,-25.10102,-23.840359,-25.74086,-26.449915,-26.54026,-28.17228,-26.701393,-25.532215,-25.675028,-25.722183,-28.173317,-28.074947,-28.108727,-26.724586,-26.79155,-27.140207,-26.568035,-26.939026,-28.112059,-29.270077,-28.538252,-26.506344,-25.919607,-25.702599,-26.505901,-29.006762,-26.022331,-25.230097,-27.232693,-27.105995,-27.06237,-26.81194,-25.056953,-24.729324,-27.094769,-27.794163,-25.385199,-25.46217,-26.604185,-27.206211,-25.77964,-27.478024,-27.12876,-26.024185,-26.886227,-28.076195,-27.381687,-26.006382,-26.311466,-27.869122,-27.279686,-25.136833,-25.518171,-25.37117,-26.872395,-28.87156,-28.527893,-25.325418,-25.74338,-27.188082,-26.493183,-25.726482,-27.720818,-27.144543,-27.227955,-26.369822,-27.158987,-28.566647,-27.801336,-26.691238,-27.619564,-27.989481,-27.301517,-24.160347,-24.434639,-26.614044,-24.926346,-25.570292,-27.098728,-27.328217,-28.36987,-30.724253,-38.537712,-40.59254,-40.643543,-40.66727,-40.62354,-40.634857,-40.62596,-40.62972,-41.565678,-47.057747,-66.28595,-80.0,-80.0,-80.0,-80.0,-80.0,-80.0,-80.0,-80.0,-80.0,-80.0,-80.0,-80.0,-80.0,-80.0,-80.0,-80.0,-80.0,-80.0,-80.0,-80.0,-80.0,-80.0,-80.0,-80.0,-80.0,-80.0,-80.0,-80.0,-80.0,-80.0,-80.0,-80.0,-80.0,-80.0,-80.0,-80.0,-80.0,-80.0,-80.0,-80.0,-80.0,-80.0,-80.0,-80.0,-80.0,-80.0,-80.0,-80.0,-80.0,-80.0,-80.0,-80.0,-80.0,-80.0,-80.0,-80.0,-80.0,-80.0,-80.0,-80.0,-80.0,-80.0,-80.0,-80.0,-80.0,-80.0,-80.0,-80.0,-80.0,-80.0,-80.0,-80.0,-80.0,-80.0,-80.0,-80.0,-80.0,-80.0,-80.0,-80.0,-80.0,-80.0,-80.0,-80.0,-80.0,-80.0,-80.0,-80.0,-80.0,-80.0,-80.0,-80.0,-80.0,-80.0
-28.82701,-26.911072,-26.835701,-26.554504,-26.1396,-26.623255,-26.954859,-29.40331,-28.48796,-25.70066,-25.42319,-26.92604,-27.514948,-26.903572,-27.119854,-26.72699,-26.438484,-27.35416,-27.290836,-27.436354,-27.376324,-27.501375,-27.641617,-27.036829,-26.352882,-25.787075,-25.509937,-26.567976,-28.253088,-27.10415,-26.642643,-24.78038,-25.434341,-24.191027,-25.082575,-24.683086,-22.896648,-26.342768,-27.040861,-26.59481,-27.868847,-27.867954,-28.287895,-27.532082,-28.973213,-28.508894,-25.96635,-25.787489,-26.892471,-27.461391,-26.541,-25.00407,-25.380363,-24.914219,-25.321945,-26.470312,-26.02288,-24.698719,-26.672434,-28.886398,-29.66404,-28.134817,-26.368927,-25.388725,-25.897758,-26.84243,-28.064121,-24.888765,-26.710438,-25.31216,-26.687794,-26.61451,-25.24353,-26.893452,-25.30909,-25.403683,-25.589878,-25.459368,-27.939352,-27.820852,-26.761093,-25.778873,-25.774153,-26.202286,-26.574402,-27.690908,-30.337507,-26.102604,-25.653336,-26.731674,-26.752293,-25.840183,-24.72419,-24.20605,-24.703838,-25.991693,-26.285168,-27.866413,-27.932184,-25.46628,-26.71954,-26.033552,-25.999508,-28.182438,-28.192377,-26.88338,-24.072151,-26.442326,-30.299608,-27.51614,-29.73451,-35.896362,-35.99114,-37.233852,-36.664856,-37.78374,-39.21652,-40.081673,-40.28582,-38.933918,-40.16095,-44.274483,-40.674465,-40.746086,-43.455784,-40.844078,-40.302963,-35.11125,-28.932926,-27.413101,-26.340557,-26.82905,-27.75505,-27.592321,-28.40924,-28.159698,-25.008003,-24.70054,-25.848383,-26.642637,-27.773478,-27.65934,-25.594675,-26.56726,-23.990421,-24.69763,-26.539715,-26.661978,-26.72947,-26.145113,-29.061714,-28.954948,-28.663559,-25.55002,-24.064987,-25.884773,-25.909668,-27.36505,-26.16743,-26.08879,-27.249378,-26.770546,-26.898064,-30.194347,-27.753218,-26.934698,-27.022911,-27.42437,-26.82199,-24.309345,-25.38988,-27.763594,-27.92223,-28.638683,-27.633965,-28.148138,-26.964172,-26.48597,-25.986715,-25.513922,-25.502296,-24.80937,-26.352379,-26.088722,-24.318298,-23.066622,-23.816505,-24.359144,-25.759392,-28.488895,-27.161198,-24.952923,-25.634323,-26.508442,-26.773434,-26.214125,-27.004961,-26.73794,-27.916283,-27.21958,-26.84316,-28.633781,-27.210854,-23.519423,-22.496145,-25.962988,-26.556892,-30.249546,-28.596561,-27.856073,-26.90096,-26.11185,-24.90009,-25.679344,-25.454594,-27.698988,-26.39309,-26.106339,-25.432442,-24.37629,-24.317915,-25.805138,-25.398872,-25.827126,-25.009148,-25.470165,-24.630817,-25.366646,-25.1731,-25.842772,-28.66963,-26.605984,-25.060326,-25.26715,-26.75394,-28.014477,-28.919916,-25.406044,-25.79203,-27.855057,-25.30685,-24.574429,-24.128704,-24.956556,-26.475096,-25.147205,-25.043266,-23.75317,-25.419151,-24.678453,-27.056196,-25.674961,-24.083097,-23.67684,-23.787666,-25.558506,-25.5285,-23.989355,-23.18324,-25.343773,-26.093643,-26.321152,-28.85445,-28.59877,-27.595222,-27.209124,-25.435287,-25.347458,-24.394144,-25.77525,-26.925074,-27.089174,-28.179304,-27.507896,-25.535456,-24.670874,-25.813313,-25.272095,-26.296978,-27.157032,-26.377329,-26.752388,-27.194769,-24.17685,-25.073748,-26.478575,-28.538841,-26.620281,-24.816486,-26.22636,-25.8997,-25.609821,-25.490456,-24.300072,-24.176228,-24.658138,-26.71087,-26.776014,-26.642393,-27.932146,-26.26234,-25.303204,-25.4936,-24.074959,-25.88055,-26.281544,-25.486216,-25.242973,-26.37756,-26.431808,-25.872738,-25.337093,-25.405838,-27.183125,-25.439781,-23.72755,-23.014498,-24.659435,-26.242222,-26.819426,-25.955185,-27.172617,-29.61009,-28.044712,-27.762974,-27.709068,-24.648344,-24.438538,-26.154049,-27.770061,-25.744244,-25.238508,-25.380905,-26.709476,-26.607063,-28.082977,-28.054981,-28.356071,-28.122168,-25.107307,-25.870173,-27.420506,-27.647203,-27.572037,-27.786303,-27.339073,-24.510134,-24.03886,-25.240477,-28.307693,-25.127968,-26.145033,-27.431675,-25.769867,-25.039824,-25.7924,-24.902935,-24.735035,-25.568768,-25.230318,-26.799408,-28.654732,-27.373274,-27.740776,-27.571419,-27.31769,-27.680845,-26.31824,-24.831657,-26.452599,-25.038164,-24.447105,-24.996416,-25.012663,-25.688927,-25.85616,-25.928274,-28.524727,-28.673965,-29.444895,-29.82133,-28.611942,-26.164513,-24.983513,-24.227242,-25.448746,-26.306297,-26.798582,-24.819572,-26.313559,-27.424671,-27.55547,-26.427237,-26.463968,-26.319763,-28.12969,-26.561085,-25.180843,-27.574123,-25.697819,-24.467346,-25.492485,-26.560745,-27.400879,-25.9798,-26.472757,-28.698364,-27.700603,-25.694826,-25.649023,-26.23429,-25.632425,-27.219955,-27.726437,-26.92345,-26.372713,-25.595062,-25.016117,-26.562836,-24.98058,-25.07981,-27.724276,-26.750086,-23.344667,-22.62347,-22.975325,-25.599113,-25.42722,-26.573832,-24.905645,-25.878284,-27.680126,-27.735092,-25.44271,-24.832302,-24.923273,-25.54497,-27.134724,-25.691422,-26.425714,-26.01787,-24.600359,-25.727654,-27.207943,-26.665611,-25.90719,-26.535437,-24.719906,-24.540699,-24.473473,-27.089775,-27.25425,-26.098686,-26.281136,-27.026766,-26.020996,-25.166435,-25.52916,-26.264774,-26.326365,-26.793972,-26.492336,-25.150642,-27.050587,-28.587791,-28.736462,-26.387716,-25.526499,-25.220734,-24.426878,-24.96994,-24.633444,-25.709372,-26.62635,-27.522028,-27.234098,-26.020664,-24.46595,-26.417683,-26.861488,-28.078714,-28.747015,-27.12416,-25.431553,-26.31382,-30.000134,-25.327099,-22.11084,-23.002178,-26.91331,-27.516283,-28.295185,-26.371317,-25.166428,-26.895535,-25.73317,-27.244396,-25.790195,-25.755054,-27.97631,-27.522684,-26.839642,-26.325489,-24.933445,-24.348476,-22.190409,-24.429073,-26.692884,-26.342384,-26.762253,-27.561348,-26.86016,-23.541729,-24.763802,-23.783129,-24.438343,-28.272411,-30.068544,-27.790598,-26.725462,-27.039206,-24.265755,-24.507431,-25.059927,-25.653076,-25.38023,-27.517887,-28.924114,-27.582233,-26.277193,-27.38318,-26.455935,-26.585136,-26.498098,-25.63776,-28.022972,-26.414577,-25.566818,-26.310226,-26.557938,-28.00774,-26.46957,-24.354567,-25.080784,-25.626286,-25.656998,-24.991959,-25.450813,-26.81393,-25.614168,-24.603352,-25.913235,-26.545933,-27.149075,-26.36221,-23.723698,-25.030823,-26.18634,-25.858734,-25.0691,-24.227978,-26.255022,-26.67245,-26.274473,-25.919998,-26.068619,-25.835125,-26.786999,-27.99406,-26.483292,-25.584566,-24.807625,-24.200056,-25.364105,-26.718487,-25.35149,-24.975128,-26.312569,-25.392643,-26.899715,-27.760447,-27.005228,-27.392012,-27.707706,-27.185974,-28.07829,-27.61473,-27.730656,-26.123869,-26.016497,-27.557936,-28.984463,-28.79784,-26.951466,-26.830389,-26.09768,-24.890358,-25.140732,-25.867252,-27.499939,-28.523827,-25.608723,-26.217268,-27.131977,-26.987946,-26.902657,-28.00997,-28.271246,-26.946373,-25.809057,-26.65889,-27.474937,-28.52047,-29.309294,-28.083384,-27.042503,-27.071762,-30.155203,-40.05009,-45.508728,-45.397102,-45.34633,-45.439995,-45.415577,-45.434895,-45.42585,-44.98358,-48.038925,-62.140778,-80.0,-80.0,-80.0,-80.0,-80.0,-80.0,-80.0,-80.0,-80.0,-80.0,-80.0,-80.0,-80.0,-80.0,-80.0,-80.0,-80.0,-80.0,-80.0,-80.0,-80.0,-80.0,-80.0,-80.0,-80.0,-80.0,-80.0,-80.0,-80.0,-80.0,-80.0,-80.0,-80.0,-80.0,-80.0,-80.0,-80.0,-80.0,-80.0,-80.0,-80.0,-80.0,-80.0,-80.0,-80.0,-80.0,-80.0,-80.0,-80.0,-80.0,-80.0,-80.0,-80.0,-80.0,-80.0,-80.0,-80.0,-80.0,-80.0,-80.0,-80.0,-80.0,-80.0,-80.0,-80.0,-80.0,-80.0,-80.0,-80.0,-80.0,-80.0,-80.0,-80.0,-80.0,-80.0,-80.0,-80.0,-80.0,-80.0,-80.0,-80.0,-80.0,-80.0,-80.0,-80.0,-80.0,-80.0,-80.0,-80.0,-80.0,-80.0,-80.0,-80.0,-80.0
-31.448992,-27.740253,-29.338398,-27.425022,-24.791805,-26.66605,-26.613892,-26.279495,-25.990753,-25.770767,-26.385647,-26.432825,-26.783642,-26.60696,-25.98907,-25.783245,-24.741077,-25.924736,-27.620583,-27.417072,-25.777328,-25.302656,-26.970337,-26.604546,-26.25182,-26.749199,-26.041363,-26.342896,-27.639622,-26.950447,-27.531584,-27.34623,-26.32983,-26.762152,-27.882324,-26.663994,-24.497398,-25.512577,-27.196594,-28.972845,-25.02332,-25.169615,-27.753399,-27.385695,-27.357738,-25.712116,-25.243553,-24.09024,-25.899225,-27.252586,-27.668732,-26.061007,-28.46456,-27.3917,-27.134638,-28.222033,-26.326063,-26.136671,-27.246134,-26.68952,-26.814972,-28.19634,-27.066015,-27.215942,-24.807547,-25.093948,-24.833532,-26.273485,-27.92631,-28.135025,-25.96589,-27.580742,-27.589256,-26.39687,-24.909973,-25.103304,-25.204445,-24.461647,-25.145267,-25.851185,-27.658825,-26.88417,-26.531227,-26.994646,-27.052307,-27.725775,-28.360435,-26.639984,-26.312624,-24.884695,-26.349747,-26.097761,-25.152676,-25.022694,-24.2073,-24.900324,-25.539944,-27.079826,-26.43938,-23.709583,-26.378365,-27.345963,-26.710333,-28.041916,-27.880314,-28.42361,-27.737837,-26.55743,-27.916157,-27.675793,-31.1544,-35.709225,-34.67302,-35.183556,-34.818787,-35.2195,-37.476254,-40.323475,-40.104813,-39.885876,-40.946766,-43.869358,-40.268295,-38.414146,-41.86817,-39.863842,-39.777817,-36.291656,-28.757435,-25.465658,-24.986408,-28.114922,-28.121109,-25.841896,-26.715841,-28.824162,-27.96859,-27.502674,-27.67481,-27.265036,-26.998661,-26.927914,-25.53922,-26.869684,-27.811966,-27.06378,-27.889786,-27.009724,-26.662558,-26.539906,-26.193523,-27.013252,-27.177685,-25.567688,-25.114334,-26.022295,-27.67437,-28.177689,-27.788868,-27.06512,-26.549288,-25.453735,-26.240784,-27.806206,-25.259405,-24.505295,-26.025827,-27.593895,-27.106949,-26.661041,-27.688108,-26.986094,-25.534199,-26.982437,-25.294022,-26.381655,-26.322266,-26.143456,-26.311798,-26.901754,-26.397156,-24.518356,-22.706024,-23.999859,-24.004728,-25.64987,-27.381107,-27.961945,-27.076208,-25.416836,-26.304667,-26.956303,-27.909355,-26.551445,-26.827345,-26.543303,-26.440088,-26.705055,-26.61997,-25.47888,-25.188229,-26.672329,-25.562561,-24.494394,-23.457718,-24.036823,-26.135235,-27.111423,-27.681004,-28.682587,-28.336487,-27.227707,-25.891254,-25.647366,-26.003235,-28.512062,-26.74285,-25.283558,-26.262081,-25.843792,-25.431313,-26.385973,-26.731894,-28.76747,-27.877483,-26.31752,-25.268616,-26.66853,-26.917408,-26.048122,-27.947536,-28.622837,-27.484507,-26.386688,-27.32689,-26.975492,-26.058403,-26.060837,-28.066544,-27.93048,-25.713945,-24.526669,-26.905537,-28.150932,-28.18459,-25.255238,-26.068165,-26.42981,-27.730286,-28.010548,-25.710129,-26.892815,-28.34959,-26.489874,-25.642628,-26.295876,-27.214537,-25.251534,-25.963924,-26.633606,-25.510622,-25.879177,-26.482723,-26.627035,-27.264393,-25.865658,-26.124395,-27.11321,-25.904102,-27.154932,-26.218544,-26.936405,-28.929382,-28.375677,-27.862713,-27.336756,-26.783613,-24.991447,-24.749714,-24.333302,-24.53337,-27.22121,-25.575848,-27.582718,-29.771767,-28.444862,-28.16569,-27.428524,-26.68132,-26.470215,-25.662868,-26.454227,-28.146236,-27.728168,-24.976318,-24.49925,-24.92201,-27.982979,-27.350893,-27.74035,-25.928028,-24.446547,-25.568312,-26.425747,-27.011389,-26.164125,-25.144386,-24.331572,-24.362728,-26.467672,-26.301908,-25.243206,-25.31514,-26.362698,-27.32389,-25.99107,-24.396553,-25.38805,-27.769451,-27.311922,-25.587763,-26.79322,-27.406906,-26.1104,-27.293936,-28.482235,-26.400927,-25.469303,-27.10915,-25.297302,-22.752441,-24.073906,-25.799984,-26.60389,-27.593939,-26.584042,-27.581652,-28.653805,-28.555622,-27.465197,-25.856396,-25.590603,-27.510687,-25.755878,-28.22392,-27.75896,-27.079235,-28.410286,-27.488348,-26.49894,-23.016018,-25.273832,-26.598324,-25.370087,-25.201267,-26.132664,-25.361767,-23.90207,-25.47251,-24.458242,-24.39175,-26.187408,-26.744553,-26.225151,-26.67191,-26.349396,-27.053566,-27.817907,-28.177578,-28.801006,-26.442177,-26.23301,-28.549927,-27.932045,-26.213272,-27.38095,-27.50275,-28.421013,-29.48606,-29.106121,-28.458488,-28.794312,-26.705315,-24.008059,-24.953247,-26.850868,-25.6217,-23.630323,-24.1424,-25.849844,-26.695776,-28.34563,-26.495974,-24.814377,-25.16909,-26.447432,-26.002644,-24.785532,-25.541737,-25.478241,-25.074673,-26.04944,-26.380589,-26.680248,-27.257576,-27.210163,-26.10924,-28.749294,-27.38587,-26.540596,-27.931871,-27.449997,-27.109226,-25.52569,-25.682457,-25.92362,-28.705288,-27.680874,-25.950577,-24.924248,-25.861961,-25.28962,-25.010807,-25.632515,-25.883316,-25.085861,-26.48753,-26.369076,-26.178293,-24.071175,-23.970964,-24.33368,-25.25914,-25.811184,-25.97028,-26.812317,-23.10839,-24.835962,-27.143192,-25.531935,-24.656815,-25.81128,-27.97474,-26.259834,-24.335342,-26.44503,-27.363708,-25.88978,-26.575138,-27.649986,-27.343796,-26.444757,-26.870852,-26.694485,-25.168194,-26.610542,-25.442665,-24.354433,-24.497444,-25.483181,-26.577374,-25.411232,-25.088173,-25.77641,-25.785242,-27.200987,-27.940077,-23.668617,-24.152111,-27.276964,-26.507355,-25.3308,-26.616879,-26.21624,-26.551546,-26.627903,-26.797802,-25.752773,-24.23709,-25.515156,-24.619936,-23.828377,-27.363783,-28.721035,-27.985535,-26.71924,-27.298004,-25.227798,-24.830822,-26.72119,-25.848166,-25.339785,-25.844194,-24.931255,-26.283573,-27.15213,-25.91677,-24.659264,-26.145638,-26.739964,-25.122707,-24.102497,-25.645878,-24.248539,-24.770567,-25.234228,-25.398693,-25.381432,-24.309755,-24.710905,-28.96091,-28.315159,-25.078354,-25.978611,-26.70536,-26.95419,-27.655148,-28.06641,-24.378687,-23.98293,-25.007002,-24.99465,-25.289042,-24.970455,-25.121782,-24.800346,-26.39362,-27.028046,-25.981432,-28.597073,-27.2072,-24.73843,-25.372238,-24.107853,-23.495518,-27.172634,-25.944784,-24.993967,-24.602116,-25.418278,-27.150448,-26.833542,-26.334368,-26.990839,-24.45982,-25.024017,-25.379148,-26.123024,-27.70176,-27.11096,-26.671295,-28.078865,-25.35794,-25.070065,-26.999352,-26.515347,-27.798168,-26.29847,-26.342243,-27.488516,-25.341309,-23.972889,-26.271545,-25.678835,-23.665943,-23.981567,-26.00879,-27.193523,-23.936016,-24.444628,-23.708858,-24.331806,-24.861052,-26.765213,-27.916332,-25.706871,-25.33776,-24.82073,-26.319004,-28.893576,-26.716465,-25.31166,-28.040257,-29.322218,-26.693604,-27.416811,-26.678102,-25.6237,-25.99503,-26.378803,-28.622301,-29.26864,-25.92601,-25.513714,-24.71514,-24.319668,-25.744164,-26.566734,-27.140434,-27.54811,-29.268436,-29.422138,-27.56296,-27.74041,-29.583208,-28.329449,-28.23781,-27.541182,-28.966187,-28.423615,-29.068703,-27.092419,-27.430975,-28.484163,-28.4396,-26.27883,-24.504824,-25.868557,-28.858944,-29.311546,-29.32724,-29.334211,-29.321384,-29.324295,-29.321623,-29.323372,-29.98998,-34.962585,-52.51193,-80.0,-80.0,-80.0,-80.0,-80.0,-80.0,-80.0,-80.0,-80.0,-80.0,-80.0,-80.0,-80.0,-80.0,-80.0,-80.0,-80.0,-80.0,-80.0,-80.0,-80.0,-80.0,-80.0,-80.0,-80.0,-80.0,-80.0,-80.0,-80.0,-80.0,-80.0,-80.0,-80.0,-80.0,-80.0,-80.0,-80.0,-80.0,-80.0,-80.0,-80.0,-80.0,-80.0,-80.0,-80.0,-80.0,-80.0,-80.0,-80.0,-80.0,-80.0,-80.0,-80.0,-80.0,-80.0,-80.0,-80.0,-80.0,-80.0,-80.0,-80.0,-80.0,-80.0,-80.0,-80.0,-80.0,-80.0,-80.0,-80.0,-80.0,-80.0,-80.0,-80.0,-80.0,-80.0,-80.0,-80.0,-80.0,-80.0,-80.0,-80.0,-80.0,-80.0,-80.0,-80.0,-80.0,-80.0,-80.0,-80.0,-80.0,-80.0,-80.0,-80.0,-80.0
-32.783604,-28.635715,-26.051615,-26.110989,-27.175495,-26.158232,-26.014557,-25.940369,-24.82835,-24.731203,-25.343454,-25.991636,-28.208727,-27.672127,-24.97371,-23.843468,-24.688305,-26.245434,-28.873926,-26.799341,-25.434422,-26.692846,-26.57421,-25.576641,-27.152866,-25.97813,-26.191725,-26.026749,-26.377651,-25.105988,-25.90589,-26.687317,-26.401852,-27.112896,-26.431799,-25.533688,-27.274097,-28.104542,-27.047989,-26.63902,-28.199041,-27.529104,-25.893711,-26.13157,-25.266811,-24.465675,-25.012611,-26.05309,-26.642485,-27.342978,-27.950703,-25.412418,-26.088478,-26.049955,-26.548998,-26.621504,-27.006851,-27.515062,-26.561857,-26.014175,-25.690193,-28.09917,-28.01169,-26.361183,-25.06631,-24.286427,-25.671,-27.081617,-27.605347,-27.642002,-28.31214,-29.830776,-28.351767,-28.006844,-28.98761,-26.86585,-25.967846,-24.759655,-25.726936,-22.456425,-22.418407,-25.128567,-26.321068,-25.282623,-26.065323,-28.218529,-26.137321,-24.957788,-26.484566,-28.502817,-27.049164,-26.222622,-26.61081,-27.756304,-27.227518,-25.180477,-23.243828,-24.58896,-26.376705,-27.30496,-27.990795,-26.851395,-26.74533,-28.81388,-30.186447,-27.959497,-24.816658,-24.27522,-26.01268,-24.997885,-30.266865,-38.72481,-35.567688,-33.84658,-35.210697,-33.292217,-34.321854,-36.81316,-37.687927,-36.562965,-36.460884,-43.493187,-41.417816,-37.63373,-39.835194,-40.7303,-38.86931,-36.302418,-29.738564,-26.064617,-25.485607,-25.046875,-25.835426,-25.478111,-25.996042,-28.54598,-26.799566,-27.402538,-28.123425,-26.65644,-26.896357,-28.413774,-27.223454,-26.71776,-27.550499,-27.671165,-24.416994,-24.04443,-24.979994,-26.065779,-25.13601,-24.09151,-25.158026,-26.258156,-25.172377,-26.100513,-28.048113,-27.328726,-26.703447,-27.321417,-26.657536,-25.843794,-25.852795,-25.46861,-26.762575,-28.323706,-25.738848,-25.383308,-25.027138,-27.560535,-28.400331,-26.897348,-26.246855,-27.918848,-27.052387,-28.061714,-27.63562,-26.616745,-26.056458,-27.525595,-29.502617,-26.933971,-25.815586,-27.186289,-26.713587,-27.544556,-28.802761,-27.554523,-25.865719,-25.21917,-26.20409,-27.363335,-27.874943,-27.83247,-26.299011,-28.253029,-27.912956,-25.289124,-26.911171,-26.53347,-24.846764,-23.946657,-24.589695,-26.863485,-27.761707,-28.310116,-26.895855,-24.550745,-24.448069,-28.11683,-27.031008,-26.066399,-27.3053,-26.244926,-25.790394,-27.246681,-28.161419,-28.562935,-26.412409,-26.051846,-26.935291,-25.851383,-24.311396,-25.87498,-29.880919,-28.828297,-27.294983,-25.136778,-24.300686,-27.492682,-26.262001,-26.428146,-25.713547,-26.234955,-26.26591,-25.411083,-25.31958,-26.790573,-28.04654,-26.895338,-24.26152,-23.695494,-27.277615,-26.937614,-25.8382,-26.033142,-28.687439,-29.717558,-28.569092,-26.260973,-26.436012,-26.366665,-26.029644,-27.10233,-26.947632,-28.021322,-26.811697,-26.61303,-29.571558,-28.916857,-26.697678,-27.370308,-26.89708,-26.397182,-25.611351,-24.02908,-24.821552,-26.333998,-24.790209,-25.079334,-25.20794,-25.211506,-28.913792,-29.268883,-27.34565,-26.986378,-26.775175,-26.376247,-26.893265,-25.141838,-25.030712,-26.409119,-22.930904,-23.750912,-26.603481,-24.684464,-24.868145,-28.674326,-27.62705,-25.796062,-27.979206,-28.190212,-25.066204,-24.320168,-25.754553,-26.866917,-27.262009,-27.428131,-26.102425,-27.785635,-26.893742,-26.297325,-27.240244,-26.4813,-25.903065,-26.448212,-25.733383,-24.654789,-25.675858,-26.745728,-26.874445,-27.154694,-24.675362,-23.451126,-25.553558,-26.48142,-24.50621,-25.46233,-26.497696,-28.154076,-27.017208,-25.412487,-25.51224,-26.515818,-25.888138,-26.086376,-26.348545,-25.164936,-25.27811,-25.653522,-25.11198,-25.726612,-25.122381,-24.562677,-26.134893,-25.063087,-25.635685,-26.496346,-26.86494,-27.50243,-26.562809,-25.159893,-24.048983,-23.97707,-26.078693,-24.653423,-22.928177,-23.742216,-26.233198,-26.038197,-24.55996,-24.360836,-23.956562,-24.811733,-24.055359,-24.712147,-25.380299,-26.71918,-26.095894,-26.152378,-25.058548,-24.823406,-24.932377,-25.886818,-25.672752,-26.03104,-27.380188,-29.166775,-28.68199,-26.465137,-25.724052,-25.072618,-25.620281,-28.52927,-29.261883,-28.309914,-27.018398,-26.976105,-27.084246,-27.467419,-27.600403,-27.882732,-29.637959,-27.931408,-26.950996,-27.068415,-25.218414,-25.050076,-26.13858,-25.529282,-25.64899,-25.788239,-25.675922,-26.7016,-26.61553,-27.763588,-26.12407,-24.76562,-25.558521,-27.487835,-26.302185,-25.953876,-24.327019,-24.33703,-24.268826,-26.408127,-27.191135,-27.465424,-28.184853,-27.840342,-26.45042,-25.019892,-25.031788,-24.601917,-26.16778,-28.789106,-26.889086,-26.624557,-26.639212,-25.613813,-26.355343,-26.687887,-25.725582,-28.738415,-28.909119,-26.546846,-25.865223,-25.973639,-27.05843,-28.301138,-26.400373,-24.070606,-25.3904,-24.652119,-23.851402,-25.062054,-24.311335,-26.166216,-25.879503,-25.316414,-25.617386,-25.24694,-25.8246,-26.857796,-23.56556,-24.263916,-26.159964,-28.103294,-27.735872,-27.4541,-27.679054,-28.065672,-28.144424,-27.185064,-25.072418,-25.353231,-27.364857,-26.698925,-26.436916,-26.380497,-26.50466,-24.212746,-22.828156,-25.400967,-26.143183,-26.4828,-25.429104,-23.151474,-24.767187,-26.739567,-26.071709,-26.656918,-29.228512,-27.337929,-26.589228,-28.41569,-27.706715,-26.191849,-24.773064,-24.838875,-24.566519,-25.93197,-27.640549,-27.83929,-26.895254,-23.648651,-22.91626,-24.233557,-26.01801,-26.651068,-26.475555,-26.9844,-27.134066,-26.75024,-28.347715,-25.682808,-24.018393,-25.840834,-27.682964,-27.389515,-27.096327,-25.688597,-24.08077,-24.046478,-25.878967,-25.755066,-25.092316,-24.96553,-26.969473,-26.355682,-27.542486,-29.113728,-27.698517,-26.923412,-25.492622,-23.997599,-23.890442,-24.205406,-23.25102,-25.568047,-25.38499,-27.110193,-26.589626,-25.873419,-25.59499,-27.371208,-25.814323,-26.374483,-26.618717,-27.028698,-26.886883,-25.459621,-23.46304,-24.758358,-26.81546,-26.105406,-26.661781,-28.14824,-25.751411,-27.210155,-28.1936,-27.630219,-28.459585,-27.79723,-26.617815,-26.201366,-24.737951,-24.479351,-25.991344,-27.566229,-28.976875,-27.541042,-25.403576,-25.876272,-25.650225,-26.585262,-26.921997,-26.572256,-26.98169,-26.99076,-27.252092,-25.05442,-24.10952,-23.856174,-24.58292,-23.616491,-25.525133,-27.875557,-28.31285,-28.0808,-28.033703,-27.602493,-26.784487,-25.088947,-26.214989,-26.051968,-24.755928,-25.371965,-25.744331,-28.840742,-28.925257,-28.978968,-28.644978,-26.067856,-23.461027,-26.077488,-27.618351,-26.218727,-24.89814,-26.850056,-26.54361,-26.659004,-27.368593,-25.337128,-25.251848,-27.868248,-26.518183,-25.824402,-26.490452,-27.320267,-28.866867,-30.163002,-25.638815,-23.096733,-24.560322,-25.791306,-26.553223,-25.866009,-25.557232,-26.618782,-27.159176,-25.934742,-25.751194,-25.385502,-26.477728,-27.547846,-27.060581,-27.464863,-29.783375,-30.241947,-30.223524,-30.215414,-30.230381,-30.227,-30.230125,-30.230827,-30.84374,-35.941296,-53.607864,-80.0,-80.0,-80.0,-80.0,-80.0,-80.0,-80.0,-80.0,-80.0,-80.0,-80.0,-80.0,-80.0,-80.0,-80.0,-80.0,-80.0,-80.0,-80.0,-80.0,-80.0,-80.0,-80.0,-80.0,-80.0,-80.0,-80.0,-80.0,-80.0,-80.0,-80.0,-80.0,-80.0,-80.0,-80.0,-80.0,-80.0,-80.0,-80.0,-80.0,-80.0,-80.0,-80.0,-80.0,-80.0,-80.0,-80.0,-80.0,-80.0,-80.0,-80.0,-80.0,-80.0,-80.0,-80.0,-80.0,-80.0,-80.0,-80.0,-80.0,-80.0,-80.0,-80.0,-80.0,-80.0,-80.0,-80.0,-80.0,-80.0,-80.0,-80.0,-80.0,-80.0,-80.0,-80.0,-80.0,-80.0,-80.0,-80.0,-80.0,-80.0,-80.0,-80.0,-80.0,-80.0,-80.0,-80.0,-80.0,-80.0,-80.0,-80.0,-80.0,-80.0,-80.0
-31.598724,-27.547234,-25.805372,-28.404282,-27.781317,-25.207901,-24.578747,-25.552185,-26.275024,-26.2542,-28.690386,-28.7355,-28.676239,-27.91421,-26.910072,-25.592049,-25.99023,-26.419224,-26.3656,-27.234863,-25.794374,-25.758045,-27.300941,-25.766163,-26.087864,-23.547853,-24.69828,-24.402613,-23.952896,-25.982231,-27.254395,-27.871382,-28.75794,-24.608145,-23.70582,-25.099613,-25.554173,-25.22943,-26.95353,-26.104286,-26.249134,-24.620207,-22.914875,-24.58765,-24.666588,-25.304417,-27.222713,-27.385849,-25.006058,-25.845428,-28.203281,-26.7885,-27.396734,-28.397762,-27.612907,-26.191212,-26.520267,-27.01272,-26.391687,-27.098335,-28.711914,-27.95853,-25.722614,-24.975063,-25.31659,-24.317312,-25.031015,-26.765928,-25.785604,-24.67421,-26.399343,-27.665012,-27.069372,-27.860374,-28.243752,-24.85291,-26.292948,-26.946653,-26.121445,-25.809479,-24.726513,-24.548237,-26.1313,-24.820377,-23.281158,-24.065928,-24.276419,-24.8266,-26.123737,-27.479395,-25.173918,-24.426891,-26.137238,-27.581032,-27.82107,-26.476025,-24.418358,-24.351917,-24.12974,-25.279175,-27.487534,-25.612217,-25.549894,-26.935888,-27.740715,-26.82454,-24.360447,-23.070324,-24.845186,-24.706076,-28.488373,-34.44234,-33.52821,-33.310703,-34.631393,-33.882248,-34.233814,-37.27278,-37.14916,-35.89638,-38.67051,-44.838787,-39.17545,-35.603115,-37.83727,-37.472946,-37.59556,-35.188686,-29.738186,-27.51678,-28.180912,-25.25135,-25.109268,-26.838406,-25.351177,-24.802053,-25.071812,-26.357058,-25.25143,-26.652634,-28.107494,-26.634226,-27.21789,-27.828798,-27.162813,-27.255116,-23.936005,-24.076027,-26.450382,-25.840797,-24.796595,-25.260183,-26.138557,-25.948854,-25.98273,-24.145191,-25.116394,-26.745354,-25.50647,-25.463125,-24.711102,-24.673729,-25.561096,-25.541527,-26.114328,-27.177837,-25.503788,-24.770376,-22.70722,-25.491505,-26.876633,-26.003666,-26.031574,-25.731237,-24.408953,-24.643856,-25.976753,-25.34559,-26.475933,-26.230026,-25.690702,-26.657732,-27.601316,-28.479269,-28.051054,-26.676111,-26.412083,-27.256521,-25.69659,-26.043436,-25.54955,-24.906925,-25.215702,-26.255936,-27.135782,-27.06332,-26.430534,-26.355112,-28.053652,-29.380476,-29.353283,-26.244963,-25.920483,-26.819153,-26.02629,-25.53993,-26.24038,-27.04915,-26.654613,-27.261173,-25.794926,-25.482994,-25.174479,-24.492504,-24.849686,-25.32185,-26.41438,-25.864868,-24.39115,-25.597193,-26.430243,-24.35091,-25.833689,-26.62249,-26.85996,-26.13794,-25.7279,-25.751453,-25.041176,-26.943033,-25.409046,-26.050808,-27.567434,-26.981726,-28.270573,-26.919441,-26.79942,-27.324608,-27.853231,-26.033237,-24.39973,-24.732174,-28.074953,-27.330002,-26.71223,-26.851671,-27.499798,-29.116913,-26.69237,-26.420755,-27.280163,-26.964973,-26.511852,-25.522564,-25.651447,-28.064165,-24.481068,-24.566889,-27.03771,-28.401646,-28.350174,-29.541494,-28.405102,-28.149866,-26.785889,-25.425394,-23.54061,-24.6381,-24.897497,-25.781822,-26.066145,-27.668377,-27.648182,-26.87471,-27.490274,-26.628729,-25.037773,-23.739264,-26.215696,-26.251919,-25.905943,-24.111687,-24.094719,-25.55447,-25.260952,-26.379208,-26.327879,-27.866974,-26.745754,-24.916508,-25.574986,-26.694704,-26.717308,-25.032673,-26.309706,-26.59372,-25.713135,-25.87539,-27.559475,-26.93287,-25.832445,-26.714111,-26.731482,-26.271042,-25.116013,-26.791582,-26.988726,-25.954823,-27.191036,-25.621136,-24.654673,-24.938366,-24.552353,-25.458971,-27.329292,-27.283226,-26.35696,-26.81684,-27.374401,-27.2516,-27.1431,-24.03181,-26.624184,-27.353176,-25.729027,-26.716728,-27.364796,-27.16484,-26.110188,-25.035225,-26.402838,-26.78294,-27.498049,-26.620586,-25.725918,-24.090578,-26.557846,-28.184925,-26.006035,-24.854223,-24.721344,-25.195332,-26.853676,-27.499851,-27.14573,-28.058636,-27.325506,-27.34808,-28.108757,-26.066284,-25.47666,-24.43016,-24.395664,-25.863972,-26.258955,-25.684864,-27.121233,-27.261154,-25.062849,-25.022537,-25.035408,-24.379265,-24.884354,-25.792906,-24.775497,-26.276989,-27.985918,-29.235971,-31.202782,-30.565002,-28.137527,-26.674286,-26.407845,-26.39685,-26.715775,-27.018936,-28.262041,-28.64653,-27.154482,-26.528713,-26.979155,-25.919048,-25.75802,-25.199963,-25.10955,-24.548409,-24.892616,-28.100897,-26.955622,-24.1257,-26.190632,-26.78968,-24.668991,-25.767212,-25.886719,-28.22844,-28.721981,-26.477385,-25.191238,-25.023624,-24.556839,-24.834072,-25.636961,-24.251991,-24.340956,-25.169418,-27.598335,-29.42107,-28.533161,-26.708988,-24.0801,-23.11005,-24.470226,-25.795513,-24.91423,-24.661833,-24.817532,-25.907051,-25.84739,-25.453114,-26.36853,-26.830935,-27.156073,-28.10571,-27.183115,-26.60386,-25.820936,-25.658972,-25.123833,-26.554657,-26.673798,-24.84557,-26.787378,-27.066555,-26.036947,-24.771772,-24.90911,-27.674408,-25.582256,-24.473871,-26.905024,-25.546139,-25.725664,-27.962246,-26.49937,-25.13105,-27.611198,-28.480309,-25.516996,-23.427,-24.865158,-24.190248,-25.623392,-27.1633,-25.337637,-27.815626,-27.484674,-25.704252,-27.218163,-27.987333,-25.137749,-25.588501,-27.09792,-26.747124,-27.236774,-26.361792,-28.304276,-25.833431,-26.5172,-27.105618,-26.197254,-25.209436,-24.013649,-23.626637,-24.950525,-25.266424,-26.156525,-25.710072,-25.165781,-27.106304,-25.165588,-27.604853,-27.656399,-26.706417,-28.188461,-26.29842,-26.051636,-27.367033,-26.309174,-24.99243,-25.415714,-27.293253,-26.33378,-26.002178,-27.770926,-29.719727,-27.465805,-26.04105,-26.884508,-24.033236,-24.903393,-25.459991,-25.843885,-26.36105,-27.732573,-26.305395,-24.619331,-24.154257,-26.212013,-27.127842,-27.44068,-27.852753,-27.679104,-28.07054,-23.6338,-23.261084,-24.739388,-25.704575,-24.9497,-25.745274,-27.03366,-25.867683,-26.457321,-26.797102,-27.138397,-27.65933,-25.962757,-26.009102,-27.35675,-26.18906,-27.556534,-27.21347,-24.99533,-25.981178,-26.72034,-25.504574,-24.923534,-25.190887,-24.84428,-25.285635,-28.800146,-28.071339,-26.231695,-24.884476,-25.517729,-24.616226,-24.273022,-25.578411,-26.88012,-27.375326,-28.486973,-26.311853,-25.456684,-26.20409,-29.055471,-29.613836,-26.874195,-26.80275,-27.736637,-24.268372,-24.777355,-26.274,-25.276447,-25.15574,-25.31788,-26.171663,-28.698414,-27.724127,-28.613934,-25.943502,-24.869448,-25.620747,-26.092543,-26.457167,-28.37706,-27.466307,-26.445522,-26.587376,-25.220966,-26.901274,-27.4156,-26.716244,-25.87944,-25.284086,-25.47638,-27.234762,-29.22862,-28.249401,-25.33282,-27.691172,-27.773237,-26.882277,-27.392838,-27.15374,-27.606533,-27.26207,-23.603569,-25.447105,-29.250988,-26.795673,-26.643589,-28.209915,-26.386461,-24.8415,-24.995028,-26.13786,-26.123142,-27.314438,-28.203274,-27.577198,-26.758522,-24.579489,-23.819294,-25.39117,-28.0137,-26.859137,-27.623161,-29.869217,-38.971943,-41.073982,-41.026062,-41.005173,-41.04365,-41.035137,-41.04324,-41.042168,-41.420578,-45.85375,-61.2751,-80.0,-80.0,-80.0,-80.0,-80.0,-80.0,-80.0,-80.0,-80.0,-80.0,-80.0,-80.0,-80.0,-80.0,-80.0,-80.0,-80.0,-80.0,-80.0,-80.0,-80.0,-80.0,-80.0,-80.0,-80.0,-80.0,-80.0,-80.0,-80.0,-80.0,-80.0,-80.0,-80.0,-80.0,-80.0,-80.0,-80.0,-80.0,-80.0,-80.0,-80.0,-80.0,-80.0,-80.0,-80.0,-80.0,-80.0,-80.0,-80.0,-80.0,-80.0,-80.0,-80.0,-80.0,-80.0,-80.0,-80.0,-80.0,-80.0,-80.0,-80.0,-80.0,-80.0,-80.0,-80.0,-80.0,-80.0,-80.0,-80.0,-80.0,-80.0,-80.0,-80.0,-80.0,-80.0,-80.0,-80.0,-80.0,-80.0,-80.0,-80.0,-80.0,-80.0,-80.0,-80.0,-80.0,-80.0,-80.0,-80.0,-80.0,-80.0,-80.0,-80.0,-80.0
-29.716267,-27.162365,-25.144787,-27.64524,-26.92517,-26.868343,-27.871859,-27.225973,-27.319782,-26.665033,-27.318325,-29.45314,-28.309822,-27.304459,-26.41221,-25.561794,-26.68092,-26.267479,-25.129896,-25.213726,-28.408537,-27.51443,-25.685085,-25.019457,-24.293425,-23.837475,-25.595047,-25.265368,-25.231018,-26.76556,-26.040243,-25.205389,-27.5123,-25.05552,-23.582672,-25.293613,-26.432302,-26.137083,-27.672146,-26.482502,-25.402325,-25.902382,-25.51093,-25.936825,-26.905071,-25.006887,-25.41298,-26.418125,-25.58459,-25.945908,-25.833931,-27.65842,-27.616062,-27.441154,-27.927052,-27.506721,-27.335167,-28.603111,-26.690231,-24.888935,-27.031796,-26.951313,-27.33224,-27.811632,-26.923803,-25.492807,-23.96223,-25.671665,-27.698322,-25.912071,-25.082352,-24.790287,-26.990337,-29.625559,-27.584515,-23.9674,-25.14188,-25.635548,-24.948606,-26.801657,-25.028465,-24.682339,-26.079113,-25.23799,-23.80703,-22.762959,-23.752361,-25.197212,-27.285353,-27.217196,-25.348015,-25.406645,-26.882671,-26.879879,-28.08472,-27.693827,-25.655928,-26.177431,-24.887264,-25.481941,-24.174557,-22.793516,-24.580029,-24.624367,-25.817204,-25.059168,-25.905453,-26.437572,-26.424274,-27.307304,-31.048397,-32.239597,-32.27529,-34.830345,-36.51503,-34.533398,-34.725216,-37.953808,-35.913208,-33.843925,-36.956238,-42.54766,-39.578545,-35.418922,-36.050873,-34.713085,-36.580284,-34.62591,-28.282299,-27.001759,-25.68386,-27.207733,-28.097113,-25.63492,-25.834557,-26.238068,-26.472584,-28.75496,-29.567446,-27.530521,-25.340445,-25.676304,-26.929127,-26.410393,-28.397858,-29.309053,-28.165234,-27.40617,-27.564306,-25.381245,-24.421955,-25.01878,-25.71979,-25.85367,-25.659412,-25.340118,-27.547985,-27.863588,-24.416565,-25.239836,-25.45202,-26.076546,-26.80663,-28.020882,-24.935349,-24.13955,-24.563799,-27.527645,-28.137411,-27.0206,-26.230448,-26.306658,-26.480217,-26.49021,-25.154985,-25.286968,-24.81336,-25.77139,-27.831764,-26.034575,-27.0856,-27.939917,-27.513912,-25.727219,-25.620249,-27.043436,-28.979395,-27.27197,-27.413265,-25.055397,-25.271896,-27.505236,-27.400885,-27.789963,-28.033796,-26.9543,-26.788588,-27.174152,-26.534962,-26.090967,-26.111792,-26.188051,-26.689928,-26.747318,-26.992287,-27.765907,-27.670195,-25.208828,-25.708841,-26.082767,-25.054457,-25.213755,-22.86342,-23.539782,-23.745779,-24.50302,-24.735733,-24.46885,-25.804901,-26.735647,-26.403265,-26.526594,-26.860006,-26.85041,-28.322021,-27.640602,-26.382862,-27.272205,-25.469538,-25.893944,-27.936348,-26.74202,-26.11449,-25.062626,-25.633938,-24.788635,-26.1259,-25.475784,-26.144209,-25.89676,-27.156631,-27.270342,-27.235237,-29.117796,-27.70435,-25.8227,-27.39703,-31.312565,-26.3119,-23.267998,-25.783886,-28.03664,-25.936316,-24.803474,-25.960772,-27.725088,-27.728252,-25.243683,-25.599358,-24.579733,-24.46564,-25.629341,-26.564617,-25.980768,-25.82066,-26.136202,-26.397978,-24.892118,-25.538818,-25.95373,-24.997335,-23.920637,-25.434078,-27.665815,-26.525606,-26.239714,-26.82144,-27.639502,-27.095793,-27.151367,-27.54418,-24.136719,-25.55582,-26.620138,-25.761196,-28.187836,-26.36538,-26.783356,-25.756905,-26.031473,-28.41607,-26.209093,-25.406317,-24.629745,-27.391264,-27.41305,-25.98133,-25.143497,-24.94526,-26.9635,-26.013374,-26.173834,-24.781971,-24.542627,-26.729532,-26.210354,-25.717176,-25.012093,-26.439201,-27.005146,-26.536743,-25.586588,-25.95058,-27.300837,-27.76971,-27.202135,-27.072355,-27.157715,-27.283978,-26.39436,-26.765203,-26.829226,-27.652699,-24.995298,-25.457392,-26.041006,-27.046146,-25.353075,-25.477655,-25.479267,-26.18451,-26.533916,-25.742825,-24.854374,-23.688448,-23.043955,-25.683773,-24.91155,-25.187283,-27.764046,-26.853418,-25.142282,-27.160501,-30.899113,-28.044674,-26.811275,-24.833769,-25.055973,-27.654009,-25.94474,-26.875364,-26.326359,-26.51499,-27.690174,-25.405842,-24.679409,-23.40879,-24.793442,-25.255522,-24.064966,-24.23009,-24.44579,-25.005245,-26.194841,-26.954762,-28.16091,-28.43766,-27.508444,-27.220541,-27.353209,-26.34878,-25.21768,-26.001928,-27.828362,-27.616167,-26.40278,-26.295965,-24.913767,-25.599882,-26.761456,-28.301048,-28.58368,-26.429632,-26.173063,-26.878424,-23.809479,-23.84534,-26.9062,-25.842358,-26.668545,-26.483112,-24.911919,-25.354858,-24.780428,-25.965204,-24.813896,-25.60213,-28.010773,-25.566368,-23.43161,-23.68169,-26.544586,-28.081661,-25.736444,-25.643656,-25.915627,-26.431286,-26.428408,-26.003975,-24.756584,-23.942097,-25.173338,-27.494583,-28.7375,-25.31107,-25.322367,-26.480207,-25.055573,-25.191654,-23.329386,-23.724852,-26.521374,-25.235407,-26.090126,-25.059776,-25.904102,-26.120365,-26.800573,-24.538874,-23.195152,-25.799198,-25.100155,-26.142363,-27.98355,-27.028915,-26.902079,-27.473001,-26.157684,-24.877817,-26.626282,-27.805805,-26.616348,-28.817175,-28.313837,-26.286243,-25.102726,-26.349644,-26.867771,-25.405445,-24.912605,-27.671867,-26.898579,-26.431198,-25.873886,-25.107222,-25.812115,-27.576494,-27.249084,-26.748951,-25.409275,-23.466654,-25.29752,-27.464321,-27.014427,-28.44558,-26.955399,-25.791794,-27.616238,-29.464577,-26.194826,-26.397728,-26.515377,-23.379059,-23.17372,-26.417677,-27.274864,-27.130447,-26.693428,-26.462944,-27.19027,-26.35841,-26.75387,-26.730232,-27.291073,-28.046162,-27.346045,-26.04122,-25.776136,-24.739548,-24.074896,-23.877525,-27.455784,-27.762146,-25.402264,-25.940983,-28.243002,-27.07613,-26.578102,-26.840248,-26.293161,-24.877756,-23.966438,-26.325214,-26.230984,-26.540709,-28.1487,-28.788868,-26.57851,-25.701334,-27.176085,-26.179201,-27.300638,-26.209988,-27.081202,-25.15335,-24.743809,-26.408978,-24.58619,-25.80089,-25.567719,-27.176914,-28.844543,-28.721659,-27.337677,-26.931643,-26.51295,-27.753536,-28.183178,-28.11922,-26.7081,-26.958876,-27.576572,-28.377193,-26.215319,-26.202534,-25.532488,-25.656391,-26.000408,-27.023499,-26.305283,-26.059288,-25.661867,-25.231438,-25.454744,-25.671589,-25.210665,-26.66354,-26.81103,-26.207525,-26.747478,-25.54867,-25.386574,-26.992714,-27.41209,-28.280268,-28.212154,-25.530594,-26.141693,-27.380901,-25.585007,-25.696804,-26.00775,-24.889355,-26.501865,-25.647793,-25.131628,-26.651115,-25.625463,-26.362457,-26.162107,-25.064566,-23.753532,-24.57457,-26.795284,-27.309711,-25.350853,-24.970695,-25.55066,-24.68588,-24.679577,-26.08802,-25.838676,-25.015606,-26.781694,-28.04188,-25.874842,-26.314396,-27.062143,-27.00838,-27.749802,-28.020897,-27.727715,-28.05411,-27.331442,-28.099228,-28.47256,-27.587524,-29.00929,-28.866795,-27.77851,-26.23764,-25.504194,-26.669567,-25.127487,-24.706018,-25.846836,-26.047174,-26.08871,-24.249062,-23.929268,-24.918211,-26.793549,-25.616196,-25.597065,-28.082735,-27.277576,-25.542545,-29.859573,-38.216255,-40.00323,-40.04437,-40.062595,-40.029118,-40.036514,-40.029522,-40.02923,-40.414867,-44.35608,-59.792713,-80.0,-80.0,-80.0,-80.0,-80.0,-80.0,-80.0,-80.0,-80.0,-80.0,-80.0,-80.0,-80.0,-80.0,-80.0,-80.0,-80.0,-80.0,-80.0,-80.0,-80.0,-80.0,-80.0,-80.0,-80.0,-80.0,-80.0,-80.0,-80.0,-80.0,-80.0,-80.0,-80.0,-80.0,-80.0,-80.0,-80.0,-80.0,-80.0,-80.0,-80.0,-80.0,-80.0,-80.0,-80.0,-80.0,-80.0,-80.0,-80.0,-80.0,-80.0,-80.0,-80.0,-80.0,-80.0,-80.0,-80.0,-80.0,-80.0,-80.0,-80.0,-80.0,-80.0,-80.0,-80.0,-80.0,-80.0,-80.0,-80.0,-80.0,-80.0,-80.0,-80.0,-80.0,-80.0,-80.0,-80.0,-80.0,-80.0,-80.0,-80.0,-80.0,-80.0,-80.0,-80.0,-80.0,-80.0,-80.0,-80.0,-80.0,-80.0,-80.0,-80.0,-80.0
-27.249264,-26.22506,-27.139137,-28.269041,-27.05914,-26.073383,-25.334345,-24.098066,-26.3002,-28.104696,-28.537016,-28.479675,-28.051296,-26.047146,-25.737682,-25.624477,-27.067642,-27.368689,-26.406124,-26.340967,-29.176617,-27.517284,-25.592619,-24.6002,-25.668385,-27.435751,-24.758179,-25.048592,-25.882935,-26.544437,-25.85643,-28.301186,-26.600185,-25.932674,-25.406605,-23.47145,-25.288113,-25.622993,-25.678062,-25.83051,-25.057255,-28.031902,-29.292814,-29.496468,-27.826359,-24.641987,-25.622139,-26.57433,-27.577383,-27.42838,-25.99404,-27.064692,-28.278053,-28.899376,-27.437866,-25.71556,-25.162125,-25.74619,-26.46836,-25.49472,-25.231878,-26.018032,-26.188305,-26.855396,-28.11267,-26.662327,-26.565325,-23.639645,-23.615364,-24.889242,-26.022213,-27.244408,-27.778982,-27.606634,-22.764803,-22.16168,-23.346214,-26.112694,-24.694412,-26.705223,-27.581451,-27.3972,-29.311153,-29.020695,-26.51802,-24.68443,-24.518179,-26.513092,-26.80196,-26.884583,-28.203058,-27.114414,-26.271172,-26.16002,-27.078533,-25.824017,-26.72475,-26.309353,-27.708458,-25.734703,-23.647999,-25.158886,-26.445208,-27.172115,-25.626852,-23.972904,-25.42258,-25.459759,-26.69733,-26.529516,-29.273815,-34.638935,-34.72225,-36.00284,-35.04177,-32.268433,-33.521374,-35.02165,-34.947063,-33.9943,-33.932262,-38.885624,-37.646835,-35.259514,-38.285828,-38.250107,-37.859055,-33.834167,-28.97238,-28.502909,-27.89291,-27.514553,-26.998672,-27.952888,-29.377094,-28.473875,-25.500626,-25.868614,-27.316795,-26.205318,-26.51081,-28.04607,-27.482712,-25.5891,-25.7278,-25.611107,-25.750912,-24.832472,-24.445454,-25.64716,-24.317917,-24.182072,-25.72564,-25.901669,-24.224073,-22.873592,-24.53347,-25.974937,-25.967655,-26.66541,-26.978764,-27.30806,-27.04694,-27.735178,-26.967384,-25.906399,-27.919098,-27.322186,-25.535187,-25.52786,-26.928223,-28.305984,-26.452047,-25.009903,-24.584517,-26.271734,-25.578602,-25.872849,-27.030905,-27.300127,-27.025305,-24.434889,-25.705133,-25.945972,-24.048117,-25.10117,-30.692606,-31.266197,-27.959774,-24.611778,-25.034405,-28.12172,-27.119667,-27.899656,-27.742067,-26.030037,-24.682346,-25.365482,-24.729416,-25.28998,-25.955166,-24.308098,-23.836992,-25.017117,-26.821127,-27.390347,-27.563707,-25.82468,-26.191643,-26.96484,-26.209387,-24.47836,-24.170456,-24.564741,-24.779198,-25.131292,-23.458717,-23.958988,-26.620953,-26.165466,-25.831062,-26.178402,-25.55616,-24.94941,-27.01177,-27.13805,-26.390314,-24.559383,-25.107195,-26.083515,-27.791735,-27.036566,-26.42329,-25.525776,-27.038618,-25.901974,-24.608017,-24.015198,-23.686485,-24.276419,-26.324593,-24.662918,-23.024136,-24.269955,-25.777756,-23.848225,-24.921986,-27.429031,-26.36476,-24.099583,-24.867699,-25.226997,-25.876186,-24.524467,-25.013962,-28.401031,-27.728489,-25.082268,-24.904202,-24.766113,-24.856922,-25.025562,-26.242092,-26.670456,-25.996712,-26.615135,-26.947906,-25.249245,-26.879173,-26.56176,-25.694654,-25.178444,-24.081184,-23.640188,-23.395855,-23.927935,-27.3552,-26.672878,-25.711277,-26.099773,-25.003197,-24.321674,-27.530437,-26.922834,-23.762568,-23.859253,-23.819826,-24.422169,-26.564617,-26.064255,-24.121084,-26.49076,-26.75688,-26.612206,-26.885357,-25.002888,-24.164139,-25.435295,-26.583641,-27.493145,-26.29111,-24.272007,-25.197784,-24.326681,-25.01049,-24.762724,-24.783775,-25.244223,-26.855707,-25.772367,-26.17033,-25.355152,-26.622377,-26.756182,-27.551468,-29.186405,-27.585201,-26.1484,-26.790607,-26.483192,-26.929384,-26.908413,-26.675606,-25.772778,-26.239296,-27.168476,-27.88364,-27.62825,-26.609484,-29.002842,-28.28333,-25.06976,-25.49902,-25.466524,-24.463108,-24.965275,-26.439407,-26.420778,-27.513475,-29.160616,-29.128838,-25.534641,-24.834885,-28.764055,-28.140001,-25.152365,-25.509274,-26.268814,-24.881147,-25.900398,-26.419554,-24.74828,-27.442665,-26.359013,-25.924358,-26.698875,-26.43045,-26.64727,-26.837269,-26.579548,-25.209618,-24.339172,-24.861868,-26.568771,-27.423002,-26.025455,-26.599487,-29.064608,-27.025175,-26.384197,-26.206549,-26.880417,-28.714216,-29.29122,-27.369864,-24.738203,-25.305471,-26.991987,-27.273048,-26.331375,-25.47689,-26.394857,-25.092138,-25.441069,-26.621058,-27.96864,-26.432861,-27.007679,-28.016863,-27.499523,-26.550003,-24.83799,-24.955803,-25.411018,-27.259712,-26.432896,-26.875568,-27.788473,-26.074593,-25.551363,-26.25315,-25.40821,-26.862457,-24.500593,-24.701857,-25.284538,-25.397243,-24.423347,-26.725246,-27.717758,-26.120647,-26.36423,-27.404615,-27.342596,-26.141594,-24.922628,-24.59256,-23.756443,-24.81836,-24.286097,-23.44743,-25.385197,-26.409153,-26.208126,-24.762033,-25.920908,-26.553547,-27.897766,-27.946854,-24.908058,-23.269627,-25.961227,-27.2355,-25.974916,-24.875568,-25.417318,-25.194023,-24.84969,-24.010115,-24.546984,-25.010662,-25.845097,-27.029179,-26.628763,-26.15191,-26.70464,-27.225523,-26.2712,-27.115307,-26.367226,-27.483349,-24.977306,-24.574905,-26.407667,-27.151976,-23.924114,-23.614159,-24.286156,-24.533106,-24.242115,-24.704872,-24.25719,-22.712582,-23.943666,-27.61737,-24.508043,-25.811165,-28.154968,-28.662111,-26.628181,-26.26493,-26.203197,-27.507977,-27.99614,-27.60976,-28.17704,-27.6557,-25.34151,-24.554241,-27.022554,-27.154518,-25.769905,-27.935795,-27.900517,-23.480778,-22.961924,-23.881657,-26.77617,-25.349789,-23.77952,-25.692291,-27.092335,-24.47476,-24.540625,-25.709038,-25.731213,-24.54939,-25.463757,-26.343084,-25.230839,-26.607594,-25.244095,-25.943836,-27.00696,-26.179588,-24.236748,-26.39399,-27.329288,-27.569475,-25.978626,-25.07285,-25.397663,-26.627287,-28.138435,-27.194643,-26.309093,-26.02666,-27.82087,-28.324902,-25.561605,-26.48955,-27.661114,-25.900663,-23.873781,-25.76149,-25.960415,-26.894398,-25.907043,-25.517685,-25.670242,-25.248045,-25.82299,-27.221018,-25.903816,-26.704151,-26.254684,-25.935806,-26.596996,-26.494589,-28.286184,-26.880236,-25.276281,-25.937151,-26.905865,-24.962957,-24.51597,-26.683752,-25.976307,-25.48423,-24.9615,-25.047703,-27.340015,-27.078474,-26.835989,-27.003273,-26.885109,-25.617592,-26.382902,-26.497265,-25.7677,-26.424187,-26.428053,-25.829792,-27.219648,-27.042223,-28.045332,-27.509953,-25.652569,-25.74884,-25.330208,-25.51242,-26.156403,-26.828909,-27.731083,-28.028145,-26.706367,-24.7829,-25.65271,-27.71843,-26.767635,-24.912653,-25.218594,-26.483393,-24.873695,-27.316734,-27.536219,-25.051254,-23.918758,-26.24844,-26.81634,-25.086922,-25.262014,-27.248966,-28.290684,-26.988474,-27.03185,-26.677498,-25.931824,-27.578377,-26.196371,-25.554737,-25.527662,-26.177433,-26.65181,-27.265797,-26.666569,-25.561388,-25.159061,-23.746159,-25.547682,-26.881157,-28.556913,-26.799711,-26.434052,-27.937204,-24.577705,-24.768406,-29.877825,-41.06749,-44.41581,-44.420067,-44.422436,-44.41798,-44.419632,-44.418865,-44.41958,-44.97501,-49.54639,-65.31006,-80.0,-80.0,-80.0,-80.0,-80.0,-80.0,-80.0,-80.0,-80.0,-80.0,-80.0,-80.0,-80.0,-80.0,-80.0,-80.0,-80.0,-80.0,-80.0,-80.0,-80.0,-80.0,-80.0,-80.0,-80.0,-80.0,-80.0,-80.0,-80.0,-80.0,-80.0,-80.0,-80.0,-80.0,-80.0,-80.0,-80.0,-80.0,-80.0,-80.0,-80.0,-80.0,-80.0,-80.0,-80.0,-80.0,-80.0,-80.0,-80.0,-80.0,-80.0,-80.0,-80.0,-80.0,-80.0,-80.0,-80.0,-80.0,-80.0,-80.0,-80.0,-80.0,-80.0,-80.0,-80.0,-80.0,-80.0,-80.0,-80.0,-80.0,-80.0,-80.0,-80.0,-80.0,-80.0,-80.0,-80.0,-80.0,-80.0,-80.0,-80.0,-80.0,-80.0,-80.0,-80.0,-80.0,-80.0,-80.0,-80.0,-80.0,-80.0,-80.0,-80.0,-80.0
-27.530422,-24.76443,-25.675999,-26.331211,-26.18668,-26.913906,-26.95937,-25.607613,-25.298328,-26.483341,-27.52365,-26.952198,-28.477354,-27.744257,-24.232452,-23.041634,-26.664827,-29.205109,-27.085323,-25.774822,-26.84505,-28.00941,-27.510447,-28.278997,-26.959103,-27.240147,-28.392807,-28.553495,-26.960695,-27.166697,-27.838783,-28.472717,-26.62423,-25.281979,-24.490923,-25.967915,-25.098274,-25.992332,-25.655342,-26.833027,-27.739817,-28.50837,-27.264854,-26.397144,-23.811556,-23.802776,-24.420418,-25.107403,-25.152058,-25.095978,-25.63292,-26.655077,-26.943785,-25.883423,-25.816978,-26.873543,-25.582596,-23.96752,-23.024683,-23.619022,-24.87866,-25.636726,-26.898703,-26.858902,-26.719313,-25.423664,-27.300335,-26.034222,-26.380716,-25.709557,-28.214104,-28.222372,-28.133383,-28.320923,-24.451855,-25.157848,-27.169952,-25.033377,-24.544868,-25.876438,-24.937164,-27.104597,-29.14759,-27.17263,-25.911139,-25.507214,-25.493696,-27.040041,-25.499767,-25.461935,-27.799479,-28.789778,-27.608757,-25.407022,-26.287054,-27.048847,-25.38875,-25.108154,-27.469582,-27.046677,-25.116951,-25.758793,-27.337677,-28.017906,-26.71202,-26.960646,-27.426868,-25.123436,-23.137018,-22.790977,-26.281979,-32.38681,-33.023655,-33.751198,-31.795055,-31.373024,-33.481632,-36.484634,-34.684387,-34.505417,-35.173897,-41.17486,-37.534195,-35.957844,-39.933643,-38.436703,-39.208664,-32.170673,-26.518581,-26.23066,-26.198914,-24.888477,-25.204115,-26.034702,-27.243286,-26.63752,-26.178408,-26.612253,-28.45649,-27.846882,-26.527014,-26.461433,-27.459278,-26.189987,-25.662525,-25.694698,-26.03119,-25.262571,-25.290012,-26.105616,-24.256083,-26.867746,-26.490162,-25.101822,-24.714935,-25.201176,-25.570099,-26.602142,-25.925217,-25.720335,-25.72663,-25.591244,-24.939333,-26.832447,-28.027119,-25.911394,-24.66533,-23.333256,-23.628113,-25.427235,-26.000225,-25.941944,-24.704197,-24.363274,-25.793768,-25.961872,-24.01406,-24.417862,-26.188719,-26.23146,-24.809578,-27.05987,-28.185747,-27.48354,-25.59675,-26.537045,-28.674046,-31.232117,-28.249641,-25.60751,-26.794708,-24.935549,-25.366022,-27.432102,-26.927195,-26.4287,-26.272669,-25.480474,-26.762762,-26.838749,-25.466755,-25.818779,-25.727058,-25.160831,-25.293673,-24.082584,-26.210922,-28.980116,-30.239246,-27.457386,-27.09935,-25.48907,-25.999855,-26.146795,-25.587265,-24.627785,-25.500725,-27.29713,-27.543373,-28.21899,-29.866085,-27.800695,-25.049438,-25.6668,-27.224655,-26.098093,-25.995884,-24.717249,-24.659184,-27.46782,-27.28746,-25.896416,-24.808123,-25.16534,-25.715706,-28.317757,-27.302046,-24.270035,-25.013817,-25.63446,-24.407518,-24.519531,-24.425148,-25.982376,-25.941492,-25.686615,-26.414865,-24.510273,-24.660198,-27.231241,-27.014418,-24.231325,-25.03732,-26.54576,-25.857166,-27.025494,-26.880445,-26.676651,-24.95742,-24.71722,-26.849749,-24.010612,-25.875702,-25.20114,-25.48064,-25.801262,-25.811146,-26.478712,-25.513573,-27.111313,-26.053492,-25.606468,-25.420769,-24.667532,-24.408787,-22.953796,-24.169582,-25.506493,-25.21796,-24.583143,-25.0221,-26.180752,-27.878977,-28.461132,-26.166355,-24.360622,-24.127497,-25.713566,-28.157312,-25.890352,-23.647263,-24.289707,-25.606075,-25.768742,-25.180058,-24.018091,-23.28741,-24.133612,-26.127956,-26.066166,-27.247417,-28.188591,-28.470148,-26.277952,-24.735462,-24.192015,-24.883482,-25.26482,-25.150324,-24.980005,-25.020517,-24.361477,-24.062124,-25.41012,-25.068707,-26.164234,-26.854889,-25.495968,-27.012514,-26.937069,-26.568098,-26.03643,-25.667858,-26.254799,-26.751694,-27.558569,-27.805336,-26.917526,-26.48003,-27.764273,-29.17916,-25.045994,-25.036526,-27.25732,-27.731228,-25.72583,-24.88201,-24.793303,-25.58701,-28.317802,-28.691433,-26.496365,-26.351387,-27.474987,-27.67736,-25.094658,-24.942299,-26.297558,-22.860508,-25.404732,-26.620153,-25.238182,-26.28389,-25.34169,-25.137817,-28.261139,-27.849873,-25.357342,-25.488281,-24.409319,-24.874437,-23.425957,-23.680067,-25.77486,-26.15466,-25.232689,-25.147955,-26.190445,-24.801857,-25.91202,-25.30888,-26.391758,-27.429466,-27.398262,-27.511116,-25.888311,-26.891634,-27.883783,-28.587288,-26.157429,-23.577387,-24.883202,-27.51818,-26.89853,-25.850258,-26.089832,-26.684303,-27.508362,-26.778173,-26.77259,-27.829233,-25.31802,-26.25088,-27.51435,-23.496826,-23.71386,-25.849966,-30.009863,-29.02489,-25.772198,-25.720064,-24.964554,-24.466398,-24.624556,-24.564219,-24.982307,-25.241024,-24.757101,-27.906544,-28.113033,-26.205845,-26.931147,-26.756681,-27.1191,-26.24176,-24.81515,-25.528273,-26.395422,-25.291855,-24.796951,-23.571041,-25.202229,-24.20311,-24.08516,-25.858105,-23.891169,-23.942863,-26.363476,-26.465744,-25.017433,-25.092134,-24.787968,-25.245686,-25.723297,-24.982918,-24.366997,-25.625025,-26.665894,-23.634699,-25.306856,-24.92657,-24.256699,-27.311592,-26.362387,-26.128513,-26.63425,-23.016125,-23.75735,-25.7388,-24.972477,-25.42736,-24.930782,-27.556385,-29.311495,-28.56736,-27.473492,-26.259281,-24.668087,-25.994022,-25.96828,-26.919447,-26.038872,-25.496809,-25.823692,-25.607172,-25.438622,-27.095125,-26.653961,-26.836662,-25.784678,-24.939743,-25.296566,-26.159992,-26.45104,-25.012108,-26.389647,-25.69502,-24.54337,-24.272009,-25.858276,-25.330746,-24.592205,-26.328686,-25.444216,-24.802023,-24.943892,-26.379639,-27.882835,-27.785854,-24.6272,-25.427423,-25.991703,-26.683153,-26.191315,-26.219868,-24.931767,-24.03327,-26.968311,-26.930069,-27.550306,-28.604385,-25.94806,-26.011597,-25.803606,-25.279123,-24.917294,-24.529068,-26.083878,-25.88609,-23.721077,-26.211872,-27.579777,-27.009369,-27.10392,-25.547726,-26.458078,-26.770897,-28.090916,-27.059954,-25.82473,-26.024895,-26.343412,-26.74572,-26.433556,-26.927502,-25.725971,-25.328701,-25.590069,-26.445461,-26.693539,-25.370815,-24.85993,-26.316528,-27.339521,-26.87838,-26.845144,-27.00111,-26.699442,-25.719322,-26.673903,-26.853638,-25.970078,-25.64057,-25.66872,-24.538063,-25.439129,-25.001945,-24.045246,-27.07302,-26.439932,-23.506687,-25.219498,-26.756897,-28.007133,-26.806665,-25.83837,-25.531513,-27.807432,-28.44741,-28.33394,-25.087559,-26.05236,-26.636541,-26.891989,-27.020643,-28.507263,-26.866251,-27.525513,-28.510798,-26.16057,-25.259838,-26.253794,-27.5804,-28.440952,-27.330622,-28.02327,-26.74223,-27.050804,-28.512173,-29.321253,-26.234327,-23.905954,-24.849506,-25.207634,-26.10066,-25.698915,-24.855408,-25.449284,-25.494812,-26.393812,-24.804638,-26.842377,-28.48409,-26.563364,-26.447552,-27.595165,-29.279272,-25.728333,-26.78566,-26.773937,-26.522697,-26.359491,-24.86375,-24.419928,-25.082901,-25.759766,-26.451912,-26.65929,-25.743002,-24.925648,-25.786554,-27.566069,-26.871958,-26.902317,-28.804178,-26.905264,-25.51886,-28.576012,-39.174175,-41.242924,-41.244015,-41.24396,-41.243996,-41.24339,-41.243256,-41.242985,-41.650833,-45.91634,-61.591812,-80.0,-80.0,-80.0,-80.0,-80.0,-80.0,-80.0,-80.0,-80.0,-80.0,-80.0,-80.0,-80.0,-80.0,-80.0,-80.0,-80.0,-80.0,-80.0,-80.0,-80.0,-80.0,-80.0,-80.0,-80.0,-80.0,-80.0,-80.0,-80.0,-80.0,-80.0,-80.0,-80.0,-80.0,-80.0,-80.0,-80.0,-80.0,-80.0,-80.0,-80.0,-80.0,-80.0,-80.0,-80.0,-80.0,-80.0,-80.0,-80.0,-80.0,-80.0,-80.0,-80.0,-80.0,-80.0,-80.0,-80.0,-80.0,-80.0,-80.0,-80.0,-80.0,-80.0,-80.0,-80.0,-80.0,-80.0,-80.0,-80.0,-80.0,-80.0,-80.0,-80.0,-80.0,-80.0,-80.0,-80.0,-80.0,-80.0,-80.0,-80.0,-80.0,-80.0,-80.0,-80.0,-80.0,-80.0,-80.0,-80.0,-80.0,-80.0,-80.0,-80.0,-80.0
-30.740078,-25.427536,-25.299932,-25.428059,-26.903753,-27.592258,-27.431828,-27.316063,-26.81502,-27.931656,-26.605322,-25.385494,-25.3181,-27.16626,-24.933325,-24.235237,-25.647596,-26.049683,-27.572622,-27.54463,-25.834412,-26.829777,-27.026777,-29.230469,-26.801819,-26.444712,-28.176224,-28.126509,-27.998016,-28.265848,-26.205183,-24.979328,-26.775278,-27.22778,-25.635918,-25.086615,-24.83599,-26.745773,-25.665482,-25.460005,-28.292774,-28.174417,-26.487331,-24.773064,-22.941265,-23.732555,-25.624563,-26.247501,-24.49189,-25.692728,-27.116493,-26.2541,-25.741497,-25.746635,-26.699886,-28.334538,-25.530674,-25.820335,-26.607681,-26.848625,-27.304764,-26.117516,-26.14937,-26.28533,-26.212551,-24.80518,-25.906076,-27.072685,-26.3412,-24.463314,-26.248688,-28.335163,-27.474272,-25.550617,-25.609665,-25.919613,-26.592018,-24.977959,-24.54422,-27.7363,-29.005024,-27.254745,-26.774534,-24.237316,-24.283987,-25.659523,-26.9117,-27.956589,-26.35228,-24.8163,-26.497501,-26.886602,-24.982687,-24.76606,-24.164062,-25.095467,-24.078403,-24.311028,-27.083916,-25.688211,-24.21063,-24.142254,-22.870213,-26.068747,-28.93198,-26.947561,-26.806114,-25.616596,-24.23132,-24.58571,-28.79891,-33.297054,-36.12994,-34.92637,-32.336906,-32.560715,-33.54936,-33.47167,-33.27557,-33.983974,-34.82072,-39.624245,-36.75608,-33.053303,-35.91328,-38.394096,-40.624496,-33.141987,-27.042332,-25.855267,-24.46968,-25.075882,-26.05506,-27.701698,-26.17659,-26.286175,-27.03774,-26.82296,-28.263828,-27.71926,-25.885494,-25.928905,-27.727215,-26.743902,-25.081688,-25.158142,-25.218681,-26.044136,-26.35048,-25.28275,-27.508642,-27.983295,-27.19233,-27.229729,-26.915274,-25.3342,-25.457243,-23.897375,-23.020441,-23.669283,-24.661972,-25.098251,-25.46643,-26.195496,-28.110416,-25.814915,-25.981785,-24.037384,-22.889408,-25.711117,-27.706268,-26.963879,-25.249725,-25.465565,-23.493122,-23.008757,-25.285341,-24.99164,-25.503178,-26.33894,-24.596558,-26.969067,-28.349846,-27.36654,-26.879799,-27.18364,-25.979029,-27.00898,-25.850729,-25.651798,-25.614754,-25.224346,-26.363203,-28.129368,-26.782639,-26.253738,-24.317049,-24.970253,-25.527727,-25.86781,-26.773579,-25.418102,-26.03158,-25.392187,-25.538477,-24.597797,-26.017214,-27.589907,-27.138552,-27.413774,-29.666492,-28.320665,-26.136477,-25.036144,-26.107788,-25.552021,-26.677208,-26.239143,-25.43651,-25.48111,-26.349716,-26.550274,-24.634922,-24.698112,-26.514044,-25.475449,-25.692684,-25.633442,-24.795502,-26.606426,-27.202538,-26.197155,-25.731495,-27.214867,-27.865883,-26.616402,-26.66448,-26.303738,-23.713556,-22.885582,-23.246391,-26.355179,-26.00463,-26.411682,-26.538694,-26.389309,-26.858706,-26.38729,-26.043741,-26.43996,-26.949379,-24.83566,-26.315514,-28.043348,-26.593166,-25.66961,-27.505838,-26.212791,-26.478321,-24.58506,-26.10387,-25.537579,-25.220947,-23.374435,-24.42551,-24.753143,-26.475052,-26.682796,-27.51944,-29.607866,-26.906734,-26.308603,-23.987724,-25.422516,-26.083508,-25.17397,-25.088879,-25.673717,-26.692467,-26.208984,-25.33783,-25.217304,-25.308212,-26.467556,-27.389923,-26.35329,-24.959713,-26.781391,-26.779678,-25.097364,-24.323956,-24.12119,-25.66281,-27.417452,-27.070072,-24.963789,-24.043282,-26.877996,-25.463074,-23.87752,-25.753662,-25.377949,-25.339935,-26.169847,-26.813063,-25.330105,-24.60963,-26.962862,-26.546364,-25.98925,-24.136608,-25.166573,-25.052649,-26.011143,-25.157402,-25.929386,-25.378534,-25.562351,-24.970497,-25.35288,-25.99094,-26.914501,-27.089771,-25.842957,-24.646494,-25.303562,-26.36803,-26.182625,-27.123924,-28.677788,-27.258644,-24.875404,-26.145723,-26.78482,-26.82068,-25.790653,-24.918024,-25.204393,-25.797127,-27.234447,-26.017227,-25.810276,-26.39907,-25.589231,-26.968971,-26.489315,-25.70028,-27.576628,-27.668564,-27.980366,-26.836552,-25.095081,-26.56739,-28.083817,-26.978123,-28.142508,-26.092426,-25.7075,-28.663666,-26.61478,-26.628555,-27.80991,-25.159359,-24.136822,-23.885689,-26.502922,-25.237463,-24.679684,-25.288208,-24.40593,-24.281647,-25.789703,-24.344496,-24.901388,-26.173717,-25.209423,-25.906445,-27.245178,-25.190887,-26.654442,-26.82478,-26.046947,-26.054352,-24.31776,-23.941164,-25.069746,-26.50727,-26.211893,-26.574787,-25.887024,-25.584969,-24.694105,-24.635643,-23.324814,-23.379745,-24.310564,-26.010674,-29.27601,-27.235565,-25.727036,-25.24366,-24.212788,-22.519814,-24.640339,-27.953503,-26.711235,-25.904259,-25.96745,-25.787119,-24.330809,-24.668015,-25.245628,-24.873562,-27.518143,-24.62605,-24.39603,-25.789906,-27.84901,-28.58542,-27.89407,-26.245956,-26.492632,-27.736572,-24.717625,-23.843817,-23.565168,-25.540504,-24.879612,-23.017128,-24.659554,-23.492022,-22.109324,-24.250443,-23.568775,-23.44278,-26.039558,-26.337973,-26.311417,-24.826881,-24.503925,-23.851936,-24.412338,-27.517849,-25.856436,-24.391861,-24.874655,-25.127617,-26.105352,-25.008286,-23.367931,-24.358341,-24.979837,-24.276335,-24.139942,-25.722599,-25.958061,-24.869228,-26.722628,-27.085016,-26.19503,-24.532778,-24.149746,-25.001995,-25.45826,-24.581608,-24.268839,-24.031094,-23.631372,-24.268095,-24.69025,-26.019236,-26.920164,-26.156902,-27.451551,-24.979214,-26.224258,-28.784634,-26.866465,-23.88859,-24.144566,-23.884024,-23.997185,-24.659203,-25.119677,-23.173046,-24.530497,-26.239187,-27.366096,-25.187613,-22.77895,-24.817259,-23.189404,-23.904766,-25.978277,-24.983234,-25.572655,-26.725906,-26.217575,-28.031712,-30.301958,-26.9869,-23.670658,-23.234253,-21.558197,-23.054031,-26.221626,-26.24551,-26.342758,-26.580023,-27.331509,-28.546482,-28.435637,-28.676718,-25.860374,-23.900904,-24.359821,-26.534758,-27.936766,-25.39084,-27.650661,-27.94671,-26.348862,-26.918495,-25.289448,-25.54981,-25.59911,-25.22036,-27.417099,-27.1723,-26.190628,-25.888184,-25.653091,-26.994778,-26.835987,-25.427864,-24.684261,-25.901043,-27.68102,-25.728012,-25.281916,-24.184952,-24.598366,-25.28673,-26.127924,-25.634912,-25.432205,-26.403881,-27.40329,-27.795694,-27.43984,-24.884253,-24.554504,-24.182,-26.148748,-26.52263,-26.154163,-26.547842,-27.096004,-26.138235,-26.58963,-26.622467,-25.351727,-26.36255,-27.396912,-25.628645,-23.225847,-24.5468,-26.27099,-28.560877,-27.752535,-25.45052,-25.79471,-25.252678,-26.929075,-26.75552,-27.252687,-28.68121,-28.363716,-26.64651,-25.233765,-24.015009,-25.440647,-25.12334,-24.497782,-23.914526,-23.40429,-24.769518,-25.665249,-26.926792,-28.353535,-26.260029,-25.544388,-26.20111,-26.691374,-27.252615,-27.22094,-28.568573,-29.912676,-27.361038,-25.684761,-25.388186,-24.543087,-23.507387,-23.867151,-24.730284,-26.323364,-25.92289,-25.813904,-23.77164,-23.503332,-23.52793,-24.927307,-25.994545,-26.794346,-27.315216,-25.211033,-23.791061,-25.697247,-27.874794,-27.920633,-27.934885,-27.941164,-27.929518,-27.9322,-27.929785,-27.931208,-28.567612,-33.446007,-50.651077,-80.0,-80.0,-80.0,-80.0,-80.0,-80.0,-80.0,-80.0,-80.0,-80.0,-80.0,-80.0,-80.0,-80.0,-80.0,-80.0,-80.0,-80.0,-80.0,-80.0,-80.0,-80.0,-80.0,-80.0,-80.0,-80.0,-80.0,-80.0,-80.0,-80.0,-80.0,-80.0,-80.0,-80.0,-80.0,-80.0,-80.0,-80.0,-80.0,-80.0,-80.0,-80.0,-80.0,-80.0,-80.0,-80.0,-80.0,-80.0,-80.0,-80.0,-80.0,-80.0,-80.0,-80.0,-80.0,-80.0,-80.0,-80.0,-80.0,-80.0,-80.0,-80.0,-80.0,-80.0,-80.0,-80.0,-80.0,-80.0,-80.0,-80.0,-80.0,-80.0,-80.0,-80.0,-80.0,-80.0,-80.0,-80.0,-80.0,-80.0,-80.0,-80.0,-80.0,-80.0,-80.0,-80.0,-80.0,-80.0,-80.0,-80.0,-80.0,-80.0,-80.0,-80.0
-30.207329,-25.286654,-23.167635,-23.38358,-25.924015,-29.043724,-27.569784,-24.501177,-24.551819,-25.852262,-26.910048,-27.184122,-27.923367,-27.568813,-27.20572,-26.927399,-26.729727,-27.389336,-27.916264,-25.927967,-24.65968,-28.18248,-27.233616,-26.84192,-27.15306,-26.963573,-25.65903,-24.472237,-25.178947,-26.804718,-24.016815,-24.276909,-25.565308,-24.962698,-25.43681,-25.326088,-27.450588,-27.30462,-26.466888,-26.927645,-29.206444,-27.586586,-24.422596,-24.08892,-25.45586,-25.19675,-25.55986,-26.23965,-29.589499,-27.894787,-25.490753,-25.607325,-26.098255,-23.962824,-24.627808,-23.673178,-23.726068,-25.483906,-27.522984,-26.765598,-27.17659,-25.543194,-25.443632,-24.289795,-24.57211,-25.992302,-26.048538,-27.151756,-25.134724,-24.512613,-25.580578,-25.804977,-26.006538,-24.704573,-25.885466,-25.379875,-24.718414,-25.20671,-25.185623,-26.592537,-27.365627,-28.888332,-26.42638,-23.419247,-25.797276,-27.875544,-27.364918,-26.726574,-26.385447,-25.207596,-25.401764,-25.76235,-24.09376,-23.999092,-26.747747,-27.703981,-26.136162,-24.605724,-24.368408,-24.577356,-25.603783,-24.218256,-23.871626,-26.222565,-28.324081,-27.607761,-27.534634,-24.436565,-22.319624,-23.507465,-28.806143,-31.407413,-34.02507,-33.079742,-32.413136,-31.287676,-31.421627,-32.755993,-31.018482,-30.811497,-34.682743,-38.927635,-35.407852,-33.256798,-36.30135,-39.214874,-38.653908,-33.52254,-28.30327,-26.43074,-25.665121,-23.898952,-25.260098,-29.151758,-26.270021,-26.737486,-25.6815,-25.456413,-26.831757,-26.958204,-27.348537,-26.475441,-24.738277,-25.186344,-27.987518,-26.124748,-27.286045,-25.423122,-23.768587,-25.667427,-25.61466,-26.128576,-26.389183,-26.940477,-25.231464,-24.29046,-26.061161,-27.91087,-26.988379,-26.702648,-25.83773,-25.010548,-24.85906,-23.64377,-24.935726,-28.166996,-26.638134,-25.212227,-26.685083,-25.595873,-25.459707,-26.82003,-26.50176,-26.757904,-24.768726,-23.659912,-26.159733,-25.899548,-25.754868,-25.800697,-26.340305,-26.993246,-26.534649,-26.144772,-27.126684,-26.473465,-25.961653,-26.04092,-25.401201,-25.13544,-24.363365,-25.44651,-25.470621,-26.069397,-26.792393,-27.13446,-26.954227,-26.63111,-26.116846,-26.485678,-28.667498,-26.047085,-27.218975,-26.322756,-25.277948,-25.845675,-26.050043,-27.651962,-27.113028,-28.62295,-29.123878,-25.746822,-24.916637,-25.471012,-27.64405,-27.204998,-27.059845,-26.002113,-23.868036,-24.565798,-25.573706,-26.038336,-25.521793,-24.674904,-24.569456,-26.282925,-26.660318,-25.966139,-25.476875,-25.13731,-26.034737,-23.977741,-23.382105,-25.599258,-26.117157,-26.300919,-26.294079,-25.519615,-23.403439,-23.92878,-24.065342,-27.586119,-25.702957,-25.372143,-24.504211,-23.9051,-24.987259,-26.583878,-27.393724,-28.02473,-27.764412,-25.686956,-26.146877,-27.25723,-26.606405,-24.533482,-24.285038,-24.117432,-25.208464,-22.965836,-24.64162,-25.663837,-24.404114,-24.071068,-24.552156,-23.328701,-25.746216,-25.79137,-24.28542,-24.8279,-26.740913,-24.796108,-25.060165,-25.211237,-23.832272,-24.029636,-23.39501,-23.060902,-24.664003,-24.234303,-26.226719,-27.231506,-26.721365,-23.888004,-23.844645,-26.378311,-26.446701,-26.088795,-26.487843,-26.421703,-26.095356,-24.557756,-24.391739,-27.322054,-26.490135,-25.779224,-27.182753,-25.629591,-24.065535,-24.093359,-25.24355,-25.348003,-25.64993,-25.218204,-26.210281,-27.044111,-27.24773,-26.343832,-26.747711,-26.393518,-24.849007,-23.005753,-24.45876,-25.925491,-24.179813,-25.228788,-24.808388,-25.697765,-25.759247,-26.194418,-24.84874,-25.870537,-26.695732,-28.017748,-27.30796,-23.040003,-23.224583,-24.599411,-24.934832,-26.329231,-28.33193,-26.771267,-26.64933,-25.79715,-26.014935,-27.356668,-25.967297,-24.471584,-26.43392,-25.718456,-25.293156,-26.112759,-24.905788,-24.542133,-24.402592,-24.36499,-26.53925,-28.27321,-24.617556,-24.18472,-24.962368,-25.01434,-26.837122,-27.264355,-26.480667,-24.857578,-24.558681,-23.013878,-23.284851,-25.042442,-26.883781,-27.00846,-26.509289,-25.860104,-25.30896,-23.785109,-22.820648,-24.31225,-24.773506,-25.879028,-25.986452,-27.051643,-26.238558,-26.013897,-25.26987,-25.708141,-26.20912,-28.640205,-26.958794,-25.299139,-24.259848,-23.30877,-23.845766,-24.176762,-25.608738,-25.3292,-23.942696,-23.254276,-23.677187,-23.985895,-24.192936,-24.635637,-25.403502,-25.00853,-22.996584,-22.198198,-22.620712,-24.098995,-25.653164,-26.108566,-23.459671,-23.704197,-23.817686,-25.0961,-27.059029,-27.776638,-25.832684,-25.43631,-26.225002,-23.625877,-24.450449,-25.63836,-25.060566,-26.868586,-25.952545,-26.835917,-26.40716,-26.155846,-26.963245,-25.937664,-24.193638,-25.362274,-26.792974,-27.215374,-25.596233,-24.131447,-24.934639,-25.43468,-25.494793,-25.97412,-23.398645,-23.3923,-27.049818,-25.966421,-23.133469,-25.596947,-26.597507,-25.597782,-26.79309,-26.106462,-25.181686,-25.4653,-25.963589,-23.063839,-22.438456,-25.864536,-28.039867,-26.430084,-24.729885,-24.512863,-24.482943,-26.560722,-26.545506,-24.831734,-24.050625,-25.356495,-24.091408,-24.897255,-24.417316,-24.525515,-26.421198,-27.325523,-26.596024,-26.273876,-25.575727,-24.762028,-25.497913,-26.005733,-25.443205,-25.182032,-26.279533,-26.368061,-25.95196,-28.027924,-26.417625,-25.111633,-27.577227,-27.681065,-25.383295,-23.892258,-22.880157,-24.942219,-25.55058,-25.833591,-25.689869,-25.284525,-24.453476,-25.528654,-26.399158,-25.323929,-25.51153,-24.353054,-24.268703,-26.00045,-25.773718,-25.54057,-24.598862,-25.281652,-28.204931,-27.4571,-24.727703,-24.62045,-24.146095,-23.556976,-25.263062,-25.97956,-26.581638,-25.608084,-25.644012,-26.737482,-27.593018,-25.811176,-25.281223,-24.953663,-24.383728,-24.89011,-27.60268,-27.89708,-26.595371,-27.694515,-27.084835,-27.949715,-28.013857,-24.773596,-25.169554,-25.824034,-25.640526,-28.987133,-25.839916,-25.143095,-26.94664,-27.149775,-25.139929,-24.036407,-24.833607,-28.073025,-28.136892,-25.268625,-23.800167,-25.401733,-24.316298,-25.465385,-23.99118,-24.302465,-26.76628,-26.850452,-25.665634,-27.406885,-26.4221,-25.242596,-24.604519,-26.13509,-27.311184,-25.455345,-27.264652,-25.113953,-25.25476,-26.325388,-24.406868,-26.022888,-26.438639,-26.69237,-26.796528,-24.834034,-23.84657,-25.107105,-27.770256,-26.74024,-27.558352,-27.246756,-26.949032,-26.283566,-25.575975,-26.741753,-26.48687,-27.832752,-28.984524,-29.112278,-26.290905,-27.787971,-25.756186,-24.921204,-24.78983,-26.63431,-25.400269,-25.228758,-26.456549,-24.888813,-27.065266,-27.841225,-26.289114,-24.883396,-24.804153,-26.92513,-28.667698,-27.181486,-27.401665,-26.879272,-26.570017,-25.956366,-25.963694,-25.289452,-24.78059,-26.918106,-26.066835,-27.283478,-27.74818,-26.550632,-26.296734,-26.754513,-26.87575,-25.620975,-26.38913,-25.982174,-27.27645,-27.154064,-22.651224,-22.678549,-24.33776,-24.394522,-24.3883,-24.38559,-24.390656,-24.389475,-24.390524,-24.391758,-25.035275,-30.13094,-47.931828,-80.0,-80.0,-80.0,-80.0,-80.0,-80.0,-80.0,-80.0,-80.0,-80.0,-80.0,-80.0,-80.0,-80.0,-80.0,-80.0,-80.0,-80.0,-80.0,-80.0,-80.0,-80.0,-80.0,-80.0,-80.0,-80.0,-80.0,-80.0,-80.0,-80.0,-80.0,-80.0,-80.0,-80.0,-80.0,-80.0,-80.0,-80.0,-80.0,-80.0,-80.0,-80.0,-80.0,-80.0,-80.0,-80.0,-80.0,-80.0,-80.0,-80.0,-80.0,-80.0,-80.0,-80.0,-80.0,-80.0,-80.0,-80.0,-80.0,-80.0,-80.0,-80.0,-80.0,-80.0,-80.0,-80.0,-80.0,-80.0,-80.0,-80.0,-80.0,-80.0,-80.0,-80.0,-80.0,-80.0,-80.0,-80.0,-80.0,-80.0,-80.0,-80.0,-80.0,-80.0,-80.0,-80.0,-80.0,-80.0,-80.0,-80.0,-80.0,-80.0,-80.0,-80.0
-31.66911,-28.39764,-27.404915,-26.316011,-26.255405,-24.928463,-25.01878,-25.413496,-24.637226,-26.357836,-25.976242,-24.600641,-25.588457,-27.949966,-29.489746,-28.657267,-27.070301,-28.053513,-27.121725,-27.834654,-28.691317,-28.79569,-27.866732,-25.677246,-24.964203,-26.370085,-26.107456,-25.896648,-25.53395,-27.009516,-26.614643,-26.218624,-25.187319,-24.858622,-25.666166,-24.717583,-23.464691,-23.242561,-25.258377,-26.25814,-26.671974,-26.681337,-25.617317,-25.233429,-25.59348,-26.22623,-25.298925,-25.415535,-28.876772,-26.500376,-24.615185,-24.016155,-24.849205,-26.647844,-25.612795,-23.775776,-24.791891,-25.044836,-23.357315,-24.627125,-29.659939,-28.496847,-25.913887,-25.029297,-24.384083,-24.419968,-26.134773,-27.132256,-26.873268,-26.756771,-23.641815,-24.492634,-26.796106,-26.338095,-26.778782,-26.959953,-25.411592,-26.602337,-26.422092,-26.294033,-26.494844,-26.662716,-26.612928,-28.475153,-26.77684,-26.80288,-27.540037,-27.171406,-27.867348,-26.624653,-25.788979,-25.068624,-25.339409,-26.214045,-25.853928,-27.008385,-25.138048,-24.88749,-26.115746,-25.304186,-24.398346,-26.071623,-24.115978,-22.565363,-23.864235,-24.48612,-23.93496,-23.52216,-25.194439,-25.428082,-27.65727,-31.10878,-29.37391,-27.519463,-29.97575,-30.338291,-30.70737,-33.004143,-31.893457,-30.427814,-33.429413,-38.187042,-31.602282,-28.968071,-33.0357,-33.821877,-34.783936,-32.77015,-28.33535,-27.793365,-27.037697,-24.856937,-26.216036,-28.053047,-26.069286,-26.3205,-26.165194,-25.453625,-25.69421,-26.115097,-26.63505,-27.513752,-27.786673,-27.77211,-27.449713,-27.03265,-27.474293,-25.56295,-25.29968,-25.447231,-25.325817,-23.050735,-24.494967,-24.45232,-23.144163,-24.893887,-27.174995,-28.88411,-28.982393,-27.037931,-25.175129,-26.041279,-26.47651,-25.446701,-24.841944,-25.240963,-24.73037,-24.371763,-25.574059,-24.825138,-25.810925,-26.02319,-25.07116,-25.822124,-25.15733,-23.926678,-25.485813,-24.916508,-23.486528,-24.376324,-24.625053,-24.831417,-26.336092,-26.361843,-26.040068,-25.423744,-26.490053,-25.840061,-25.064188,-25.314892,-25.703146,-26.760914,-26.215141,-25.779129,-23.995361,-26.381191,-26.845165,-25.418032,-25.463226,-25.059559,-26.460161,-24.842264,-24.83229,-25.672771,-23.66399,-24.000975,-26.064949,-26.773964,-25.451378,-24.758429,-27.07003,-24.968021,-24.294594,-24.061474,-23.348032,-25.719894,-27.16168,-26.209003,-23.98413,-25.774588,-26.191982,-25.495203,-25.410309,-25.508032,-24.08624,-24.499767,-24.291561,-25.060009,-26.253546,-25.894974,-26.105417,-25.161118,-25.554783,-26.534979,-26.084524,-28.005566,-26.990932,-25.260374,-24.982676,-23.748497,-24.346958,-26.094093,-26.468237,-25.497444,-24.853628,-23.840916,-24.412605,-26.267715,-27.47125,-27.729134,-28.079939,-27.149559,-25.363274,-25.474644,-24.912807,-24.069916,-23.180004,-23.951286,-24.188076,-24.141224,-24.858759,-26.207558,-25.870989,-24.790516,-24.386967,-25.761726,-27.008924,-23.491077,-21.823666,-24.772366,-25.47892,-25.41851,-25.129086,-22.586994,-23.422405,-24.996407,-24.949085,-24.429955,-23.873247,-25.025978,-27.201912,-27.910099,-27.537165,-26.80093,-27.11049,-26.059315,-26.593914,-25.281952,-24.779745,-26.238745,-25.437986,-24.277802,-25.747465,-27.43266,-25.145298,-24.226202,-25.846619,-24.806744,-22.194658,-23.351124,-26.298414,-24.528439,-24.294598,-23.350626,-24.07756,-25.492344,-28.255974,-27.436817,-27.409721,-26.694853,-25.915222,-26.38012,-26.193483,-26.257322,-25.423656,-27.034561,-26.244013,-27.513664,-26.68911,-25.208942,-25.738066,-25.530136,-25.134016,-27.393194,-25.16573,-22.899818,-23.010185,-23.239857,-24.387297,-26.19263,-24.891184,-24.536318,-24.35985,-25.730812,-24.245306,-24.347046,-26.192593,-26.290344,-24.427917,-22.601723,-24.240719,-26.343029,-24.68608,-24.151972,-23.44667,-23.594864,-26.370045,-27.03038,-27.545866,-26.737356,-24.854507,-24.766726,-25.838282,-25.387646,-23.93488,-23.173016,-24.539272,-23.9623,-24.018272,-24.994331,-24.436813,-24.330317,-25.445145,-25.902287,-24.674114,-23.421059,-24.674408,-24.395288,-24.773151,-24.250069,-23.013582,-25.511702,-26.765244,-26.149364,-25.87178,-25.982895,-25.903828,-24.523916,-23.952019,-25.167465,-26.039524,-26.554607,-26.126541,-25.405678,-22.318214,-22.40155,-24.976036,-25.945686,-27.829638,-27.242462,-24.442379,-24.626408,-26.579659,-26.395773,-23.843742,-23.141481,-22.902151,-24.787632,-25.278933,-23.15928,-23.67349,-25.548464,-25.136759,-26.090977,-26.083618,-27.870302,-25.015732,-24.38247,-26.82153,-23.285309,-23.766224,-26.553284,-26.917643,-27.992199,-27.76261,-26.941942,-25.89969,-26.818047,-26.503971,-25.185104,-26.072758,-26.07449,-25.72903,-25.20523,-25.253834,-23.6067,-22.2629,-24.109455,-25.486942,-26.210224,-24.776512,-23.910343,-23.51509,-24.108984,-24.93872,-24.130629,-24.214344,-26.667215,-27.265654,-25.911755,-26.58189,-28.168036,-26.831049,-25.17852,-24.872044,-24.582092,-25.516,-26.552265,-26.494896,-26.202147,-25.136002,-26.209003,-25.797253,-26.073105,-25.062397,-25.448322,-25.021,-25.276562,-23.946762,-23.028118,-23.923641,-24.187386,-24.232101,-26.294556,-27.127361,-26.16824,-28.400017,-29.380108,-26.683525,-26.71766,-26.52433,-25.151196,-25.408253,-26.066872,-27.416393,-26.5651,-27.60164,-26.851097,-24.937984,-25.473446,-26.333263,-27.560875,-27.682083,-27.551188,-27.996159,-28.392288,-27.47542,-26.354713,-27.158678,-25.661201,-25.660694,-26.414303,-24.951424,-26.385897,-26.185017,-25.15003,-23.60587,-24.206486,-24.78838,-25.868155,-26.702232,-26.398958,-25.077763,-25.084974,-24.873302,-25.050827,-25.897465,-25.273813,-24.98992,-25.441618,-25.11125,-24.556503,-25.05838,-27.35412,-25.528463,-25.83083,-27.39388,-22.858217,-22.65812,-27.65805,-29.15699,-26.016212,-25.347271,-25.472544,-25.515669,-23.506336,-23.74771,-25.175743,-25.717224,-25.535759,-25.747808,-25.714844,-25.707834,-25.910347,-22.791222,-22.074497,-23.595053,-24.3865,-23.8793,-22.856094,-24.330505,-24.101082,-23.27354,-24.278996,-26.393574,-25.822014,-23.706322,-25.101128,-25.157238,-22.66099,-24.25829,-27.189117,-26.088177,-24.797394,-24.112644,-26.364866,-26.105997,-23.601627,-22.708736,-24.233578,-24.249285,-26.421646,-27.42781,-25.627554,-24.527843,-24.521477,-28.698952,-26.4332,-25.957191,-26.81631,-25.641457,-25.858444,-26.149456,-25.829794,-24.354765,-25.327309,-27.342033,-27.774986,-26.475552,-27.345333,-27.054625,-26.982264,-26.278131,-25.443169,-27.86637,-27.062336,-25.09876,-24.749084,-26.943586,-26.113329,-25.956776,-27.705055,-26.78975,-26.573107,-25.77738,-26.240095,-27.636707,-26.107729,-25.750713,-26.770107,-26.801727,-26.75579,-25.114632,-23.125805,-24.70115,-28.83094,-30.625675,-31.5419,-29.926525,-27.976551,-26.287722,-26.988153,-28.137453,-27.614855,-27.433758,-26.706459,-26.668913,-31.57927,-40.625607,-42.535526,-42.47706,-42.450478,-42.497494,-42.48804,-42.49815,-42.48629,-41.878914,-44.201004,-57.28424,-80.0,-80.0,-80.0,-80.0,-80.0,-80.0,-80.0,-80.0,-80.0,-80.0,-80.0,-80.0,-80.0,-80.0,-80.0,-80.0,-80.0,-80.0,-80.0,-80.0,-80.0,-80.0,-80.0,-80.0,-80.0,-80.0,-80.0,-80.0,-80.0,-80.0,-80.0,-80.0,-80.0,-80.0,-80.0,-80.0,-80.0,-80.0,-80.0,-80.0,-80.0,-80.0,-80.0,-80.0,-80.0,-80.0,-80.0,-80.0,-80.0,-80.0,-80.0,-80.0,-80.0,-80.0,-80.0,-80.0,-80.0,-80.0,-80.0,-80.0,-80.0,-80.0,-80.0,-80.0,-80.0,-80.0,-80.0,-80.0,-80.0,-80.0,-80.0,-80.0,-80.0,-80.0,-80.0,-80.0,-80.0,-80.0,-80.0,-80.0,-80.0,-80.0,-80.0,-80.0,-80.0,-80.0,-80.0,-80.0,-80.0,-80.0,-80.0,-80.0,-80.0,-80.0
-32.123367,-27.967615,-27.676916,-27.663275,-26.656029,-26.603765,-27.574036,-27.218819,-28.149723,-27.243374,-23.823593,-24.119888,-26.899576,-27.166634,-27.037235,-26.390665,-25.746307,-26.37219,-26.134464,-26.510181,-27.694473,-27.63725,-26.004696,-26.051182,-25.14191,-25.667145,-23.926569,-25.72826,-27.228329,-27.812014,-26.374493,-22.095596,-22.941013,-26.77808,-24.837086,-24.476454,-26.234055,-24.680618,-25.802273,-23.937386,-22.506496,-23.482868,-25.079876,-24.25988,-24.450043,-25.234903,-24.744242,-26.25988,-27.5732,-25.497528,-25.226543,-25.348133,-25.558475,-27.08715,-27.121326,-24.41979,-24.367138,-25.257421,-24.301765,-23.61197,-25.027596,-24.374111,-23.719604,-24.927624,-26.96873,-26.750738,-24.89098,-23.889057,-24.134687,-22.76459,-23.023891,-25.240015,-26.629318,-24.048275,-24.362087,-27.877909,-26.642418,-25.341734,-24.201124,-24.655922,-25.960213,-27.434666,-27.508488,-28.198936,-26.847935,-26.103998,-26.693756,-27.077202,-25.476986,-23.895504,-22.90565,-22.698992,-24.593594,-25.515766,-26.074144,-24.591465,-22.454857,-24.380285,-25.5859,-24.296412,-23.87304,-25.965874,-27.203323,-25.547346,-24.16225,-22.778065,-23.269482,-23.795303,-24.32499,-24.841274,-26.837212,-27.06839,-27.819344,-28.306438,-29.356148,-30.27255,-30.03141,-29.81689,-29.664343,-30.798878,-33.05483,-39.095207,-32.93476,-28.804379,-30.912739,-29.966469,-31.290148,-32.79638,-28.83509,-29.104488,-27.410946,-25.656372,-26.144741,-27.307165,-27.825758,-25.61934,-25.056894,-26.540564,-28.795958,-25.343689,-24.447268,-25.76882,-27.134727,-28.636066,-27.652313,-26.490307,-25.234343,-23.039503,-23.443855,-24.825665,-24.827126,-24.26581,-25.328495,-23.837833,-24.020437,-25.536543,-25.029064,-26.934843,-25.906853,-26.924374,-24.565056,-23.534578,-24.318052,-24.772781,-25.54415,-24.624979,-25.252216,-23.41344,-23.68333,-24.591438,-24.95174,-25.379498,-24.301098,-23.365978,-24.447073,-25.398373,-26.551075,-28.79918,-25.622505,-24.717072,-25.106915,-24.727177,-27.157122,-26.446638,-28.445736,-28.101246,-26.558657,-26.094898,-24.913765,-23.78404,-24.928831,-26.872784,-26.05408,-25.362022,-24.857164,-24.817696,-24.74776,-22.997456,-23.663658,-25.070562,-23.619366,-22.838346,-22.488462,-24.10656,-21.922417,-23.109348,-26.642254,-27.051582,-27.892181,-25.315022,-24.076603,-23.960888,-24.247452,-24.073784,-23.766907,-25.403841,-26.512087,-25.381372,-25.414093,-26.04851,-25.190006,-25.218155,-26.087639,-25.438305,-23.608166,-24.334078,-25.4813,-24.37944,-24.41034,-26.313652,-26.925995,-26.628366,-24.318472,-24.319748,-22.818031,-24.897251,-24.109425,-22.398554,-23.70282,-25.195343,-25.814404,-25.83603,-24.722961,-24.99009,-26.778181,-26.460726,-26.42619,-27.230244,-27.65791,-24.825523,-23.026115,-26.859873,-27.817432,-26.092512,-26.220495,-24.97419,-24.306149,-24.659973,-24.065056,-24.091047,-25.068245,-23.753618,-23.807335,-25.225067,-24.948496,-25.3531,-24.767841,-24.953186,-24.874344,-24.150887,-23.822369,-23.9416,-24.678589,-25.69339,-25.187654,-24.488207,-24.854591,-25.169718,-24.42035,-25.5211,-25.804457,-24.40845,-25.366325,-25.690207,-24.768517,-24.899769,-26.105873,-23.062145,-22.784447,-22.838457,-22.182728,-23.899033,-23.950495,-23.856657,-25.268906,-26.228601,-27.564684,-25.660229,-24.345953,-25.122427,-25.590574,-25.425446,-24.454573,-24.255867,-25.078407,-26.151897,-26.074265,-25.87342,-25.917627,-25.171257,-26.030529,-25.935446,-24.23735,-24.67472,-23.338531,-25.621292,-25.79132,-26.165207,-26.086914,-24.875986,-26.393211,-26.862589,-25.442772,-26.055952,-24.722881,-24.16428,-23.478117,-23.207699,-24.653847,-25.30175,-24.516788,-24.08413,-23.367535,-22.245861,-22.8997,-24.943302,-26.138298,-24.018745,-24.459938,-24.72647,-24.923483,-24.725101,-23.714178,-21.989841,-22.272009,-21.267536,-22.499449,-25.714905,-25.630192,-25.120834,-24.700539,-23.505592,-24.0688,-23.482533,-23.897123,-23.696428,-24.122095,-24.908566,-23.469482,-21.106853,-22.950466,-23.671812,-23.296867,-25.222157,-24.564793,-22.926367,-23.977367,-25.538832,-24.35918,-23.193153,-24.205055,-25.760576,-26.730274,-25.105385,-25.431396,-25.081978,-25.795033,-24.683348,-25.35558,-25.503742,-25.25742,-24.418926,-24.747795,-24.855347,-22.610811,-23.564781,-25.668045,-25.743446,-27.30988,-26.36261,-24.466007,-23.020054,-24.145536,-25.202724,-24.545311,-23.52907,-23.589348,-25.42444,-25.41013,-25.192247,-25.38622,-28.121643,-27.152227,-24.58215,-24.156446,-25.125095,-26.33665,-23.965229,-23.128593,-22.273504,-24.130934,-28.081825,-24.830717,-25.425774,-24.26979,-24.016178,-25.700657,-25.08567,-24.237778,-24.92729,-24.580988,-25.037819,-24.870375,-23.993488,-25.804958,-24.387564,-23.60546,-26.593605,-24.453217,-23.258537,-23.388275,-23.050117,-22.217297,-21.413937,-23.37985,-24.090805,-23.687782,-23.222866,-23.136274,-23.748917,-24.421799,-24.89893,-26.35162,-25.739407,-25.924421,-24.457773,-25.34104,-25.662346,-24.21069,-25.189873,-23.924566,-24.49902,-26.76473,-27.512539,-24.865383,-25.682299,-26.037598,-24.695427,-26.13982,-25.657242,-23.19919,-21.98237,-22.064495,-23.180357,-24.636747,-24.52084,-25.660088,-25.134409,-23.908081,-24.46555,-25.785862,-25.035847,-25.144592,-26.25003,-27.543594,-27.28271,-26.029728,-23.75609,-24.576632,-27.121216,-27.46247,-26.381123,-26.348011,-26.022923,-24.651424,-24.613304,-26.210903,-26.275982,-25.323345,-25.120346,-25.809364,-27.421854,-25.318329,-23.675215,-22.037506,-22.36964,-24.719927,-25.222164,-23.594322,-23.580873,-24.533066,-24.732765,-25.343472,-26.152573,-27.300913,-26.489748,-25.163866,-25.212868,-25.19097,-25.860094,-26.376108,-25.933748,-26.002691,-25.831314,-25.772577,-26.965141,-28.178665,-25.910107,-23.68272,-25.190807,-27.248856,-27.674942,-25.266972,-23.834936,-24.990803,-26.357384,-26.170353,-26.549692,-26.478895,-26.669512,-26.186611,-25.032555,-22.60947,-25.019878,-24.73716,-23.757868,-24.367847,-23.826614,-24.52616,-24.087513,-22.30748,-25.373505,-25.592123,-24.964413,-24.141384,-24.136276,-24.273865,-25.717562,-25.533688,-24.797363,-24.937122,-24.595675,-25.372252,-26.343319,-25.423418,-28.07875,-27.721596,-24.959932,-24.089443,-23.920376,-24.881535,-25.464123,-25.264599,-24.82592,-23.34478,-22.676182,-23.275618,-23.663097,-24.473883,-24.902176,-26.230627,-28.190277,-25.828566,-24.853016,-24.247654,-24.699272,-25.927376,-26.108494,-27.181725,-26.399559,-26.302307,-25.369793,-24.582993,-24.171003,-25.095917,-29.537655,-27.630339,-25.58677,-27.14107,-28.02053,-25.990519,-25.392128,-26.999538,-25.449877,-24.332733,-25.512161,-27.781624,-25.3511,-25.823204,-25.758327,-25.305332,-27.338074,-26.448086,-26.045036,-25.7942,-27.08277,-30.645367,-29.824574,-29.453894,-27.821785,-25.990082,-27.12617,-27.676163,-26.611124,-23.98622,-25.69664,-26.951141,-29.190186,-37.61662,-40.725147,-40.759552,-40.77488,-40.746635,-40.75312,-40.747257,-40.741253,-40.59102,-43.41193,-57.423294,-80.0,-80.0,-80.0,-80.0,-80.0,-80.0,-80.0,-80.0,-80.0,-80.0,-80.0,-80.0,-80.0,-80.0,-80.0,-80.0,-80.0,-80.0,-80.0,-80.0,-80.0,-80.0,-80.0,-80.0,-80.0,-80.0,-80.0,-80.0,-80.0,-80.0,-80.0,-80.0,-80.0,-80.0,-80.0,-80.0,-80.0,-80.0,-80.0,-80.0,-80.0,-80.0,-80.0,-80.0,-80.0,-80.0,-80.0,-80.0,-80.0,-80.0,-80.0,-80.0,-80.0,-80.0,-80.0,-80.0,-80.0,-80.0,-80.0,-80.0,-80.0,-80.0,-80.0,-80.0,-80.0,-80.0,-80.0,-80.0,-80.0,-80.0,-80.0,-80.0,-80.0,-80.0,-80.0,-80.0,-80.0,-80.0,-80.0,-80.0,-80.0,-80.0,-80.0,-80.0,-80.0,-80.0,-80.0,-80.0,-80.0,-80.0,-80.0,-80.0,-80.0,-80.0
-30.791412,-25.813364,-26.585043,-28.451307,-28.251402,-26.462101,-25.32344,-25.386143,-26.152456,-24.122002,-23.572811,-25.135942,-25.187962,-26.899988,-26.593008,-25.69241,-23.759453,-24.262058,-26.643417,-28.820066,-28.97153,-28.80245,-27.358158,-25.333698,-25.335606,-25.54744,-23.154778,-23.929853,-26.622656,-26.39257,-23.228458,-21.334784,-22.542469,-21.87574,-24.053978,-24.35542,-22.71162,-24.235357,-25.562885,-23.72025,-23.691673,-25.171822,-25.754875,-23.293772,-23.332638,-25.47092,-25.990437,-26.559101,-25.622704,-24.298523,-24.410728,-24.101973,-23.955566,-26.774,-29.301695,-27.525314,-23.714422,-24.37019,-25.844452,-25.285278,-24.027931,-23.6653,-25.314085,-25.916706,-25.7168,-25.93151,-25.949492,-24.75062,-23.08706,-23.065418,-23.840694,-23.478657,-23.787544,-24.05618,-23.254528,-23.392677,-27.231266,-23.400537,-22.492098,-24.51207,-24.743185,-23.341282,-23.092823,-24.979485,-26.14311,-25.18806,-24.51629,-24.711403,-24.037064,-25.394398,-25.984333,-25.78795,-25.875118,-25.841846,-24.985435,-24.362406,-22.536415,-23.161966,-24.683157,-24.874765,-24.37592,-22.953112,-21.737427,-22.974976,-25.210533,-25.700325,-25.586174,-25.085571,-23.557537,-23.065424,-24.031677,-26.019617,-25.439075,-24.89766,-27.251598,-28.476513,-28.176628,-27.962337,-29.440548,-29.382046,-28.739729,-33.363327,-29.809769,-26.041176,-29.772102,-31.200987,-30.533178,-30.01361,-27.882853,-27.04856,-24.770973,-25.489285,-25.787094,-26.847412,-27.9422,-27.218122,-26.1041,-26.775108,-27.259125,-23.735718,-23.08963,-24.713078,-24.979418,-25.33382,-24.202362,-24.77654,-25.97528,-22.584724,-23.419466,-24.553028,-23.764362,-23.604046,-25.859005,-26.797827,-25.754398,-25.086384,-24.593708,-26.164291,-24.730122,-24.39477,-24.337528,-25.320923,-26.052574,-26.772242,-25.684044,-24.08847,-24.163448,-23.648365,-21.852573,-22.822227,-26.059864,-25.70998,-23.706705,-23.733192,-24.990929,-24.35841,-22.143173,-22.716928,-23.068123,-24.895512,-25.331013,-26.338923,-27.152813,-27.043041,-24.713255,-24.846304,-23.922129,-23.879328,-25.858242,-23.003626,-22.966938,-24.609783,-27.006407,-27.709671,-25.804478,-23.907108,-21.98798,-22.441345,-24.51941,-26.182676,-25.69321,-25.208084,-24.233425,-23.420311,-24.815365,-25.48684,-26.097565,-25.707977,-25.693268,-23.955559,-23.079735,-21.589626,-23.225723,-23.219635,-21.252281,-23.418941,-26.621883,-25.255848,-23.855652,-22.451008,-23.067703,-23.186768,-24.538696,-25.04128,-23.342306,-24.236284,-25.628712,-23.975794,-23.445011,-25.945192,-25.839352,-26.300312,-26.52441,-26.075687,-25.060375,-26.771564,-25.927383,-23.277294,-23.506845,-26.29461,-25.47275,-24.021885,-23.31538,-23.235756,-23.53821,-23.938625,-24.94963,-24.933434,-23.682344,-22.868763,-24.22303,-23.862295,-21.823807,-21.885082,-26.257084,-24.191004,-23.88504,-24.56723,-26.12152,-24.843296,-23.701126,-23.786549,-25.019562,-24.846235,-23.630493,-23.932173,-24.554527,-24.457407,-25.813747,-26.173468,-26.096169,-25.918203,-24.09454,-23.37033,-23.20792,-21.95397,-23.090374,-22.232868,-23.121054,-24.947273,-26.106665,-24.622278,-23.78298,-22.962296,-22.40337,-22.52969,-24.51259,-22.77855,-23.13812,-24.359137,-24.595205,-24.259478,-22.327461,-23.62453,-24.954853,-25.177525,-25.784876,-24.054422,-25.215746,-25.771496,-25.682953,-23.77724,-23.555225,-25.817955,-23.982365,-22.972267,-23.320095,-25.576527,-25.815762,-24.843891,-25.908245,-26.391602,-24.528107,-25.112038,-27.037,-25.005426,-23.276722,-23.628752,-24.736593,-24.164942,-24.615574,-26.24867,-24.422554,-24.555956,-26.25841,-26.01294,-25.858616,-23.873749,-23.009487,-23.319508,-24.532505,-25.361332,-23.33812,-23.062084,-23.03648,-23.160099,-24.039852,-24.45665,-24.116064,-24.63703,-24.778744,-23.111496,-23.343132,-22.873253,-23.021818,-22.789959,-22.687073,-20.747765,-23.375046,-24.182175,-23.112886,-21.670212,-22.69962,-22.867805,-23.738806,-22.64905,-24.844213,-28.279064,-25.551851,-22.596,-23.603573,-23.77483,-25.801832,-26.578129,-26.154402,-25.659023,-24.76469,-24.94701,-24.007198,-22.33382,-23.12498,-24.027252,-23.164051,-25.627312,-24.958221,-24.150642,-25.08958,-24.140886,-24.227394,-23.72105,-24.08219,-24.985912,-24.741095,-24.41428,-24.641693,-25.198315,-24.724792,-27.607948,-27.830278,-24.279562,-23.07811,-22.87716,-24.445023,-24.466347,-22.731966,-22.660286,-25.100716,-25.386429,-25.865288,-23.340834,-22.957708,-23.040222,-22.745205,-22.987751,-21.818933,-21.65514,-24.041592,-23.918427,-24.528507,-24.384266,-24.13889,-25.358158,-23.152206,-23.702126,-24.056042,-25.317652,-25.260725,-25.497469,-24.187866,-23.84602,-23.319681,-23.894627,-24.784418,-23.757153,-23.987509,-25.41956,-24.736557,-23.306667,-24.10709,-23.92296,-25.361588,-24.034485,-24.54331,-24.299994,-23.286884,-23.859398,-22.780756,-24.20728,-23.289824,-22.983097,-23.596758,-24.450867,-24.007713,-23.38066,-25.14806,-25.536278,-25.495388,-24.561886,-23.930454,-24.434418,-24.60001,-22.911234,-24.073238,-25.64184,-24.42242,-24.598948,-23.449938,-21.053055,-23.091095,-24.210455,-21.9633,-22.662766,-23.862436,-23.008888,-23.932117,-26.166025,-25.977882,-25.746643,-25.690006,-24.489372,-24.713923,-25.716291,-26.586048,-24.632664,-23.766401,-25.884361,-26.499226,-25.139198,-24.567476,-25.941063,-25.040659,-23.183971,-24.418852,-26.636723,-25.625343,-24.274559,-24.307545,-24.615582,-24.539948,-24.496605,-23.56186,-24.238234,-23.365704,-22.181154,-21.062021,-21.902023,-22.367489,-23.99281,-23.058012,-22.804585,-23.436588,-23.851357,-24.874962,-24.322174,-23.601048,-22.95073,-22.318756,-22.28354,-22.80393,-25.596275,-28.453451,-28.051556,-25.490084,-25.50296,-24.914688,-25.31374,-25.442345,-26.039658,-24.781563,-23.811401,-23.992352,-25.047325,-25.869724,-25.960796,-23.87022,-23.174631,-21.440674,-23.421192,-23.623837,-24.699532,-25.172009,-26.351086,-23.885803,-23.79697,-23.75932,-24.306114,-23.603336,-23.714203,-24.41768,-25.68047,-24.08101,-25.10254,-25.393887,-22.940441,-22.701675,-24.671345,-25.238937,-24.571762,-25.323946,-24.694586,-25.097956,-24.36282,-24.21769,-25.514515,-25.00075,-24.444998,-25.715977,-25.798996,-22.95229,-23.71635,-23.138145,-22.277355,-21.97961,-23.610546,-21.960697,-23.285904,-25.280336,-24.395298,-24.311369,-24.991512,-23.931297,-23.81331,-23.087036,-23.049856,-22.369255,-25.088228,-25.49892,-24.119383,-25.745232,-27.066605,-25.81339,-24.379356,-21.304531,-21.630112,-23.13483,-26.718704,-25.44795,-22.829624,-24.337376,-27.090298,-26.34204,-26.643114,-27.370213,-25.793015,-25.519966,-26.056011,-24.967707,-26.210297,-25.727037,-24.531197,-25.135954,-26.442986,-27.028866,-27.008238,-24.854252,-24.999435,-27.91791,-26.00979,-26.508907,-28.317596,-27.607565,-24.48325,-26.230291,-25.781212,-23.503338,-25.99629,-27.068262,-27.978268,-36.108936,-42.914722,-42.935146,-42.944122,-42.927612,-42.931175,-42.927715,-42.928085,-43.12204,-46.46426,-60.264282,-80.0,-80.0,-80.0,-80.0,-80.0,-80.0,-80.0,-80.0,-80.0,-80.0,-80.0,-80.0,-80.0,-80.0,-80.0,-80.0,-80.0,-80.0,-80.0,-80.0,-80.0,-80.0,-80.0,-80.0,-80.0,-80.0,-80.0,-80.0,-80.0,-80.0,-80.0,-80.0,-80.0,-80.0,-80.0,-80.0,-80.0,-80.0,-80.0,-80.0,-80.0,-80.0,-80.0,-80.0,-80.0,-80.0,-80.0,-80.0,-80.0,-80.0,-80.0,-80.0,-80.0,-80.0,-80.0,-80.0,-80.0,-80.0,-80.0,-80.0,-80.0,-80.0,-80.0,-80.0,-80.0,-80.0,-80.0,-80.0,-80.0,-80.0,-80.0,-80.0,-80.0,-80.0,-80.0,-80.0,-80.0,-80.0,-80.0,-80.0,-80.0,-80.0,-80.0,-80.0,-80.0,-80.0,-80.0,-80.0,-80.0,-80.0,-80.0,-80.0,-80.0,-80.0
-31.511591,-26.788237,-25.757984,-26.958649,-25.343716,-25.170856,-24.840694,-25.003605,-22.756647,-22.634283,-24.647614,-23.267845,-24.077677,-25.433086,-26.124422,-27.66077,-27.798344,-23.57522,-24.254929,-27.308197,-27.489159,-27.700054,-27.668503,-26.937927,-25.160254,-23.731709,-21.790169,-23.705196,-27.459698,-26.765781,-24.762028,-22.624477,-20.626877,-18.947758,-20.576681,-20.986343,-19.040077,-20.720167,-23.954552,-23.75774,-24.374428,-25.530748,-25.392601,-24.057312,-22.19003,-22.97493,-25.242903,-24.22617,-23.230284,-25.19539,-26.709919,-26.94791,-26.88371,-28.12902,-28.956266,-24.385757,-23.349728,-24.567299,-25.366686,-23.33528,-23.50925,-25.74635,-25.580177,-24.367256,-22.77982,-22.859362,-23.792753,-25.254692,-23.22485,-25.702923,-27.51331,-24.633793,-22.847635,-23.170368,-22.699781,-22.29004,-24.214441,-24.850796,-24.323465,-25.365602,-24.658924,-24.390553,-25.292828,-22.753513,-23.879673,-24.234713,-24.261198,-25.63665,-25.77187,-26.493725,-25.296082,-24.02597,-24.691044,-24.48169,-23.03518,-22.409029,-22.536892,-23.335598,-24.028538,-25.510191,-26.853453,-24.468143,-21.862003,-22.25521,-24.03922,-23.353127,-22.173557,-22.50394,-22.209663,-21.847572,-22.99203,-23.48513,-22.625475,-23.46627,-25.267769,-25.268766,-25.047855,-26.279568,-27.273323,-26.347273,-26.939348,-32.442272,-29.495178,-26.128284,-28.238474,-28.411037,-28.739744,-28.730145,-25.628712,-25.975307,-27.050749,-25.135504,-24.81166,-24.866814,-25.751001,-27.892046,-28.56836,-28.013723,-27.915447,-27.268448,-24.996666,-25.962662,-27.169788,-25.325907,-23.588188,-23.082518,-22.194412,-21.166508,-23.144947,-24.90281,-24.145903,-23.258041,-24.306572,-25.773232,-27.418797,-25.738035,-24.842812,-24.391758,-23.673185,-21.876673,-21.962656,-23.047438,-23.232288,-25.608894,-22.564825,-21.962147,-24.749813,-23.699165,-22.803154,-22.18905,-24.035686,-24.294657,-23.23484,-23.216812,-22.273052,-21.924923,-23.739014,-22.752632,-21.840553,-22.878286,-25.1711,-27.477232,-27.71011,-26.442987,-25.034994,-27.218878,-24.872873,-22.9236,-23.115011,-22.53682,-24.82872,-25.726385,-25.89009,-25.75127,-23.875153,-24.383171,-25.023945,-23.953617,-23.419613,-24.519882,-23.583546,-20.969528,-21.156435,-21.739197,-22.525583,-25.671234,-25.48929,-27.145555,-26.55944,-25.35732,-22.317055,-20.680689,-21.497368,-21.439121,-21.845798,-21.968027,-22.827942,-23.77155,-21.643026,-20.170898,-18.533726,-20.706766,-21.73871,-20.558659,-21.67006,-24.636501,-24.175842,-23.791725,-23.376247,-23.50465,-21.975384,-23.044989,-23.495333,-24.682858,-24.982716,-24.48338,-24.922031,-24.122387,-23.730202,-22.909746,-23.317598,-22.52763,-23.847813,-24.008436,-22.211514,-23.464586,-24.316605,-24.41737,-22.536,-24.023794,-24.429966,-26.314554,-25.310413,-24.418972,-22.696838,-22.210426,-25.400393,-25.050564,-24.600971,-23.528397,-21.975666,-21.890295,-23.66642,-22.485933,-24.377735,-24.052544,-25.468735,-24.194876,-22.93211,-22.388882,-24.273262,-24.785406,-22.737988,-23.089943,-23.247713,-22.70435,-22.632446,-22.911674,-22.770668,-23.54573,-24.189625,-26.184233,-25.547192,-25.55245,-24.35787,-22.338993,-22.695236,-22.785294,-22.573812,-22.915241,-23.73328,-23.07875,-23.26165,-21.911957,-24.906406,-25.300797,-24.727388,-24.934906,-24.06405,-24.94551,-24.465172,-22.65437,-21.33788,-22.337128,-22.647556,-23.431627,-23.353373,-23.913824,-25.809296,-24.606506,-24.64826,-24.471779,-24.202372,-24.712307,-23.112438,-23.268631,-23.611357,-24.874641,-22.620747,-22.397694,-23.339722,-23.36853,-22.946768,-22.458199,-22.652302,-24.094374,-24.60125,-24.45935,-24.869022,-23.603724,-23.131798,-24.740147,-21.884346,-21.821135,-24.322433,-22.564093,-22.75484,-23.333195,-24.031658,-24.704231,-26.94312,-26.029793,-23.87298,-23.107626,-22.30203,-22.597218,-21.653202,-21.279556,-21.29406,-21.088154,-24.829145,-25.374763,-23.13526,-22.076923,-22.222889,-22.672802,-24.798916,-25.633947,-23.88427,-23.678864,-22.118683,-21.836199,-21.303995,-22.206133,-23.37095,-23.380276,-22.13099,-21.055622,-21.777351,-21.388605,-23.138494,-23.32265,-23.392132,-23.413769,-22.418823,-24.359945,-24.230572,-24.821682,-25.145178,-23.869825,-23.668274,-23.473036,-25.574406,-26.427326,-22.873682,-20.840637,-23.124783,-27.219498,-25.51197,-23.75098,-22.979963,-22.458973,-23.517385,-22.299168,-21.247349,-21.316578,-23.628063,-23.014175,-23.602585,-23.141117,-23.162,-21.942806,-20.276976,-21.777002,-20.572609,-19.784817,-22.530582,-25.224075,-22.332726,-23.028809,-23.236399,-25.161041,-25.643833,-25.664726,-24.602985,-26.102543,-24.264662,-24.064854,-24.940643,-22.811996,-21.687042,-23.349573,-26.905794,-25.613504,-22.087585,-22.437523,-23.47108,-22.913933,-23.869852,-23.722153,-23.016815,-23.591312,-24.260439,-24.890188,-24.78429,-24.767836,-24.243898,-23.63713,-23.457724,-23.806149,-21.28881,-21.99773,-22.291437,-23.834682,-24.326365,-22.999008,-22.348555,-22.708878,-24.303587,-24.33339,-25.123756,-23.922516,-20.627396,-20.971083,-22.665903,-22.724583,-22.10064,-21.075048,-23.50731,-23.119678,-21.452961,-23.130775,-24.355183,-23.439434,-23.22083,-25.729774,-24.55346,-23.590612,-24.109158,-24.257555,-23.472004,-23.457897,-22.577791,-22.729187,-24.080778,-26.03604,-23.420162,-21.015348,-23.204437,-21.372416,-22.880842,-26.010788,-26.713171,-26.51738,-23.957443,-21.690372,-20.580914,-21.693562,-22.997929,-22.804722,-24.044374,-21.932713,-22.566319,-23.03468,-20.60564,-21.677376,-22.278479,-24.637897,-22.758755,-23.18592,-23.461056,-23.937828,-25.675667,-24.568975,-23.589638,-23.74801,-23.46368,-22.764845,-24.021236,-26.34736,-26.448843,-25.48325,-23.745712,-25.317047,-25.427174,-23.494282,-24.2166,-27.133144,-24.678059,-24.1393,-25.511093,-23.538092,-24.283539,-27.059015,-23.954823,-21.865753,-21.314644,-22.309742,-22.112263,-24.690788,-25.635077,-24.400948,-23.750343,-24.617115,-25.163658,-25.287148,-26.122631,-25.910496,-23.145752,-24.185768,-24.99178,-25.434845,-23.638239,-22.606876,-22.630775,-23.613102,-24.031425,-21.963564,-22.526028,-23.978119,-24.257137,-22.989159,-24.434872,-23.15356,-23.757626,-24.282913,-23.510143,-24.087368,-24.161507,-23.134087,-23.495893,-24.417458,-22.61533,-22.996906,-22.360664,-23.06511,-20.967924,-21.589493,-23.221622,-26.447884,-24.6663,-22.130459,-21.604267,-22.938358,-22.802132,-24.145565,-25.52774,-26.099007,-27.93703,-27.459736,-24.045324,-23.678963,-23.514694,-24.574812,-26.165659,-26.44835,-24.8988,-23.651663,-24.799965,-26.345207,-26.804527,-27.319035,-26.190233,-26.37279,-27.666784,-27.821646,-28.339138,-28.657747,-28.742231,-25.860542,-25.05426,-26.026913,-25.81371,-27.904415,-25.165781,-24.535967,-27.11097,-25.55997,-24.944857,-25.270275,-26.19893,-27.452604,-27.60496,-27.825592,-26.827309,-27.649307,-28.020355,-29.201893,-37.955025,-42.297447,-42.272366,-42.26081,-42.281498,-42.27664,-42.28103,-42.244247,-39.819645,-40.31157,-52.744583,-80.0,-80.0,-80.0,-80.0,-80.0,-80.0,-80.0,-80.0,-80.0,-80.0,-80.0,-80.0,-80.0,-80.0,-80.0,-80.0,-80.0,-80.0,-80.0,-80.0,-80.0,-80.0,-80.0,-80.0,-80.0,-80.0,-80.0,-80.0,-80.0,-80.0,-80.0,-80.0,-80.0,-80.0,-80.0,-80.0,-80.0,-80.0,-80.0,-80.0,-80.0,-80.0,-80.0,-80.0,-80.0,-80.0,-80.0,-80.0,-80.0,-80.0,-80.0,-80.0,-80.0,-80.0,-80.0,-80.0,-80.0,-80.0,-80.0,-80.0,-80.0,-80.0,-80.0,-80.0,-80.0,-80.0,-80.0,-80.0,-80.0,-80.0,-80.0,-80.0,-80.0,-80.0,-80.0,-80.0,-80.0,-80.0,-80.0,-80.0,-80.0,-80.0,-80.0,-80.0,-80.0,-80.0,-80.0,-80.0,-80.0,-80.0,-80.0,-80.0,-80.0,-80.0
-28.972998,-27.557922,-26.30871,-24.77129,-26.049427,-26.185661,-25.22303,-22.966747,-21.47096,-21.661116,-24.874115,-25.471008,-25.898672,-26.349346,-26.83208,-26.937622,-27.288702,-27.057264,-27.418392,-26.331684,-28.44363,-26.12078,-25.81847,-27.044907,-26.290182,-24.243792,-23.318415,-22.750553,-25.475426,-25.943748,-21.999454,-21.049892,-22.40668,-21.568285,-21.223194,-20.74154,-20.063807,-21.182022,-23.053913,-23.180443,-22.162888,-25.418129,-23.71006,-23.278948,-22.412853,-22.727327,-23.378567,-22.653536,-21.348106,-24.336432,-26.295958,-23.597075,-24.171143,-26.596748,-26.490417,-23.473286,-22.545977,-23.01397,-24.793957,-21.760319,-20.510324,-22.718739,-23.855715,-23.7598,-23.075996,-21.937088,-21.015423,-22.224546,-21.010246,-22.051004,-22.103043,-20.527988,-19.801596,-19.774023,-20.131554,-19.635077,-21.215614,-21.354227,-22.76257,-20.626637,-20.352377,-22.419392,-23.590055,-25.446987,-24.421032,-21.736565,-23.341606,-24.670431,-23.789024,-24.454931,-24.148373,-22.393808,-23.510357,-22.969284,-24.538586,-23.63252,-22.777512,-20.694553,-20.939796,-21.959677,-21.540213,-22.713993,-23.973171,-23.266212,-23.423302,-22.160566,-21.597094,-22.568035,-22.146694,-21.940037,-22.948849,-24.044485,-22.975983,-22.363863,-22.896244,-23.614697,-23.547657,-25.95988,-25.801449,-24.870344,-26.503494,-33.61834,-28.803877,-24.680838,-26.42178,-25.991852,-26.011003,-23.996712,-22.872635,-25.343315,-24.477966,-24.220566,-24.56493,-25.898872,-26.705257,-24.593227,-24.839968,-26.369576,-27.440607,-28.699644,-28.041985,-26.90572,-26.86816,-26.78009,-24.803474,-22.777601,-22.145859,-22.558064,-22.16315,-22.902058,-22.719519,-22.298069,-23.693945,-23.877228,-22.28071,-21.639637,-20.965412,-20.812767,-22.571217,-20.462074,-19.829464,-19.9005,-22.072021,-25.094364,-23.103443,-20.876968,-21.794355,-21.438292,-21.848629,-21.863659,-21.103935,-23.16595,-21.083221,-21.388672,-22.070518,-22.330482,-23.070559,-20.743858,-21.265324,-22.10792,-24.20166,-25.524872,-25.150288,-26.436718,-26.555986,-26.579676,-24.137749,-22.481953,-22.169735,-21.341167,-21.685734,-24.15334,-25.771801,-25.183895,-22.606667,-23.723946,-24.402342,-24.731928,-22.541904,-21.20272,-20.370663,-20.88157,-22.035227,-21.270851,-20.324387,-22.743927,-27.10899,-27.019535,-25.392078,-24.970678,-23.573225,-20.104704,-18.23874,-18.978504,-19.745363,-19.349205,-21.311031,-22.122404,-20.044922,-19.32038,-19.690039,-21.135967,-22.031754,-22.870989,-22.391968,-22.494785,-22.730145,-22.84684,-21.369701,-22.3981,-22.123775,-20.540365,-20.371347,-22.016151,-21.195435,-21.894642,-24.242687,-21.799154,-20.576412,-22.195263,-22.046156,-22.848646,-24.195086,-21.852856,-20.608622,-21.99845,-21.720633,-23.727375,-24.285395,-22.88824,-23.15295,-24.05207,-22.386759,-22.392807,-21.986198,-21.86931,-22.774183,-22.17108,-22.943165,-22.083817,-21.271507,-20.817108,-23.036766,-20.87376,-22.490875,-22.086138,-22.73384,-20.155945,-22.224184,-22.144466,-22.068699,-23.159992,-23.945549,-22.380953,-21.306461,-21.240671,-22.460804,-21.678186,-21.819946,-22.524311,-22.010136,-22.491098,-23.27765,-25.400738,-22.589422,-20.825253,-22.014484,-22.553217,-22.4335,-21.284346,-21.224804,-19.46423,-19.856106,-19.114124,-21.633595,-23.401808,-21.605236,-22.670048,-22.388826,-22.618322,-22.145424,-22.839912,-21.84009,-21.324272,-21.247723,-21.779675,-22.570633,-24.033682,-24.730045,-23.091482,-22.452644,-23.009962,-22.463799,-21.538555,-21.917793,-24.168621,-23.805521,-23.121662,-22.515806,-20.403135,-21.06694,-21.947636,-21.725466,-23.477264,-22.799763,-23.284,-24.12693,-22.490751,-21.893421,-22.829145,-23.240349,-23.818272,-21.636932,-21.252628,-21.811356,-21.635178,-21.565434,-22.968655,-22.85295,-22.649109,-22.13808,-21.739899,-22.748283,-21.611027,-21.248549,-21.181973,-19.929583,-20.244457,-20.383385,-20.012257,-21.642883,-21.117619,-19.589436,-20.708076,-21.916786,-22.240911,-20.388172,-19.51966,-20.465824,-22.614758,-22.744745,-20.485346,-21.3274,-22.761253,-23.534462,-23.220594,-22.23161,-22.761944,-19.947216,-19.42126,-21.465462,-20.57891,-21.092527,-21.846329,-22.312607,-24.268705,-23.369205,-20.740099,-19.674608,-22.073296,-22.837126,-22.019518,-22.64558,-23.898056,-22.529526,-23.38356,-23.21814,-22.364727,-20.94374,-20.921713,-20.367355,-21.919943,-23.38739,-22.765697,-19.909662,-19.66877,-19.538168,-20.323986,-20.92543,-19.87591,-20.332508,-20.417831,-20.887777,-18.885378,-17.965351,-16.575848,-17.217451,-21.11999,-22.769152,-21.674068,-22.617386,-27.194588,-25.828907,-25.11634,-21.060472,-20.444824,-21.002178,-20.037544,-20.231958,-21.016535,-21.215755,-24.768295,-23.010386,-19.251211,-17.78629,-20.323557,-21.4084,-21.049377,-20.618961,-19.899391,-19.956741,-21.300598,-21.795633,-20.074972,-17.747349,-18.835217,-21.350142,-23.055655,-22.161592,-21.343945,-20.999622,-21.545483,-23.663721,-21.80357,-21.658968,-21.152626,-21.04898,-21.189178,-20.188763,-21.017538,-21.667917,-20.728796,-18.403843,-18.458168,-19.457104,-19.630047,-21.212635,-22.473928,-22.599236,-22.469444,-18.888988,-18.77211,-22.171535,-22.815323,-23.413044,-24.274347,-21.439129,-21.125114,-21.830153,-22.515545,-19.55558,-20.405283,-20.703983,-21.66087,-23.127047,-25.742905,-24.04781,-20.77129,-22.161505,-22.163773,-22.075714,-23.464664,-24.183523,-24.920383,-21.630611,-19.939283,-19.393898,-22.176548,-21.839437,-20.253405,-21.792103,-21.468937,-22.083214,-22.61903,-23.244549,-21.399448,-21.56199,-22.15855,-21.551601,-21.928469,-22.273762,-21.658844,-21.578632,-21.733404,-19.253784,-18.350716,-20.60154,-22.322292,-23.94382,-25.246645,-25.395655,-25.964333,-24.73023,-24.871094,-23.34314,-21.582928,-23.426983,-25.710636,-24.558075,-24.370468,-24.878857,-22.108889,-22.84673,-22.430782,-20.702948,-21.348793,-21.710968,-21.483608,-20.168798,-21.83414,-23.692245,-21.154522,-21.478035,-23.644756,-20.008478,-20.366367,-22.00665,-21.814617,-23.422626,-22.190052,-23.139164,-24.478378,-23.6161,-22.647915,-20.737877,-21.045158,-20.337112,-18.288227,-19.89204,-20.153425,-20.025726,-19.439455,-21.437988,-21.450472,-21.485611,-22.112484,-22.340714,-21.397194,-22.02976,-21.946623,-20.13702,-19.276329,-19.516708,-20.324364,-20.27571,-22.268177,-22.293652,-22.083889,-23.180466,-23.680895,-22.86119,-23.209042,-21.609552,-22.048908,-22.73161,-24.860882,-24.593307,-25.235458,-28.323736,-26.674343,-21.837986,-20.380995,-23.087675,-23.921272,-24.596672,-27.525436,-27.603804,-24.41608,-25.481016,-27.535603,-27.133352,-24.97015,-25.982029,-28.475777,-27.332077,-25.927284,-25.873116,-26.104267,-25.332745,-24.886143,-23.024593,-26.711426,-26.745,-26.26575,-24.997032,-24.79542,-27.019714,-26.765442,-26.64514,-28.179028,-27.30028,-25.875671,-24.323233,-25.271444,-25.344116,-23.016922,-17.509184,-15.817993,-15.600412,-15.570583,-15.572779,-15.573746,-15.571964,-15.572361,-15.571991,-15.573534,-16.238525,-21.33036,-39.152813,-80.0,-80.0,-80.0,-80.0,-80.0,-80.0,-80.0,-80.0,-80.0,-80.0,-80.0,-80.0,-80.0,-80.0,-80.0,-80.0,-80.0,-80.0,-80.0,-80.0,-80.0,-80.0,-80.0,-80.0,-80.0,-80.0,-80.0,-80.0,-80.0,-80.0,-80.0,-80.0,-80.0,-80.0,-80.0,-80.0,-80.0,-80.0,-80.0,-80.0,-80.0,-80.0,-80.0,-80.0,-80.0,-80.0,-80.0,-80.0,-80.0,-80.0,-80.0,-80.0,-80.0,-80.0,-80.0,-80.0,-80.0,-80.0,-80.0,-80.0,-80.0,-80.0,-80.0,-80.0,-80.0,-80.0,-80.0,-80.0,-80.0,-80.0,-80.0,-80.0,-80.0,-80.0,-80.0,-80.0,-80.0,-80.0,-80.0,-80.0,-80.0,-80.0,-80.0,-80.0,-80.0,-80.0,-80.0,-80.0,-80.0,-80.0,-80.0,-80.0,-80.0,-80.0
-27.638205,-26.683895,-26.596678,-27.78903,-27.228024,-24.905983,-22.45452,-20.233475,-19.95328,-20.5091,-24.429379,-25.136744,-24.381958,-25.2089,-26.115526,-24.829605,-27.09793,-27.522139,-27.31829,-26.641888,-28.064491,-26.606382,-26.47595,-26.23679,-25.772491,-24.96917,-22.359924,-22.068533,-24.520634,-23.745962,-19.237999,-19.334528,-20.775738,-20.20144,-22.417068,-22.047886,-21.82885,-23.65996,-22.574509,-22.156698,-23.237652,-24.374355,-20.9614,-18.892803,-17.40649,-18.198906,-20.391726,-21.635546,-21.796482,-23.540745,-25.497452,-23.671227,-24.181818,-27.274542,-26.334455,-21.611652,-21.2127,-20.80302,-18.940317,-17.528584,-19.94376,-20.428215,-20.836843,-19.329258,-20.840483,-21.7374,-20.053688,-17.542723,-18.805632,-18.822506,-18.398489,-18.658836,-17.08847,-15.851006,-17.281149,-18.445019,-18.683807,-21.392105,-21.739838,-20.503021,-19.080093,-19.61355,-21.506226,-21.745594,-20.558401,-18.57088,-20.52496,-22.751398,-20.651295,-21.34516,-21.114458,-20.524841,-21.25608,-18.399609,-18.798824,-19.69686,-19.525175,-18.899023,-17.70746,-17.28521,-17.340992,-19.10836,-18.045721,-17.240501,-18.356052,-19.810719,-19.7225,-17.987122,-17.411266,-18.033007,-17.282816,-17.329838,-20.127483,-19.940964,-17.98475,-19.802334,-19.79161,-20.901936,-23.123652,-23.535252,-24.192383,-27.002665,-23.071178,-21.576866,-24.313377,-24.248547,-24.026999,-22.39563,-21.726381,-25.298517,-23.976908,-25.44005,-29.12952,-30.737225,-28.97419,-27.134071,-27.214148,-27.56707,-25.429346,-25.271278,-29.301987,-29.3472,-26.169044,-22.30938,-20.67438,-21.115635,-22.593422,-20.531773,-19.25049,-18.797375,-18.08014,-19.458014,-22.446669,-24.095491,-19.866825,-17.800337,-17.017118,-18.659122,-19.469467,-20.370266,-19.404022,-17.629616,-17.850407,-20.373543,-22.270477,-19.724846,-18.832983,-19.3196,-20.888186,-19.41997,-18.871449,-20.92685,-19.500256,-20.588268,-21.563038,-20.962418,-20.075865,-20.341173,-21.011343,-21.714172,-24.248857,-25.919773,-27.102846,-27.662346,-26.120464,-26.652157,-23.764278,-21.874964,-19.214357,-19.55885,-21.37878,-22.19772,-22.039436,-22.815105,-22.998024,-22.461275,-21.151184,-20.90776,-17.73534,-17.77772,-18.73793,-17.230717,-18.156187,-20.041098,-19.636194,-21.494894,-26.56948,-29.208559,-27.374763,-25.37056,-23.520348,-19.836708,-17.57358,-17.792524,-19.132362,-18.331722,-18.544455,-19.42707,-18.776981,-19.131475,-20.12207,-20.643816,-20.144215,-19.399906,-17.44451,-17.192339,-17.560804,-18.508104,-17.700365,-17.758924,-20.023296,-20.370083,-19.971605,-20.400774,-18.778263,-18.921545,-18.741158,-20.038235,-20.00742,-19.816858,-19.624323,-19.098465,-18.841026,-17.229492,-17.224413,-18.545162,-20.415894,-21.862038,-23.099712,-22.874115,-23.443972,-22.727806,-21.62408,-21.525097,-22.231155,-20.073803,-19.028248,-20.620079,-21.06257,-21.192127,-20.929583,-18.924698,-19.54998,-19.324581,-19.507769,-18.770988,-18.426212,-17.525833,-18.171066,-19.899143,-18.563091,-17.864887,-18.70635,-19.443071,-18.374294,-18.629124,-19.079584,-19.192127,-18.767912,-19.965096,-21.26965,-22.09847,-22.631556,-23.405563,-20.456627,-18.983019,-19.72285,-17.427904,-17.399408,-16.60949,-18.114458,-19.149023,-19.683197,-18.503904,-18.938572,-18.760204,-17.278002,-17.493439,-18.415205,-19.542221,-19.46898,-21.46592,-21.652357,-20.049139,-19.460503,-20.383232,-19.815863,-20.485508,-21.016998,-20.497541,-21.996332,-22.626945,-22.596779,-22.954235,-23.26471,-22.04494,-22.437754,-22.00465,-21.81488,-20.635557,-19.69002,-20.657661,-19.30257,-20.062464,-19.91116,-19.246113,-21.91621,-20.59681,-19.486298,-21.502638,-19.51969,-20.37909,-21.285717,-19.968071,-18.805914,-18.737314,-16.941345,-16.961712,-17.275356,-18.092476,-19.52064,-19.45214,-18.5988,-18.181433,-18.943565,-17.213423,-17.165619,-18.27053,-17.425117,-18.33809,-19.174614,-19.530678,-19.500952,-19.976345,-19.770103,-19.334286,-19.211132,-19.280594,-19.341831,-19.236208,-18.387896,-18.206886,-19.440577,-19.047926,-18.33883,-17.959465,-18.948967,-18.590286,-18.235283,-18.337147,-19.084759,-19.899485,-18.505781,-18.993496,-20.945137,-22.062431,-22.551813,-20.05426,-18.69582,-19.944016,-20.140068,-21.130775,-23.218012,-22.411772,-19.555882,-20.103794,-20.934807,-21.774963,-21.06066,-19.863268,-19.682884,-18.552141,-18.659498,-19.259396,-18.003063,-18.561382,-18.44645,-20.652,-19.837978,-18.415327,-17.50284,-18.365028,-19.0875,-17.309366,-18.913979,-21.07383,-21.589228,-25.126831,-25.195747,-23.410583,-23.380135,-25.936192,-23.642458,-22.492191,-19.569077,-17.229527,-18.978424,-20.081898,-19.527721,-18.365475,-17.223362,-16.82266,-15.550011,-16.14012,-17.493036,-17.357948,-18.298912,-19.408255,-17.71296,-18.23642,-19.773212,-17.568657,-17.691177,-18.21455,-17.427717,-18.001865,-18.09282,-19.451963,-19.477318,-19.448511,-20.927767,-20.772297,-19.588037,-18.442102,-19.175587,-19.291065,-19.257769,-18.550877,-17.946104,-16.99896,-16.785275,-17.175097,-17.341375,-17.013594,-18.558357,-19.01832,-18.491858,-19.923168,-19.690865,-19.518185,-19.122686,-19.618654,-21.339619,-22.611506,-25.295006,-25.015045,-22.251408,-20.805136,-20.974815,-22.390646,-21.869173,-21.216673,-20.42358,-24.070183,-26.929096,-27.53388,-23.780537,-20.095081,-18.725384,-18.771797,-20.667854,-23.773499,-25.04048,-24.229946,-21.802132,-20.16871,-18.816717,-19.169909,-17.66196,-17.242586,-20.006226,-19.741808,-18.963997,-20.473923,-20.6217,-19.94341,-20.417255,-20.600182,-20.362179,-19.69741,-17.77658,-17.445492,-16.972418,-17.467909,-17.182013,-16.424091,-16.573196,-17.879843,-18.820797,-22.560377,-25.030098,-27.010262,-24.438677,-22.91545,-19.316723,-17.089903,-20.866667,-24.820084,-23.19537,-24.894566,-24.09893,-21.951015,-22.043165,-20.503693,-19.97497,-19.492584,-20.175095,-18.70216,-16.70626,-18.99678,-22.077595,-18.660269,-19.3119,-18.645664,-16.713741,-17.89902,-19.191938,-20.490849,-22.243176,-21.407984,-21.856384,-21.850033,-22.26057,-19.800072,-19.523922,-20.084229,-19.153492,-17.995546,-18.869968,-19.251453,-18.81897,-18.334656,-19.141922,-20.903225,-20.275524,-19.96505,-20.907326,-19.89685,-20.645693,-19.836416,-18.680782,-17.580297,-20.389154,-18.92258,-16.6697,-18.50864,-19.664032,-19.428955,-18.690495,-19.04504,-21.297916,-21.07437,-20.47414,-20.01567,-21.075035,-23.626997,-23.344496,-26.06343,-26.03727,-25.335339,-22.116022,-19.816357,-21.540926,-22.088646,-21.43409,-25.09071,-24.98309,-22.226849,-26.245392,-28.994238,-27.437283,-24.412912,-25.727612,-27.520393,-23.9462,-23.972694,-26.890476,-26.59699,-27.789698,-24.99197,-21.727911,-24.720993,-25.666191,-23.92661,-20.133783,-21.357502,-25.747349,-25.726643,-23.540977,-22.306557,-26.126526,-25.094658,-24.589434,-25.343073,-27.652416,-24.684286,-19.354,-18.158962,-18.209673,-18.222277,-18.218237,-18.216465,-18.21973,-18.21901,-18.219692,-18.220028,-18.769566,-23.522469,-40.319614,-80.0,-80.0,-80.0,-80.0,-80.0,-80.0,-80.0,-80.0,-80.0,-80.0,-80.0,-80.0,-80.0,-80.0,-80.0,-80.0,-80.0,-80.0,-80.0,-80.0,-80.0,-80.0,-80.0,-80.0,-80.0,-80.0,-80.0,-80.0,-80.0,-80.0,-80.0,-80.0,-80.0,-80.0,-80.0,-80.0,-80.0,-80.0,-80.0,-80.0,-80.0,-80.0,-80.0,-80.0,-80.0,-80.0,-80.0,-80.0,-80.0,-80.0,-80.0,-80.0,-80.0,-80.0,-80.0,-80.0,-80.0,-80.0,-80.0,-80.0,-80.0,-80.0,-80.0,-80.0,-80.0,-80.0,-80.0,-80.0,-80.0,-80.0,-80.0,-80.0,-80.0,-80.0,-80.0,-80.0,-80.0,-80.0,-80.0,-80.0,-80.0,-80.0,-80.0,-80.0,-80.0,-80.0,-80.0,-80.0,-80.0,-80.0,-80.0,-80.0,-80.0,-80.0
-25.125982,-24.853382,-25.616415,-25.606579,-25.17578,-24.631817,-20.248291,-16.907503,-17.75928,-18.913229,-20.860607,-22.550716,-22.248993,-23.084856,-25.707176,-24.615246,-23.614424,-23.418446,-23.662785,-23.309052,-24.658813,-24.62011,-24.550495,-24.997444,-25.040237,-24.960243,-24.022732,-23.686623,-24.341696,-24.114134,-20.127373,-20.026577,-20.950926,-18.732534,-19.63591,-21.195324,-21.003592,-20.970251,-21.224192,-20.628304,-20.964432,-21.929758,-17.666452,-16.717838,-17.001972,-17.505634,-16.697704,-15.700972,-16.430735,-21.743044,-23.993546,-22.496807,-23.168312,-24.697279,-23.192692,-19.868702,-16.195587,-14.860445,-15.055534,-16.78397,-16.880472,-16.033403,-14.918224,-16.12543,-16.31986,-14.7939415,-14.341429,-15.855652,-15.843218,-16.645573,-17.21887,-16.741156,-18.549723,-19.756853,-17.73846,-18.00173,-18.308754,-17.615631,-17.816895,-17.904053,-17.688705,-14.434378,-14.225159,-14.343897,-15.380047,-15.649672,-15.115328,-14.710276,-16.352703,-18.754503,-16.954664,-15.012739,-14.633247,-14.922415,-14.793245,-14.94829,-15.798965,-16.351746,-16.780087,-18.074707,-17.477528,-16.964653,-17.020338,-18.37147,-18.479757,-16.34102,-17.013245,-17.606491,-18.556496,-19.311089,-18.676685,-20.502415,-18.7243,-18.95928,-20.00988,-18.26455,-17.039015,-17.19412,-17.6055,-16.484291,-16.938168,-21.097633,-17.558962,-17.303436,-20.694225,-19.01475,-19.271389,-17.925205,-19.114086,-20.298262,-14.977539,-16.989443,-23.653542,-24.088278,-24.019432,-24.756947,-23.614845,-23.32673,-24.268581,-23.96763,-24.679455,-26.039934,-25.08387,-20.393925,-19.3488,-20.928558,-20.641148,-17.79523,-17.458738,-17.16217,-17.252232,-17.861334,-19.996538,-21.63431,-18.563377,-16.44475,-15.289976,-16.224857,-18.806507,-18.704552,-18.673046,-17.215784,-16.203762,-15.421539,-16.195932,-17.03458,-15.14707,-16.263388,-16.443613,-17.000214,-16.560242,-15.238644,-15.472313,-15.554029,-15.3763275,-15.55068,-15.860325,-16.828999,-16.648716,-17.205414,-21.486935,-24.527449,-23.567205,-23.15117,-21.93143,-22.427439,-22.746124,-18.9376,-16.165722,-17.996687,-19.992065,-18.415462,-19.32631,-21.019527,-20.435852,-17.85409,-17.254183,-19.530329,-18.194296,-17.181126,-19.908142,-19.013988,-17.966621,-19.085018,-20.303432,-22.119194,-23.951128,-26.265192,-24.50049,-23.91306,-21.545195,-21.112915,-19.434147,-18.343811,-18.341866,-19.123436,-18.006397,-16.192402,-18.381351,-19.08604,-17.395552,-16.68371,-16.338074,-16.93683,-17.624815,-18.109175,-17.116213,-15.9386215,-16.82534,-15.411274,-15.417971,-15.971529,-15.474522,-14.771986,-15.558811,-15.448378,-15.183161,-16.353731,-15.43956,-16.190514,-16.585238,-16.40166,-15.1451,-15.189074,-15.895597,-15.471851,-15.224607,-14.835279,-14.181625,-14.882057,-15.711592,-16.020414,-15.554106,-14.411453,-13.839272,-14.189598,-16.158915,-16.356565,-15.142216,-14.112492,-15.53067,-17.804415,-16.995232,-17.544308,-18.12867,-20.161182,-19.658363,-18.897522,-19.746614,-20.72557,-18.985373,-18.364075,-18.184914,-18.625036,-18.139107,-18.997276,-18.009737,-18.33008,-19.620108,-20.46074,-19.554285,-20.993908,-21.652489,-19.67556,-17.423035,-19.146267,-20.049982,-17.627909,-17.098227,-18.124302,-17.452425,-17.367294,-16.439726,-17.549578,-16.862772,-15.970686,-15.0274315,-14.841446,-15.362627,-14.424097,-16.274603,-17.429077,-16.848125,-17.112131,-16.892307,-16.710226,-16.323149,-16.391497,-16.550085,-15.684862,-15.926691,-16.17947,-15.469162,-14.481224,-14.352896,-15.041361,-14.7576065,-16.504251,-17.328661,-15.134874,-16.967571,-17.830027,-16.407686,-16.195566,-14.772633,-15.192625,-15.6786785,-16.198582,-16.35046,-14.876274,-16.246342,-15.590118,-14.96866,-15.466883,-17.154213,-16.87184,-17.273333,-17.603395,-16.18195,-16.61774,-16.321766,-16.364834,-17.529247,-17.680172,-17.336737,-17.663961,-19.629444,-19.276104,-18.119253,-18.6797,-20.0372,-20.700272,-19.30525,-18.996166,-18.547983,-17.424452,-17.442574,-16.641682,-18.050749,-17.528746,-16.522715,-18.207712,-17.239738,-15.54282,-15.533482,-15.523607,-16.02543,-16.204336,-16.52625,-17.740774,-17.122383,-16.847036,-18.938618,-20.133057,-18.979855,-20.319262,-21.053066,-19.029585,-17.135845,-16.19993,-16.081833,-14.198051,-14.230616,-15.141243,-16.14413,-15.6697445,-15.983807,-16.082302,-16.738838,-17.325296,-16.389248,-15.482376,-16.478823,-17.254082,-19.16791,-19.824806,-19.657665,-21.750546,-22.665476,-22.478266,-21.93591,-20.901886,-20.104733,-18.561188,-20.154583,-22.328259,-22.885342,-24.089304,-23.922022,-23.164988,-24.456236,-24.800438,-22.343767,-22.780828,-21.868734,-19.93526,-18.490189,-18.615257,-18.826288,-18.992073,-18.915092,-18.091991,-18.96513,-19.66534,-21.056799,-19.845205,-18.706982,-20.697262,-19.368406,-17.540154,-20.543118,-19.984123,-18.67813,-17.384378,-17.459492,-16.917048,-16.041798,-15.329273,-16.707708,-18.241632,-17.512444,-17.033722,-16.77645,-17.626745,-17.939455,-19.321632,-20.055117,-19.389532,-19.63912,-17.815918,-17.801937,-18.376719,-19.038029,-19.343227,-20.436314,-20.368635,-20.19503,-20.269596,-19.413624,-17.50563,-18.022356,-20.10967,-22.262028,-24.717628,-25.14238,-22.478676,-21.420738,-19.967863,-18.933548,-18.797901,-20.104473,-17.501804,-19.310873,-23.565437,-23.856327,-24.265862,-22.46899,-19.823723,-19.406233,-21.143795,-20.812515,-20.656227,-22.772085,-22.144802,-20.004786,-18.122797,-18.116577,-18.558592,-17.206167,-16.321262,-17.537764,-17.595573,-16.795433,-16.623037,-17.252924,-18.476074,-20.75961,-21.447752,-22.403286,-20.552973,-19.564106,-19.103031,-17.32746,-18.527962,-20.84076,-20.05943,-18.481632,-19.860794,-19.051226,-20.35865,-23.19423,-24.472134,-21.508072,-21.501717,-22.40141,-19.654846,-20.827648,-24.138401,-24.056023,-24.440536,-23.928968,-19.99855,-20.081736,-19.14467,-18.951836,-18.35569,-19.875933,-18.379055,-17.904083,-18.612667,-19.174253,-18.168772,-18.646255,-18.492786,-19.625015,-18.934235,-17.756191,-18.239668,-21.756004,-21.945835,-21.64835,-20.453255,-19.439762,-18.772856,-17.771019,-18.742804,-19.958374,-19.93058,-20.311016,-20.61867,-19.074059,-17.821497,-16.414583,-16.715816,-18.249813,-19.714617,-20.154108,-19.579391,-19.131334,-17.723095,-18.702244,-20.151592,-19.5344,-17.04364,-19.573982,-19.744747,-18.470184,-17.985147,-19.705353,-20.319027,-20.467289,-18.454388,-16.916456,-18.895937,-20.880098,-22.05233,-22.796484,-21.637344,-19.778288,-21.89804,-20.609379,-18.865448,-18.836918,-18.841087,-19.383522,-22.649328,-22.203907,-20.136574,-23.740593,-24.572441,-22.938194,-18.488413,-20.766098,-24.352346,-21.249384,-22.194681,-25.120983,-25.774887,-24.214699,-20.791552,-18.86331,-21.826908,-25.244833,-23.760769,-18.07081,-19.061108,-24.2265,-23.343645,-21.301916,-19.337503,-23.070293,-24.42353,-20.769466,-21.761295,-24.534204,-23.43473,-22.686974,-25.24734,-28.716558,-29.545458,-29.548038,-29.55363,-29.543024,-29.558002,-29.500614,-29.43335,-26.691967,-27.657242,-41.14253,-80.0,-80.0,-80.0,-80.0,-80.0,-80.0,-80.0,-80.0,-80.0,-80.0,-80.0,-80.0,-80.0,-80.0,-80.0,-80.0,-80.0,-80.0,-80.0,-80.0,-80.0,-80.0,-80.0,-80.0,-80.0,-80.0,-80.0,-80.0,-80.0,-80.0,-80.0,-80.0,-80.0,-80.0,-80.0,-80.0,-80.0,-80.0,-80.0,-80.0,-80.0,-80.0,-80.0,-80.0,-80.0,-80.0,-80.0,-80.0,-80.0,-80.0,-80.0,-80.0,-80.0,-80.0,-80.0,-80.0,-80.0,-80.0,-80.0,-80.0,-80.0,-80.0,-80.0,-80.0,-80.0,-80.0,-80.0,-80.0,-80.0,-80.0,-80.0,-80.0,-80.0,-80.0,-80.0,-80.0,-80.0,-80.0,-80.0,-80.0,-80.0,-80.0,-80.0,-80.0,-80.0,-80.0,-80.0,-80.0,-80.0,-80.0,-80.0,-80.0,-80.0,-80.0
