-13.521639,-12.626458,-11.735176,-11.277695,-10.504631,-12.2133875,-11.7514715,-11.5658455,-12.642274,-11.252615,-12.416742,-11.178234,-11.498679,-12.36155,-11.168802,-11.442781,-11.731635,-9.668623,-10.5227995,-13.125276,-12.188951,-10.545227,-1.7271423,-11.848156,0.0,-12.088951,-12.602814,-13.655151,-12.544236,-13.015374,-14.380596,-13.6866,-13.028906,-12.920245,-12.177896,-15.04398,-12.100517,-13.300432,-11.628023,-12.194448,-12.535482,-12.545899,-12.057444,-11.689729,-11.6908,-11.213854,-11.412192,-12.147985,-12.74758,-12.167677,-11.334868,-10.464193,-11.637067,-11.564903,-13.926858,-15.082961
-20.800217,-26.478754,-27.66825,-27.539064,-26.49898,-25.680544,-23.374622,-28.627068,-25.449757,-27.812157,-25.421974,-21.830286,-27.75988,-20.168848,-19.656708,-27.774118,-23.696297,-23.338902,-29.413998,-25.285557,-26.280598,-24.004223,-11.543895,-12.513467,-16.512955,-26.084145,-34.41694,-29.104996,-32.727665,-24.460886,-37.230537,-23.480675,-25.078686,-23.676765,-31.667233,-25.05139,-30.46361,-22.657116,-22.463345,-34.30624,-27.561598,-24.752571,-24.480627,-30.891901,-23.752745,-32.673813,-25.129522,-25.309341,-27.091005,-32.5147,-26.836098,-26.975574,-28.578682,-30.962173,-23.602304,-20.617111
-27.645895,-34.396107,-28.116194,-22.417356,-29.724747,-25.572367,-23.09736,-23.353054,-27.353014,-26.183174,-25.348589,-29.402155,-23.522575,-27.698372,-28.136314,-27.854181,-21.81214,-19.389256,-27.199148,-22.232588,-35.598953,-21.764437,-12.943888,-15.16451,-24.22422,-21.939934,-34.850624,-29.400652,-28.928448,-24.593115,-25.016008,-31.467953,-25.973463,-27.687002,-33.620834,-29.298014,-34.794098,-24.94375,-24.431063,-30.672668,-24.996656,-28.555618,-20.445457,-30.319693,-22.31564,-31.778618,-27.491909,-30.835,-27.945597,-31.019562,-30.60648,-28.495644,-38.980255,-24.20902,-40.351406,-22.644495
-26.546852,-30.70436,-29.311049,-25.230795,-28.666126,-28.190605,-22.649595,-20.426367,-28.145273,-21.908985,-30.846798,-31.040436,-25.966467,-23.354897,-30.356157,-31.797968,-22.46379,-18.377937,-26.016766,-27.461718,-35.382515,-27.211212,-19.22918,-17.381527,-23.93178,-24.649443,-27.375065,-29.536612,-27.158297,-28.03953,-20.53936,-32.415787,-31.91892,-27.641544,-27.734114,-25.260984,-26.09472,-20.329708,-25.726711,-24.791286,-27.139269,-24.381762,-25.442366,-32.251995,-28.73387,-32.51564,-32.011185,-30.337704,-27.03517,-23.68133,-33.573612,-29.358875,-29.377039,-21.25216,-33.07813,-24.41086
-30.674496,-22.804216,-27.666187,-32.800396,-27.449272,-26.810146,-27.603537,-26.273983,-24.564499,-24.069517,-25.664309,-29.71096,-29.061192,-24.513664,-33.11163,-28.623255,-23.822916,-19.595282,-24.876917,-28.125626,-33.949177,-27.022692,-22.804901,-20.146599,-18.331902,-26.259497,-20.114254,-28.872423,-26.866554,-28.263102,-21.227669,-32.25348,-32.794724,-25.800575,-27.721687,-26.137877,-27.446598,-20.33511,-22.566893,-26.27153,-30.898464,-28.595531,-27.058006,-27.677895,-30.0463,-32.62818,-32.017525,-28.805534,-24.822021,-21.503485,-35.994614,-30.438038,-24.923561,-24.887758,-25.28205,-26.00467
-28.96153,-23.50635,-29.869986,-30.65989,-27.298906,-23.491951,-28.596199,-27.431845,-29.306894,-23.75652,-26.463497,-34.92205,-24.159788,-26.202394,-27.700605,-26.780893,-22.45004,-22.697311,-32.31582,-23.247868,-30.911919,-28.39192,-20.23183,-21.859457,-21.628555,-24.918877,-20.008879,-32.098976,-26.512959,-25.303555,-21.851442,-28.168344,-27.279894,-28.372705,-28.730927,-25.084017,-33.19816,-27.8468,-22.282042,-23.333168,-23.638577,-27.583092,-26.012299,-29.644064,-32.712475,-30.970533,-28.356972,-29.346107,-25.107721,-27.039022,-30.220041,-25.106266,-20.597296,-33.348843,-22.473501,-25.737608
-27.63217,-25.441051,-24.542217,-27.33259,-29.139374,-29.6245,-25.883959,-32.668056,-30.246511,-24.484789,-29.310818,-22.239964,-28.588514,-23.9004,-23.201637,-25.536049,-25.495388,-23.947605,-31.361877,-23.736877,-27.823893,-23.935497,-20.033813,-22.70522,-27.67517,-24.628365,-27.223017,-33.10405,-27.094643,-24.987034,-23.711575,-25.8208,-30.71917,-31.879364,-27.436504,-25.75854,-32.598957,-28.054388,-25.600412,-24.664295,-25.90567,-27.008232,-28.384396,-27.442053,-27.677103,-27.83079,-27.038204,-26.218052,-25.174162,-29.832043,-28.613367,-23.143604,-22.248951,-35.94454,-19.915327,-22.59462
-35.150307,-21.707983,-24.905521,-29.451674,-31.551712,-37.674477,-28.412485,-28.432623,-30.745197,-28.875025,-23.646437,-22.021627,-38.427574,-19.697338,-26.93037,-26.250633,-26.650772,-27.288548,-27.572613,-23.29387,-25.313547,-30.715721,-26.368273,-24.323835,-31.392086,-26.027056,-36.553097,-35.956352,-28.64123,-31.482239,-33.404972,-25.701773,-28.388199,-30.171318,-26.137646,-28.923328,-30.895615,-28.74002,-22.431496,-25.057936,-28.384642,-28.241377,-25.622372,-31.71179,-24.15442,-29.634573,-24.459024,-24.206837,-24.767014,-24.020649,-29.06639,-24.328344,-24.962461,-30.254864,-24.281076,-28.274992
-31.375751,-20.384167,-26.769667,-23.873932,-24.868376,-34.475956,-33.222054,-31.300098,-33.071087,-34.04649,-22.686842,-28.63765,-25.451324,-21.697786,-28.34262,-23.945707,-25.867447,-31.091404,-23.660444,-25.349375,-29.012554,-31.021385,-23.044456,-24.959223,-28.408363,-23.990269,-32.142498,-33.820667,-33.732075,-29.705359,-28.022137,-28.313412,-29.450096,-26.305267,-24.765814,-25.458729,-25.346035,-25.369339,-25.43022,-29.812439,-28.86532,-24.151842,-28.868877,-28.680317,-21.913113,-30.48462,-23.805134,-23.440353,-29.877283,-26.925783,-28.881865,-26.27774,-27.260656,-27.137384,-32.473236,-22.584555
-25.673656,-32.36508,-33.6056,-26.146912,-24.713882,-34.43194,-30.769867,-27.399487,-34.396214,-27.187801,-23.487183,-31.193914,-26.966703,-25.91859,-29.601017,-29.484598,-23.172764,-28.497955,-30.76947,-24.127874,-24.2152,-22.630829,-22.852285,-26.494095,-28.616886,-25.441164,-26.84773,-33.548653,-33.22831,-27.00247,-25.572517,-23.932419,-29.67476,-29.730175,-26.248398,-32.024208,-27.05943,-26.929018,-25.58064,-24.709738,-28.992245,-29.439135,-27.60869,-27.638567,-26.296501,-27.045057,-28.068443,-22.676981,-32.274963,-38.302883,-26.73843,-29.81599,-24.950012,-34.82107,-27.30731,-26.840635
-23.581203,-30.400608,-33.886314,-25.945738,-23.77428,-31.064043,-27.207111,-21.342262,-30.589828,-24.097294,-27.12678,-33.152008,-27.917625,-27.503948,-28.755281,-33.76514,-19.960423,-24.862328,-35.879616,-21.147688,-24.354082,-19.764975,-22.855804,-26.490059,-23.9206,-27.301945,-26.084951,-30.320227,-29.375893,-27.558777,-26.187485,-26.223156,-26.274664,-23.008574,-26.182182,-27.368597,-26.873327,-29.067753,-24.09128,-25.305386,-25.575075,-29.463535,-27.109112,-27.86476,-22.517422,-26.853207,-24.437113,-23.889729,-35.853798,-32.40164,-29.78122,-26.29468,-23.956047,-27.593096,-19.607754,-21.35213
-28.248775,-27.001009,-30.050953,-27.44893,-28.49659,-28.40799,-24.423725,-24.046728,-25.330757,-21.987083,-29.69196,-35.030445,-20.979448,-26.049631,-32.478134,-41.886642,-23.836239,-28.5503,-26.702515,-28.238237,-21.5124,-27.24583,-22.614292,-28.073082,-26.472176,-33.005436,-35.15649,-24.607334,-25.355797,-30.373646,-24.290575,-31.458696,-29.279512,-27.696339,-27.993582,-26.241083,-26.226194,-27.097158,-27.644033,-25.735645,-21.724684,-29.185997,-27.044699,-29.227898,-20.718174,-29.68983,-26.106438,-27.064842,-32.33842,-28.223385,-29.806524,-28.487297,-27.555319,-26.476763,-21.127916,-24.548683
-28.826498,-28.456718,-31.491005,-21.50547,-23.926058,-25.283014,-24.797716,-23.4967,-24.465437,-22.482634,-28.481121,-29.901302,-21.724812,-28.46142,-27.489487,-38.520878,-27.038456,-33.938126,-23.266481,-27.1382,-23.455303,-27.231075,-25.839125,-28.32686,-23.211637,-27.78362,-32.263077,-24.370213,-27.41468,-34.650803,-23.27507,-25.77638,-28.23131,-25.070784,-30.209517,-25.908878,-28.438562,-28.052067,-29.052677,-23.93084,-19.50885,-26.058582,-28.314201,-31.023153,-22.237812,-27.509535,-24.298124,-26.91021,-25.92227,-24.953732,-28.819712,-28.923616,-28.42943,-29.38971,-23.578703,-25.322645
-30.635216,-25.321474,-33.126503,-22.462631,-28.778297,-26.079844,-27.043676,-25.769596,-25.060228,-25.839855,-37.18795,-25.262337,-32.76177,-30.5904,-28.11549,-32.500824,-26.253447,-27.13315,-27.236156,-26.271576,-30.006016,-32.10678,-24.8144,-29.098194,-26.209671,-24.555403,-28.46806,-23.794622,-31.03228,-29.123796,-32.872322,-26.434334,-28.223482,-22.399298,-31.968798,-32.83836,-25.950722,-28.271751,-29.109064,-31.548815,-23.668804,-31.406157,-29.959587,-31.105923,-29.950994,-29.4587,-23.80024,-22.405346,-25.617163,-32.10503,-35.771305,-29.672523,-24.440292,-24.505518,-25.671196,-21.49709
-27.138262,-22.333017,-37.530014,-26.89145,-31.49543,-28.799458,-29.676874,-29.465176,-22.98504,-24.660742,-31.630293,-22.690575,-31.431519,-27.228542,-30.012707,-29.58389,-24.57138,-29.06081,-27.535477,-22.79695,-27.797195,-37.699142,-22.968885,-29.677025,-28.050537,-25.626488,-30.682388,-24.6229,-27.10284,-27.946562,-33.94654,-26.431757,-24.553032,-26.961695,-32.00247,-31.741053,-25.296066,-30.94542,-26.329496,-25.853662,-23.95035,-28.188786,-27.631231,-39.121048,-25.171234,-26.55146,-25.032055,-25.706467,-24.912817,-38.200798,-34.85096,-30.75901,-24.663652,-22.542597,-29.406893,-20.089764
-25.572649,-22.692492,-29.896088,-28.798328,-25.835505,-30.090763,-25.763151,-24.462923,-22.271793,-23.904488,-28.808853,-31.55643,-26.984467,-35.021294,-25.292023,-24.261621,-28.866274,-23.637993,-26.24874,-23.990446,-31.087156,-29.04098,-20.886364,-30.184174,-27.685371,-26.13457,-31.622974,-29.099506,-29.326115,-34.73648,-33.03781,-32.117023,-26.43906,-30.29668,-35.162243,-23.761814,-27.732119,-31.768366,-25.218782,-26.831758,-26.875584,-26.975994,-28.097488,-35.25941,-29.478792,-29.289585,-29.20432,-28.774374,-26.931978,-29.342285,-30.890541,-22.013746,-24.72049,-26.988102,-28.075209,-22.124853
-22.100292,-29.920687,-26.822199,-24.28031,-28.439758,-23.722025,-23.359669,-21.680593,-21.047607,-30.436127,-30.69168,-40.12572,-23.87475,-35.816414,-24.740028,-26.147749,-31.069832,-25.52675,-24.242504,-24.071753,-32.188133,-33.52596,-24.926273,-30.853859,-26.410578,-29.28949,-29.048168,-26.083145,-33.4704,-33.790535,-30.534843,-34.032013,-34.241604,-36.26347,-33.782665,-24.569643,-29.206947,-31.888145,-30.92359,-28.52421,-25.80693,-28.99532,-34.55387,-37.540936,-30.65982,-28.00653,-27.972591,-27.842875,-27.407412,-31.603619,-23.600939,-20.756933,-22.811974,-28.42014,-29.407372,-23.64744
-19.949743,-25.968563,-28.331352,-21.267273,-28.293945,-25.748878,-25.69191,-29.399809,-25.517792,-25.491499,-25.982672,-32.270763,-27.513958,-28.828064,-25.091026,-22.350147,-26.70032,-27.2141,-26.905931,-24.09076,-29.213587,-29.639671,-25.111233,-30.929234,-24.991783,-22.57129,-35.864666,-27.926226,-35.515587,-30.599585,-26.200531,-25.41124,-25.245554,-33.35107,-29.429348,-25.832926,-26.753239,-28.015583,-29.901659,-30.87927,-24.548683,-26.850637,-31.841877,-29.305145,-27.82132,-30.504082,-25.603582,-30.337833,-22.978619,-26.261885,-24.780485,-23.858576,-27.980913,-26.486868,-29.542341,-26.183872
-23.790537,-27.864822,-26.777548,-25.875044,-27.16137,-28.451221,-26.757618,-44.96705,-27.88048,-31.247007,-20.076653,-33.79666,-27.983965,-32.18845,-28.547441,-26.805603,-23.815859,-26.319372,-30.73138,-25.345871,-36.343666,-27.24738,-24.147207,-32.143036,-22.094233,-24.73982,-37.423397,-27.328146,-35.362198,-30.273256,-34.504128,-26.886461,-28.739151,-32.601818,-29.494135,-33.792038,-28.108086,-29.883423,-24.157246,-31.966248,-27.187315,-26.533762,-31.317299,-24.294924,-36.593933,-34.48046,-27.130466,-28.182268,-26.090075,-22.856956,-34.515804,-25.79985,-27.204,-23.393452,-29.255741,-26.092278
-28.225538,-29.932692,-25.227509,-29.398544,-24.85432,-22.807041,-25.731552,-43.64795,-23.208439,-26.606714,-19.7487,-32.290207,-26.27517,-34.025883,-25.239035,-25.95279,-28.691994,-29.533604,-29.199005,-26.422146,-32.227547,-30.540878,-23.158695,-31.721035,-23.830286,-27.46007,-29.578794,-24.858347,-30.566591,-32.443905,-27.652842,-27.224394,-31.780676,-30.434807,-27.82827,-36.433407,-29.171768,-27.758173,-25.668413,-26.2226,-29.22697,-25.268648,-27.430904,-26.492321,-25.327517,-34.18644,-27.077503,-25.782501,-27.237225,-25.305403,-27.635921,-24.076077,-21.949379,-23.2414,-19.77212,-25.337091
-33.541344,-20.83836,-31.441193,-25.025301,-23.330755,-21.86936,-24.320192,-31.944757,-27.661636,-26.010971,-26.27151,-27.383339,-23.690977,-27.459278,-29.510775,-28.014406,-26.728563,-28.675955,-34.238235,-29.583965,-32.221375,-26.557756,-28.522629,-32.969185,-28.440783,-21.075382,-34.168026,-28.969559,-28.858036,-27.117996,-23.642412,-24.3727,-29.125528,-25.98034,-23.649727,-26.567438,-26.225845,-27.485611,-32.573265,-24.004267,-26.747463,-23.54269,-25.17911,-26.025824,-27.555351,-33.35997,-30.518887,-30.47783,-27.365246,-30.586384,-26.929455,-24.303385,-18.572754,-28.430565,-21.085428,-23.152159
-28.734653,-16.664669,-23.830074,-29.416248,-26.591185,-27.456104,-19.723553,-26.622591,-26.027485,-23.271242,-31.178013,-25.760492,-24.176268,-20.801924,-29.976027,-28.501537,-28.56189,-31.38031,-26.681618,-20.742199,-27.73127,-24.942219,-28.287642,-32.870205,-29.41478,-24.262846,-26.211853,-23.282976,-21.615602,-25.600502,-26.336695,-30.177162,-25.644154,-25.879906,-26.387146,-25.908775,-29.532173,-30.455555,-24.20558,-28.798752,-22.555258,-25.972858,-27.30068,-23.458036,-22.464838,-40.064598,-26.529728,-32.449722,-24.65329,-29.217957,-25.478287,-28.008839,-21.75971,-22.50745,-22.354782,-23.725336
-27.315315,-22.897514,-24.43033,-35.68455,-27.812313,-27.005146,-23.461496,-27.267488,-23.93722,-23.485968,-33.92075,-29.38578,-23.498642,-26.142963,-23.07782,-28.763176,-20.627752,-34.1389,-24.920038,-20.699165,-25.146534,-28.483631,-23.812572,-33.52242,-27.499521,-27.477959,-27.78353,-22.58126,-20.795614,-30.878084,-28.813936,-31.413761,-26.7797,-27.476873,-24.723766,-30.683182,-24.673676,-29.753286,-24.22653,-24.311213,-20.02825,-28.319588,-26.476906,-26.2729,-20.983507,-27.89644,-27.758362,-26.683107,-22.153713,-28.65598,-23.905773,-33.80698,-30.529621,-27.69145,-31.663065,-28.304495
-25.205921,-30.811157,-22.223331,-30.286728,-19.890688,-23.248196,-25.702194,-22.103716,-27.271654,-22.69936,-29.385065,-24.690125,-25.765577,-28.787977,-22.717602,-27.558025,-18.64948,-35.104137,-23.602922,-25.939898,-24.83752,-25.9213,-25.194342,-33.57797,-25.114357,-30.943966,-32.37357,-23.811777,-20.812479,-26.26244,-36.53792,-28.651997,-32.524307,-30.16459,-26.693874,-28.134737,-25.054388,-27.868752,-27.594568,-23.78212,-22.096546,-29.76266,-23.395452,-30.128614,-27.61992,-24.32623,-25.923416,-25.157785,-26.164993,-24.230251,-23.589483,-34.115795,-27.594965,-28.999313,-41.905052,-30.378807
-25.35421,-29.50614,-25.661917,-31.19535,-20.872314,-23.413784,-25.993382,-21.690338,-31.122345,-26.125835,-32.19478,-26.210178,-25.30693,-26.996084,-25.553514,-31.777298,-24.933668,-37.159065,-23.578661,-31.177038,-24.132896,-31.504416,-26.921833,-34.11625,-25.931927,-27.63148,-30.288555,-28.332869,-27.815828,-22.716097,-31.456322,-24.535978,-25.059753,-28.141907,-30.417236,-27.41481,-28.402922,-27.79829,-22.9701,-24.530552,-27.30399,-27.751709,-26.052982,-31.106918,-27.837463,-26.229513,-29.994535,-22.843693,-28.950884,-20.63843,-25.019321,-29.222565,-30.78812,-28.06377,-28.961018,-25.82163
-29.046528,-23.944801,-32.722206,-22.783543,-20.705776,-28.037813,-28.58129,-24.933071,-25.353508,-28.791704,-28.918177,-24.533634,-29.555832,-28.204903,-27.451504,-28.754112,-24.485645,-35.73003,-25.45364,-27.24903,-24.882788,-27.488321,-24.31543,-34.52069,-32.25903,-22.571295,-29.44156,-25.7452,-28.243042,-25.470795,-31.65634,-26.475582,-27.467916,-29.36012,-27.2414,-27.710127,-24.710238,-29.838106,-26.019129,-25.311457,-24.167145,-27.103632,-36.091454,-29.54652,-25.14911,-30.093266,-28.93844,-24.580124,-23.44417,-27.436728,-28.854385,-28.285885,-30.269888,-29.329674,-26.740126,-25.8122
-34.037724,-24.560566,-24.777126,-23.733347,-24.150957,-24.297497,-24.714825,-32.412563,-28.19253,-32.00258,-25.476418,-31.609215,-32.762432,-26.670652,-28.061478,-27.766285,-28.173756,-23.843414,-26.382633,-26.132366,-25.538042,-23.22427,-23.435661,-34.460423,-33.80954,-25.203794,-29.948307,-27.059528,-29.270962,-24.744562,-39.992874,-24.8851,-28.337471,-22.167171,-30.429379,-30.9017,-24.96363,-31.67221,-38.631115,-23.454435,-24.195782,-22.454058,-28.340986,-26.21829,-27.044247,-31.094435,-30.883144,-29.754128,-22.725431,-30.719868,-29.601906,-27.731554,-27.541695,-23.324017,-22.457264,-25.139349
-26.16234,-34.97288,-23.063555,-30.115498,-32.105362,-24.879812,-25.20268,-24.244957,-34.280815,-34.056408,-34.722244,-30.49632,-31.446213,-23.679173,-29.187864,-28.542599,-32.307163,-24.580568,-34.35846,-24.025166,-28.634302,-25.187357,-24.883205,-35.455826,-31.583904,-32.121033,-28.230272,-32.99254,-37.54587,-33.266087,-44.849003,-25.5481,-28.233322,-22.370527,-25.78909,-28.113846,-27.979477,-29.607765,-31.673567,-28.06398,-22.859661,-26.366621,-28.691116,-23.701132,-28.459818,-37.709766,-28.223673,-39.204227,-27.842493,-26.129646,-34.036938,-29.998968,-25.446896,-24.834486,-22.978802,-26.509775
-21.170036,-23.814814,-21.261187,-28.089123,-21.055576,-23.1811,-32.5709,-18.54418,-27.102087,-25.56152,-29.466352,-26.781322,-29.526617,-25.311766,-28.416065,-30.29028,-31.29113,-29.592312,-29.765194,-22.842428,-23.120634,-23.792921,-22.72598,-35.133354,-24.788748,-27.744492,-26.032509,-28.76115,-35.967426,-29.39442,-32.54581,-29.290283,-24.856169,-24.988632,-21.217377,-28.683922,-30.355715,-26.938755,-22.140175,-28.656662,-32.146927,-31.96394,-23.214863,-22.411722,-23.539392,-22.600819,-30.583187,-26.805304,-25.40369,-27.197258,-31.705849,-37.556034,-24.191776,-27.004276,-27.790049,-24.397694
-23.257973,-23.650362,-25.901752,-26.44818,-20.343477,-20.980068,-26.324392,-22.670078,-27.762177,-29.184618,-37.62549,-33.538273,-29.563137,-30.78515,-29.91711,-34.522537,-28.208752,-29.642157,-31.696062,-25.156404,-30.797876,-23.85614,-31.140814,-36.035286,-29.652872,-23.492306,-30.688456,-27.479506,-26.481947,-37.051373,-28.142052,-27.754889,-27.068316,-27.37233,-28.67892,-29.987835,-28.814672,-30.772676,-23.205688,-25.198128,-28.15519,-28.018015,-25.090416,-27.678774,-30.57424,-20.816334,-28.231522,-24.411879,-23.195208,-33.93821,-28.170246,-33.626553,-30.054985,-28.88711,-30.25304,-27.126759
-23.871786,-21.23013,-27.82968,-25.208117,-24.877491,-19.830494,-21.457909,-31.910515,-28.535173,-23.929724,-30.138155,-33.306892,-29.72589,-26.757793,-32.539894,-25.936401,-23.197483,-24.203335,-29.348307,-26.553516,-29.916056,-24.096348,-33.85917,-35.64456,-26.517765,-25.169418,-32.42707,-28.16849,-23.774797,-33.07334,-28.406967,-25.614475,-28.926624,-27.577217,-27.764746,-30.68901,-31.531649,-23.334984,-29.599316,-20.57339,-24.296768,-25.590588,-34.361874,-31.367954,-28.121649,-23.756605,-27.31123,-29.029736,-27.714216,-25.346365,-29.25097,-32.452362,-32.129356,-30.128605,-21.403275,-25.519285
-28.189085,-26.332085,-28.008587,-27.399271,-30.047997,-25.274261,-24.450912,-22.807823,-31.594,-23.968819,-32.00549,-30.485682,-26.733477,-25.09054,-30.20506,-26.896984,-18.001266,-29.462376,-29.404137,-29.095732,-27.086418,-22.687077,-34.568268,-36.497135,-27.296688,-28.321285,-26.79072,-31.417461,-27.503748,-28.459558,-30.490324,-23.174507,-29.06165,-25.632883,-34.88184,-28.69082,-25.1876,-24.040335,-34.950523,-26.558294,-28.895315,-27.175756,-26.603313,-27.364132,-29.320406,-29.542261,-24.063372,-33.176605,-28.889484,-21.598396,-31.64833,-33.358852,-31.496113,-22.59396,-23.594606,-25.642685
-25.318275,-29.595726,-28.369186,-29.048597,-30.379807,-24.342466,-23.340849,-21.405304,-26.497805,-26.091528,-29.627777,-29.352442,-30.137804,-26.36933,-25.226868,-21.333004,-20.845837,-30.094194,-22.771473,-31.630756,-24.520346,-20.214046,-27.835897,-36.23999,-25.96576,-29.147388,-22.601295,-32.820374,-24.785057,-30.849833,-27.241781,-19.636488,-27.521534,-26.076687,-30.57698,-27.092903,-22.024967,-22.786327,-32.793667,-31.847912,-24.216177,-25.42541,-25.109154,-29.94078,-30.318941,-29.407537,-26.68837,-22.406294,-26.305008,-22.266592,-27.95757,-31.480206,-28.977518,-23.248562,-28.573189,-26.572035
-25.18098,-24.02175,-24.612629,-28.417912,-27.765413,-26.44875,-28.230936,-33.439198,-24.60735,-32.798546,-28.987156,-29.872353,-27.402843,-22.40028,-29.085325,-20.75143,-29.423803,-30.790356,-20.027985,-30.46635,-30.345879,-21.673069,-27.57334,-36.74817,-26.25442,-22.740902,-24.33242,-36.686096,-23.484337,-31.565565,-31.351505,-26.142565,-27.670557,-22.623966,-25.356894,-27.755434,-26.286549,-28.500727,-33.310883,-24.679834,-22.471607,-26.604229,-26.736881,-30.395359,-31.35551,-27.543144,-28.726608,-24.61747,-27.092901,-23.127996,-28.586855,-27.889202,-30.113361,-28.060814,-22.735203,-35.980717
-29.84991,-23.711649,-26.582737,-31.870163,-29.99167,-25.796108,-28.242453,-27.110542,-26.233389,-29.735548,-25.425306,-35.67993,-28.003658,-20.567854,-26.720724,-22.541391,-35.727535,-27.27455,-21.816608,-29.009789,-26.337284,-30.035223,-32.599102,-37.068386,-24.164236,-22.566135,-25.594202,-28.90444,-23.212128,-27.404707,-33.352905,-36.464256,-35.676994,-22.007168,-27.035744,-28.421093,-31.78726,-25.041058,-26.643267,-28.300797,-24.44952,-23.428448,-25.169214,-28.93375,-30.96486,-31.021645,-28.482672,-26.229988,-26.047333,-25.937815,-27.932495,-28.605726,-32.7601,-24.450285,-20.247614,-29.575157
-29.53547,-22.320875,-27.325537,-23.265362,-25.561958,-26.158924,-32.2579,-26.267883,-24.552925,-24.722698,-22.005882,-34.348125,-33.26361,-25.903679,-21.65545,-21.51329,-24.633696,-22.322456,-24.67781,-22.576086,-30.800228,-30.33308,-31.198832,-37.14688,-25.354769,-29.2057,-26.747753,-26.091366,-25.419617,-27.769619,-32.89406,-31.352161,-34.935715,-26.868359,-26.994553,-27.566128,-25.67422,-21.865147,-23.243519,-32.03312,-31.315762,-21.605072,-32.038067,-28.155365,-28.953722,-30.214216,-23.763851,-27.384907,-26.847776,-29.743467,-21.078428,-27.90233,-29.549368,-26.808027,-21.606583,-26.037884
-25.519493,-26.515932,-28.743876,-20.903559,-25.449234,-24.997528,-27.08349,-28.229807,-24.154182,-24.522337,-25.377684,-29.060408,-36.142616,-35.040546,-24.448154,-28.805244,-25.144516,-26.20162,-28.39589,-26.676138,-24.1069,-26.522577,-29.409252,-37.779263,-28.059898,-28.9192,-31.330013,-27.693897,-25.78968,-32.676056,-29.716022,-33.507603,-27.473457,-30.229279,-27.821085,-26.937561,-31.22939,-26.796595,-23.645226,-27.938828,-31.727661,-26.68825,-36.139618,-35.454613,-33.611015,-30.014389,-26.934118,-29.201988,-27.263592,-25.358252,-23.837578,-29.08284,-30.747505,-31.620712,-27.20626,-25.23292
-27.879808,-25.634462,-34.86676,-24.536823,-23.311417,-26.949102,-24.936869,-24.051653,-23.229128,-18.776012,-25.926775,-25.6335,-25.861244,-22.817026,-21.895905,-32.097866,-28.885746,-23.718752,-28.51952,-31.07762,-20.807583,-30.324726,-25.891935,-37.528282,-24.987555,-27.545403,-22.312712,-30.481487,-31.945026,-31.467018,-24.35034,-29.194038,-26.692043,-22.964685,-23.763067,-25.205177,-25.960325,-25.2773,-25.392097,-22.880434,-36.750774,-26.615253,-36.911983,-28.38402,-28.13652,-26.082737,-27.321869,-29.091244,-25.460136,-29.290981,-29.839127,-30.201979,-27.807392,-31.771416,-27.13828,-25.643686
-33.342876,-37.340176,-27.242302,-28.724512,-24.700272,-27.494171,-24.980215,-28.679762,-25.492071,-23.750282,-32.24215,-27.878908,-28.43249,-21.157145,-29.039677,-25.625206,-24.260519,-24.43468,-23.041176,-25.29307,-32.102135,-37.8991,-24.161531,-38.2686,-29.7649,-24.359097,-24.33017,-30.94421,-31.832525,-29.488852,-26.575188,-28.528841,-25.95299,-26.309532,-24.304316,-24.638659,-27.569777,-23.252628,-25.415485,-25.692911,-33.52677,-25.584747,-29.222122,-28.212086,-28.73721,-27.590422,-23.240955,-32.128223,-33.24247,-28.62231,-29.035517,-32.470882,-32.89801,-32.14234,-25.843378,-25.298223
-30.267412,-33.376144,-24.491455,-25.530613,-23.161245,-31.4532,-21.882519,-28.148396,-25.866856,-20.003902,-26.004826,-33.104156,-26.259518,-23.84452,-26.529278,-23.579441,-22.331856,-26.92934,-23.22087,-27.165705,-33.50457,-27.147459,-25.53869,-37.660156,-29.179367,-23.068222,-23.223183,-24.403078,-29.858334,-24.414463,-27.36352,-32.31555,-22.039692,-26.646585,-26.13043,-27.486805,-21.163044,-24.352665,-23.590677,-23.020683,-23.82553,-24.013235,-30.277504,-23.8983,-28.707693,-28.412567,-26.07847,-30.792969,-27.529772,-27.239025,-26.746517,-33.16791,-27.297506,-31.683418,-21.324308,-27.939926
-33.013077,-29.27375,-26.201618,-25.034697,-24.496777,-29.815823,-28.12705,-21.172981,-28.994389,-24.22467,-33.016716,-31.749828,-31.679344,-24.697546,-27.438704,-31.641562,-23.899057,-23.892511,-25.923561,-27.130377,-28.56933,-28.100239,-25.066578,-38.66313,-26.658422,-25.678461,-26.909264,-26.141699,-28.742134,-30.330881,-39.866642,-30.363203,-28.189058,-31.749092,-30.331577,-34.781345,-23.145382,-34.396782,-23.063883,-23.460375,-23.425852,-27.107325,-27.125748,-27.115585,-30.524109,-29.9104,-30.759066,-33.751526,-29.661688,-27.253134,-33.476616,-31.08661,-30.491602,-30.325668,-26.38735,-27.80645
-30.771595,-21.33171,-23.216526,-29.650759,-26.598715,-26.324327,-27.795023,-23.501863,-30.771084,-30.070568,-34.843033,-23.762571,-32.281326,-24.027885,-27.53658,-29.52386,-26.892101,-26.30529,-28.371298,-26.338737,-29.397305,-23.521744,-23.867426,-38.259354,-31.260803,-27.347374,-26.411795,-27.0746,-28.110691,-26.141266,-28.677616,-30.19785,-35.424435,-28.055012,-35.48213,-24.13967,-29.853498,-28.701265,-25.909962,-28.519775,-27.044275,-27.091215,-25.721773,-27.540861,-29.707636,-32.75768,-27.789217,-28.36914,-29.571426,-32.273163,-29.115124,-25.90494,-28.265343,-29.005163,-25.895636,-23.86009
-32.25738,-22.56459,-21.444008,-32.101143,-26.442036,-28.407475,-29.25127,-28.58623,-35.148224,-27.936686,-25.969816,-27.124466,-28.860847,-31.675617,-29.449427,-34.618736,-30.10642,-25.635576,-28.230858,-30.420322,-24.121727,-17.219522,-25.277578,-38.870598,-30.507347,-27.997822,-34.25406,-31.625622,-27.818775,-27.155445,-25.652346,-25.035532,-31.698719,-27.694645,-26.424486,-24.250248,-26.893305,-27.425858,-37.478405,-27.09781,-32.411068,-29.218578,-27.478153,-30.657766,-24.852749,-32.358337,-28.329304,-31.121384,-32.525066,-33.23402,-24.073265,-24.548885,-26.367107,-29.352957,-23.660734,-27.697657
-25.070366,-23.608347,-28.010296,-30.86911,-28.0066,-32.46862,-24.98253,-27.249556,-26.818207,-24.983543,-26.524044,-25.489634,-32.985886,-29.340324,-33.047398,-31.386621,-28.009085,-21.182356,-28.113737,-24.759735,-23.684305,-17.411007,-25.08233,-39.049355,-28.945448,-22.595217,-30.15827,-29.04633,-28.997719,-27.044191,-26.090872,-24.92046,-32.90419,-26.331842,-24.801739,-25.388353,-25.302473,-23.616302,-33.30015,-26.867355,-30.951666,-26.002462,-22.407253,-34.806816,-26.826777,-29.85113,-25.592402,-33.064808,-39.30243,-24.457031,-27.409105,-20.989178,-31.026976,-25.481785,-19.898508,-29.926668
-21.742283,-26.951252,-25.498032,-29.310848,-24.649187,-28.724436,-25.268013,-23.210613,-22.592463,-25.995024,-31.310575,-24.490559,-28.811321,-23.77002,-31.62369,-26.789454,-34.845463,-20.563574,-24.550976,-27.294878,-31.029417,-27.490376,-24.890486,-39.23182,-25.68139,-19.9665,-27.855003,-25.253468,-22.234875,-26.931677,-30.444202,-27.583956,-33.952175,-29.801441,-31.345964,-27.741514,-28.992228,-23.885988,-27.05833,-24.777634,-24.009506,-27.21195,-21.447752,-33.425262,-24.259483,-25.906176,-27.470255,-26.078903,-27.701862,-26.154247,-27.06318,-24.567917,-22.528261,-29.470495,-18.377403,-23.426735
-22.969337,-25.627768,-23.92535,-27.928967,-26.822847,-30.523655,-26.450867,-26.691544,-26.879421,-31.277494,-28.19627,-28.234625,-33.531147,-22.970606,-28.981861,-29.013815,-31.115704,-24.400618,-26.372623,-30.264935,-27.567453,-32.394363,-21.048935,-39.496025,-26.203583,-26.7835,-25.24857,-28.897041,-22.046667,-30.485334,-31.159729,-26.122768,-30.665728,-37.440765,-32.282284,-28.456327,-27.44119,-27.212238,-24.823227,-20.176027,-20.664158,-29.814947,-22.732594,-31.42937,-25.049534,-25.257893,-28.830063,-23.735203,-27.144827,-28.998632,-27.330404,-32.465473,-23.181978,-32.106796,-18.41794,-20.662666
-23.928246,-26.28526,-23.05793,-29.092321,-22.930159,-25.8475,-25.763906,-25.268385,-23.4964,-26.352203,-20.445137,-25.83061,-34.634304,-27.982164,-23.87904,-23.467916,-31.09481,-28.546724,-25.27106,-22.787853,-25.347212,-27.949965,-25.24178,-39.32126,-26.39587,-38.389236,-24.675838,-25.795263,-30.615864,-28.92893,-29.693153,-22.53547,-30.614061,-33.966496,-28.621382,-23.308428,-29.660934,-29.18476,-25.750063,-20.648697,-23.150293,-34.6179,-31.132526,-29.980055,-20.564669,-27.414503,-29.550112,-22.758709,-29.167152,-27.284513,-23.81847,-35.02598,-27.987627,-29.731394,-25.45447,-22.909151
-26.735083,-27.494778,-26.342653,-29.869785,-19.051485,-27.837608,-29.369478,-28.903492,-20.487986,-26.51461,-20.664236,-30.394863,-26.611805,-27.748896,-21.441498,-22.295965,-30.91122,-29.243086,-25.176514,-25.22494,-26.90808,-30.464275,-38.312897,-39.953255,-19.718113,-29.23683,-26.886684,-27.858366,-31.423239,-27.848091,-26.395256,-28.523506,-31.336184,-29.716002,-29.411556,-27.620949,-38.22607,-24.86268,-23.583933,-27.265657,-26.242153,-38.54154,-25.556898,-26.407135,-19.695173,-31.353388,-26.826794,-26.075468,-26.388412,-24.447021,-28.137869,-29.537163,-27.77716,-26.20733,-30.22573,-30.107447
-27.731981,-24.175802,-26.67006,-24.89085,-21.573902,-30.274734,-26.533218,-26.9438,-24.971592,-26.929514,-20.77317,-42.21094,-26.278154,-26.927046,-22.373646,-26.98325,-29.70098,-24.963787,-27.22111,-28.018463,-26.474667,-25.997284,-40.856804,-39.294704,-22.303606,-22.556591,-31.884243,-30.113537,-36.322327,-26.130999,-28.954277,-31.117287,-31.097778,-33.714928,-28.040653,-30.868406,-27.059942,-28.485062,-26.056513,-25.412273,-23.473007,-24.687304,-25.857988,-24.105778,-20.23028,-23.035915,-25.34728,-28.655787,-25.041866,-24.999575,-28.45186,-26.46237,-29.354269,-24.338947,-25.68749,-33.399837
-28.692055,-23.620913,-24.175253,-27.423288,-28.915754,-24.821384,-30.499884,-30.602816,-31.93015,-26.783913,-21.210238,-38.053745,-22.929264,-24.54282,-23.877985,-28.079357,-33.558254,-28.813372,-28.284702,-28.50982,-25.150558,-26.693752,-37.990532,-40.37916,-29.930794,-28.069538,-34.201515,-32.16028,-29.266554,-28.075512,-27.314487,-31.586323,-23.351507,-34.179817,-21.581535,-31.115076,-28.827774,-33.660038,-26.073393,-29.561573,-24.971926,-23.673035,-30.712418,-27.745213,-27.21807,-25.66415,-32.785664,-31.095062,-26.804832,-24.449957,-33.259743,-24.814514,-32.163464,-26.907724,-23.090597,-31.154686
-31.054132,-32.555576,-21.7865,-24.353275,-22.622593,-23.111048,-30.485077,-24.025696,-25.902075,-23.485092,-23.32813,-27.862513,-28.713943,-22.498663,-18.09562,-23.410742,-31.181278,-20.614859,-29.47567,-23.636887,-28.38872,-28.007566,-35.512405,-39.98919,-25.931074,-27.531307,-27.140022,-39.306183,-30.93571,-30.545284,-26.493214,-29.18513,-22.527458,-28.028862,-20.486763,-33.058823,-33.582047,-32.449223,-25.990488,-32.69559,-25.57848,-30.326931,-28.789986,-31.127647,-36.976463,-26.763344,-30.119812,-26.630203,-27.688515,-26.099205,-26.165031,-25.75754,-26.361736,-21.35577,-23.57352,-22.740072
-29.807072,-29.905518,-24.411684,-24.898401,-21.854904,-21.301908,-36.92024,-26.158047,-21.914576,-26.103537,-27.930347,-23.858467,-33.545406,-28.608149,-21.03192,-22.568884,-32.008945,-19.66904,-25.980045,-24.978298,-30.667267,-27.081867,-30.655605,-40.664948,-18.775944,-25.610079,-33.959877,-29.855053,-31.476261,-37.91179,-29.354033,-30.999073,-30.751598,-28.512936,-24.555769,-32.331177,-25.063137,-30.511908,-30.85225,-31.906193,-30.919909,-28.74349,-25.226772,-32.706455,-32.319324,-24.612116,-25.063396,-29.01074,-23.769054,-31.662148,-22.43469,-21.077106,-27.976173,-21.904133,-27.964241,-26.066261
-24.792017,-26.337835,-26.733637,-26.188087,-23.901941,-23.147957,-33.52707,-28.382915,-25.999031,-25.00664,-23.923853,-27.094452,-31.44165,-31.856222,-25.977057,-26.473927,-28.446033,-27.562244,-24.30225,-30.581783,-30.928972,-29.647297,-25.830578,-40.54545,-21.673025,-23.147316,-29.442501,-29.764458,-26.96149,-32.75105,-30.103264,-35.743347,-27.191862,-34.078186,-22.988623,-26.025276,-25.831408,-27.404367,-30.369736,-24.793718,-32.853683,-22.874393,-30.260595,-31.788752,-24.243532,-27.254505,-23.448511,-29.362974,-26.42693,-30.664728,-27.801695,-23.448729,-28.147755,-28.22207,-22.749586,-35.252403
-24.597586,-24.698324,-28.807571,-31.797497,-27.1128,-21.733973,-27.205357,-30.0689,-33.501263,-29.568573,-27.553839,-34.003155,-31.733597,-39.568954,-28.579876,-31.947933,-36.53492,-26.927896,-27.30031,-29.400501,-33.621235,-31.399727,-28.489796,-40.86163,-25.545998,-22.661718,-26.745691,-25.240782,-28.979324,-30.308203,-30.23674,-27.956669,-27.12359,-30.115791,-23.528406,-28.01523,-32.323547,-28.140202,-25.379818,-23.707508,-25.844746,-23.41622,-28.020025,-38.82582,-22.955397,-22.474598,-25.597538,-27.13139,-30.210869,-31.060524,-28.531414,-32.040817,-27.246523,-26.83913,-21.732515,-25.485123
-25.573421,-19.275703,-26.333818,-35.55546,-28.9801,-25.956839,-28.322649,-32.634808,-29.16136,-29.942938,-29.093142,-31.724783,-30.68879,-32.499958,-29.578255,-33.301044,-39.176315,-27.262936,-30.147558,-24.932798,-32.162086,-26.939873,-24.728098,-40.821217,-29.783596,-26.54796,-24.836462,-22.69589,-31.142635,-29.901184,-31.07326,-24.929646,-30.065504,-32.36694,-28.05584,-27.093637,-30.525515,-22.535831,-23.239405,-24.897425,-26.398024,-25.918678,-25.619083,-34.03862,-23.636759,-23.71681,-23.596107,-26.654383,-29.456322,-25.666254,-30.289639,-26.953077,-24.00002,-30.215229,-25.435095,-23.588478
-26.72973,-19.685375,-28.649874,-30.789581,-26.832373,-29.626595,-23.462189,-30.052391,-27.711823,-28.504782,-30.478676,-26.746052,-27.582716,-30.749752,-34.01862,-28.319923,-31.83659,-23.134235,-30.642347,-26.064661,-27.733868,-23.485226,-26.618778,-40.664764,-33.96098,-29.537182,-30.210205,-24.099699,-27.43164,-33.142624,-32.543728,-30.200672,-31.69585,-32.70137,-26.935463,-25.936838,-25.586737,-24.159254,-21.701763,-29.443237,-31.395966,-20.466043,-29.395498,-32.933277,-29.650356,-23.18066,-25.316828,-22.090755,-27.154299,-22.404745,-31.651396,-23.095573,-22.080828,-30.024157,-25.899593,-22.336714
-29.029198,-26.276459,-28.693363,-28.416626,-24.430666,-31.122723,-25.431944,-33.152218,-23.965982,-26.343369,-28.377611,-29.421568,-26.16064,-25.858143,-39.23508,-25.354284,-34.017647,-28.229633,-29.171516,-32.801373,-29.088425,-27.108522,-28.842545,-41.267677,-32.76199,-24.605286,-29.55598,-30.738081,-29.029373,-36.05301,-35.979668,-31.851486,-33.52289,-30.705503,-27.996876,-29.364613,-24.675627,-30.228357,-24.26376,-35.953243,-31.89499,-20.51759,-35.354095,-29.13866,-33.346924,-23.435518,-33.281673,-23.829424,-28.291826,-23.903034,-24.995346,-30.27969,-26.294449,-29.768084,-29.87069,-25.090467
-30.496689,-23.550243,-28.627766,-31.836021,-25.261683,-29.149332,-25.920826,-28.875479,-22.45973,-26.169973,-27.553701,-26.17071,-23.69627,-27.349174,-28.847284,-28.606323,-30.745398,-24.520792,-28.608519,-31.847324,-28.608656,-25.136993,-34.06836,-40.89808,-25.385986,-26.198505,-24.07177,-25.91824,-25.076881,-24.165665,-29.74886,-29.444881,-23.372183,-28.647175,-27.435936,-30.064825,-29.416712,-28.20446,-27.457571,-32.436165,-25.534529,-23.761631,-36.754765,-32.348877,-30.658367,-22.805002,-30.346119,-25.898165,-27.93036,-27.115898,-25.449154,-31.196938,-27.41866,-31.49403,-27.863903,-32.42531
-27.150776,-28.400862,-27.438711,-32.58334,-30.885971,-29.310932,-29.646732,-25.787931,-29.732294,-28.479061,-25.258041,-26.882296,-27.301098,-28.26558,-32.671455,-27.771523,-26.638273,-27.210522,-20.814507,-25.34992,-25.196949,-23.962952,-25.97309,-41.827496,-24.827028,-26.597797,-22.953665,-30.744179,-29.729073,-29.065693,-26.749643,-28.27195,-27.768883,-32.888958,-23.955698,-33.165478,-31.514343,-22.045176,-32.114315,-33.119167,-23.841866,-24.738297,-25.599348,-27.521194,-29.470198,-26.789114,-28.919676,-25.465242,-29.409979,-23.79104,-32.0858,-25.43582,-29.003578,-24.840775,-24.433542,-30.766855
-25.70111,-31.32756,-28.697401,-24.770018,-24.760838,-24.857212,-26.874714,-22.102715,-25.166773,-26.689463,-28.111506,-23.837914,-27.024303,-23.23307,-26.041094,-28.087194,-27.954824,-21.70453,-19.461117,-25.776917,-22.945908,-24.89073,-22.316864,-41.369324,-30.382002,-24.447317,-21.6434,-23.305386,-30.159357,-32.1232,-29.617271,-28.938076,-30.34553,-25.294615,-25.467506,-27.701696,-25.702158,-23.535833,-28.503788,-26.260542,-28.45016,-24.236391,-23.915401,-29.780914,-30.616459,-27.899332,-31.266445,-23.582512,-22.1414,-24.421656,-32.757927,-25.366169,-23.991953,-22.40016,-21.740683,-32.312836
-31.283535,-27.598005,-25.701681,-26.219318,-22.417784,-29.136993,-32.779297,-30.006184,-24.472282,-26.458292,-31.30416,-23.21452,-27.09265,-28.248978,-25.51335,-29.286285,-31.575672,-24.76163,-29.094917,-28.546183,-31.972195,-25.653578,-28.44234,-42.195557,-27.508604,-19.936642,-26.197046,-22.908531,-36.064915,-28.475481,-27.245014,-37.25518,-34.35828,-24.260443,-25.168829,-25.891005,-22.642279,-35.5726,-25.90984,-21.112059,-36.978115,-28.185255,-26.410265,-35.53585,-30.427645,-26.285475,-30.466192,-24.981037,-25.710703,-28.476616,-27.248875,-28.777452,-24.972952,-27.2485,-22.55911,-30.852152
-27.03767,-27.297577,-25.149576,-27.726831,-25.091007,-27.998789,-36.750244,-32.341095,-27.525928,-29.036755,-32.100365,-22.90086,-31.555796,-24.571997,-32.761314,-26.75803,-23.486021,-32.366383,-24.727423,-31.17676,-24.112413,-26.25964,-27.708113,-41.687973,-25.948906,-19.500973,-27.178274,-27.534584,-27.207714,-23.760103,-27.812517,-30.445719,-29.083673,-24.82814,-24.313728,-26.182215,-25.707314,-28.986137,-28.339546,-22.476088,-29.029835,-24.153229,-24.43931,-28.701744,-32.078156,-21.47845,-29.27821,-26.884949,-30.04577,-24.411211,-24.15327,-25.85356,-27.675333,-28.320023,-23.405514,-24.720146
-24.278374,-27.091682,-24.036526,-27.89743,-25.64414,-30.35624,-32.159077,-23.912123,-28.295649,-24.698017,-28.370796,-21.748419,-41.975613,-25.50146,-37.83675,-24.497782,-27.37107,-31.176764,-24.900421,-31.889687,-25.576273,-19.56213,-24.555798,-41.97023,-25.925234,-27.840582,-26.50886,-31.044006,-26.202234,-24.73516,-26.495302,-26.752771,-30.239904,-30.259502,-30.001331,-30.119259,-29.450977,-26.106709,-31.430279,-36.983448,-24.137285,-22.531347,-26.039629,-28.776844,-28.535427,-21.512024,-27.371742,-26.132875,-25.598875,-28.039433,-24.04467,-23.285162,-37.22401,-24.940033,-22.782679,-25.414501
-27.081059,-24.466347,-23.064194,-27.70303,-35.25349,-26.444885,-31.807781,-20.998938,-25.519073,-23.38921,-28.865072,-24.378828,-34.870377,-22.04089,-32.31006,-27.082577,-33.459114,-27.923325,-32.90964,-22.884182,-22.27855,-23.444628,-29.364527,-41.838898,-26.796595,-26.844032,-22.51767,-34.54044,-35.10477,-27.935698,-24.08884,-29.134335,-25.206934,-28.857227,-30.60358,-27.847973,-28.470074,-23.09143,-29.490055,-37.859707,-22.64558,-23.5891,-25.793772,-26.421185,-25.972971,-26.274097,-28.0511,-24.462006,-24.164389,-31.951744,-24.827354,-25.769325,-30.444818,-25.847271,-28.893164,-31.58209
-29.886759,-27.821198,-23.140493,-30.268188,-34.349476,-26.349371,-34.08677,-22.640575,-26.07363,-23.24607,-24.751442,-29.00317,-31.00758,-27.294285,-27.759857,-29.223087,-26.407974,-29.489769,-33.173325,-23.293297,-21.737377,-23.884836,-31.658152,-41.962543,-26.680973,-23.775661,-29.24673,-34.39302,-26.61483,-26.586142,-30.718683,-30.406033,-30.716887,-32.202843,-27.550827,-27.557955,-32.26144,-24.034435,-28.21904,-26.418074,-22.325287,-32.386242,-27.759949,-27.81343,-28.23862,-22.006338,-27.001171,-24.095886,-28.95134,-26.531464,-32.446068,-27.948095,-21.239891,-26.95086,-34.269012,-25.423388
-29.113415,-30.010136,-24.297493,-23.824999,-32.369717,-31.331808,-33.382843,-22.788795,-27.680698,-27.013115,-23.805586,-26.645422,-28.067884,-25.2399,-33.261757,-26.255516,-27.022676,-30.464972,-29.302944,-28.311676,-24.529215,-25.384403,-29.69232,-42.430847,-28.534248,-27.191828,-32.366653,-26.834019,-26.857685,-28.644869,-34.05654,-28.90508,-29.134459,-26.735315,-26.951769,-33.358376,-31.135187,-24.874199,-33.68962,-24.036547,-26.761679,-33.494263,-27.787382,-36.09043,-32.698975,-26.106401,-26.639643,-27.196316,-26.118103,-31.072691,-31.450588,-27.900845,-24.243248,-25.87912,-27.936737,-24.91428
-27.227755,-26.719563,-28.758497,-19.874386,-31.298449,-29.525173,-24.882252,-26.568726,-30.140705,-23.982557,-22.65569,-26.703188,-27.404173,-23.650562,-36.226566,-27.329176,-25.677092,-25.884598,-26.398483,-34.623264,-24.803503,-22.283022,-29.839493,-42.278076,-20.219254,-31.494831,-30.54454,-23.148933,-25.73988,-23.576128,-35.022156,-31.70367,-27.122995,-24.087225,-30.588636,-35.480488,-33.49395,-25.222,-26.700563,-25.497826,-30.626024,-22.184286,-24.184063,-29.361439,-31.567932,-24.938938,-31.708698,-22.247229,-26.816433,-30.340092,-32.99406,-30.403631,-26.612654,-29.28605,-23.52533,-27.829388
-27.317253,-26.767109,-25.585865,-23.3196,-27.412086,-28.138659,-25.318308,-30.27322,-30.550112,-22.873987,-28.34261,-24.279736,-36.526302,-29.145027,-31.159689,-27.130077,-29.930195,-29.892439,-32.556576,-34.557076,-28.567003,-23.076715,-25.003492,-43.164497,-23.481583,-22.167534,-27.665697,-25.76856,-27.103477,-28.253698,-37.06735,-33.75252,-24.016376,-22.25624,-34.07139,-35.994194,-35.085342,-30.967049,-28.188272,-23.324432,-27.205595,-23.3164,-26.78114,-26.859562,-28.161407,-27.321733,-26.85695,-24.668816,-33.769234,-34.527313,-40.8014,-30.126488,-25.581518,-37.18357,-24.460592,-23.779839
-32.952583,-30.67057,-20.710619,-34.229103,-24.967428,-23.75392,-29.72871,-28.32579,-30.81216,-27.006252,-25.156693,-28.126781,-30.950546,-28.899609,-26.338858,-26.852396,-28.453318,-26.503742,-26.86559,-22.550537,-23.559418,-23.406393,-25.639605,-42.517296,-28.49897,-19.887976,-27.525673,-27.292366,-26.624294,-26.591888,-29.182882,-27.493313,-27.037455,-19.835087,-24.084301,-29.076262,-33.84316,-30.156448,-26.0292,-29.219028,-21.64788,-26.171741,-25.879728,-22.780228,-26.913023,-24.261536,-24.37298,-32.776955,-30.520433,-26.658901,-35.939373,-30.760218,-27.788826,-32.422012,-26.879185,-20.06712
-38.1724,-24.990812,-25.59108,-32.06947,-25.931982,-27.420671,-27.76643,-26.54814,-29.237242,-36.716637,-25.870527,-26.649748,-26.347527,-26.805775,-24.890093,-25.1774,-30.38544,-22.82515,-27.713974,-19.05725,-28.801872,-29.16881,-34.833313,-43.132923,-28.293478,-23.96184,-32.19624,-24.208567,-32.083023,-26.55914,-31.400867,-24.171474,-32.482925,-24.456806,-22.207317,-27.799253,-29.833454,-30.931929,-25.209747,-26.735493,-25.712826,-23.337452,-29.331102,-24.494276,-23.255281,-21.8174,-25.477755,-35.197727,-30.02303,-24.409584,-31.895866,-27.482111,-28.95549,-29.015625,-28.283356,-26.806408
-28.657055,-26.237701,-26.325613,-27.5599,-26.717464,-20.69891,-27.880733,-25.339195,-26.860819,-26.851242,-24.625595,-27.738943,-28.417583,-28.569302,-25.61028,-28.93603,-24.160246,-25.276178,-26.696293,-23.105694,-28.976406,-28.57691,-25.077288,-42.42466,-24.103699,-24.48901,-30.412617,-27.778446,-26.125183,-27.955873,-34.918816,-24.139889,-33.15408,-24.843758,-26.929367,-21.877565,-25.038488,-30.5415,-27.050016,-28.889507,-21.605068,-25.985983,-26.356617,-27.067934,-25.646143,-22.483822,-22.218315,-29.701654,-30.589436,-24.259737,-26.055569,-23.798151,-31.812508,-24.320236,-27.518324,-31.210154
-25.380632,-21.204643,-29.515162,-25.8647,-24.236689,-21.536655,-22.953943,-24.662535,-28.2668,-21.257595,-29.190722,-32.819874,-24.421131,-33.689884,-25.2331,-25.48078,-25.081015,-24.920006,-27.12994,-35.037598,-21.467117,-29.84117,-22.406935,-42.998627,-24.494486,-28.73562,-30.56758,-28.8295,-29.083395,-26.288954,-33.488304,-34.53982,-28.663746,-24.466125,-26.568958,-25.444515,-29.564169,-34.734264,-29.761463,-31.620094,-21.674904,-29.309942,-25.78269,-30.724422,-25.914385,-29.137384,-22.517025,-26.546663,-25.58458,-27.670584,-31.62516,-23.956694,-31.088583,-22.982021,-31.485624,-33.543625
-23.152529,-19.306416,-24.160694,-28.454016,-22.366638,-27.366472,-21.465559,-23.39053,-30.508163,-23.746105,-24.382374,-33.38956,-23.673367,-31.895721,-26.760555,-23.398472,-31.189007,-19.201271,-22.606598,-27.465986,-23.820883,-25.61157,-22.046116,-42.710144,-29.506025,-29.734835,-27.395666,-24.666618,-36.31004,-25.805313,-34.804817,-39.708595,-27.051676,-25.024963,-23.59484,-27.444115,-29.261833,-28.864891,-24.571684,-26.334215,-24.784681,-25.079372,-35.07365,-28.764076,-25.683504,-30.18475,-22.73902,-26.689898,-27.426554,-30.000296,-27.963137,-28.876202,-31.482594,-27.288187,-25.306404,-33.34389
-21.936903,-27.55082,-22.489788,-35.720963,-26.297148,-30.88511,-24.1469,-25.161844,-29.552368,-28.605349,-21.995481,-32.607807,-30.289715,-29.932161,-27.861193,-26.142302,-29.395111,-21.61057,-22.423716,-26.629807,-27.883709,-25.989027,-33.124233,-43.082893,-26.628742,-24.935902,-23.009401,-30.0977,-30.724709,-32.760788,-29.765427,-29.971395,-32.140728,-30.27642,-23.709862,-26.242409,-29.10897,-25.807772,-26.466442,-27.535044,-30.40227,-27.146948,-24.127592,-26.015406,-22.724802,-28.390606,-22.216854,-31.88948,-28.749542,-29.950983,-25.642487,-27.253603,-31.175058,-35.575592,-26.897587,-30.787958
-22.26307,-24.693403,-23.600077,-35.882473,-33.1612,-28.402134,-30.008234,-28.211409,-26.337519,-27.274971,-28.184973,-30.44459,-33.705738,-26.07049,-26.405296,-26.727093,-25.676197,-28.09634,-30.293911,-26.755997,-28.327736,-24.612984,-33.448616,-43.663605,-26.662231,-25.268051,-27.53793,-31.136307,-31.099337,-28.173008,-26.776518,-25.360714,-31.526764,-27.83627,-28.185863,-28.949116,-24.705057,-30.848537,-32.639786,-33.73771,-26.498165,-32.568256,-21.928606,-23.804144,-23.633307,-31.137753,-24.322329,-27.750189,-27.762691,-24.153505,-34.047653,-28.360533,-23.38903,-28.960005,-26.307253,-29.11129
-24.502565,-24.178204,-27.98383,-26.638306,-31.908888,-23.439016,-21.437897,-22.962622,-24.92236,-22.73264,-32.02045,-28.537426,-33.043304,-23.470325,-30.994173,-31.69572,-23.579342,-30.447094,-26.02219,-29.133745,-34.980957,-23.168922,-26.207106,-43.563847,-26.386528,-28.193642,-29.226746,-27.344105,-24.397999,-24.851618,-25.536295,-25.45064,-30.24485,-26.15837,-29.920437,-27.913483,-27.716415,-30.073095,-28.743885,-30.197847,-26.03978,-28.656683,-27.338936,-22.360851,-21.959486,-35.24673,-20.737482,-26.858452,-27.41111,-24.940773,-30.06752,-38.324387,-24.532686,-26.393316,-19.578876,-25.66106
-28.05072,-24.511095,-26.73088,-28.343842,-28.321865,-25.921688,-21.45482,-28.424772,-30.014006,-24.295107,-31.722757,-22.014622,-30.5423,-27.736824,-27.239353,-32.54684,-26.047937,-29.452507,-27.61405,-26.540003,-27.904562,-35.22077,-25.673594,-43.844627,-23.792439,-29.18087,-26.761683,-28.563086,-23.730816,-29.502468,-22.88073,-33.915318,-27.342241,-22.541775,-25.321198,-31.689457,-27.022757,-32.00653,-26.211594,-32.464687,-28.503017,-28.028303,-22.713818,-24.033886,-29.838768,-33.71198,-20.557743,-22.872135,-29.303314,-35.19663,-31.002975,-35.31704,-31.878174,-31.028957,-18.867046,-30.745918
-26.162645,-23.539389,-26.895247,-30.246311,-23.61779,-24.10205,-25.355484,-37.22069,-30.884846,-27.517809,-24.69356,-20.80321,-27.947157,-26.525856,-28.456905,-28.093748,-25.352888,-24.248537,-23.209486,-31.818258,-24.208902,-24.08145,-22.677567,-43.278297,-23.31828,-27.408718,-22.576574,-25.657598,-29.780682,-31.875214,-25.319405,-26.294186,-25.396852,-23.986198,-21.780592,-34.563446,-21.219181,-28.811192,-27.576654,-32.429775,-25.734388,-32.895466,-20.531124,-26.41196,-30.099049,-26.90105,-22.814125,-26.473677,-33.2301,-32.105225,-27.788237,-28.011162,-27.171541,-30.640968,-22.916904,-24.118732
-30.305544,-26.524727,-32.850002,-28.483212,-21.944439,-21.03418,-29.661114,-29.428537,-33.741966,-26.363693,-25.26909,-22.959951,-31.33427,-28.99535,-32.218872,-29.689201,-25.446127,-21.820034,-21.748997,-28.017109,-28.151606,-19.391012,-32.003925,-43.842323,-31.071999,-26.124435,-26.965397,-22.875153,-26.385635,-33.00295,-29.213388,-28.72935,-30.115065,-27.22461,-29.581867,-32.835667,-23.955893,-26.303133,-37.548866,-30.614836,-25.430702,-32.9944,-23.58853,-26.153765,-24.079508,-26.575645,-31.743279,-33.00811,-39.58586,-32.514862,-25.690184,-28.206068,-28.525362,-28.631214,-31.990383,-22.80199
-29.812138,-24.259047,-23.548647,-26.981356,-19.944277,-26.099964,-27.949766,-22.539198,-27.330881,-22.691872,-30.251413,-20.68427,-31.907845,-30.868292,-24.022974,-28.31401,-23.02874,-24.134548,-20.407116,-27.273312,-26.323893,-22.570883,-29.292278,-42.830597,-24.021969,-27.55063,-26.589548,-24.15964,-23.323936,-26.277805,-32.622414,-34.032375,-28.514816,-28.978819,-27.171824,-32.152046,-30.856762,-31.998327,-23.801773,-21.740858,-26.905045,-31.3497,-26.380571,-26.075096,-20.079279,-35.208244,-23.753336,-25.640503,-38.615967,-28.336508,-22.079403,-29.96291,-27.077034,-28.047869,-28.641563,-28.971836
-28.065945,-28.769756,-21.66761,-31.950214,-24.194117,-31.408903,-27.298836,-29.423336,-29.08039,-26.607523,-33.263695,-21.655008,-27.675539,-28.632957,-24.791042,-32.395317,-27.968016,-27.486364,-31.855679,-25.800234,-27.522198,-21.638676,-24.440094,-43.763428,-22.142141,-31.918156,-24.53558,-27.777178,-23.894262,-23.414524,-25.328823,-35.10835,-32.029194,-34.270073,-25.639687,-26.758608,-31.888546,-36.164185,-25.580067,-25.968319,-34.685307,-23.435959,-32.48481,-30.071907,-24.631569,-36.049797,-24.68276,-29.091568,-29.229965,-28.209003,-23.586334,-33.201263,-25.81048,-32.367695,-27.97724,-29.238855
-28.123192,-35.828026,-24.330912,-30.342466,-28.53705,-23.759453,-28.801579,-25.064003,-30.73968,-32.406105,-32.988712,-24.822868,-27.567257,-33.049156,-24.13559,-25.461454,-26.679615,-25.816427,-35.82189,-30.240631,-27.05481,-21.457699,-25.22364,-43.846527,-19.642143,-24.347235,-26.115812,-29.59444,-25.95996,-30.476946,-23.385916,-30.975578,-24.657421,-35.253124,-30.294815,-26.227869,-29.69635,-33.992134,-23.683035,-31.149511,-24.68025,-22.448673,-31.14423,-30.825523,-26.080034,-30.459587,-25.183718,-27.234081,-25.865372,-29.988716,-26.953857,-23.49815,-26.684433,-31.501846,-30.885157,-26.974842
-28.778173,-25.840271,-24.362976,-31.668867,-27.443203,-22.229776,-21.605677,-24.07813,-34.73964,-26.202682,-28.728186,-26.327923,-30.94583,-24.461832,-26.455881,-22.417782,-25.76697,-26.648018,-35.983124,-29.68828,-25.905743,-23.278137,-22.0159,-44.22944,-19.788399,-25.384348,-22.92545,-22.884096,-30.558716,-25.792543,-27.315456,-25.88289,-24.920805,-28.530775,-31.934366,-23.522285,-25.63771,-30.94533,-25.634626,-28.318695,-27.139196,-28.94303,-29.85708,-28.787067,-26.908796,-25.868395,-30.32045,-34.69626,-19.786766,-32.1233,-26.184479,-25.353062,-23.751219,-27.137999,-25.559038,-28.169239
-31.24211,-19.006119,-24.902767,-31.083729,-31.382875,-24.863857,-22.923899,-26.634895,-30.903784,-24.895031,-30.930813,-26.031813,-30.281263,-22.915897,-28.215862,-26.420746,-23.942558,-26.64167,-35.916103,-27.140497,-26.942709,-26.505735,-20.408096,-44.55182,-27.17999,-26.227634,-25.226057,-24.162676,-24.485428,-25.72404,-28.785225,-27.09497,-27.723263,-27.133215,-26.19527,-29.48107,-24.356733,-23.48985,-24.094511,-24.676918,-26.94589,-25.083036,-34.120377,-26.572466,-25.895565,-23.789814,-26.123213,-29.62712,-22.891434,-31.043724,-32.301357,-26.272219,-24.48311,-25.468498,-24.476997,-22.152636
-26.558605,-16.496387,-23.90483,-26.335283,-30.969852,-28.236132,-26.191349,-27.702024,-27.358967,-25.895739,-22.257582,-26.003994,-33.065872,-29.845497,-29.295494,-32.767063,-24.189974,-27.032621,-31.427622,-25.131788,-29.569632,-28.522484,-23.588045,-44.13038,-23.681883,-29.037308,-29.787672,-25.384089,-24.640287,-28.25813,-28.517563,-29.954163,-25.512383,-29.127472,-28.44355,-26.486534,-28.885878,-19.054743,-22.32256,-24.112762,-25.470724,-24.165417,-28.739136,-23.702429,-23.74279,-25.835018,-31.026201,-29.931473,-29.46019,-31.791801,-24.152716,-20.96349,-29.986723,-25.709696,-25.375591,-23.80454
-30.67713,-23.685946,-34.01101,-24.894049,-26.85412,-27.634104,-29.64855,-25.105349,-31.666687,-22.609896,-21.425335,-24.794296,-27.442993,-27.407463,-28.41861,-30.637943,-25.4251,-24.555101,-35.78491,-23.957058,-25.62,-25.723097,-26.29848,-44.011,-24.323626,-21.361588,-34.13703,-28.956903,-30.454632,-25.202183,-27.137598,-28.170238,-25.845161,-34.219696,-27.569414,-22.796017,-29.771412,-23.254938,-29.594788,-26.973198,-27.242817,-25.79209,-26.163967,-25.733927,-22.452833,-26.28338,-33.960876,-33.736736,-32.011368,-25.47939,-24.259855,-22.26414,-24.807007,-22.958622,-21.477066,-24.016417
-27.793564,-27.56042,-35.414856,-28.143223,-27.167236,-25.35941,-30.21495,-25.29905,-32.86935,-24.084017,-28.696125,-23.078424,-23.628296,-25.047375,-28.62006,-24.913122,-29.008135,-25.541687,-33.89805,-23.551943,-26.01831,-25.577904,-26.740736,-43.686707,-20.32795,-22.90602,-39.00273,-28.876299,-26.95683,-24.689594,-26.297338,-26.096155,-29.331274,-31.068357,-25.459797,-26.34075,-24.581888,-28.225153,-30.06498,-27.451788,-23.744886,-26.153316,-24.673666,-26.168383,-22.913912,-28.101,-27.759708,-27.991102,-27.04541,-24.133066,-26.425503,-28.495308,-22.710657,-22.959282,-22.56424,-21.861637
-29.310791,-19.77,-38.104786,-29.989487,-31.602158,-23.890507,-27.209505,-31.052795,-24.982803,-20.452717,-28.255978,-21.075169,-25.059381,-25.72758,-25.369701,-24.455692,-30.484638,-30.751392,-28.485752,-27.299353,-29.336456,-22.817091,-29.947666,-43.52289,-20.191738,-26.641436,-36.142998,-28.864431,-26.233614,-25.682144,-24.264433,-25.566175,-28.663273,-21.587599,-26.325771,-26.495918,-24.627077,-23.154947,-28.133532,-27.36648,-24.446253,-27.12239,-27.702625,-27.049421,-25.258675,-26.931799,-31.964516,-26.537472,-21.058098,-29.04379,-23.865744,-27.196512,-25.505384,-25.601805,-21.926903,-27.515888
-29.642866,-21.134304,-28.45311,-37.173733,-28.297953,-20.868921,-25.991667,-28.640451,-30.854916,-25.22264,-29.200708,-26.52579,-28.376026,-28.433577,-26.271603,-29.956362,-25.585045,-29.820755,-21.393253,-26.650885,-26.818321,-32.072548,-26.886688,-44.118797,-24.600521,-29.209383,-33.22709,-28.24614,-27.941929,-31.686958,-28.322443,-20.488396,-25.690113,-20.717754,-36.109104,-24.99337,-30.257317,-24.877876,-32.565044,-24.574358,-26.633018,-28.199306,-30.743406,-24.007118,-20.786198,-24.855288,-34.496483,-26.567238,-22.352283,-30.869642,-27.676525,-25.721483,-31.601187,-32.249054,-27.83741,-29.600122
-26.103628,-23.57212,-29.275688,-26.044134,-23.882133,-24.50849,-25.79249,-33.049896,-30.603268,-27.313295,-31.647326,-29.368265,-29.988445,-26.070307,-25.11877,-29.887358,-27.712088,-25.25993,-22.851833,-30.771536,-27.982632,-28.03507,-27.893475,-44.66032,-29.057682,-22.983782,-37.13617,-32.93428,-35.127632,-30.934448,-32.732304,-21.631573,-27.973566,-24.285591,-28.93934,-22.080988,-34.302704,-27.113144,-25.922626,-20.213459,-28.183914,-31.61443,-26.810223,-22.138508,-23.132784,-26.172188,-34.287094,-27.934307,-28.25481,-29.133194,-30.33469,-28.216106,-26.683058,-28.056242,-34.257523,-26.63738
-22.010223,-24.200096,-34.01294,-23.019468,-23.831627,-27.404692,-25.131733,-28.65825,-27.155483,-26.243328,-33.310116,-24.8406,-26.209341,-24.055746,-31.14227,-35.705692,-29.147612,-26.378452,-29.50528,-27.213055,-31.262127,-26.54416,-30.303724,-45.145874,-21.979488,-24.681166,-31.002985,-27.468245,-35.981003,-26.664545,-28.433762,-24.30759,-33.59301,-23.562693,-25.613543,-28.306845,-34.600822,-26.269585,-26.102257,-23.420008,-22.290682,-28.316593,-26.028574,-24.230349,-26.365746,-23.804182,-30.841848,-24.674955,-33.273525,-24.600418,-26.29666,-26.865553,-28.546516,-27.005196,-29.465342,-27.74382
-20.775835,-25.051394,-33.768627,-29.435911,-26.024271,-26.455135,-24.506113,-26.03517,-26.578024,-27.868837,-21.700336,-24.776434,-24.35474,-32.237274,-25.069912,-29.538347,-29.37509,-25.634838,-24.795776,-28.24265,-26.145094,-29.292543,-27.560581,-44.3676,-23.328438,-29.077356,-24.574116,-23.927702,-35.42119,-26.449644,-29.958622,-32.806423,-27.621695,-31.066193,-30.213228,-26.226812,-31.486427,-29.09579,-23.82495,-28.754831,-21.218987,-27.997766,-26.42219,-31.222042,-22.115313,-27.73323,-32.485855,-22.828308,-30.39901,-27.022003,-24.220713,-21.989635,-33.359028,-25.750902,-29.023384,-27.53591
-24.396526,-25.87938,-32.678894,-32.982315,-21.49074,-26.08188,-17.513653,-24.091318,-26.031256,-31.085417,-25.432322,-26.771564,-29.176193,-29.510666,-26.304289,-30.266708,-27.475714,-25.149134,-28.80994,-29.402542,-21.35336,-30.247078,-28.032637,-43.795963,-21.085033,-24.858994,-26.789343,-28.569538,-27.409237,-27.26515,-28.50686,-29.31902,-26.953226,-32.699318,-28.845226,-26.643705,-26.015486,-30.755306,-26.801918,-24.324032,-24.71675,-26.90438,-29.41439,-29.976269,-22.931477,-32.36408,-31.839905,-22.686382,-29.385626,-33.225792,-28.880732,-30.138062,-28.538267,-23.612043,-28.282167,-25.245502
-23.049614,-34.069782,-32.604042,-28.426102,-21.52588,-27.98488,-20.101395,-22.36826,-23.337301,-32.7798,-28.069172,-25.811111,-26.682354,-26.241745,-27.070219,-25.159077,-30.508045,-20.777882,-25.926697,-26.33852,-19.022522,-22.792622,-22.67769,-43.341,-23.338978,-27.830338,-24.420906,-22.105434,-21.06953,-29.708525,-27.050997,-28.267775,-27.288723,-24.364899,-28.349184,-28.869656,-26.076878,-23.148481,-30.34329,-26.481314,-28.16878,-27.109926,-27.952425,-29.032206,-29.413338,-26.551693,-31.197159,-25.363663,-22.4468,-30.691118,-27.46534,-34.134815,-28.77657,-26.245125,-25.525818,-23.67641
-21.48462,-32.980022,-29.79781,-27.59521,-27.107174,-26.830492,-29.635302,-23.813217,-24.683779,-30.528408,-27.87919,-22.370773,-23.463507,-32.368347,-30.066906,-26.800278,-33.221325,-24.097883,-26.457739,-26.35007,-23.317087,-20.407616,-23.498611,-43.247612,-28.566734,-33.133736,-28.673836,-18.303083,-23.465466,-26.297903,-26.774832,-23.521816,-25.781542,-24.56383,-31.714882,-24.938765,-27.148682,-23.835938,-23.445059,-33.75329,-27.449013,-28.339346,-30.868652,-24.12733,-28.835106,-22.98298,-34.661396,-29.697481,-21.989492,-23.819534,-30.43515,-31.076872,-25.1855,-22.686092,-26.132113,-22.76265
-24.843481,-32.926495,-32.582886,-29.11718,-32.49041,-30.74102,-28.60866,-24.955654,-26.554493,-28.484816,-26.729187,-24.565054,-27.172157,-36.436623,-24.23013,-24.84712,-28.441494,-29.162167,-25.845978,-29.697756,-28.251982,-24.140959,-23.82595,-43.98741,-27.002901,-31.663853,-29.759315,-23.204205,-28.463367,-24.902813,-25.361032,-23.33473,-28.489271,-29.847042,-28.562737,-22.731071,-26.208933,-25.891714,-23.423845,-30.744114,-24.535496,-33.10701,-23.1803,-25.829033,-29.20974,-28.121346,-26.202354,-26.745298,-24.982016,-26.484938,-32.018387,-24.51775,-24.923033,-28.012604,-25.279585,-22.121075
-25.735867,-30.936413,-34.00445,-30.531004,-26.577633,-31.106833,-26.524359,-26.48493,-29.32281,-29.623344,-25.017244,-29.791542,-24.192196,-30.121029,-22.816349,-24.600483,-26.972233,-27.62177,-21.340498,-30.650032,-30.616257,-30.757309,-26.389502,-44.790787,-25.459429,-27.778973,-23.258627,-32.073547,-27.398281,-26.051765,-22.02536,-25.021929,-30.392271,-29.485556,-28.746529,-22.416172,-25.529158,-25.562546,-24.846333,-25.887365,-21.91354,-26.958921,-21.384773,-26.56435,-29.181276,-30.200981,-21.709282,-25.05773,-26.318737,-26.41812,-34.002674,-25.875248,-25.414682,-38.79528,-22.07576,-24.001997
-28.526575,-25.061266,-31.184189,-31.320509,-23.132656,-28.51817,-27.304333,-28.381542,-22.842354,-25.5408,-21.840065,-43.091686,-26.039532,-25.152187,-24.477877,-28.66232,-24.304882,-25.588858,-24.268206,-31.639122,-28.118687,-30.979107,-22.261404,-44.413948,-22.647272,-28.028645,-20.599323,-31.376808,-30.781284,-27.066666,-24.677156,-30.582367,-30.75017,-23.636587,-30.207527,-23.637218,-26.21239,-27.776949,-22.927336,-25.143375,-24.349747,-24.642797,-25.807674,-28.943378,-29.212147,-33.95697,-23.885017,-29.633327,-30.604906,-31.279846,-33.31167,-31.760044,-26.466816,-30.043564,-24.421158,-21.022198
-31.634777,-20.790415,-30.056923,-24.72491,-22.614708,-27.029049,-26.058573,-24.249506,-22.644152,-23.656183,-25.824324,-35.253372,-32.19806,-26.508808,-26.165102,-27.473894,-22.298542,-25.955276,-27.02896,-26.0453,-30.010014,-28.65019,-25.09996,-42.365784,-21.939291,-31.256048,-21.630247,-27.056574,-31.17049,-23.191109,-27.426111,-28.363554,-26.757471,-27.912123,-30.86686,-27.859688,-28.065914,-32.592255,-27.341957,-23.480623,-31.59607,-23.022196,-24.901293,-24.40445,-25.27722,-30.550838,-26.625908,-26.16801,-31.70711,-30.554295,-27.216345,-30.846636,-28.59747,-28.66678,-20.556679,-22.590435
-32.622456,-26.608845,-26.066095,-27.638607,-25.01125,-26.432508,-26.774126,-22.673622,-29.583527,-26.261871,-28.397621,-31.397625,-27.15811,-30.553703,-29.858372,-25.301815,-23.371513,-28.661694,-26.001429,-34.040344,-34.094597,-31.81722,-24.561537,-40.193325,-20.014301,-24.099138,-31.142097,-31.563522,-27.713524,-23.902401,-28.12032,-25.655832,-23.974174,-30.057861,-31.289799,-31.109043,-29.151058,-21.955635,-24.361107,-31.584122,-27.305544,-24.798386,-26.752499,-28.692926,-26.009665,-35.559906,-28.845432,-23.967672,-32.706253,-21.991627,-24.507795,-27.564037,-27.20418,-30.188925,-18.421879,-23.194235
-36.032562,-26.604263,-27.256178,-29.859745,-19.948502,-24.933239,-23.549908,-23.141459,-26.278988,-28.333973,-25.503016,-27.574806,-25.388723,-31.664787,-28.775715,-23.94351,-27.086578,-26.646727,-28.293394,-28.55461,-28.545471,-24.117682,-25.601349,-39.402687,-20.833992,-20.35678,-30.434105,-32.897144,-28.840069,-25.020367,-31.956688,-27.907112,-27.392744,-31.976536,-25.347979,-28.044352,-26.280502,-22.195808,-24.45288,-27.689384,-22.491156,-24.377062,-25.731266,-30.221016,-25.080965,-27.723299,-30.729332,-23.879568,-27.337107,-21.724005,-24.019041,-32.098473,-29.412476,-35.27171,-23.118185,-24.211369
-30.278286,-24.08024,-26.173353,-30.51406,-24.26988,-28.873724,-27.251274,-22.060606,-21.640955,-25.063705,-28.980953,-30.070164,-23.240162,-30.92246,-27.556427,-21.142336,-23.46837,-25.618763,-25.699255,-24.611212,-26.070997,-24.226528,-25.181864,-40.140106,-26.44296,-21.5298,-28.819738,-29.713398,-29.241728,-24.223183,-28.87972,-29.576414,-32.974983,-27.978704,-24.565067,-25.10074,-25.054659,-30.147991,-21.369066,-25.822088,-25.665485,-27.84442,-24.318275,-32.322174,-28.959045,-27.793074,-28.804136,-26.746712,-23.788076,-25.379032,-23.087347,-24.274315,-28.25523,-31.154554,-27.038513,-31.259098
-33.28692,-22.712551,-27.444723,-27.535055,-27.4511,-21.589518,-26.601114,-25.213242,-21.773005,-20.554436,-24.732662,-24.575586,-26.301804,-26.871464,-23.48255,-22.283913,-28.323593,-24.499678,-22.064009,-30.69935,-31.539843,-29.027428,-25.44705,-42.47503,-29.07287,-23.762806,-29.484413,-25.323177,-28.58064,-29.453646,-29.424881,-29.033215,-29.623306,-28.723686,-30.851206,-25.581888,-24.655172,-26.055996,-25.220379,-23.354864,-24.876057,-26.492556,-24.924562,-28.808065,-30.81158,-30.539984,-23.110756,-24.61962,-24.814327,-23.080145,-25.413399,-27.26873,-25.5374,-27.666636,-29.216309,-32.23018
-35.71135,-28.232086,-25.474596,-29.53363,-28.58219,-21.679413,-26.381037,-26.035654,-24.288157,-17.290943,-23.488052,-23.349854,-25.581226,-24.489721,-21.026611,-21.220371,-31.780598,-24.905193,-23.133053,-30.505102,-26.03106,-30.29234,-23.28913,-46.411713,-26.502123,-27.654156,-23.872,-26.159887,-27.77478,-32.885544,-27.534397,-29.759808,-28.45609,-30.657682,-27.188969,-30.379047,-23.851273,-24.742165,-27.561253,-22.329899,-30.33398,-25.142279,-35.702164,-28.18212,-33.78797,-28.724197,-23.493586,-31.353378,-33.526375,-21.442009,-33.135742,-24.635038,-22.462294,-25.225344,-28.211365,-23.923317
-32.775322,-22.817554,-25.085688,-26.871908,-22.661818,-20.073503,-29.76316,-27.483177,-25.740969,-22.43744,-28.185602,-27.856503,-26.04727,-31.801666,-27.05047,-22.563046,-27.923183,-27.84791,-23.622602,-34.23325,-26.637234,-26.986263,-28.552937,-50.141792,-22.822926,-31.517166,-25.865356,-32.78323,-26.476753,-27.171234,-28.337145,-24.94243,-32.15084,-26.540445,-27.253002,-38.11918,-21.653753,-30.534523,-26.576797,-23.067888,-27.294775,-22.35569,-29.846703,-31.789047,-29.171478,-28.118801,-25.241001,-29.658531,-32.125065,-24.892702,-30.670769,-21.83281,-25.332306,-29.208942,-26.16704,-22.241558
-32.90643,-22.545374,-27.058477,-27.119177,-22.963808,-21.457796,-31.127558,-29.485847,-23.852821,-25.975195,-28.204344,-23.611877,-25.414076,-25.352127,-25.628748,-25.962965,-25.081429,-28.554905,-24.85067,-27.863205,-25.78374,-27.082787,-26.077183,-54.049797,-23.900549,-36.05137,-22.80531,-25.249704,-26.434767,-31.455322,-22.052925,-26.098326,-29.923376,-28.513033,-28.664454,-29.63249,-23.283537,-30.605402,-21.995653,-27.75223,-27.681988,-29.526466,-28.363169,-28.777863,-25.147907,-29.43215,-31.903519,-29.977215,-31.532595,-23.712473,-23.450933,-25.411999,-30.239567,-29.171494,-21.4644,-32.437298
-28.062414,-23.957043,-28.642355,-26.476873,-27.675592,-30.465254,-27.49306,-31.065788,-23.8995,-27.784706,-27.912434,-21.111479,-25.660786,-25.62326,-27.354282,-25.956524,-25.150707,-23.69439,-23.986149,-24.599947,-25.65626,-30.98442,-26.792913,-57.99675,-21.873213,-22.901459,-24.310806,-20.934525,-27.574175,-31.72459,-22.959402,-31.046963,-24.710836,-33.07386,-30.635178,-27.825224,-24.251196,-26.238913,-24.048765,-25.72144,-26.351875,-30.176773,-28.516323,-26.63708,-24.070112,-32.102646,-30.975863,-25.422438,-28.353107,-25.131586,-26.482998,-24.66669,-25.163288,-22.863821,-19.395874,-28.975874
-25.516893,-26.492353,-25.06362,-23.916395,-33.503006,-31.45119,-27.67971,-24.410692,-30.160772,-22.566168,-31.090967,-26.621529,-24.965473,-28.20095,-33.03393,-27.932266,-24.208736,-25.667534,-25.859371,-23.256517,-27.753994,-26.239346,-27.858301,-52.737617,-23.605404,-22.051798,-29.715717,-25.247581,-34.943287,-30.82646,-26.995173,-36.788,-22.582195,-27.806498,-27.481216,-26.060856,-28.774132,-24.197386,-25.08851,-27.948286,-22.508213,-25.682953,-25.67207,-26.850449,-22.99844,-26.729881,-24.059797,-27.397448,-25.394798,-28.4733,-28.488222,-29.132793,-26.202963,-24.498966,-23.040384,-26.316156
-27.890903,-26.40765,-23.26123,-26.316515,-33.37296,-27.773727,-28.075558,-22.61853,-24.827145,-24.70751,-30.615707,-30.936527,-25.33624,-27.058876,-31.47493,-24.77894,-24.733986,-27.033468,-28.97232,-29.224106,-31.885124,-25.20405,-25.967823,-49.886635,-28.35091,-24.353296,-28.103565,-29.105177,-30.97355,-29.382343,-32.028595,-27.32698,-23.963892,-28.418486,-23.83709,-28.066519,-26.498129,-26.664457,-25.793629,-22.25232,-29.530237,-24.429937,-26.819363,-25.12871,-22.461908,-24.365957,-21.338285,-23.978622,-30.338999,-27.469555,-29.435577,-27.063446,-31.426994,-34.770134,-24.751297,-22.32045
-28.285006,-25.09429,-29.524912,-29.255316,-32.3656,-29.543852,-27.109037,-21.236893,-23.916237,-28.89883,-27.676786,-32.48229,-26.873796,-26.950138,-30.20963,-27.574076,-27.88211,-32.317745,-27.830784,-27.21524,-28.722107,-20.557934,-23.638517,-50.548836,-27.57824,-23.718601,-34.06145,-27.070978,-33.62098,-30.281944,-28.889921,-22.7329,-24.023453,-29.06937,-25.711489,-29.333168,-28.748463,-25.00155,-24.95804,-19.092514,-30.969612,-25.210936,-29.01631,-26.148046,-26.964006,-26.233665,-25.203802,-23.616697,-29.531399,-31.266582,-27.672295,-28.853485,-24.804012,-31.293383,-23.38158,-21.962471
-29.351229,-27.063208,-24.59841,-29.416391,-24.356615,-25.220211,-27.036106,-21.836014,-25.797758,-28.434473,-25.293165,-31.508629,-26.123117,-24.924236,-29.861809,-30.834072,-31.883081,-22.378891,-26.122707,-26.228228,-28.881361,-25.660904,-23.695171,-52.746,-27.469053,-29.879139,-35.602318,-21.177454,-37.591213,-26.862951,-27.970118,-29.279392,-26.154913,-22.930792,-30.615072,-32.66712,-26.956406,-23.596298,-27.604382,-26.309896,-29.625813,-24.009607,-29.566824,-30.017227,-26.948137,-28.216442,-24.690647,-28.47438,-27.380001,-26.153107,-26.743057,-24.640612,-27.096125,-32.505856,-26.782356,-21.529123
-26.661161,-26.948772,-26.279072,-27.426443,-24.143364,-28.643265,-25.100378,-27.253986,-20.530455,-30.769253,-30.578144,-23.72208,-25.849293,-20.991543,-32.45696,-24.521643,-36.15012,-21.319475,-26.952934,-23.890568,-23.906507,-22.476463,-22.986935,-53.347275,-26.256756,-30.237476,-30.330332,-22.74094,-30.988874,-27.843195,-25.328842,-25.886518,-31.186165,-21.36321,-31.60703,-24.594793,-24.43321,-27.09146,-25.738214,-31.482426,-26.302242,-25.790834,-25.377264,-30.191406,-24.106037,-29.938354,-30.915497,-23.283222,-22.95472,-21.418194,-24.912725,-26.527632,-30.317144,-23.916378,-24.036741,-22.098867
-32.74126,-21.033598,-27.172167,-30.900757,-26.878527,-30.317255,-29.428696,-24.54749,-25.624277,-29.537731,-30.67519,-22.747267,-24.765387,-26.609243,-31.070412,-23.859892,-27.647182,-26.309488,-27.078152,-27.787899,-29.076262,-25.126192,-28.040575,-51.404068,-20.911629,-26.053053,-30.161148,-31.339832,-28.280207,-28.77047,-28.693924,-28.690624,-26.335976,-23.09135,-33.641888,-29.59128,-29.083344,-28.606518,-25.109978,-31.137285,-26.431614,-32.41024,-21.481304,-28.002802,-27.1836,-26.439539,-27.159729,-23.030243,-24.36884,-24.74217,-25.465012,-27.453348,-32.954323,-26.469358,-23.111876,-24.98842
-38.246483,-22.1051,-33.56343,-26.362524,-30.821844,-27.50987,-21.533627,-25.288145,-30.860142,-25.480064,-28.913189,-26.292414,-21.436008,-23.942476,-36.63013,-28.75733,-23.176685,-23.424444,-22.888433,-27.930191,-28.194237,-24.30888,-28.047909,-49.776657,-19.701782,-28.212803,-31.533417,-26.040743,-30.862387,-29.501942,-28.088882,-28.860783,-22.319588,-21.77571,-26.651941,-40.39027,-31.119068,-26.780148,-26.901358,-28.527122,-27.70281,-32.299637,-25.007679,-22.071995,-27.743893,-26.613426,-26.02823,-29.311516,-31.844873,-30.030228,-26.650175,-28.129137,-30.287735,-29.361984,-27.44409,-30.683708
-31.92581,-20.34781,-31.168562,-29.197676,-30.990723,-29.738935,-25.21754,-26.537954,-31.477139,-23.538307,-26.411776,-26.62537,-25.481653,-21.080122,-31.362667,-23.716293,-26.650976,-30.22515,-24.41318,-35.05455,-27.828905,-25.702473,-25.991594,-49.72559,-22.068499,-25.000961,-26.412413,-26.274206,-27.735966,-27.086287,-30.93785,-31.59576,-23.573135,-29.027836,-24.83866,-34.722916,-31.479826,-22.028934,-23.666899,-27.627588,-27.65596,-22.00351,-27.108429,-23.811663,-23.880705,-25.69934,-25.423548,-25.718262,-27.714098,-26.654343,-27.603764,-32.96814,-23.79049,-25.622133,-26.34183,-23.4555
-26.403921,-23.361698,-29.533607,-28.03127,-28.71612,-33.354164,-28.811476,-27.601536,-29.921238,-22.64795,-25.210142,-36.159233,-27.606043,-23.272516,-27.59503,-26.760443,-25.489876,-26.488806,-28.292263,-34.43965,-26.401907,-26.851244,-23.47665,-51.123024,-25.510387,-23.73494,-25.82798,-31.449299,-30.956936,-26.411615,-31.43018,-31.701345,-30.728504,-28.995945,-30.092266,-34.16182,-31.811584,-23.651682,-31.890987,-32.04564,-30.165672,-23.129585,-30.276115,-31.022415,-27.357914,-24.131004,-23.991638,-28.837626,-25.134604,-23.782633,-24.043674,-33.230824,-24.818539,-24.573898,-26.411669,-20.902437
-32.119484,-27.65242,-33.773315,-24.601988,-23.708893,-29.27915,-24.786003,-29.37722,-20.860804,-26.367268,-28.132088,-27.298378,-25.69109,-20.860641,-26.6838,-25.901009,-27.209217,-27.608921,-27.343279,-30.280693,-22.088482,-31.371098,-21.825157,-51.84629,-21.089256,-23.501537,-26.996054,-32.197502,-34.498863,-25.028963,-29.077206,-32.638767,-32.651764,-31.868595,-24.587044,-28.902803,-28.229034,-26.978727,-28.669123,-29.664171,-28.749722,-28.601025,-27.606243,-29.697823,-26.030851,-30.19104,-25.726418,-32.920563,-26.795511,-26.33289,-25.459196,-32.88612,-26.87793,-29.250027,-26.74901,-27.9121
-26.487503,-21.82866,-33.855637,-26.355474,-21.73222,-28.689798,-21.174843,-25.886452,-23.7343,-27.541468,-29.591902,-25.438728,-23.32702,-21.18882,-23.473564,-23.978382,-25.878391,-26.05571,-26.510235,-29.696348,-21.664295,-30.784054,-28.426054,-50.88842,-19.939615,-23.371422,-32.270382,-33.56174,-27.44131,-27.21709,-27.079931,-28.104069,-28.648758,-27.312199,-26.960754,-27.583225,-23.812096,-27.95924,-27.747402,-26.653809,-23.466951,-28.810133,-25.04606,-27.26045,-24.99643,-32.648804,-25.616152,-24.16702,-24.48239,-28.46321,-24.616228,-26.78294,-29.993355,-32.84681,-24.877928,-28.352839
-23.152836,-27.390448,-32.564644,-28.95556,-24.674307,-26.434801,-22.459902,-25.538364,-22.801216,-28.511421,-23.249315,-24.727652,-28.60521,-24.327806,-29.55858,-24.164398,-26.208843,-25.736496,-27.799297,-25.048836,-28.061468,-23.328936,-22.833836,-49.871796,-23.123552,-30.392387,-29.168415,-34.63641,-25.217741,-26.605516,-25.683243,-25.196884,-28.14458,-24.640682,-26.017134,-26.44779,-26.060244,-25.95276,-26.613491,-22.207903,-28.481243,-26.463936,-23.10521,-27.390276,-29.163712,-26.909992,-24.588242,-24.073772,-20.034462,-32.83454,-27.419247,-28.103579,-27.562572,-28.613913,-20.005007,-25.220566
-29.681671,-24.413078,-24.106152,-28.361689,-29.589657,-22.32888,-26.113956,-21.48389,-25.784441,-27.253819,-23.408237,-26.335176,-25.05099,-32.0398,-34.32111,-22.633291,-20.746204,-28.09733,-27.383968,-28.247578,-24.553669,-24.029137,-20.503357,-50.141975,-23.542767,-31.362335,-27.96199,-30.480684,-25.828617,-35.65062,-27.058826,-29.2878,-28.979721,-29.328634,-31.241928,-25.030401,-23.8603,-29.593348,-29.313469,-25.890245,-33.21926,-28.49424,-21.730522,-26.904135,-26.493002,-26.641306,-25.67766,-27.5833,-25.61079,-29.217175,-24.89679,-29.569212,-29.018337,-25.820303,-20.61132,-27.058268
-32.37027,-22.43802,-26.905632,-29.324306,-26.799536,-26.367588,-26.481712,-25.967066,-32.73291,-30.046,-29.11097,-24.478111,-29.183565,-28.427254,-30.01572,-28.436483,-26.058674,-25.680971,-34.571022,-22.132532,-24.695866,-24.004719,-29.53878,-51.066803,-25.124054,-29.636875,-29.320812,-29.84556,-22.945137,-25.931776,-26.44362,-27.093292,-27.451847,-30.265865,-25.82484,-24.738066,-24.294127,-29.161652,-23.651398,-26.820187,-30.530598,-27.189764,-25.451366,-24.349476,-33.18279,-29.176004,-25.666218,-25.38057,-25.286673,-25.778109,-27.190096,-27.266663,-27.137974,-30.58826,-22.737585,-25.193989
-30.7481,-28.360481,-27.22529,-27.141994,-24.948067,-27.67918,-29.333435,-27.356752,-27.112791,-32.010956,-29.013004,-25.827587,-27.963575,-27.633337,-27.447336,-25.235744,-25.729557,-24.434036,-32.68924,-25.66501,-27.92611,-26.429594,-24.68523,-51.622383,-28.670605,-25.119968,-30.85617,-24.699326,-27.009962,-24.40766,-27.321068,-27.662897,-26.229523,-25.961136,-23.938608,-29.648405,-28.52655,-24.81567,-25.134647,-26.106392,-28.009647,-24.913147,-24.795813,-27.006643,-33.14287,-27.373161,-25.735151,-28.031145,-27.002943,-26.842258,-28.273788,-28.34814,-27.974072,-30.941624,-21.554916,-30.30103
-26.688541,-22.156311,-30.204817,-25.46744,-24.487822,-28.010723,-27.609568,-24.81772,-23.166454,-22.528101,-25.398912,-21.11407,-26.670858,-34.698616,-27.750776,-22.02493,-22.952024,-30.135773,-29.517878,-25.812105,-31.782507,-21.775042,-23.463621,-50.644356,-29.366938,-24.584215,-26.516687,-24.848534,-26.290462,-27.932587,-25.866022,-24.511358,-26.708454,-29.86577,-29.218578,-25.548086,-23.822632,-26.45719,-27.526688,-25.766062,-27.096926,-30.078869,-26.456385,-25.775501,-28.662363,-27.537205,-25.599768,-30.003078,-26.8463,-30.098026,-26.939775,-27.156258,-23.973381,-30.111504,-22.656487,-26.509912
-29.263573,-21.187908,-31.351551,-26.369978,-22.74202,-23.294395,-24.592299,-21.7273,-24.106766,-22.480017,-23.331987,-25.454226,-24.1111,-25.621159,-28.939606,-21.648607,-27.829037,-27.414623,-29.598244,-24.288597,-27.597328,-22.663595,-31.1218,-50.187798,-27.681688,-29.987785,-26.412472,-23.446655,-25.816263,-26.178473,-28.795904,-23.966784,-21.429237,-25.681074,-26.59029,-31.422749,-25.18964,-25.381176,-28.205833,-24.113424,-26.255024,-35.32887,-27.993664,-25.851093,-28.149324,-23.944016,-22.343235,-28.105131,-28.484268,-27.737122,-24.477896,-29.110546,-25.150553,-27.624094,-26.789463,-30.86082
-29.873114,-27.007055,-26.960865,-26.205107,-28.43914,-24.014013,-20.451664,-23.594017,-29.490997,-26.58293,-30.279224,-27.71412,-26.992441,-21.335323,-29.160215,-25.29187,-27.850166,-25.377234,-28.710773,-27.000679,-29.881556,-23.24474,-28.844112,-50.821915,-28.63774,-31.991505,-22.24161,-23.146805,-33.59348,-23.875345,-30.704702,-28.400507,-24.446869,-25.184416,-22.21683,-30.365585,-28.35795,-27.076252,-27.337946,-24.685034,-24.548693,-37.485924,-23.793152,-25.137177,-31.011261,-23.080622,-24.20965,-23.122715,-28.950022,-29.987398,-32.829285,-31.752926,-25.387094,-23.191872,-28.221119,-23.468185
-30.157488,-31.100609,-26.84283,-24.373446,-23.780165,-23.317873,-23.620262,-22.04105,-27.571651,-28.54087,-26.45244,-27.357462,-27.483295,-24.345057,-27.037514,-25.992125,-25.644962,-22.467703,-26.628847,-23.439795,-30.794672,-25.115812,-28.325272,-51.688957,-25.048077,-26.786228,-25.76469,-31.136944,-29.798782,-28.381088,-28.595856,-28.652876,-28.027231,-31.980446,-30.087784,-28.00549,-28.421083,-28.713583,-25.267273,-26.224693,-26.103125,-26.6383,-20.087772,-26.67202,-28.14513,-24.009594,-26.825468,-23.038141,-29.38562,-26.855198,-34.745956,-26.996986,-22.828285,-24.336765,-27.37135,-25.974792
-30.052546,-28.4926,-31.774033,-26.778471,-21.798859,-26.22343,-28.210423,-25.955004,-23.848528,-25.893726,-23.057022,-23.517279,-21.221207,-24.378946,-20.73578,-24.443945,-24.422262,-29.07423,-28.782242,-22.042912,-24.666908,-30.715666,-24.369255,-51.268723,-29.48214,-22.002033,-28.48458,-26.114834,-33.071854,-34.475758,-27.827133,-23.509552,-25.106419,-26.768002,-32.617622,-28.50977,-29.56892,-25.341005,-24.469604,-24.1366,-24.7679,-26.27954,-24.507536,-22.69178,-29.275414,-31.660328,-25.506706,-26.996292,-25.363369,-26.40454,-32.2795,-25.05061,-29.459919,-22.633018,-26.582464,-27.423903
-26.398947,-25.110388,-25.134588,-26.288464,-27.009762,-20.689074,-27.607563,-27.494934,-25.551014,-21.192753,-24.674337,-20.338593,-26.06119,-26.348291,-21.382298,-30.373379,-30.649996,-25.665928,-24.687887,-28.255533,-23.201363,-23.058365,-24.174543,-50.695114,-27.34825,-23.876032,-28.560478,-30.783203,-31.77296,-28.97182,-28.782785,-24.87703,-29.01056,-24.346601,-27.418869,-28.256027,-29.31793,-29.403297,-25.870462,-26.04037,-27.06351,-23.397362,-30.486866,-24.224146,-28.7318,-34.211464,-26.237934,-32.015915,-25.339336,-28.562412,-29.49108,-22.371107,-26.483398,-24.46846,-28.906363,-30.149704
-25.63608,-22.624123,-29.046686,-27.246195,-21.22412,-25.951632,-28.91549,-27.273163,-25.291613,-25.245691,-25.303053,-29.933525,-25.486074,-27.861588,-29.472746,-21.804,-28.44502,-29.736254,-28.735798,-25.004871,-26.34192,-24.423872,-26.849258,-50.904465,-25.377571,-27.997322,-28.22887,-30.067677,-30.25668,-26.153881,-28.986286,-28.662613,-24.290989,-26.491402,-24.547539,-24.592382,-30.344292,-28.539879,-24.665775,-25.374748,-32.523277,-24.180542,-24.31372,-25.25114,-29.257418,-26.059368,-25.376986,-27.629145,-25.107958,-27.641214,-28.369144,-29.241188,-23.026045,-23.743107,-28.684212,-32.327427
-27.340801,-24.063519,-27.807907,-27.871887,-25.40514,-24.55853,-26.585403,-24.987038,-24.665354,-25.79068,-27.602905,-23.962284,-28.839758,-25.822966,-26.526804,-22.251179,-25.074265,-25.245832,-22.06051,-24.579115,-28.912481,-28.983656,-28.774237,-51.732018,-21.93797,-25.006313,-27.247515,-33.010063,-32.980797,-28.843182,-31.033422,-30.653677,-22.986513,-28.142183,-30.922905,-27.447342,-28.334698,-29.472727,-27.453184,-25.20607,-24.963354,-25.058128,-25.974056,-24.76758,-23.075928,-23.576565,-25.962324,-28.62581,-29.342678,-24.157118,-25.18139,-30.579128,-27.49903,-25.269886,-24.555386,-32.952854
-25.665085,-25.732857,-27.588179,-28.40971,-25.765444,-24.723341,-24.646507,-22.682302,-27.289322,-29.812424,-24.77494,-26.47016,-32.29858,-27.474531,-22.636702,-21.8366,-25.201418,-21.209492,-24.327723,-27.79895,-26.987429,-28.347853,-24.891714,-51.844696,-22.662872,-27.943966,-27.4671,-29.567158,-30.089048,-31.184624,-27.837904,-27.88554,-25.414862,-30.836294,-29.72776,-28.558153,-28.689028,-25.324577,-28.533127,-33.168438,-25.681856,-25.817154,-23.868946,-27.653873,-22.727552,-31.108313,-25.945892,-30.803474,-29.080667,-25.909128,-26.380121,-25.665144,-30.201134,-26.667002,-23.444849,-24.95109
-26.238384,-24.030365,-24.554354,-31.014008,-24.614702,-32.384254,-27.210548,-28.391914,-26.436861,-29.863163,-21.571451,-28.97616,-32.949707,-26.010437,-28.086952,-22.588722,-25.681107,-27.338913,-24.14984,-27.230291,-25.709929,-25.943695,-29.787373,-51.154793,-21.691229,-25.709158,-26.205002,-32.214165,-31.446762,-27.21882,-27.806185,-22.958778,-26.983072,-30.61844,-28.32074,-27.474033,-30.442064,-23.570345,-26.172628,-23.777998,-24.517061,-22.51973,-25.785849,-25.98953,-26.829432,-25.806116,-27.27327,-22.687681,-28.262377,-22.738132,-29.635496,-28.018734,-25.644981,-24.32964,-23.961502,-22.492464
-31.237074,-24.476536,-26.466808,-29.662733,-29.451162,-27.594187,-28.24465,-28.692503,-23.128237,-30.450264,-25.200077,-20.099438,-32.231133,-29.071602,-28.570738,-23.045153,-25.126635,-36.447357,-22.942286,-25.881336,-27.276085,-26.709518,-29.669262,-51.252533,-26.123632,-22.072578,-28.145964,-28.810902,-33.111034,-24.725616,-30.865616,-28.285873,-25.55153,-26.220623,-26.569675,-25.560995,-32.780815,-23.399437,-24.759981,-21.700144,-26.65549,-23.243174,-29.462297,-34.29318,-30.392786,-22.313084,-24.625956,-23.11437,-27.259556,-28.06182,-31.208755,-29.820536,-22.033087,-25.527718,-29.3345,-25.235138
-27.400705,-23.111818,-27.8926,-27.258211,-23.491472,-27.313482,-29.081003,-25.760912,-24.666782,-28.151096,-21.365488,-23.2319,-26.75663,-24.684431,-27.217106,-26.10397,-24.309477,-29.148407,-26.817099,-22.301449,-29.016666,-21.89727,-28.066547,-52.02968,-23.763851,-22.229727,-27.498394,-23.318321,-32.422306,-26.967451,-27.876595,-25.418674,-24.916626,-27.199154,-33.27595,-25.826166,-29.526123,-26.456238,-23.423317,-27.54187,-28.790691,-28.512968,-28.988548,-28.320621,-28.4561,-30.79771,-27.221895,-28.675304,-28.906353,-25.813646,-30.47286,-28.295193,-25.667877,-23.089664,-28.869907,-25.650703
-28.951677,-23.225027,-29.064924,-24.0032,-25.321804,-26.686432,-28.830818,-24.271687,-28.07505,-26.402088,-20.664307,-22.289207,-24.992031,-21.600555,-25.365316,-29.923397,-19.729324,-22.763275,-29.898907,-22.739872,-29.900433,-23.886824,-25.542086,-52.133274,-19.802593,-26.131569,-25.91645,-22.857817,-29.959831,-26.072037,-24.901865,-24.173895,-28.915798,-26.101011,-33.746292,-27.495869,-28.37811,-30.532684,-23.65166,-28.103054,-29.580193,-26.21445,-30.15205,-26.597767,-25.629154,-25.027351,-27.7466,-28.838007,-32.381813,-28.473743,-28.109116,-31.22998,-23.824873,-24.309626,-23.900454,-26.803381
-27.769236,-28.91074,-22.802425,-27.231525,-23.940287,-24.59951,-27.770779,-22.803333,-31.184566,-26.718723,-20.565092,-24.429089,-20.62217,-24.345592,-31.316727,-25.491104,-23.016094,-26.265549,-26.161512,-25.871834,-25.619602,-23.771065,-27.200708,-51.655945,-23.906591,-25.407555,-21.36153,-26.00234,-24.511591,-24.459398,-25.409807,-27.489468,-32.1987,-29.557518,-30.966324,-29.001915,-28.499786,-24.480814,-26.446268,-28.666529,-25.943188,-27.657364,-27.234997,-31.863407,-22.461517,-26.664377,-24.54943,-23.213335,-28.559717,-33.970398,-28.01278,-31.561087,-23.997358,-25.406483,-22.957699,-29.594715
-25.96409,-28.857742,-24.619726,-24.76682,-25.360506,-27.840418,-29.4726,-24.51004,-27.265732,-28.470333,-22.189484,-25.434557,-22.455833,-27.033249,-30.365162,-22.805056,-27.179253,-29.870245,-30.744308,-22.26293,-24.000198,-20.16737,-23.622068,-51.684174,-24.92551,-28.852987,-27.189547,-26.901785,-26.551289,-23.547688,-28.594719,-24.692251,-36.303722,-30.023987,-29.445477,-26.223864,-30.126255,-25.38806,-25.883831,-23.95538,-26.407207,-25.623247,-25.085608,-31.204536,-27.149794,-24.383684,-25.537685,-22.60362,-22.71659,-29.88893,-25.324295,-25.734434,-23.284573,-24.382387,-28.061144,-31.097885
-19.9901,-25.821377,-26.25126,-28.656431,-25.937784,-26.277151,-26.80492,-23.175644,-28.750357,-28.072996,-29.50542,-26.03263,-23.112295,-24.962463,-27.108313,-23.86387,-25.651081,-23.980227,-28.771572,-27.449402,-23.606358,-22.881487,-21.594206,-52.439857,-23.245598,-26.1579,-31.570723,-27.98628,-23.614048,-25.21907,-27.951847,-25.287058,-29.608027,-31.302391,-32.630558,-26.733074,-28.330885,-25.995565,-24.415491,-21.488148,-28.150976,-26.185474,-26.39158,-27.084843,-24.943466,-23.946524,-26.632748,-27.628448,-25.548647,-27.131338,-27.514215,-26.116367,-23.990313,-26.551636,-24.085926,-26.808044
-24.688437,-24.248306,-30.31649,-32.59999,-27.122032,-27.410336,-27.531778,-26.83308,-26.264437,-28.834934,-24.343712,-25.473114,-24.170094,-28.226711,-26.904957,-27.06922,-28.105396,-21.368746,-26.523163,-26.919018,-20.475945,-24.493212,-21.432434,-52.49426,-21.27554,-21.598087,-30.50594,-23.657295,-25.415752,-25.963951,-28.838415,-25.501207,-24.197077,-33.175343,-31.443031,-27.60777,-26.344097,-29.026834,-25.472973,-25.762259,-26.962624,-25.251968,-24.948013,-22.468021,-24.840258,-24.576283,-24.26711,-26.881405,-28.33998,-21.001331,-22.29601,-29.320538,-28.667263,-27.87621,-23.650429,-22.965548
-25.427622,-26.174067,-23.556738,-28.16829,-26.325052,-29.32632,-24.536861,-29.52811,-29.159143,-25.020447,-21.778103,-29.504116,-24.837233,-23.212618,-25.256666,-27.663807,-25.984112,-21.833378,-29.18522,-24.4008,-26.336836,-25.718027,-26.932339,-51.935226,-22.43108,-24.486952,-25.768978,-27.27771,-27.364704,-26.260633,-28.033785,-24.41452,-28.678625,-30.8957,-28.816154,-27.023815,-30.174694,-25.521902,-29.950583,-26.270725,-25.367361,-27.98851,-29.694756,-25.578186,-30.643078,-25.39471,-26.507078,-28.11934,-31.738699,-26.056019,-22.355473,-28.313675,-25.196623,-22.946766,-27.678787,-21.208988
-28.691723,-22.626892,-22.557085,-28.534767,-21.577433,-31.093792,-28.186039,-28.441248,-33.722683,-25.564178,-24.428467,-32.79568,-26.495932,-22.153831,-27.216211,-25.065838,-25.231241,-26.440723,-30.366472,-25.315182,-24.190737,-27.904419,-26.27844,-52.360336,-25.967268,-25.048428,-26.105421,-32.622597,-31.50614,-26.506231,-25.400318,-29.919529,-29.949175,-24.912071,-25.91495,-27.623264,-29.949757,-26.238903,-31.517569,-24.514456,-28.799934,-27.00663,-28.674492,-25.626425,-26.892225,-22.868647,-27.46332,-26.530508,-27.496864,-27.121904,-30.061792,-29.26018,-21.475517,-26.176502,-25.726868,-25.37208
-30.96611,-22.89999,-29.78703,-25.551342,-26.626163,-25.86426,-27.333202,-28.195967,-32.446255,-23.348038,-26.956766,-25.684816,-24.175995,-22.937084,-28.205416,-24.202053,-22.330885,-25.317205,-27.441774,-32.010414,-26.98793,-27.704012,-23.289085,-52.947037,-22.796936,-22.16791,-29.244154,-31.361279,-32.280018,-26.205664,-24.202545,-27.713953,-27.400686,-22.29827,-29.631948,-26.260057,-26.99712,-28.814817,-31.073053,-26.207403,-29.824688,-22.61388,-25.725048,-24.257412,-27.029696,-23.410303,-29.196966,-24.946966,-29.47652,-31.272163,-23.789335,-24.989935,-25.395168,-24.787905,-24.882147,-23.94242
-30.587002,-30.61364,-28.745846,-25.368008,-23.618309,-24.699167,-25.326996,-26.444174,-25.577652,-23.195765,-22.611368,-22.71416,-21.52639,-26.229275,-26.287659,-23.581936,-23.55333,-27.529339,-26.550795,-26.448622,-28.457481,-24.166838,-22.693611,-52.66208,-22.707888,-23.435448,-31.642796,-26.968365,-29.933075,-26.837238,-25.621208,-31.603098,-25.725828,-23.750074,-28.399645,-24.557512,-34.21373,-22.437723,-25.527235,-23.752377,-23.28028,-22.523129,-29.15966,-30.053003,-22.655865,-26.061836,-30.736364,-25.885685,-28.5351,-30.855434,-26.685673,-29.283634,-26.194735,-26.35021,-25.49842,-27.327518
-39.021763,-28.1703,-24.253036,-21.58263,-21.701408,-25.598072,-28.222425,-24.213709,-25.592146,-21.413425,-23.115108,-26.321915,-24.605776,-21.925106,-30.056572,-23.32194,-22.69187,-25.5506,-26.562267,-23.68609,-31.826765,-26.879368,-22.800722,-52.375023,-25.800503,-28.026245,-29.209373,-25.88227,-26.5335,-26.052189,-28.011913,-30.249378,-25.020638,-22.824154,-33.181038,-25.94503,-30.48825,-27.617466,-27.155832,-28.122385,-23.429306,-26.618578,-31.507366,-30.427364,-20.727013,-25.370518,-29.32337,-25.634079,-24.497974,-26.179476,-23.924694,-26.066904,-30.861383,-27.410103,-24.00905,-28.917673
-35.989548,-25.753277,-26.35543,-21.926409,-26.174868,-27.343046,-25.487526,-23.595577,-25.885977,-22.915812,-28.828917,-30.629498,-25.1519,-24.31558,-29.871902,-24.315077,-24.669949,-23.674675,-29.053028,-28.11084,-27.70054,-24.204716,-24.748775,-53.155785,-25.674725,-31.47953,-26.854298,-28.230877,-23.300537,-27.283474,-30.86546,-23.416006,-23.497871,-21.444468,-30.006277,-29.448372,-30.714622,-26.516758,-26.75322,-26.53276,-25.25895,-21.881065,-25.521324,-27.132137,-25.84379,-22.227352,-29.486347,-23.858347,-22.406065,-25.677683,-25.59719,-27.73883,-25.892012,-26.091259,-23.67059,-28.509396
-33.38807,-22.988712,-27.459242,-26.254234,-27.963589,-24.215216,-27.160894,-22.848848,-26.45304,-24.930113,-29.919706,-26.160051,-23.638027,-23.872833,-27.545937,-25.688566,-20.52995,-28.431406,-24.009947,-25.78851,-22.891068,-28.327883,-23.526882,-53.288605,-23.354107,-26.502707,-28.505314,-28.42641,-28.189278,-30.195024,-27.098833,-26.410711,-31.011827,-22.556284,-27.43711,-25.889015,-25.86483,-21.927288,-31.914404,-26.407608,-26.996265,-21.529812,-27.4084,-26.460495,-28.148697,-20.23513,-25.87659,-23.859373,-22.710443,-22.608791,-30.28195,-26.459951,-25.271246,-26.667818,-22.50186,-28.979347
-28.185528,-20.453201,-25.88435,-25.993473,-28.333323,-20.713238,-27.254887,-27.395712,-29.741024,-28.746164,-28.750954,-26.590605,-28.969639,-22.838846,-26.435322,-25.749317,-23.90716,-23.786407,-22.854395,-26.570068,-26.03445,-27.659672,-26.682703,-52.797127,-25.246233,-29.011124,-30.395819,-30.833393,-26.141117,-29.34343,-28.596638,-26.316135,-26.16462,-26.697412,-25.692509,-24.06419,-21.812542,-28.50151,-26.808212,-23.993065,-27.73396,-26.10906,-29.539211,-23.899664,-31.985353,-23.651625,-24.097939,-27.706627,-25.909735,-23.379349,-27.231787,-22.82205,-29.748072,-27.434551,-26.31107,-27.256992
-29.256992,-20.939922,-23.159452,-25.833923,-27.451353,-29.404348,-25.09116,-25.324068,-30.600481,-24.100433,-28.578835,-27.630724,-22.253962,-24.017948,-33.333565,-27.141237,-27.566076,-26.525639,-29.457838,-21.680193,-31.138388,-24.748232,-26.554674,-53.158592,-23.938831,-28.527037,-29.787256,-30.498713,-27.692556,-28.643373,-29.773994,-29.935968,-31.323729,-26.984959,-25.213104,-25.441507,-23.448635,-27.601933,-27.83974,-22.095556,-32.247375,-24.219156,-29.218353,-22.351648,-29.876463,-26.219538,-22.275105,-28.535694,-21.874657,-32.306046,-29.668406,-21.321459,-31.78443,-24.595684,-24.10056,-28.995539
-27.515263,-23.300344,-24.640512,-23.329891,-25.059694,-28.29181,-23.658741,-24.80817,-30.761026,-23.338764,-27.146465,-26.549894,-20.41122,-25.590899,-25.29915,-26.12086,-22.06416,-25.12819,-28.039124,-25.0069,-30.73062,-24.815872,-29.96996,-53.834953,-23.803516,-28.371685,-29.064634,-27.874657,-25.86418,-30.321846,-23.725632,-27.86028,-32.43448,-26.92804,-23.13083,-23.798258,-26.789415,-30.384607,-29.219217,-26.272575,-25.06637,-26.41041,-26.679445,-22.116796,-27.865662,-24.206778,-23.038464,-26.247162,-24.266226,-29.551308,-25.924574,-28.043674,-26.727474,-21.875727,-26.42732,-23.382475
-25.209646,-26.829416,-30.585728,-22.157406,-24.16117,-26.789389,-23.49873,-22.26115,-29.681358,-24.77663,-25.407244,-26.142414,-25.558481,-22.848007,-26.75235,-25.858288,-23.80891,-26.195276,-29.50429,-28.488693,-28.987143,-25.003675,-23.996395,-53.31669,-22.921911,-29.777895,-25.918606,-26.74416,-28.853956,-28.512611,-26.364483,-25.582466,-25.14579,-24.05825,-28.295597,-25.747578,-25.570982,-25.63801,-25.51049,-26.962605,-24.500336,-23.69097,-26.282785,-26.012667,-29.15308,-29.161798,-27.922293,-25.102144,-25.541084,-27.03284,-28.279247,-27.657598,-26.504929,-23.925468,-26.715765,-20.73049
-24.417118,-25.571232,-27.61196,-28.774708,-20.955105,-27.647154,-27.198448,-21.294746,-25.04514,-23.496235,-27.750864,-22.423658,-24.968454,-24.485106,-24.360178,-27.261042,-24.263428,-24.55715,-27.97673,-28.08,-24.353886,-24.954756,-23.994436,-53.305634,-26.346712,-30.241356,-24.643759,-25.766802,-25.73333,-25.300077,-26.781647,-22.215378,-25.110376,-25.150211,-24.999155,-22.855227,-25.082531,-25.632988,-26.512499,-23.802929,-26.977291,-27.455574,-27.929598,-23.69417,-23.219696,-24.016941,-29.688183,-24.417404,-26.4337,-24.474329,-27.978107,-24.271145,-25.881596,-27.80525,-30.68981,-20.887173
-27.157341,-30.694712,-23.101116,-26.531242,-26.076813,-24.283419,-27.960209,-23.845045,-25.533094,-23.354786,-28.19962,-31.26493,-26.601036,-30.085459,-24.81051,-26.299881,-25.934568,-23.225956,-23.208372,-30.01943,-19.72411,-25.249462,-24.418615,-54.168633,-24.753704,-28.39996,-28.07782,-28.65753,-23.956972,-26.015099,-35.093143,-24.919662,-24.488012,-26.462559,-24.905045,-27.262436,-23.12464,-26.226213,-29.897066,-23.353828,-25.040052,-26.0,-30.501186,-22.058395,-23.60973,-23.654568,-25.990381,-25.128908,-29.543188,-24.76097,-29.51082,-25.386953,-26.716377,-23.654575,-27.837534,-23.239471
-24.417166,-28.75642,-25.944496,-27.155409,-28.392431,-23.775845,-28.261349,-23.933378,-27.815575,-22.797228,-24.7325,-29.078014,-24.81164,-26.50254,-26.208162,-26.644606,-30.331554,-21.77596,-21.052063,-25.079018,-20.024845,-21.36694,-24.883255,-53.87393,-27.2814,-28.488913,-29.68044,-26.301977,-27.787512,-26.90018,-33.84817,-24.457417,-22.213512,-25.444637,-27.65125,-29.942743,-29.811922,-25.164623,-23.897245,-26.525179,-23.647175,-24.324177,-29.734653,-23.877645,-26.1614,-25.18764,-23.052298,-29.274944,-27.023685,-23.309021,-27.051882,-26.870506,-24.924408,-24.698158,-23.0732,-24.263496
-26.60719,-25.545156,-25.056774,-26.777746,-27.946993,-26.359953,-24.582523,-22.935131,-23.715645,-27.467306,-27.915625,-25.081902,-26.819141,-28.04839,-29.881857,-29.13102,-25.584036,-26.049587,-23.787731,-21.216473,-23.494328,-26.686682,-26.280691,-53.639313,-27.161034,-30.146933,-27.454145,-25.239767,-30.192219,-27.365873,-32.42811,-25.416815,-24.261826,-26.75545,-26.238256,-29.306747,-32.133522,-28.833853,-25.17404,-28.34624,-23.193058,-26.319206,-26.774393,-27.230093,-28.304487,-25.316734,-26.209587,-27.033447,-27.971537,-24.676682,-25.025103,-25.311459,-22.857273,-26.93413,-22.972633,-23.722868
-31.571232,-20.384129,-26.83917,-24.854912,-25.460503,-27.016321,-26.158337,-24.434483,-23.23185,-30.197441,-25.264278,-27.175621,-27.326736,-24.949364,-31.175661,-33.6364,-23.348087,-27.018381,-24.518387,-26.441563,-27.31291,-22.760569,-28.574245,-54.456985,-26.65918,-22.667322,-26.644194,-27.743572,-25.120613,-28.301943,-26.902294,-23.782057,-27.163626,-29.336246,-29.336283,-29.599648,-28.47326,-28.1679,-22.95818,-24.934269,-28.31313,-25.610905,-25.734175,-27.917135,-25.257223,-23.201868,-27.571909,-23.214191,-30.113512,-26.416159,-30.438028,-22.79455,-27.707752,-25.930038,-22.769035,-21.932552
-26.35759,-23.11629,-28.713612,-24.102661,-25.386541,-27.623106,-26.775553,-25.539125,-22.74509,-29.257172,-25.815834,-24.08693,-25.563433,-26.170706,-20.54854,-29.956963,-23.907585,-25.286112,-27.396889,-28.870928,-24.433498,-25.305708,-28.52926,-54.306038,-26.367239,-24.090847,-26.870241,-26.666746,-29.8788,-26.751465,-29.51682,-24.94425,-30.414757,-27.025238,-31.935555,-29.210428,-28.044235,-25.054699,-24.20317,-24.854738,-26.58664,-27.634066,-23.950928,-28.630615,-24.958344,-24.067593,-22.889008,-24.120808,-29.446312,-28.6809,-29.594604,-21.955952,-23.44136,-22.461124,-24.464796,-27.720907
-24.427164,-28.336319,-25.058657,-30.79329,-25.040483,-26.707335,-26.238234,-23.227497,-26.232895,-26.482956,-27.354712,-28.029285,-25.04863,-23.062841,-23.364407,-27.867683,-27.242887,-26.121264,-27.103392,-28.897636,-26.13477,-30.204561,-22.827478,-54.081116,-28.774391,-27.793772,-27.635044,-26.611753,-29.219582,-26.128086,-26.0647,-28.741869,-26.755562,-23.049759,-28.770105,-31.910652,-28.902159,-24.98346,-29.62921,-26.197279,-26.918398,-28.64455,-28.983887,-23.45154,-27.086304,-25.801418,-26.248951,-21.776527,-28.50338,-25.907866,-24.710344,-26.34437,-26.411446,-26.479607,-28.338285,-26.906322
-26.128214,-30.150482,-27.739983,-23.512936,-21.870201,-26.820463,-23.945578,-24.363342,-25.107979,-25.306026,-25.274525,-27.410421,-23.2271,-22.103577,-27.466259,-26.36128,-23.984283,-21.823124,-30.950668,-28.613775,-27.749542,-26.913103,-21.125017,-54.839554,-24.40933,-26.260118,-32.196472,-29.057005,-27.542727,-28.093403,-26.839655,-28.209774,-27.186926,-22.552002,-30.788382,-25.406301,-29.259922,-26.55656,-31.442955,-23.82468,-25.8957,-26.26244,-28.63147,-26.227802,-28.590618,-28.728989,-23.342543,-24.271254,-24.727709,-24.133875,-22.968449,-26.961731,-22.81589,-26.985212,-25.04616,-22.947853
-28.008059,-28.523762,-26.28741,-24.167042,-26.203789,-23.067383,-26.914055,-26.47355,-26.64155,-26.947258,-29.844677,-25.816814,-25.255625,-26.880651,-25.187222,-23.265198,-23.31138,-22.940514,-26.739769,-28.704872,-28.718864,-25.455734,-26.977634,-54.625633,-26.567324,-27.418337,-31.249592,-24.461782,-28.254822,-29.288729,-31.891493,-26.542543,-25.637518,-21.81358,-30.161686,-26.22786,-26.429783,-24.51507,-24.65858,-23.658428,-25.434557,-24.513847,-33.061794,-27.914188,-23.196909,-28.173435,-23.511208,-27.626421,-23.755695,-26.705235,-23.747093,-29.972057,-23.056755,-26.06294,-27.357973,-22.893589
-31.227829,-24.751026,-26.015848,-30.573788,-32.078476,-22.38504,-22.25128,-28.065594,-23.92256,-30.554558,-25.151304,-26.96721,-28.419535,-29.426865,-25.115885,-25.416838,-28.013992,-23.399887,-27.261332,-29.050333,-27.971552,-20.753935,-27.626099,-54.508316,-24.825085,-25.18726,-25.6705,-26.042196,-26.120586,-23.166023,-27.832289,-26.501888,-23.015211,-23.808846,-23.619246,-25.34889,-24.314268,-25.634434,-23.280102,-25.717087,-24.776953,-26.208027,-28.257786,-26.29411,-22.43399,-27.515633,-22.365128,-24.190891,-27.620192,-31.141626,-27.886436,-26.591925,-26.496078,-23.760931,-24.40831,-25.321867
-27.770723,-27.056198,-25.393738,-33.563446,-29.587381,-23.759022,-23.284288,-27.663828,-22.308712,-25.742224,-24.979177,-24.468401,-29.853416,-28.7927,-25.345089,-25.452585,-24.308844,-23.793285,-26.94919,-23.068607,-29.659681,-23.119019,-24.622252,-55.284065,-23.222576,-23.128036,-27.524832,-28.72292,-26.036774,-24.519981,-26.497766,-25.489084,-24.932407,-25.098648,-29.111938,-26.766756,-24.287636,-29.781118,-25.26162,-26.27286,-29.94033,-30.529987,-25.7255,-28.67386,-26.574665,-26.612953,-23.754845,-23.140457,-24.801199,-23.75673,-29.612965,-23.01574,-22.693453,-26.917648,-23.399822,-25.252365
-21.886879,-26.618357,-28.98632,-28.757277,-24.396967,-28.163506,-23.792637,-27.139807,-23.929153,-26.641832,-24.96427,-23.688734,-25.998852,-25.116743,-25.82008,-25.16811,-27.52373,-25.489908,-23.423021,-28.203077,-29.687576,-24.867838,-21.612041,-54.930744,-23.483974,-21.890438,-32.150593,-28.50648,-23.164324,-27.377954,-26.348356,-29.368692,-24.242575,-21.773912,-23.697443,-30.346973,-26.228205,-27.777225,-23.944065,-29.902067,-30.590385,-28.364983,-26.405619,-27.581762,-24.986511,-28.773872,-29.28959,-21.787388,-24.98492,-25.921747,-25.047342,-23.549606,-26.778772,-28.473711,-20.341425,-27.16546
-20.45802,-24.02842,-26.517786,-25.957027,-27.593134,-25.409084,-23.852898,-24.569843,-23.914528,-28.306665,-24.217688,-27.84537,-26.36194,-29.386448,-25.493778,-22.673847,-22.216112,-24.472261,-28.941305,-25.513882,-22.58718,-28.916393,-23.775562,-54.99872,-23.322145,-25.317308,-23.110094,-24.512642,-29.156649,-27.26339,-29.62259,-27.159815,-27.81156,-25.688164,-26.42511,-26.645128,-28.303083,-25.112957,-23.840824,-25.177872,-25.5805,-31.001001,-24.633018,-28.208439,-28.806702,-24.245628,-29.168415,-29.162256,-24.426075,-29.593792,-25.91829,-24.090399,-22.823236,-33.374226,-21.64943,-26.142626
-27.486814,-22.203753,-27.564318,-27.281254,-27.674889,-22.747335,-25.872644,-27.82963,-28.343155,-34.51297,-28.188805,-25.892443,-27.753382,-26.409685,-24.054176,-21.444666,-24.154778,-27.265844,-26.497746,-22.220226,-22.531467,-24.7425,-24.791637,-55.674507,-22.79391,-30.034637,-24.486162,-23.707201,-29.424423,-24.216406,-27.488436,-26.453693,-24.528748,-26.124874,-29.310015,-26.847864,-25.822378,-24.89389,-27.91122,-25.727964,-24.034794,-25.655594,-27.908691,-25.011333,-26.317093,-24.97638,-30.044094,-29.350506,-25.052702,-26.93667,-26.142824,-26.29219,-24.679398,-26.180891,-24.05785,-26.088598
-27.193905,-25.537838,-27.462442,-29.3214,-24.309698,-23.98741,-21.036514,-32.00652,-27.892006,-23.515636,-24.807127,-27.9136,-26.028807,-26.543072,-27.250507,-23.674656,-25.309982,-26.37253,-28.516697,-24.244505,-26.0878,-27.642,-26.457048,-55.142532,-23.728003,-25.235739,-28.132135,-21.56449,-26.983406,-26.525314,-27.201252,-27.149347,-25.898926,-26.011559,-27.41036,-23.087803,-28.838062,-24.54894,-27.683104,-24.986017,-24.173744,-23.45274,-27.19598,-26.326115,-23.008884,-24.805613,-30.775097,-24.831661,-26.94256,-27.331457,-25.874454,-29.201601,-25.573439,-27.676014,-30.096857,-22.224442
-21.965816,-25.456198,-28.31539,-25.667233,-23.144611,-24.152678,-24.907066,-24.55236,-25.232529,-22.928652,-26.128496,-23.176811,-27.488792,-22.925034,-30.427774,-22.838856,-29.091454,-26.654825,-28.969746,-25.416132,-26.640482,-25.224586,-28.126225,-55.62681,-22.930653,-23.1369,-26.124788,-25.258484,-27.610882,-25.777807,-28.755772,-28.717388,-30.172241,-25.80545,-26.606127,-28.897743,-26.857992,-28.408825,-31.08828,-28.800777,-29.213045,-29.864567,-29.586613,-27.578068,-25.383612,-29.454056,-28.115238,-26.822544,-27.364231,-25.903845,-27.594666,-24.477842,-25.732689,-26.101208,-25.519451,-27.004948
-22.351528,-23.685823,-26.85338,-23.008192,-24.642784,-25.306276,-24.570091,-23.107132,-23.756275,-23.284573,-25.440807,-28.138725,-30.149603,-24.778193,-28.933483,-25.186909,-26.608938,-29.389826,-26.076511,-25.761816,-23.897846,-26.027601,-32.0773,-55.912582,-22.983593,-23.502848,-27.449667,-29.852552,-25.119972,-26.15091,-31.712322,-24.940805,-29.98603,-23.481615,-26.62077,-26.745327,-27.816483,-24.937662,-25.558125,-31.549873,-31.110653,-29.166924,-29.198666,-23.900856,-24.076313,-30.319347,-27.373728,-22.529589,-26.899508,-24.504208,-22.589855,-26.4136,-25.99267,-25.03124,-26.61883,-26.339592
-24.91516,-25.006834,-24.135962,-25.778847,-22.811592,-24.070398,-27.75337,-25.552753,-23.710087,-21.937063,-25.67488,-28.153908,-27.237692,-24.439623,-25.331184,-25.686325,-26.972084,-25.734295,-24.020622,-27.001318,-25.994642,-22.999979,-24.991367,-55.44349,-26.087156,-27.804188,-29.699026,-30.378265,-24.433046,-24.231865,-30.570845,-24.507038,-27.589909,-25.654226,-29.615856,-26.851397,-24.227335,-26.723164,-30.369072,-27.556854,-30.928982,-26.828043,-23.85097,-26.230385,-21.281376,-29.406538,-28.816053,-26.355892,-29.825642,-25.254942,-23.582731,-25.807743,-27.835522,-24.300037,-26.837059,-25.190924
-25.336218,-29.88621,-24.993404,-26.997898,-31.474388,-25.813929,-24.351042,-24.407328,-26.373194,-27.306631,-25.06305,-21.653122,-25.889887,-24.11283,-22.828657,-27.152817,-23.36261,-27.001366,-27.89623,-30.719978,-27.553911,-22.45769,-27.204704,-56.303688,-29.17566,-28.37001,-29.310246,-29.648502,-26.779806,-26.749645,-26.504562,-26.893238,-28.967146,-31.684698,-28.668774,-28.49533,-28.813358,-29.121595,-26.567753,-26.812819,-27.848625,-26.45615,-26.68029,-26.485344,-23.770506,-26.552502,-28.500196,-26.449827,-28.582739,-25.803106,-27.109045,-21.107466,-26.759993,-25.697247,-24.962246,-27.143105
-29.318527,-29.324188,-23.25346,-25.052187,-24.404062,-28.228182,-25.986519,-27.553558,-24.947401,-28.636084,-23.249826,-22.60337,-22.68113,-28.08569,-27.23923,-25.45177,-20.4413,-26.269304,-22.600864,-30.8075,-31.135324,-22.783676,-25.862686,-55.81949,-24.582958,-26.157455,-29.194077,-29.395138,-25.402756,-28.988718,-26.656412,-25.72886,-30.028812,-29.36568,-27.565035,-28.55787,-25.918776,-29.662909,-24.91069,-25.827028,-28.196186,-32.414707,-28.62001,-25.977484,-25.25507,-23.555408,-24.747744,-28.842152,-22.283224,-26.742987,-27.78444,-25.119827,-28.185263,-26.426615,-25.09892,-27.729635
-25.254086,-29.813341,-25.338373,-22.539455,-22.986082,-29.821266,-28.027225,-28.173122,-25.272179,-25.434175,-21.38508,-23.76677,-24.105776,-27.859373,-24.882755,-22.53235,-24.93468,-27.709488,-28.039799,-25.686874,-27.420467,-25.69874,-26.63031,-56.101746,-23.193787,-27.123589,-29.9237,-27.27124,-27.582012,-27.965849,-26.011946,-27.401386,-28.447294,-27.809921,-30.112053,-27.867775,-28.913124,-25.543411,-27.873133,-24.835905,-25.50836,-28.729122,-26.47539,-27.275867,-24.04296,-25.507845,-28.571785,-26.146093,-23.64352,-27.285374,-24.54182,-24.35921,-26.320728,-28.442354,-21.830658,-28.21698
-25.60535,-29.451534,-25.359333,-22.985561,-28.022734,-26.507732,-28.144318,-24.256979,-22.564304,-24.219864,-26.609167,-26.80148,-28.26464,-27.939894,-27.034847,-25.339565,-24.536469,-30.315155,-22.412743,-25.944883,-26.167679,-25.492447,-27.33997,-56.484997,-26.624735,-29.05525,-25.71781,-27.27316,-25.846336,-27.454567,-25.000916,-26.531197,-30.857935,-31.099817,-26.707642,-25.5269,-27.950922,-26.810696,-28.298773,-28.740026,-28.275867,-24.000732,-24.212193,-29.234306,-26.143974,-25.917309,-27.343395,-30.433699,-27.15367,-28.004646,-27.829912,-21.970915,-23.055115,-27.02981,-25.545355,-23.463903
-26.395527,-25.520472,-26.458815,-25.82285,-26.77157,-23.319094,-25.670286,-29.477615,-24.28523,-27.362528,-30.923683,-28.33355,-29.097685,-26.734268,-25.709087,-25.047892,-23.620295,-29.514227,-23.502466,-24.418325,-23.35315,-28.10422,-24.286987,-55.873444,-25.431301,-26.70701,-26.62568,-28.033888,-27.370077,-29.329697,-25.570105,-24.201418,-27.202307,-27.742,-27.612137,-30.209204,-24.17419,-30.528666,-25.489006,-25.269695,-28.055803,-25.081821,-21.574318,-31.693602,-26.301271,-28.846376,-26.822882,-28.617449,-27.21912,-29.142391,-26.447685,-23.576786,-26.231115,-26.64815,-22.545624,-24.114992
-25.683998,-21.240326,-23.163404,-25.869537,-24.669239,-26.07629,-25.824385,-27.686384,-22.809965,-24.688885,-28.007132,-31.425583,-26.019268,-26.82499,-26.46778,-24.98255,-27.62172,-24.494356,-27.786594,-26.222023,-23.324759,-28.270786,-28.438696,-56.813595,-24.23495,-21.767723,-25.575336,-26.032482,-29.196798,-28.296278,-25.054663,-25.478893,-25.99704,-28.098068,-31.681355,-26.108648,-25.965422,-30.50533,-24.258652,-26.838247,-26.318928,-28.607431,-25.177067,-28.277819,-30.700546,-29.421495,-25.00197,-26.320026,-28.262188,-30.68399,-26.190857,-29.095291,-26.736465,-26.252394,-25.245802,-24.988453
-29.561638,-20.565443,-25.157732,-23.57404,-27.873272,-27.936462,-22.973717,-26.29098,-25.948856,-29.91351,-32.199276,-27.131252,-27.061743,-23.536911,-24.090857,-27.204102,-31.357859,-24.047083,-29.1141,-23.494135,-22.549194,-27.170126,-23.823658,-55.97306,-26.103327,-22.802717,-26.820166,-27.26977,-28.865166,-27.908035,-29.697193,-21.79955,-26.378828,-29.237436,-28.244207,-23.775784,-26.976286,-26.291016,-23.986036,-29.226805,-27.046038,-24.485321,-24.822441,-26.542067,-24.847078,-30.802036,-26.532322,-24.617508,-25.281199,-25.279585,-28.756699,-25.828306,-27.46264,-26.148005,-24.215698,-24.92793
-21.839718,-23.34779,-25.004593,-25.370342,-30.257093,-24.659119,-28.124624,-27.719599,-23.821623,-29.2259,-29.76133,-27.163628,-24.451649,-27.872992,-23.890976,-27.049524,-25.967272,-25.982943,-26.175646,-25.754498,-24.821756,-25.32812,-25.887049,-56.60015,-27.034101,-28.858454,-24.86528,-24.741615,-31.179817,-28.699081,-28.364038,-27.36966,-29.745003,-25.624863,-28.743458,-28.084776,-25.623165,-26.655937,-23.214231,-24.663353,-25.763634,-25.96469,-28.27565,-25.934818,-23.518967,-25.679386,-24.435383,-26.276258,-25.40841,-25.166956,-27.079641,-28.000113,-28.362324,-28.498714,-21.568974,-24.62316
-21.050642,-23.236422,-25.605253,-29.891235,-25.64748,-26.493546,-26.002108,-24.992382,-24.665802,-25.984436,-27.6285,-26.178734,-25.623524,-26.481892,-26.940922,-26.909575,-24.657373,-21.68135,-26.563545,-27.068571,-25.55206,-24.943857,-23.21642,-56.213516,-27.137415,-28.94805,-27.023716,-24.605824,-29.766775,-25.379335,-30.031773,-29.087246,-26.717863,-27.120905,-23.162891,-27.790764,-22.780092,-29.186432,-25.199795,-22.893105,-27.811312,-24.276196,-24.314304,-23.910946,-23.784853,-25.389534,-25.197714,-27.702961,-22.856482,-28.522322,-28.158686,-28.783789,-29.258217,-25.809048,-26.055897,-24.904654
-25.129034,-23.146896,-29.59323,-26.842516,-26.048616,-22.759077,-28.024439,-31.164074,-26.529116,-27.623121,-22.218683,-26.90347,-26.729397,-24.133276,-26.76606,-24.09371,-24.331623,-22.8844,-26.86884,-25.267769,-25.628145,-26.175186,-26.837822,-56.07553,-25.598732,-28.30343,-28.50216,-27.09818,-25.51416,-28.675955,-25.244947,-29.032854,-27.670975,-25.99244,-24.250774,-25.592182,-25.185204,-24.918568,-24.418339,-25.43792,-26.055971,-22.997374,-22.811274,-25.64101,-26.151325,-23.548212,-25.751644,-24.209497,-27.001833,-26.238901,-29.043934,-26.94901,-28.525206,-28.178904,-23.937538,-23.294397
-29.605354,-25.893717,-27.257618,-25.05111,-29.657179,-26.180262,-27.171576,-25.671263,-24.92251,-27.745815,-22.79515,-30.081255,-23.808212,-25.028793,-30.54071,-26.363894,-30.350685,-21.958721,-26.965319,-22.427948,-27.461758,-28.85999,-25.673088,-56.223763,-21.361422,-25.805035,-29.784243,-30.973864,-27.955452,-28.82941,-27.873962,-27.423223,-27.57139,-22.527077,-22.61223,-27.100435,-27.112436,-24.975056,-24.459595,-28.300388,-28.653786,-22.255152,-29.16853,-23.54392,-30.942354,-22.878336,-26.366516,-25.468285,-24.76855,-25.007284,-30.34363,-24.372936,-25.265583,-27.48346,-27.986183,-27.958105
-30.985418,-28.399027,-25.099913,-25.621801,-25.37978,-28.498384,-28.216208,-24.297134,-23.25952,-24.625164,-25.904434,-27.630184,-27.315365,-26.815788,-22.633284,-27.823421,-25.530918,-22.172264,-25.896618,-26.461584,-30.511272,-24.624342,-24.580038,-55.39064,-23.07212,-26.794582,-29.950064,-29.484785,-27.952263,-25.043396,-27.53852,-28.55717,-26.77437,-23.644817,-24.563414,-32.73669,-23.369324,-25.36608,-25.940876,-27.00599,-25.683182,-23.501326,-28.084805,-23.689182,-26.316114,-24.093597,-25.126627,-24.69444,-24.928547,-24.722178,-28.690046,-26.47463,-22.837395,-26.27397,-23.40433,-25.461544
-31.792034,-27.313435,-24.709618,-23.71768,-23.101326,-28.119183,-25.184135,-27.543463,-21.373966,-26.869316,-25.776754,-29.437798,-27.443836,-26.749702,-27.29568,-25.882854,-26.093395,-25.570084,-26.12244,-25.298492,-27.589964,-21.867695,-25.078663,-55.7771,-24.45794,-29.471226,-28.903057,-27.170403,-24.45681,-26.330667,-23.484705,-26.83179,-27.643112,-25.797075,-25.089302,-29.664751,-27.721622,-28.506075,-26.061275,-24.383043,-26.363894,-24.06808,-28.486965,-24.539722,-27.872175,-28.357218,-29.088299,-24.680874,-26.298458,-25.858753,-29.470633,-25.089098,-28.31059,-24.701878,-23.180548,-24.203243
-30.914427,-24.345087,-26.302544,-23.984695,-26.149466,-30.661915,-22.576313,-27.448853,-22.644201,-25.367094,-27.073526,-27.866135,-26.042091,-26.409079,-32.28488,-24.476496,-26.767654,-26.064846,-26.4879,-24.047768,-27.78489,-23.880913,-24.544575,-54.38745,-27.111807,-26.609005,-26.706026,-30.80083,-26.533817,-27.425951,-25.335299,-24.778496,-28.028675,-25.095024,-23.938404,-27.807447,-25.311436,-27.071924,-23.319433,-23.027882,-25.436834,-24.676819,-27.192852,-28.684929,-24.570427,-25.858099,-27.77744,-26.229542,-25.726227,-23.450878,-26.525412,-24.130367,-25.204601,-29.435184,-28.942076,-24.452072
-23.210278,-24.47929,-27.460333,-23.72741,-26.141998,-24.32809,-21.334461,-27.370571,-24.702114,-26.184986,-24.37798,-26.833265,-23.97459,-23.896004,-28.922544,-25.548597,-25.878235,-28.26297,-30.463684,-25.979183,-26.450422,-26.254946,-25.263128,-54.644966,-25.516352,-27.786343,-27.636532,-29.12221,-27.276245,-28.62693,-25.31405,-28.777237,-26.184727,-27.328163,-30.285442,-25.337543,-25.00572,-27.236834,-21.403196,-20.299265,-24.204239,-23.869896,-25.748978,-30.20062,-25.120485,-29.11951,-25.460625,-24.346083,-29.23184,-29.368538,-25.328451,-28.08738,-25.715292,-28.47231,-27.573772,-23.187445
-25.143322,-23.201218,-28.347294,-24.521212,-23.726137,-25.340006,-23.215366,-26.284285,-24.869383,-24.543938,-25.34486,-24.716879,-28.206217,-23.823788,-24.437618,-27.806923,-24.89805,-23.940838,-25.403793,-26.258722,-30.423595,-23.550135,-25.468304,-52.787056,-22.420088,-27.953485,-31.640078,-25.044312,-28.532372,-26.980732,-26.111067,-29.433147,-27.119366,-26.820576,-27.155355,-24.32557,-32.353714,-27.860996,-26.118452,-24.30971,-27.47244,-23.398666,-27.408365,-32.057747,-23.293707,-24.429905,-27.44364,-25.269659,-27.04593,-29.412155,-26.854265,-23.723251,-26.10226,-27.302357,-24.172176,-23.94779
-32.28643,-25.663298,-23.328758,-23.127718,-24.498138,-24.515596,-23.319023,-26.795172,-24.048756,-24.424442,-27.779833,-26.995287,-26.904886,-24.532509,-27.08841,-26.570824,-25.165648,-21.721756,-25.636784,-24.894651,-23.981312,-26.71449,-26.265987,-52.668484,-20.554813,-24.846533,-28.634678,-23.896276,-26.111929,-28.200783,-26.411737,-25.410236,-28.188253,-28.297028,-27.690052,-27.990715,-28.013968,-27.729248,-25.790022,-26.047487,-26.123829,-25.96611,-29.786152,-26.57643,-26.534515,-25.67106,-24.520893,-26.156923,-29.37502,-27.111612,-31.006386,-20.351177,-29.919662,-26.983648,-24.100506,-25.992044
-26.4952,-26.306732,-23.361177,-24.463099,-26.424694,-24.631437,-27.119524,-29.567564,-29.593353,-21.921143,-28.595898,-23.717888,-26.054283,-24.025028,-29.029858,-27.860218,-24.180382,-20.890194,-28.056622,-22.839724,-26.353788,-27.860878,-25.516033,-50.200493,-25.822424,-24.525723,-25.162321,-25.579004,-23.765932,-29.67429,-24.10794,-24.28763,-28.51938,-27.000845,-23.184803,-27.67064,-30.562662,-24.957045,-26.386904,-25.865574,-27.416048,-20.659443,-25.973372,-26.108633,-26.954868,-28.259254,-26.201986,-26.168568,-28.268671,-26.041948,-31.53305,-22.387434,-27.513474,-30.068773,-27.145863,-21.479927
-26.816896,-22.827278,-28.527676,-25.662025,-25.311018,-24.064154,-27.513023,-24.436844,-27.306988,-25.14846,-27.008486,-22.751583,-26.622446,-28.39737,-24.367538,-26.776226,-25.06561,-23.018766,-24.008755,-22.66823,-28.47542,-28.24976,-23.617668,-49.301353,-22.688255,-25.995392,-28.580515,-22.746586,-23.459526,-28.732475,-25.527542,-23.938791,-26.344881,-31.45308,-23.234974,-26.48465,-28.249569,-27.586218,-24.380247,-25.80806,-25.838865,-24.254738,-22.743618,-24.688335,-29.733086,-27.925797,-26.327198,-28.43437,-22.458727,-27.1193,-26.821661,-28.214348,-24.268818,-28.819754,-27.07239,-23.084492
-30.715755,-22.258476,-24.52557,-24.23024,-28.132742,-24.516264,-26.030794,-27.712168,-24.89229,-25.49066,-26.179441,-23.872023,-24.577415,-22.76031,-25.376595,-25.191057,-25.100798,-24.755592,-23.47816,-24.226301,-25.452274,-28.820826,-25.907808,-45.965767,-22.298182,-22.273212,-28.752945,-25.824783,-28.060583,-25.720951,-28.988663,-27.0376,-28.60788,-29.322582,-22.913517,-28.15811,-26.360506,-22.724442,-27.549505,-24.616451,-25.564068,-25.665668,-22.569777,-23.710148,-28.602478,-25.664986,-26.202358,-26.338013,-24.881237,-29.013664,-21.172016,-28.362476,-26.767355,-26.909508,-29.161541,-26.580873
-25.802298,-23.492882,-26.905079,-25.780825,-26.692106,-27.439419,-24.64867,-24.654163,-23.92485,-25.942509,-26.882578,-22.943392,-23.497953,-26.025867,-25.938614,-32.187504,-29.932758,-22.265669,-25.130983,-26.384201,-23.48274,-26.27764,-25.502653,-43.1792,-24.808647,-25.099747,-27.470453,-25.890652,-27.674572,-25.730505,-27.510387,-27.189615,-29.457027,-25.5368,-23.79726,-26.036757,-28.588694,-23.992645,-23.846096,-24.982246,-28.684881,-25.305368,-24.43099,-23.79549,-27.489073,-25.735357,-28.587255,-23.037592,-27.385069,-27.150085,-24.433071,-24.618769,-24.462736,-30.320698,-25.484768,-23.803308
-26.219212,-24.601877,-28.693111,-23.24913,-22.922276,-25.550745,-26.543962,-24.01272,-25.23937,-24.074305,-24.403421,-29.506992,-29.478558,-24.977678,-28.422754,-25.602741,-27.521183,-23.24658,-25.073217,-25.376457,-24.754784,-23.637684,-27.396152,-36.27849,-22.01316,-28.272438,-28.37758,-25.81154,-27.436552,-25.15021,-26.512772,-27.063154,-29.953632,-27.13694,-24.366627,-25.229631,-25.137854,-24.292538,-26.451185,-23.443672,-26.344767,-23.717188,-27.332178,-24.946531,-26.447866,-24.256168,-25.586588,-25.777897,-27.171352,-28.5886,-26.058102,-24.43812,-24.403408,-26.304266,-25.172806,-21.609175
-28.605118,-27.49245,-25.085176,-24.924026,-23.082998,-25.312538,-24.091778,-23.547506,-25.877392,-20.907795,-23.496923,-27.742867,-25.709494,-24.57652,-23.685188,-25.007797,-25.649963,-24.042988,-22.594734,-29.18726,-25.78689,-27.147911,-22.168324,-30.063677,-24.863441,-25.031578,-28.568867,-27.580261,-24.615181,-25.516708,-25.273119,-26.347235,-28.871922,-26.304268,-26.158648,-28.129679,-24.351171,-25.659197,-33.68211,-24.241482,-26.415207,-25.169807,-24.402565,-27.084522,-25.875755,-25.748953,-24.9674,-26.916899,-29.969427,-24.231136,-23.703476,-24.420597,-25.531372,-26.982267,-24.33098,-25.975224
-29.028748,-27.879272,-24.52714,-26.492016,-29.757154,-23.303001,-26.615858,-25.51072,-31.441196,-24.315527,-23.48127,-24.200619,-23.486782,-27.054697,-22.574772,-25.968681,-28.225199,-22.702148,-23.982073,-26.503143,-23.015236,-24.201195,-23.486801,-31.029446,-25.982763,-26.422155,-29.397621,-29.374731,-31.860594,-25.029089,-25.797556,-28.385098,-24.092125,-26.71459,-23.897676,-28.022991,-25.592632,-25.751612,-26.796494,-24.2555,-24.627232,-22.854012,-24.294662,-26.881048,-25.374352,-26.052998,-24.399984,-26.270649,-26.370235,-26.475548,-24.384026,-21.220005,-24.401663,-22.988811,-24.425163,-25.690199
-27.063414,-25.671352,-25.014374,-25.23327,-24.24615,-22.873146,-27.968275,-23.801746,-23.692434,-26.275185,-26.520859,-23.345621,-23.07557,-25.511461,-27.553274,-27.861122,-22.657135,-23.231405,-29.450699,-24.649384,-25.141365,-21.570023,-27.692245,-39.036583,-25.100739,-24.030413,-25.673635,-24.995037,-26.2443,-26.206142,-26.881157,-30.897087,-28.628773,-24.418304,-24.713577,-27.873291,-25.786682,-23.85743,-22.878418,-25.783812,-26.652004,-21.849192,-21.218784,-27.33698,-30.913832,-26.02612,-21.075714,-23.1084,-26.538383,-26.96037,-27.013004,-27.79195,-27.089626,-22.672884,-21.349228,-23.824692
-27.363758,-23.570288,-24.22438,-21.794989,-22.866337,-25.943798,-23.552246,-22.003262,-24.754103,-23.553726,-24.431772,-22.14624,-22.412832,-23.102564,-25.568583,-25.594389,-27.616854,-23.025158,-24.984955,-23.899853,-23.056866,-22.567152,-27.212318,-42.900795,-25.400639,-21.682253,-28.725595,-27.601772,-25.99386,-26.847977,-25.864882,-24.6988,-23.838291,-23.854378,-24.081484,-22.23796,-28.747189,-23.039557,-23.521551,-28.664497,-25.479956,-23.05151,-24.39264,-27.835743,-26.690495,-25.75911,-25.98913,-22.045036,-26.036627,-28.688835,-26.49336,-22.864725,-26.503763,-26.679792,-22.438194,-22.870821
-31.912657,-26.354229,-26.19882,-26.482216,-22.579601,-27.6926,-24.45856,-25.221062,-22.75501,-24.475414,-23.005117,-22.4448,-20.576286,-25.580776,-19.24144,-20.990536,-22.425653,-24.291904,-27.121347,-21.924795,-26.13658,-22.734303,-27.48061,-46.108192,-27.439434,-22.457394,-25.93212,-30.663536,-26.119196,-29.412094,-23.81466,-27.574942,-23.932163,-25.129913,-19.454754,-23.97588,-27.126408,-23.315924,-20.102642,-28.039963,-26.576797,-23.048021,-25.920698,-26.775837,-23.595201,-26.298737,-27.331144,-27.667244,-24.71685,-27.088274,-28.37292,-24.482609,-24.988739,-28.372856,-22.20484,-24.220888
-30.563715,-25.160048,-25.828693,-23.179867,-25.196808,-25.423029,-22.310005,-26.95654,-22.686348,-24.633377,-21.603718,-21.414003,-20.041122,-26.439962,-22.620216,-20.508436,-22.220142,-28.044725,-24.804092,-25.318247,-27.192768,-26.857386,-26.018667,-47.512024,-25.240961,-24.126997,-24.93571,-23.315853,-26.562452,-29.86415,-27.44212,-25.601257,-21.740068,-22.405994,-23.747911,-23.547676,-24.307487,-26.025978,-21.870342,-23.651993,-25.931404,-24.757874,-25.864721,-24.538855,-25.252197,-21.322273,-24.91861,-27.882263,-26.437847,-24.225773,-22.833473,-22.54095,-25.140852,-22.525585,-23.838177,-26.870708
-24.90119,-22.011896,-25.993587,-26.52094,-29.248875,-26.204668,-22.677025,-29.449171,-22.897326,-22.92826,-26.040062,-21.773417,-20.227951,-24.294512,-21.956236,-24.72377,-22.746546,-29.02836,-20.902143,-24.193464,-23.037664,-24.15741,-23.347958,-49.16974,-22.676275,-25.8017,-26.208107,-25.096352,-27.502981,-27.802826,-26.009035,-24.050484,-21.06924,-20.471985,-24.737803,-25.417194,-27.27845,-25.676828,-21.534382,-25.261494,-26.201057,-24.916372,-22.878845,-26.226824,-25.816364,-26.97947,-24.056984,-25.40264,-21.835733,-24.667328,-25.229729,-23.780594,-20.94495,-24.404613,-26.622192,-23.57838
-24.29089,-22.722792,-27.039246,-23.180828,-25.91726,-27.160343,-24.800879,-26.313293,-24.092846,-21.44392,-25.013744,-21.226307,-21.890724,-20.311558,-24.046764,-26.481783,-22.33365,-23.262823,-21.125027,-21.029123,-24.601433,-23.02685,-27.094202,-50.330917,-25.160208,-26.600552,-26.118528,-24.9472,-30.214464,-26.071293,-23.690159,-26.0039,-26.021963,-25.1589,-24.547415,-26.00119,-25.173763,-21.515486,-24.714178,-28.044859,-23.955154,-24.648624,-24.977762,-22.361822,-27.073776,-26.38344,-25.521154,-26.0948,-22.059566,-24.74134,-24.17815,-24.955389,-22.51279,-25.0397,-24.34713,-23.831467
-29.365131,-22.255495,-25.45,-24.606218,-25.888498,-23.327133,-23.788172,-25.908913,-22.64975,-20.854494,-21.852793,-25.651228,-23.881266,-23.525505,-24.251701,-20.641388,-23.750364,-28.40835,-25.826262,-22.692598,-26.864088,-24.921345,-22.819258,-51.035835,-24.670647,-26.945137,-21.733276,-25.37115,-25.320469,-24.086725,-22.810402,-27.082533,-21.098656,-20.24065,-23.755919,-26.51961,-23.730202,-23.682524,-26.14616,-23.413029,-25.224663,-21.887022,-27.962563,-23.996265,-25.54822,-26.54228,-25.075249,-25.461096,-27.152826,-25.517462,-23.789349,-26.125668,-24.09895,-22.49052,-22.974186,-25.111086
-26.105173,-23.252232,-24.114899,-27.633015,-22.703543,-23.973166,-24.65541,-26.934053,-24.42202,-25.220024,-23.849998,-27.561647,-25.548891,-22.398397,-26.921207,-20.941402,-24.647165,-25.416153,-24.848667,-22.614456,-23.17557,-24.799263,-21.59034,-52.25698,-26.833359,-23.364454,-18.304726,-25.37696,-23.110905,-24.302755,-23.96066,-21.319128,-21.609673,-22.412893,-19.570854,-25.037144,-21.249231,-19.724337,-23.742987,-25.575863,-24.873112,-26.72783,-25.33135,-26.514177,-27.628263,-25.651468,-23.336826,-25.353584,-24.572163,-24.850702,-25.088236,-22.6952,-24.906826,-23.638855,-22.420431,-23.231358
-26.65332,-24.483772,-26.028484,-27.467422,-23.242077,-24.905823,-26.619974,-24.803377,-25.663496,-23.607271,-20.963001,-23.54958,-23.002417,-23.098553,-21.803402,-27.280647,-25.415342,-26.057224,-23.040632,-25.212791,-21.197004,-24.932814,-22.241245,-52.46556,-25.293972,-25.058804,-18.280634,-24.407845,-21.873371,-26.745361,-22.156036,-24.94782,-20.112213,-21.24422,-21.550884,-23.02453,-23.793077,-23.007923,-21.924028,-25.615574,-25.2375,-24.72112,-24.627062,-24.029566,-25.57703,-23.913483,-24.444065,-28.201485,-25.913132,-22.648804,-26.295895,-23.751583,-24.333979,-23.936253,-24.44396,-24.483337
-27.83963,-23.685482,-26.884377,-27.987902,-23.309473,-26.35959,-22.311754,-22.113522,-25.719074,-28.241903,-20.40678,-24.076296,-25.237257,-25.58883,-23.773521,-20.13296,-24.970598,-27.174519,-27.176907,-27.1508,-23.053364,-25.899158,-22.557674,-53.49806,-27.90762,-26.750078,-19.606895,-25.122559,-25.846378,-26.660526,-21.94812,-21.783123,-21.353231,-20.065462,-21.473671,-22.674255,-22.982924,-26.394987,-27.142792,-23.574009,-26.196991,-24.138027,-24.887014,-24.756618,-26.327421,-23.247017,-27.48244,-29.610819,-26.271206,-26.828579,-27.11058,-25.126663,-26.592861,-23.54982,-27.599363,-25.520908
-24.663074,-26.930079,-29.509737,-25.889236,-28.513676,-25.27479,-25.466286,-22.428387,-24.165588,-26.853498,-24.19436,-23.319307,-25.194954,-25.263515,-26.823154,-23.459566,-24.768064,-25.20702,-24.98413,-26.656553,-25.9694,-25.002838,-23.772621,-53.842564,-24.763695,-26.310732,-23.788378,-21.695269,-20.169167,-21.43571,-24.226152,-23.524343,-23.740192,-20.243721,-19.205671,-23.836731,-23.724918,-26.281271,-23.464933,-24.347546,-28.891733,-25.212887,-24.163692,-26.515587,-30.586632,-27.01098,-27.449867,-27.49976,-24.804369,-26.649294,-30.262829,-26.313286,-27.180206,-24.005186,-27.24136,-23.571789
-26.904446,-23.845905,-24.127005,-27.264818,-26.075438,-22.639465,-26.019272,-27.60793,-25.885563,-27.305298,-22.74368,-23.726938,-29.374746,-29.112232,-27.880344,-23.961891,-24.116642,-26.666056,-23.891987,-25.815002,-26.118212,-23.595451,-23.560793,-54.292725,-21.66621,-24.888601,-24.628185,-21.038204,-22.735218,-20.439907,-27.037626,-25.686577,-28.154985,-20.464514,-24.556717,-24.907768,-26.456244,-24.903252,-23.097755,-25.402601,-27.314032,-28.222046,-24.514008,-26.06049,-27.784508,-28.166872,-25.816757,-25.942736,-23.900063,-29.799185,-26.248846,-26.457912,-29.529484,-27.940773,-24.95194,-27.730968
-25.267958,-23.205818,-28.983826,-24.18898,-27.797764,-26.879642,-25.91976,-25.310074,-25.982765,-23.756348,-24.593784,-26.096777,-25.451859,-24.175821,-27.730585,-23.957539,-23.325546,-28.15943,-24.274666,-26.429056,-25.193218,-26.394331,-22.343058,-55.012314,-26.440687,-24.53062,-23.19124,-20.526325,-24.578974,-24.431454,-26.985725,-25.88362,-24.26725,-25.298307,-24.51217,-24.817068,-25.690718,-26.032274,-22.702555,-23.261341,-25.415953,-27.714434,-24.632347,-25.616562,-23.741175,-27.276123,-26.373188,-24.212217,-24.960903,-23.169792,-27.21777,-27.489622,-25.98245,-26.305944,-23.07653,-24.31678
-24.015518,-23.214956,-28.702456,-23.482365,-24.663876,-26.810207,-23.176043,-24.03058,-23.994965,-25.36448,-26.615448,-26.912416,-25.202572,-24.241785,-29.306286,-26.870853,-23.092487,-27.309204,-24.693777,-25.497307,-29.13133,-23.786764,-24.000435,-55.106422,-24.885235,-28.654884,-23.675886,-24.47191,-23.166304,-25.211285,-25.288895,-23.788485,-25.984116,-26.296404,-27.25554,-28.76905,-24.841955,-27.923286,-25.452305,-28.05233,-24.392601,-25.948845,-24.257458,-26.372444,-27.626398,-26.371452,-25.925543,-24.782064,-26.317509,-22.117195,-28.522448,-25.254456,-24.248259,-26.328693,-24.557562,-24.970161
-29.482553,-23.68962,-29.130117,-25.50289,-24.247982,-23.916336,-25.561665,-26.048967,-23.473839,-21.0564,-25.022413,-23.94098,-23.36313,-28.782036,-29.292446,-25.282543,-23.335752,-22.807838,-26.234211,-28.088686,-26.667463,-22.922203,-24.401608,-55.742664,-22.050898,-24.078175,-26.578424,-26.061762,-23.320087,-23.630625,-22.309872,-24.118553,-28.566555,-24.624765,-25.322395,-27.04403,-25.108046,-25.522806,-25.553183,-26.24312,-25.386824,-26.8298,-27.589668,-26.17872,-28.140123,-24.74978,-25.022696,-25.643253,-27.071316,-24.824284,-27.898245,-24.285376,-27.568264,-28.405209,-22.45006,-27.846937
-24.982813,-24.974339,-26.369284,-25.539042,-26.354448,-28.065065,-27.36615,-26.103321,-23.907928,-23.064892,-25.182735,-24.799902,-26.274263,-25.510962,-25.782082,-27.301281,-24.610308,-24.596033,-25.993587,-26.47867,-24.514627,-23.143517,-24.27975,-56.096252,-23.478394,-24.3629,-26.376398,-25.054766,-24.775537,-24.55369,-22.568024,-22.845102,-26.157043,-27.144173,-24.386526,-27.558165,-23.521265,-26.362698,-27.001217,-26.250017,-24.676361,-23.560368,-25.640034,-27.433527,-26.606894,-23.282732,-27.396675,-24.929722,-24.056519,-24.68436,-29.514635,-24.497551,-26.137758,-25.772379,-26.761578,-25.300495
-25.096487,-24.948103,-23.528763,-25.06713,-24.964815,-23.828339,-27.874,-26.310453,-27.341648,-28.177147,-26.867514,-29.266914,-24.342777,-24.002815,-26.132177,-25.749228,-27.907742,-23.93281,-23.687649,-27.138647,-22.21088,-27.507534,-23.6687,-56.258995,-22.271841,-26.422447,-25.383644,-26.741783,-27.078001,-26.697418,-29.519327,-25.888397,-26.104534,-28.54796,-24.69234,-30.017427,-23.964512,-25.390661,-23.614418,-24.682411,-23.099543,-24.239183,-26.366026,-26.381775,-28.88609,-26.72548,-25.605417,-26.21453,-28.348787,-25.841736,-27.587553,-23.382614,-25.327703,-24.832563,-22.747757,-24.08347
-29.291553,-23.18652,-24.120367,-27.15611,-24.593136,-23.815414,-24.72339,-29.429031,-28.540142,-26.089352,-22.507275,-24.19327,-26.633675,-26.1632,-22.367943,-23.423176,-25.915007,-27.594196,-25.351044,-23.605158,-25.41348,-23.302954,-23.27015,-56.799652,-24.227804,-23.87012,-24.75271,-24.419151,-25.370487,-29.317114,-25.991125,-25.807287,-24.98392,-25.070726,-23.469275,-27.41312,-25.884539,-22.95582,-22.451544,-25.021214,-27.622316,-28.224113,-31.081968,-26.806335,-26.49677,-27.257349,-27.573917,-26.617407,-29.416426,-26.191051,-26.640123,-25.00924,-26.760534,-25.074913,-22.992224,-24.873686
-28.445618,-22.90496,-24.226439,-27.116226,-27.759064,-26.522598,-27.861828,-25.387102,-23.364159,-28.141624,-24.174635,-25.185968,-26.005896,-26.828209,-25.801954,-24.68103,-25.853477,-25.107838,-25.889578,-26.453281,-27.42366,-22.611334,-26.33208,-57.040085,-26.746943,-23.71283,-26.609041,-26.831528,-24.707571,-25.177069,-21.808777,-24.96103,-27.686228,-27.159172,-25.440186,-24.922775,-22.160604,-25.580952,-26.992943,-26.242899,-25.346476,-27.605694,-29.795448,-24.932102,-25.80574,-27.622118,-27.885696,-24.90792,-24.508015,-24.162315,-25.809805,-24.801529,-26.452412,-24.43179,-24.805702,-25.660929
-24.436228,-24.742683,-21.686783,-23.344969,-24.93897,-24.553179,-22.626087,-23.307926,-23.088621,-27.547682,-23.725435,-26.288767,-28.104017,-25.699646,-24.780756,-24.847946,-24.302345,-23.536821,-25.822641,-25.16651,-31.583471,-26.362253,-23.632475,-57.15915,-23.732069,-23.427462,-28.214102,-28.374043,-24.029673,-28.191422,-27.810534,-25.100246,-25.399426,-25.321735,-23.549498,-23.854345,-24.69639,-21.609156,-24.195835,-25.264093,-25.89494,-24.239119,-27.360518,-26.070316,-27.887585,-26.563545,-27.052748,-27.743639,-24.171442,-27.120975,-25.526453,-25.754227,-28.86103,-22.494457,-25.189932,-26.986776
-26.27048,-23.344116,-20.372839,-26.018385,-23.716534,-23.708754,-23.220398,-23.309395,-25.596071,-25.846802,-24.460138,-23.54453,-25.400818,-24.12169,-23.233215,-24.752277,-22.70711,-25.002583,-23.019539,-26.419868,-26.432028,-26.265114,-24.8547,-57.681606,-26.775406,-22.612122,-27.5153,-29.06017,-23.247515,-26.730993,-28.12937,-27.599796,-26.065033,-25.991379,-23.512615,-25.476398,-28.383467,-23.282454,-21.962448,-24.105507,-25.815962,-24.6373,-27.707119,-20.89616,-28.966257,-24.508366,-26.762651,-26.310493,-27.438688,-27.144234,-23.416101,-28.56038,-27.086027,-22.28143,-24.504755,-24.9959
-27.365025,-23.20775,-28.90846,-23.401524,-25.850346,-26.411917,-27.629204,-28.271967,-24.215942,-28.0615,-24.693691,-22.072865,-25.441103,-25.009756,-24.648705,-21.723265,-25.97669,-26.434118,-25.335625,-26.197798,-26.459476,-23.076641,-22.774683,-57.870388,-26.318344,-25.18156,-26.814297,-26.319643,-24.47344,-25.824589,-26.284435,-29.832624,-25.461609,-25.85393,-21.654015,-25.516953,-24.760696,-24.985651,-22.92418,-26.169786,-23.414757,-22.458336,-26.098463,-26.283964,-26.361183,-24.905807,-27.06157,-27.387403,-25.321548,-28.41381,-22.89879,-30.443815,-25.713211,-23.564194,-21.482216,-25.742464
-29.34267,-24.970526,-24.61632,-22.785603,-23.260733,-26.365602,-24.414745,-24.481863,-26.593525,-24.65981,-26.565247,-24.473156,-25.743303,-26.81124,-23.795187,-22.014072,-24.176851,-31.050053,-24.751781,-22.988283,-29.207207,-25.699713,-25.818785,-57.97129,-24.128105,-21.879183,-25.98248,-24.617834,-23.247974,-25.895279,-25.833803,-26.834724,-24.55243,-25.747248,-22.23403,-22.948112,-24.029705,-23.086899,-25.192904,-24.990065,-23.84056,-25.63314,-27.612543,-28.322046,-25.64449,-26.352707,-26.414898,-25.80962,-24.783817,-25.089708,-25.010792,-25.994818,-27.15586,-24.983097,-24.956951,-24.749256
-25.913473,-23.047583,-22.48788,-21.34226,-23.909554,-23.92323,-24.442116,-22.744888,-24.350616,-26.58404,-25.596075,-27.579634,-25.59541,-24.891195,-25.418169,-22.086163,-28.618517,-28.768328,-23.894857,-22.781223,-27.305626,-24.943655,-27.04317,-58.343117,-22.623737,-24.152248,-24.1615,-22.438965,-23.750633,-27.97326,-23.577812,-28.53186,-26.727081,-26.588156,-24.86006,-25.698647,-24.091562,-26.135588,-24.124355,-23.93554,-21.28638,-22.53033,-27.044819,-28.231379,-25.525515,-26.969307,-26.153656,-22.89399,-23.465113,-26.39896,-26.572975,-23.06207,-25.089182,-22.739971,-25.678425,-21.234875
-25.589222,-24.127274,-21.269854,-22.838697,-24.524101,-26.786922,-23.288574,-26.938593,-23.762064,-23.149307,-23.505314,-28.49097,-25.855104,-23.873987,-27.384705,-22.958252,-25.718801,-27.05184,-24.38886,-26.26436,-23.916985,-26.037481,-26.23455,-58.619797,-24.579191,-22.467453,-21.417103,-24.998644,-26.31434,-27.449999,-27.459768,-28.028309,-28.231308,-27.9398,-24.319607,-24.655216,-20.388037,-24.897356,-22.137085,-23.600098,-18.56791,-24.46021,-24.73771,-29.172901,-28.612617,-25.18424,-23.8718,-25.782152,-26.665323,-22.952845,-25.915424,-27.517788,-22.023294,-21.0237,-24.9198,-22.650923
-31.816483,-24.584436,-24.961493,-23.055067,-24.86791,-27.333485,-25.506485,-23.722572,-25.081736,-27.75023,-23.787457,-25.068502,-26.020664,-23.82536,-24.76448,-25.057648,-26.085983,-24.772728,-23.617748,-24.920084,-21.906794,-23.218088,-24.545778,-58.627876,-25.878565,-20.23474,-23.180452,-22.616533,-19.648712,-25.095535,-27.553438,-28.842167,-25.196106,-28.154968,-24.519312,-22.594246,-21.693188,-23.769749,-23.606707,-21.393147,-22.084003,-24.172506,-23.580748,-27.200329,-24.856152,-24.60831,-24.123566,-27.13073,-23.959492,-27.380556,-25.511963,-27.490326,-22.208525,-22.095066,-24.780325,-22.332516
-26.761805,-21.716412,-25.161873,-25.801537,-23.077135,-24.869738,-26.222303,-23.39768,-24.76141,-26.848879,-20.500675,-27.17854,-25.68447,-23.720085,-23.987583,-26.958483,-26.381046,-24.141317,-25.369867,-23.768076,-25.68903,-23.32672,-25.628891,-58.77118,-25.879227,-23.146784,-22.291681,-23.517296,-22.139877,-23.093872,-26.322456,-26.76762,-24.338531,-26.355604,-19.850132,-20.10965,-21.251225,-18.943836,-23.121452,-22.307575,-21.34302,-25.058971,-24.605068,-22.54408,-27.054596,-25.996729,-25.637894,-25.215397,-24.101795,-23.005577,-23.016172,-27.706787,-23.401861,-24.548899,-21.913074,-23.480759
-27.682325,-24.299091,-25.2017,-27.234417,-21.838223,-24.161825,-23.741682,-24.264265,-26.277271,-25.488806,-24.242481,-26.535967,-25.360401,-23.18944,-26.491896,-26.135977,-24.570555,-24.077082,-29.056086,-22.118063,-25.3806,-23.753468,-28.675724,-59.07006,-22.651476,-23.81253,-22.088285,-21.220055,-20.068336,-23.381714,-24.168592,-23.868547,-25.089376,-22.125055,-19.944782,-15.726146,-17.2642,-22.708485,-23.072681,-20.75366,-21.794502,-21.44659,-24.362614,-23.51975,-26.746305,-25.942917,-24.810936,-26.075424,-22.617218,-21.055492,-22.976528,-26.902153,-24.286324,-26.334951,-24.16442,-23.42941
-28.781635,-24.304554,-24.279484,-23.069422,-23.855213,-23.115755,-21.64249,-27.794428,-25.156908,-21.39915,-21.115875,-25.261911,-24.42884,-25.827103,-25.388006,-23.336275,-23.024218,-21.815683,-24.325369,-24.00335,-23.805792,-25.049984,-23.905396,-59.146805,-22.517616,-22.760899,-22.553917,-22.125341,-18.785507,-23.941874,-25.858564,-20.709846,-24.661003,-19.08938,-19.334927,-16.86755,-16.28812,-22.92703,-22.592821,-18.179707,-22.650387,-23.75311,-27.601072,-30.02531,-24.327877,-26.417355,-25.699963,-26.28362,-24.017643,-21.893602,-27.389381,-25.95951,-26.572378,-24.62049,-23.233345,-24.78088
-27.325932,-24.378912,-25.181019,-22.652758,-23.758595,-25.524216,-22.560833,-25.986738,-22.08956,-23.023779,-21.42361,-26.785028,-22.340792,-25.575077,-26.303856,-24.134352,-22.50352,-25.715696,-25.2579,-28.382454,-24.28206,-23.19641,-23.524897,-59.05951,-25.363976,-23.820137,-20.14676,-23.696867,-22.228151,-25.37115,-27.609425,-25.925634,-23.409927,-26.588335,-22.520311,-20.730091,-20.379704,-24.635777,-22.76733,-21.706753,-26.771208,-25.569685,-22.963737,-27.429508,-25.981604,-29.021551,-26.119547,-26.877497,-28.209768,-22.18731,-25.782806,-25.089653,-27.017803,-23.537678,-26.308136,-26.055428
-27.689606,-24.977926,-23.049337,-23.181509,-23.233942,-24.840225,-23.539162,-25.700733,-23.141258,-22.957863,-23.845123,-25.559334,-24.275854,-23.822525,-27.589195,-23.889175,-24.628168,-22.931543,-24.335258,-24.814255,-23.677784,-21.21687,-21.668917,-59.00541,-21.467314,-22.432913,-21.008766,-25.697063,-23.90389,-21.340054,-22.944216,-23.96917,-23.362041,-23.448715,-23.183912,-22.35241,-26.682468,-24.338614,-24.29605,-25.89147,-25.0491,-23.060705,-27.092539,-23.994104,-26.27272,-28.876308,-26.043524,-25.9987,-27.039528,-24.184864,-26.092224,-26.30173,-26.171913,-22.919098,-24.127026,-29.081997
-24.989408,-23.928013,-22.989141,-20.287998,-20.598928,-25.082472,-21.499414,-22.971342,-18.959808,-24.264217,-24.550037,-22.90519,-26.032099,-24.537066,-24.62155,-23.044685,-25.963865,-22.177544,-23.934174,-23.150118,-24.136475,-23.427431,-24.270304,-58.95426,-25.107744,-24.147442,-20.142517,-23.57286,-23.159657,-22.809639,-26.222412,-22.530815,-21.688334,-20.174404,-23.464075,-22.757023,-23.568924,-19.92413,-24.16067,-24.654495,-22.083626,-22.370922,-27.483618,-21.898777,-26.363018,-27.366886,-24.796156,-24.243038,-26.048819,-22.04533,-24.311726,-26.14147,-25.611423,-22.903269,-24.414814,-27.621695
-26.367643,-24.977436,-26.6409,-20.719576,-20.089085,-24.073278,-19.493076,-25.20202,-23.223192,-25.918612,-25.421337,-20.230188,-26.897825,-23.688005,-26.702177,-24.03281,-22.832067,-25.97814,-24.34533,-24.736412,-24.255787,-24.216978,-24.368532,-58.68293,-24.416267,-22.992573,-21.604643,-22.084238,-25.51533,-22.084137,-24.290451,-24.34262,-25.132404,-24.951069,-21.601467,-25.618671,-25.34746,-22.545294,-25.837772,-21.222328,-25.449926,-22.880507,-28.236813,-20.92242,-25.840382,-25.963442,-24.274347,-25.313745,-25.358612,-24.569,-23.084414,-23.906088,-24.4597,-23.324244,-23.932114,-22.26257
-29.907822,-24.972075,-23.698782,-18.820692,-22.179531,-22.179958,-19.768549,-23.129623,-23.102566,-22.357948,-23.579329,-22.74561,-24.405363,-25.789673,-27.050665,-25.182281,-22.157726,-23.891418,-22.369852,-22.84322,-21.676554,-24.533714,-21.628166,-58.125816,-25.686747,-24.23382,-22.534925,-22.316763,-24.298681,-22.034264,-20.589685,-23.148247,-28.736273,-26.85692,-27.362316,-26.503492,-27.089523,-22.9148,-24.611168,-24.673288,-26.4643,-23.03353,-30.000885,-26.909248,-25.059256,-24.55024,-20.707256,-26.148151,-24.717613,-21.265432,-22.812162,-23.245535,-20.226429,-20.149853,-21.597086,-21.475937
-24.199192,-23.606586,-21.082108,-20.12753,-22.562387,-25.038761,-22.406128,-23.358904,-23.136265,-19.787376,-23.041986,-22.979448,-23.906609,-26.401505,-26.64757,-23.700733,-23.779455,-23.753012,-20.664654,-23.31587,-22.23758,-26.005495,-24.468351,-57.227604,-25.629055,-24.755621,-17.952377,-22.522532,-24.27164,-25.348671,-25.329962,-26.154608,-25.5856,-24.430426,-26.740192,-25.575863,-22.512571,-23.121088,-22.714588,-26.017433,-24.656189,-25.235495,-26.072014,-25.182236,-25.95977,-25.76251,-24.003967,-24.046759,-23.567802,-25.661303,-22.217556,-20.219799,-21.74346,-22.73948,-25.916382,-23.785568
-23.224304,-24.436037,-20.497093,-20.097017,-21.289227,-24.61353,-22.680958,-25.6952,-22.113266,-21.800777,-27.534195,-22.827694,-28.236778,-23.695219,-22.514593,-22.43658,-23.67487,-22.452154,-22.794914,-26.657162,-20.509027,-23.780489,-23.60753,-55.931522,-22.369858,-25.236292,-20.137924,-23.411472,-23.538912,-23.718521,-24.190945,-26.58604,-27.6245,-26.261824,-23.938593,-24.303871,-23.506355,-23.032082,-23.87079,-24.095356,-24.849455,-28.214691,-23.891401,-25.923927,-23.455824,-23.797087,-26.46383,-26.422995,-27.20845,-28.988201,-20.970474,-24.22575,-22.37137,-22.721458,-28.11629,-24.24251
-26.926674,-25.809214,-26.744886,-25.611866,-21.913,-26.844625,-24.591156,-24.433073,-23.460886,-24.203741,-23.326134,-24.830746,-27.025116,-22.835419,-23.81305,-25.9663,-26.242233,-23.584978,-24.593422,-24.978647,-23.016388,-21.018131,-22.327831,-53.941917,-22.874126,-22.968948,-21.474436,-24.25105,-26.079542,-23.425083,-26.332205,-27.225376,-27.94707,-28.874071,-25.549097,-24.497961,-24.168804,-23.468079,-22.817366,-25.259768,-23.036781,-24.960577,-26.694817,-24.744555,-24.010353,-24.813763,-25.864735,-27.772638,-26.341995,-24.60345,-22.853672,-23.75872,-22.634623,-22.82635,-23.810398,-25.365486
-27.72529,-25.962313,-24.789194,-27.365614,-27.210567,-23.355963,-24.691174,-24.352385,-24.816467,-24.712355,-23.54476,-23.69707,-25.45423,-24.775599,-24.38043,-27.406757,-24.0661,-22.973137,-23.666128,-26.02815,-24.326227,-24.725508,-25.525444,-50.68412,-24.209702,-22.449352,-24.129093,-24.749903,-25.002752,-22.953705,-25.917723,-26.582714,-28.569317,-26.837276,-26.739182,-26.245995,-24.463812,-26.485538,-24.644527,-24.75673,-23.7064,-25.122047,-26.770247,-23.73214,-24.061926,-25.558548,-25.775558,-27.148132,-26.851967,-25.001604,-24.519947,-24.642508,-25.759684,-23.632608,-24.905254,-20.263662
-28.481743,-25.871717,-23.952608,-24.800068,-23.106712,-23.443974,-25.044548,-23.385927,-21.338064,-25.22908,-24.325033,-25.043613,-23.983116,-26.553278,-22.857662,-23.17953,-25.20413,-25.748995,-22.50752,-24.759426,-24.94898,-25.590118,-24.681446,-43.472706,-23.001259,-21.744473,-23.120535,-27.782108,-27.717663,-26.538973,-25.610245,-26.302591,-30.074522,-25.32816,-24.163866,-25.882706,-27.750467,-24.742868,-23.597332,-25.407516,-22.94156,-28.658144,-28.845188,-24.055916,-26.459143,-25.634611,-25.32916,-24.832346,-26.758709,-26.888988,-22.604462,-25.239946,-28.86289,-26.097303,-24.740461,-21.875895
-33.430065,-22.063465,-24.179358,-24.71684,-24.825748,-28.261137,-22.348883,-23.936031,-22.760416,-25.72575,-23.463846,-26.308668,-25.981121,-24.186754,-23.002373,-22.867582,-24.449001,-26.573257,-24.56118,-27.43215,-26.768423,-24.541307,-23.618414,-35.58915,-23.363497,-23.445564,-22.777695,-26.176538,-25.736832,-24.69967,-25.039728,-28.258179,-26.570042,-26.612429,-25.404259,-25.249964,-27.391504,-22.993423,-27.362286,-26.51657,-24.744125,-25.19564,-27.078312,-25.159111,-26.393438,-23.973213,-26.295277,-25.468388,-25.559341,-24.722376,-24.984144,-25.858185,-26.898844,-22.132925,-22.749224,-23.78333
-25.948015,-22.922089,-22.323326,-23.420967,-25.443136,-24.137653,-25.4574,-28.292791,-23.033821,-25.308336,-24.279034,-26.202665,-26.154455,-25.408415,-25.350666,-25.076088,-26.478653,-26.965408,-26.964031,-25.411455,-26.195011,-22.709198,-22.20357,-39.129982,-23.638094,-22.843906,-27.178377,-27.830397,-25.929514,-23.583405,-24.995848,-26.210295,-26.735443,-23.084454,-25.251635,-24.724272,-26.05027,-19.834623,-24.014225,-23.4866,-24.883354,-25.707483,-26.468674,-25.484484,-29.608133,-24.793922,-25.978624,-25.906599,-24.527298,-21.828997,-25.07995,-25.095226,-25.29839,-22.370491,-23.054768,-21.674187
-26.903345,-23.002129,-24.288853,-25.139256,-25.992128,-22.818256,-24.87608,-26.488863,-26.782495,-25.643341,-25.132261,-26.655197,-25.72084,-24.664968,-23.61209,-27.544865,-24.476305,-25.774405,-30.992226,-23.863083,-26.872255,-23.852055,-23.517523,-48.52212,-25.280514,-22.840923,-25.309515,-24.105684,-27.811743,-23.774387,-23.259237,-25.198002,-25.303234,-27.72441,-26.62017,-25.873882,-22.555101,-22.22829,-25.13451,-25.514277,-24.966438,-26.038132,-26.032963,-24.474356,-25.95962,-23.787422,-29.92543,-26.01649,-24.965761,-22.742968,-23.0243,-24.613586,-26.185486,-22.624458,-25.796703,-23.303663
-26.732178,-23.131702,-25.467531,-22.679268,-26.035181,-26.584576,-22.579214,-24.320421,-25.746294,-28.569147,-25.365904,-24.32808,-26.100756,-25.147882,-28.369417,-25.72165,-23.107372,-23.935825,-27.04041,-26.07736,-26.788881,-25.465858,-24.696476,-52.467213,-24.25087,-21.423885,-24.481848,-21.137974,-26.315702,-23.403599,-25.356165,-25.850592,-26.552202,-25.6557,-26.095383,-24.097118,-24.35657,-24.812696,-25.205545,-23.389065,-24.507446,-25.663824,-22.495148,-25.935234,-27.080158,-25.677635,-28.000534,-26.17208,-22.49756,-25.127676,-23.284483,-25.676905,-22.179846,-22.834827,-24.306946,-24.38194
-22.852825,-27.12635,-25.27106,-23.504902,-27.226364,-25.541698,-23.147495,-25.534193,-25.67128,-24.726812,-24.02602,-24.93615,-24.04554,-26.969524,-26.85167,-23.82208,-24.455341,-25.687923,-25.409521,-25.607132,-26.256031,-27.335289,-23.865696,-54.84558,-23.461052,-23.709314,-22.754753,-23.992613,-24.25297,-24.309753,-24.481962,-25.101772,-26.907066,-26.348955,-26.609426,-24.5641,-25.904835,-23.89412,-24.157074,-23.991062,-23.965042,-23.568487,-24.421541,-27.492958,-27.938992,-26.43092,-24.700518,-26.657915,-22.727345,-22.363365,-24.13827,-22.81955,-27.370916,-25.643467,-21.676981,-23.402119
-27.821728,-25.568388,-23.974812,-26.028965,-24.528442,-28.79936,-26.287518,-26.39409,-23.117508,-23.557446,-26.194353,-24.602852,-29.29053,-24.09207,-25.4386,-25.745144,-25.939848,-25.923376,-24.989452,-25.452042,-27.245247,-24.961653,-28.179466,-56.513912,-23.117428,-23.23803,-25.719063,-25.204199,-25.975183,-25.331982,-20.88238,-22.522633,-24.642183,-26.134197,-27.135035,-25.504484,-24.830576,-22.831347,-20.95251,-22.194523,-23.503834,-22.626036,-28.39384,-23.657038,-23.371504,-25.041302,-26.299875,-24.740583,-23.679655,-21.672747,-22.883186,-22.96012,-26.62894,-25.408499,-24.651876,-20.690712
-30.10926,-23.317938,-25.647089,-22.978409,-25.763105,-26.537703,-23.61109,-21.87924,-24.540052,-25.83977,-24.467045,-25.798239,-25.185463,-24.654617,-25.255974,-24.36006,-25.507019,-25.121473,-22.942451,-27.48048,-25.056545,-20.670168,-23.699242,-57.801563,-21.632288,-21.968178,-22.341251,-23.743174,-25.199888,-25.363445,-23.660757,-22.244621,-23.261677,-25.266119,-23.381996,-28.770584,-25.284388,-23.857784,-23.491142,-23.67662,-22.624712,-23.977438,-24.52284,-24.615837,-21.896862,-24.851788,-25.4478,-23.270308,-16.855381,-19.300446,-23.644754,-23.413088,-26.776339,-23.144823,-24.29082,-24.744272
-25.350859,-24.397383,-23.599117,-22.337978,-26.191336,-22.90786,-25.114233,-22.842854,-26.064047,-26.292576,-26.224552,-24.225622,-26.127962,-25.943132,-24.735727,-23.788372,-21.696032,-25.154747,-24.951399,-24.45354,-25.78673,-21.797146,-25.460663,-58.852585,-25.39785,-21.31446,-24.289875,-23.246391,-24.664402,-22.816652,-20.498234,-17.628466,-22.439299,-23.798552,-22.511461,-26.68296,-21.580452,-22.091726,-22.562397,-23.720442,-20.716114,-20.02531,-25.66553,-24.750961,-25.51574,-28.883453,-26.141233,-20.938019,-15.657984,-15.917398,-24.040335,-25.66189,-22.617516,-22.19667,-22.585728,-24.488958
-24.669891,-22.618069,-23.478716,-23.345955,-23.689762,-24.792402,-25.450731,-24.733164,-24.607872,-25.112886,-24.118011,-25.053806,-23.825558,-27.273136,-23.489761,-25.035604,-21.417187,-24.790426,-25.014582,-26.314316,-24.909943,-22.80884,-23.5582,-59.711205,-23.521317,-23.337685,-23.21912,-25.14886,-22.874435,-23.024158,-20.932348,-17.689068,-19.6139,-22.497408,-22.716839,-19.82285,-22.206184,-21.00612,-20.222115,-18.19191,-16.945904,-19.322891,-21.96821,-26.13245,-23.161459,-22.863007,-23.468685,-19.706627,-18.357403,-23.238724,-23.522806,-26.217665,-22.253777,-23.226934,-21.071577,-19.55843
-23.162134,-23.94662,-21.4336,-25.090559,-21.057177,-26.55098,-25.896063,-25.720581,-24.138422,-24.012447,-22.03247,-22.968964,-25.164791,-26.555714,-24.65394,-24.47694,-22.453941,-21.226765,-22.17433,-25.133902,-26.167631,-22.266285,-25.567383,-60.438637,-22.528189,-19.88168,-21.912203,-24.23417,-23.943913,-22.29343,-23.260517,-21.20387,-19.100855,-23.05191,-22.797802,-18.549137,-24.314398,-23.185135,-21.88806,-21.746033,-19.71576,-19.87873,-20.583908,-24.07684,-22.372036,-20.520117,-22.137388,-20.606997,-21.966204,-24.06297,-22.98322,-25.025135,-22.695564,-20.06145,-20.184132,-20.072329
-24.71895,-23.079762,-17.003664,-20.636343,-25.450975,-24.574936,-23.80357,-21.834475,-25.624783,-24.360115,-20.759197,-22.795132,-21.021545,-22.096754,-25.737915,-24.287807,-23.335985,-22.625797,-21.86227,-24.552982,-22.867811,-22.45692,-23.09574,-61.0775,-22.56015,-25.742424,-24.827179,-24.055422,-23.706648,-22.368063,-17.488188,-19.691076,-16.930275,-18.998676,-18.939816,-19.297678,-25.304173,-22.562824,-21.907291,-20.915955,-19.291111,-20.313358,-19.453924,-20.113216,-22.647194,-23.192806,-25.160042,-20.136461,-20.839779,-22.169554,-24.18755,-23.649622,-22.370726,-19.303837,-20.295017,-18.307228
-29.581345,-24.547771,-19.903755,-23.693518,-23.832062,-22.639385,-21.2242,-23.7539,-23.617722,-23.690123,-22.417576,-23.55849,-20.243393,-23.096016,-20.986599,-26.497322,-25.434675,-23.916822,-21.872437,-27.88186,-24.571198,-23.482199,-20.8181,-61.710106,-23.408888,-25.907295,-28.052872,-23.082222,-20.382854,-16.116653,-16.778954,-17.513187,-17.085995,-18.341406,-24.034767,-18.657314,-23.709515,-23.125868,-20.6584,-21.779219,-20.007627,-22.577785,-21.45242,-22.224283,-20.237099,-22.93684,-23.52017,-18.838713,-19.803324,-20.224354,-21.068798,-23.320097,-18.602444,-21.17215,-18.07732,-20.834805
-28.198498,-26.961306,-22.966959,-25.589645,-23.727736,-24.001133,-26.041203,-28.306644,-23.178377,-22.950111,-26.956318,-22.740307,-23.050745,-24.034252,-19.648294,-22.00978,-24.084679,-23.220207,-23.33306,-25.578362,-24.277067,-21.259039,-23.32144,-62.871315,-24.308674,-25.920504,-27.45119,-20.805344,-20.75507,-18.084164,-20.713734,-17.794209,-18.149143,-21.467896,-25.828814,-21.057373,-25.231792,-23.023014,-22.816849,-22.691338,-20.153595,-22.46011,-21.952127,-25.278118,-22.320503,-24.053366,-22.91473,-19.18938,-20.333492,-20.718216,-20.955914,-22.826527,-23.26715,-23.468243,-23.391594,-24.994072
-27.077438,-24.567165,-20.686846,-24.788315,-25.294537,-24.862421,-27.604649,-28.482067,-26.734873,-26.124598,-27.28352,-26.792816,-27.391525,-24.432083,-24.159996,-26.314505,-26.310947,-27.94535,-28.285572,-27.844383,-29.39321,-26.465979,-27.365679,-65.86144,-24.928753,-26.98825,-29.416578,-23.325663,-22.124392,-23.21066,-28.43851,-23.993776,-21.958689,-26.436312,-24.50866,-25.14082,-25.099987,-28.64479,-26.829323,-25.86503,-23.58107,-26.437462,-22.035776,-23.672281,-24.838884,-24.44611,-25.511553,-21.065733,-19.92437,-22.553122,-27.86573,-27.984705,-24.682083,-25.7992,-23.156769,-27.711222
-34.924,-34.449417,-27.541916,-29.644926,-30.62453,-32.310463,-29.485052,-30.823328,-34.173405,-33.301697,-33.143837,-32.827328,-38.31983,-33.71154,-32.425854,-30.43661,-29.246452,-33.812218,-33.206905,-34.90641,-33.728603,-29.469912,-34.0951,-72.23506,-30.795206,-34.5222,-35.795723,-33.831535,-31.718353,-32.70951,-30.970291,-34.08026,-28.157673,-29.601452,-31.122433,-32.992313,-33.110634,-36.84668,-34.64355,-36.607224,-31.14846,-30.86177,-30.243896,-30.624445,-31.237925,-32.191036,-32.483543,-29.631893,-24.827242,-27.779846,-33.86607,-31.469631,-32.182392,-31.21135,-30.506952,-32.259697
-46.435596,-44.14057,-39.393932,-44.96919,-41.99047,-39.042313,-38.719162,-43.475075,-44.211414,-42.087624,-45.9994,-41.65285,-45.34226,-42.562607,-40.70318,-41.69604,-43.18069,-44.849983,-46.73845,-44.039024,-43.0246,-42.446327,-42.70556,-80.0,-44.473274,-45.05594,-43.945602,-46.471107,-41.312508,-44.55814,-46.19973,-44.257435,-39.7596,-42.251762,-43.062645,-44.589943,-46.0636,-47.457947,-44.88116,-46.712242,-46.577286,-44.587013,-39.791203,-43.644398,-44.070686,-45.33509,-44.72693,-44.0866,-44.225662,-40.410614,-42.63836,-39.994896,-41.113678,-44.45169,-43.889366,-41.910416
-51.49991,-62.36966,-63.712997,-64.52151,-64.99697,-60.580177,-61.023956,-59.855545,-60.530098,-63.420425,-64.860535,-63.85826,-59.575226,-61.270348,-62.27117,-61.370613,-65.14356,-64.03773,-67.28067,-59.32051,-60.960457,-61.089752,-65.055504,-80.0,-64.421104,-62.919754,-65.96159,-65.60429,-56.44935,-60.64821,-59.126953,-59.525146,-62.741547,-69.969864,-66.347305,-60.211426,-61.93702,-65.164,-64.89192,-66.373695,-63.773567,-65.02915,-58.18464,-57.282913,-61.0356,-68.87186,-60.406258,-65.07481,-59.69127,-59.923355,-64.03764,-58.953987,-60.5073,-63.05056,-66.06371,-63.468758
