-28.289627,-19.415648,-25.126759,-19.324514,-18.349182,-19.875618,-17.401321,-8.760483,-3.3628654,-7.622572,-20.451801,-20.111305,-21.446198,-22.259396,-20.754438,-18.453835,-22.67875,-23.683567,-23.75924,-20.90119,-22.744543,-24.08924,-26.383657,-29.720192,-21.016352,-21.743196,-19.824316,-3.509365,-21.327204,-24.090548,-27.131973
-30.570812,-22.890825,-24.794731,-22.521812,-24.248352,-23.894241,-23.270569,-27.473877,-45.146385,-14.872433,-33.82636,-27.657307,-21.954657,-24.164217,-27.131367,-25.71875,-28.259369,-30.690277,-27.798527,-25.130802,-31.537834,-27.865559,-21.439545,-33.242252,-25.801727,-25.1003,-16.867022,-29.282566,-21.195637,-24.930317,-34.612785
-30.37511,-26.735855,-26.368422,-29.33728,-23.232288,-30.35337,-23.624416,-34.127674,-50.50884,-21.315325,-35.46971,-25.898085,-23.20245,-33.231247,-24.676605,-31.81685,-22.920002,-31.35884,-26.350298,-23.746828,-34.525185,-26.830315,-27.43764,-34.06929,-29.398083,-25.27977,-23.6859,-30.496075,-25.689802,-34.30792,-28.11642
-35.79841,-23.233032,-33.77241,-27.591827,-26.221535,-33.600033,-21.4878,-33.646683,-56.62719,-24.112377,-29.34251,-32.709366,-26.646576,-26.47374,-24.156002,-26.029251,-25.643806,-32.123863,-26.056934,-23.996819,-30.65295,-28.597837,-28.178753,-29.049435,-27.251814,-26.446985,-24.541573,-27.096523,-24.844398,-23.243338,-26.366367
-38.53503,-23.166214,-28.651937,-27.457352,-22.098743,-27.397324,-20.493595,-35.890568,-60.630165,-21.27936,-26.697712,-30.895987,-27.269672,-25.783081,-25.143852,-24.620796,-30.272123,-24.348238,-23.253319,-26.626358,-28.199371,-26.499023,-24.426409,-28.19923,-28.382837,-28.1852,-28.74987,-21.958025,-28.32771,-21.332888,-28.355476
-33.387444,-19.732357,-30.816961,-32.815273,-21.614042,-23.343222,-24.220325,-39.18158,-61.108917,-23.024664,-30.264431,-38.198837,-30.419859,-28.050406,-26.972887,-26.499409,-29.514736,-23.74137,-29.495758,-24.70187,-30.006172,-29.170277,-26.920506,-21.92979,-28.738382,-37.368546,-25.861866,-24.298563,-28.91597,-24.193644,-29.62748
-34.61029,-17.934475,-30.12769,-25.75569,-23.912956,-26.955622,-23.779808,-42.892475,-65.74358,-27.92553,-30.887363,-30.88423,-28.339657,-28.368137,-23.92733,-27.661499,-25.017056,-27.307554,-35.98732,-27.800423,-24.296741,-29.916119,-28.467632,-24.469532,-26.29208,-38.163086,-24.9425,-26.799553,-26.686901,-25.973236,-29.47184
-34.69484,-24.053932,-28.395432,-22.595005,-23.49438,-27.805626,-30.660553,-41.052185,-66.57956,-30.45026,-28.08207,-23.24733,-30.504799,-29.466042,-25.06609,-29.176674,-25.810946,-26.329168,-31.05442,-27.99807,-26.961462,-24.73971,-31.110996,-29.17219,-25.024597,-35.32013,-30.297707,-24.403296,-27.227417,-26.492804,-30.590322
-30.017727,-26.66762,-26.56262,-21.433434,-21.043625,-26.804298,-22.460728,-37.22252,-54.120117,-30.0957,-29.65971,-21.02225,-23.74157,-23.161697,-24.232899,-23.96721,-22.826363,-22.401045,-25.713377,-29.813261,-34.133022,-20.92861,-35.499393,-24.682552,-21.537539,-25.165886,-22.817673,-25.986109,-24.761036,-26.707432,-33.103413
-31.945175,-25.58719,-32.59856,-24.930296,-28.070274,-30.917334,-24.267391,-35.533146,-54.034477,-31.216785,-32.399143,-24.757418,-29.723305,-25.835283,-25.872837,-23.524136,-30.70679,-26.60407,-26.158264,-33.722046,-36.117493,-30.027435,-36.130417,-24.624273,-29.356709,-27.998854,-24.259495,-23.95919,-33.092186,-27.20197,-27.62627
-38.902344,-28.868156,-26.985508,-29.114426,-24.434755,-27.879288,-28.568567,-31.908615,-64.82945,-30.74395,-32.967674,-23.645771,-28.121742,-23.456665,-23.261244,-22.616756,-27.53407,-21.884762,-28.085827,-29.898823,-34.131702,-34.19475,-28.02964,-26.230076,-31.970795,-19.384829,-21.920406,-22.017998,-33.103943,-23.9819,-27.387936
-35.16514,-27.137144,-25.82787,-31.911476,-28.000652,-22.944458,-22.288248,-31.127281,-61.497555,-33.044952,-32.718533,-29.331186,-26.504696,-19.757769,-22.550396,-25.217323,-23.11847,-24.352913,-28.18956,-37.936268,-28.727549,-21.738935,-30.905952,-27.8342,-26.054964,-21.182356,-22.075773,-31.373947,-23.263668,-31.063183,-29.303867
-31.991585,-23.8657,-30.964958,-31.042795,-32.87629,-24.077192,-20.991179,-30.876509,-58.751514,-36.460033,-27.047935,-29.76251,-29.754972,-25.156706,-20.347368,-29.145855,-24.747604,-21.961027,-27.767223,-38.08147,-26.47056,-20.383636,-30.961983,-26.281212,-22.640455,-24.834267,-23.330135,-35.187878,-18.75835,-28.238342,-26.56052
-35.8882,-30.095291,-27.437508,-23.514595,-25.97738,-19.84257,-22.553173,-32.168724,-65.69045,-35.612057,-30.987982,-23.75618,-31.996521,-25.80811,-23.833738,-32.601242,-24.265974,-26.690819,-25.712505,-27.128523,-22.698778,-27.025185,-28.630339,-21.059969,-23.55818,-25.336842,-26.610725,-29.606178,-24.337078,-27.357372,-27.393574
-38.694565,-28.083803,-22.115017,-23.217283,-27.29025,-17.416557,-24.3032,-32.494686,-67.46466,-32.38899,-31.616549,-21.775204,-31.90459,-24.937065,-31.452316,-30.273912,-22.34647,-25.80954,-28.533104,-25.388,-23.772095,-22.632854,-25.920527,-19.99239,-21.104757,-24.85775,-26.904911,-30.528812,-27.449966,-29.017708,-27.942783
-41.209053,-27.735085,-21.52084,-19.952944,-29.939087,-15.474421,-22.953075,-33.60474,-65.17802,-30.235584,-24.198475,-25.686466,-27.454268,-22.811562,-24.421345,-32.97492,-20.778131,-29.061642,-25.332867,-24.591099,-30.483723,-22.810295,-22.937588,-23.13168,-21.84703,-26.099009,-28.037657,-34.964977,-23.95718,-27.800861,-26.970291
-35.240425,-24.415722,-25.180294,-20.213284,-29.017488,-15.533251,-23.600822,-36.503468,-64.14743,-30.781036,-23.401098,-29.556625,-23.328482,-25.413902,-21.855633,-36.617584,-27.524319,-29.762909,-27.60048,-25.201214,-26.077793,-29.260494,-22.472744,-20.351276,-26.799389,-22.256124,-20.446474,-30.832748,-20.220816,-19.982096,-26.714539
-29.24828,-25.49147,-26.51064,-14.199106,-21.682726,-19.121408,-23.165672,-37.718025,-64.46871,-32.34929,-24.26575,-27.38213,-23.41806,-26.38135,-25.586409,-24.837337,-32.15163,-26.87819,-26.591347,-26.845142,-19.535099,-30.15684,-24.57897,-20.147732,-28.16895,-20.075651,-20.155746,-26.109875,-23.601618,-15.353529,-29.089458
-27.849556,-23.758524,-32.735546,-13.41844,-18.736107,-14.997246,-19.78997,-36.578712,-67.04584,-30.222898,-28.838562,-27.172747,-30.290947,-30.647358,-26.867655,-23.234547,-29.311718,-24.39244,-26.490183,-27.759598,-19.883429,-26.355122,-27.241825,-22.090176,-26.155443,-22.479368,-24.579615,-27.794127,-29.527462,-21.60241,-31.975935
-27.85217,-20.675144,-23.601223,-18.092274,-23.109913,-14.164108,-24.243366,-33.710117,-48.487465,-33.493473,-26.3061,-19.437431,-27.84033,-24.72664,-27.5033,-25.602345,-20.299488,-24.478321,-21.119404,-27.873951,-29.190098,-20.460747,-25.037012,-19.450304,-27.413437,-20.16896,-20.440308,-24.060213,-22.926336,-24.799202,-32.784187
-34.500122,-26.205833,-26.14727,-28.78941,-25.116323,-16.28275,-22.21678,-33.092102,-47.593964,-31.114723,-21.397406,-23.303228,-22.308466,-24.00383,-29.532705,-29.935274,-18.371655,-21.403585,-25.825886,-28.511555,-30.738335,-21.690414,-29.629118,-26.361889,-29.698479,-29.41481,-24.207329,-23.810793,-20.432976,-25.996216,-28.295998
-35.119568,-19.130848,-27.790825,-25.844467,-17.839643,-20.024086,-27.387985,-31.338552,-58.448654,-26.296736,-16.810705,-29.54718,-20.668978,-19.292791,-30.590078,-28.470026,-22.769133,-19.101274,-29.773367,-23.056585,-29.954409,-24.170988,-29.226131,-23.638084,-26.974262,-25.286936,-24.076681,-15.620132,-24.153538,-22.941479,-23.16473
-25.792713,-19.087132,-27.277391,-21.55402,-12.672512,-21.623861,-29.669676,-30.322994,-63.775627,-29.453295,-15.854641,-28.971539,-22.06032,-20.644753,-30.48503,-25.883123,-28.23624,-17.396378,-28.457561,-19.958069,-23.68664,-19.21782,-26.74908,-20.487345,-23.581524,-21.864147,-24.76038,-15.495302,-28.705872,-19.0801,-27.382317
-21.319384,-21.439198,-30.074753,-24.402931,-18.375557,-16.676039,-21.55576,-32.73951,-60.022556,-32.66037,-19.466831,-20.477564,-17.306168,-23.80503,-25.441826,-29.305817,-20.955362,-23.302563,-24.195591,-18.04401,-25.886082,-23.304028,-23.46513,-21.087976,-21.458832,-22.516466,-23.346546,-16.88273,-24.469082,-16.697012,-33.43349
-22.562368,-15.497814,-26.628403,-25.213741,-26.095173,-16.552406,-19.868975,-40.766434,-64.63891,-37.76067,-21.377457,-19.700539,-14.088463,-18.389359,-25.845613,-22.140614,-18.88605,-24.645102,-20.39536,-20.445639,-25.453705,-26.218533,-19.34504,-18.163073,-17.36879,-27.610388,-22.911602,-23.367935,-26.099983,-16.25312,-31.34584
-27.863117,-15.892075,-24.124233,-23.875595,-23.424711,-18.473759,-19.302355,-37.197212,-66.30867,-33.521736,-20.303331,-17.790558,-18.708378,-14.196674,-21.061962,-20.076477,-17.438137,-27.057392,-22.023233,-20.829948,-22.402973,-25.093487,-15.72224,-21.236826,-13.678314,-19.377022,-17.207388,-19.300472,-29.263285,-15.686932,-29.379505
-26.176249,-20.024687,-23.108768,-22.132044,-20.291065,-17.899527,-17.575924,-28.051662,-61.713924,-27.393087,-15.11187,-16.651865,-19.394728,-17.004675,-16.524506,-12.583872,-18.380026,-20.83384,-28.97594,-14.944059,-14.136227,-23.592012,-10.680517,-21.929317,-13.188147,-13.335968,-12.728502,-18.694565,-17.759335,-11.19718,-30.019318
-23.597916,-21.191446,-20.553827,-15.267893,-20.625721,-12.580637,-13.77392,-22.832504,-60.093224,-22.155287,-19.905304,-14.500675,-15.940823,-12.416733,-11.025513,-7.576315,-15.050716,-16.053036,-20.820944,-13.613617,-15.890276,-18.287651,-10.639912,-18.162338,-15.8503475,-13.171688,-14.492691,-20.419365,-17.400639,-11.406929,-34.39984
-19.306381,-12.072985,-16.036034,-10.646835,-14.793083,-5.039585,-7.5107117,-18.91301,-47.083004,-17.677246,-18.325888,-16.316103,-20.610266,-14.631504,-13.194965,-12.488119,-10.555922,-11.854395,-14.924698,-14.747276,-14.808289,-15.703381,-15.551743,-21.719692,-12.0126,-8.529263,-12.569031,-19.71448,-15.307816,-13.520166,-22.802755
-20.995161,-3.2745552,-11.038414,-13.8367,-17.81332,-11.29372,-7.3587246,-17.166523,-21.134258,-15.189001,-15.722927,-13.404554,-19.360056,-21.129406,-20.149384,-17.610271,-12.484737,-11.851559,-15.724453,-13.619734,-15.545605,-18.78482,-21.305477,-20.58456,-10.560373,-9.842537,-12.062302,-18.763166,-10.082918,-8.821484,-22.114647
-27.667492,-4.440037,-12.308905,-13.92551,-13.996117,-9.804115,-7.0345383,-2.7817955,-2.1925278,-8.4685,-17.851357,-13.832256,-16.202305,-22.762814,-18.371492,-13.688259,-9.869465,-19.017235,-20.830402,-13.344511,-17.663969,-14.264961,-19.360292,-16.080341,-9.89385,-12.247259,-7.520653,-8.670942,-4.6881294,-11.159815,-25.540995
-25.836609,-17.062132,-21.677925,-17.794748,-13.557684,-12.25223,-11.931501,-0.9999733,0.0,-8.995916,-14.720795,-10.8997345,-17.302921,-22.389458,-13.805141,-16.041512,-19.771696,-19.185303,-20.953695,-19.485626,-16.075096,-9.985241,-15.635429,-14.040386,-11.658007,-12.467476,-5.0219383,-13.148266,-4.1550865,-11.719612,-24.930796
-27.70239,-26.88335,-15.809523,-19.917065,-17.851278,-11.011454,-25.727184,-8.984547,-9.595402,-11.222061,-14.1247635,-11.342358,-14.801155,-15.996233,-15.328852,-16.248005,-18.291653,-18.635542,-22.925875,-17.058456,-22.364815,-13.7989235,-19.271498,-10.781601,-18.996847,-15.698906,-12.007057,-18.148342,-10.937168,-19.73278,-24.581444
-26.01078,-23.946005,-11.764618,-18.364765,-17.216202,-17.628523,-23.168825,-17.25302,-43.40788,-14.3304825,-17.00109,-6.1899185,-7.8806,-7.1867294,-9.2696495,-10.556961,-9.228052,-15.942556,-15.827766,-11.3891735,-16.237324,-15.44413,-20.225956,-15.357744,-22.710232,-14.278551,-20.745346,-18.932169,-12.651335,-16.250273,-16.78307
-25.325869,-16.783613,-9.519793,-13.429855,-14.467468,-13.604713,-25.830387,-19.707268,-54.4288,-15.707857,-24.802977,-11.5421295,-4.088154,-9.407112,-4.4237823,-15.76553,-6.012104,-20.572815,-14.46488,-10.769283,-11.617115,-16.736504,-13.600031,-12.764858,-22.68862,-19.256006,-21.431366,-18.419878,-17.864323,-14.34133,-15.60037
-26.971403,-16.86493,-14.869806,-21.63288,-17.137394,-13.952297,-20.558405,-23.423637,-59.304604,-19.02558,-21.817444,-14.661642,-12.188009,-17.27628,-10.986906,-16.280392,-12.587784,-19.492538,-15.363449,-10.558294,-11.971363,-10.093702,-11.439882,-13.143278,-21.836254,-17.782911,-19.39346,-21.091509,-24.585451,-12.068768,-18.08031
-27.269299,-22.848845,-14.206524,-20.37302,-20.798899,-20.979595,-16.43491,-28.252125,-64.82323,-17.71331,-23.854065,-19.754303,-22.746248,-23.08565,-21.34034,-17.059505,-25.440985,-16.414064,-13.353474,-13.726059,-7.7904854,-7.649784,-12.492157,-13.937038,-16.783325,-12.2616825,-22.2218,-16.244335,-20.30689,-12.400106,-15.963646
-23.652134,-19.280897,-11.917719,-20.39395,-19.792593,-19.38746,-14.21917,-24.368538,-64.65381,-23.38308,-22.027962,-18.84458,-20.268387,-13.4146805,-21.347065,-19.387527,-20.970055,-15.516617,-8.935802,-7.0683804,-8.528732,-12.331383,-16.504772,-9.791073,-13.497032,-14.0660515,-17.548964,-13.748575,-22.096655,-18.973766,-13.4778595
-20.56933,-17.951096,-15.090242,-19.12727,-20.316116,-14.865221,-13.922749,-22.743876,-62.546364,-29.121532,-17.279797,-19.38128,-14.964344,-16.963566,-26.26051,-16.242188,-23.77735,-21.584139,-11.731922,-10.78054,-14.083197,-14.859358,-24.328665,-13.613295,-15.058435,-19.129297,-14.301817,-14.182724,-26.408373,-23.251324,-22.015154
-21.754465,-22.670134,-20.08251,-16.91603,-10.568396,-19.0892,-17.360975,-21.59127,-60.69394,-21.225409,-17.988869,-27.545742,-16.739033,-19.085182,-22.715904,-18.297348,-26.664738,-22.913193,-21.194244,-16.553637,-13.641962,-14.99091,-28.886806,-21.764309,-20.343971,-20.28246,-18.117413,-18.560907,-21.778896,-29.936789,-22.840158
-21.08647,-25.863503,-14.372543,-13.948753,-4.496296,-19.217785,-14.456202,-21.906828,-66.29552,-21.13382,-22.761446,-36.341686,-28.740849,-33.527023,-25.586264,-24.132984,-25.27085,-20.594065,-29.061085,-21.598236,-15.801207,-20.008633,-23.091965,-21.681463,-25.453518,-24.532192,-21.799994,-14.243752,-20.670755,-27.335846,-27.196548
-17.246412,-22.205946,-18.140099,-15.273094,-6.4233894,-19.40952,-17.467932,-22.204512,-50.38708,-22.020689,-15.324837,-25.723045,-26.917118,-21.90269,-20.768324,-21.261255,-21.377567,-22.603672,-24.946507,-20.652416,-20.57593,-17.736761,-25.699968,-17.075096,-25.660511,-23.416265,-20.859644,-16.516533,-19.863209,-24.340439,-24.9828
-16.42158,-23.65158,-18.729567,-21.722536,-22.091806,-26.46062,-22.529722,-24.499777,-46.907963,-26.702438,-14.960869,-15.838762,-18.460852,-21.347235,-23.39483,-23.947426,-21.128517,-15.930597,-18.501282,-20.748741,-32.75656,-21.14102,-24.115211,-18.998552,-22.67849,-21.326326,-15.909355,-22.28766,-19.872856,-17.219622,-24.427513
-15.596937,-22.749699,-11.249472,-23.46577,-29.27462,-22.375381,-21.400944,-24.312822,-55.187523,-25.358114,-15.986811,-18.140041,-16.040802,-27.368973,-22.52841,-18.791092,-17.366262,-13.60251,-16.600433,-23.142967,-31.304956,-25.969463,-24.544184,-15.7426605,-20.225975,-25.341919,-17.310322,-17.324957,-20.345564,-14.502577,-16.738705
-16.16694,-23.952145,-8.131306,-20.816948,-21.724983,-20.441502,-26.839554,-24.368881,-66.29179,-19.340727,-13.306377,-16.377607,-15.47184,-15.129997,-13.509756,-14.7624035,-19.32623,-17.559696,-15.8782425,-17.763912,-22.219694,-22.131601,-18.018982,-12.442329,-18.897093,-17.85395,-17.628767,-16.735153,-19.56362,-13.674871,-10.59827
-19.835562,-21.242846,-12.565626,-17.755838,-18.65944,-20.344263,-21.211693,-25.415146,-62.781143,-20.842203,-15.068115,-13.207304,-14.000473,-10.087582,-15.334612,-13.13451,-16.837826,-15.039265,-16.960457,-17.017416,-19.877897,-19.261824,-14.209553,-16.232384,-17.807594,-13.936335,-15.960737,-19.5497,-16.219458,-12.856058,-9.376907
-18.930683,-28.559044,-11.756725,-20.723053,-22.739773,-18.112888,-21.780582,-25.640617,-64.50036,-26.268448,-22.719868,-15.49379,-16.28725,-12.473045,-29.201208,-17.55567,-17.005114,-17.531782,-23.22538,-16.874092,-22.532166,-22.24561,-20.177605,-14.991362,-18.513496,-10.530926,-19.021976,-20.080124,-17.653744,-14.918341,-17.464478
-20.144402,-32.010113,-16.640047,-21.952444,-23.889902,-18.286388,-22.384682,-27.09366,-66.61334,-21.220915,-18.010294,-17.46825,-21.763748,-15.735821,-18.991173,-14.449638,-16.463215,-19.797968,-26.632454,-13.367653,-19.860771,-20.617363,-22.230728,-22.079824,-16.518082,-15.878948,-23.19051,-19.729893,-20.570185,-23.484493,-24.26036
-24.673191,-17.091503,-13.854109,-21.18857,-15.137344,-21.310183,-22.263262,-28.175947,-66.70537,-21.490274,-15.744736,-24.517002,-20.913092,-11.561756,-16.891357,-11.6827965,-12.93609,-19.666649,-19.757605,-17.570574,-21.106813,-16.941689,-19.575514,-23.052578,-14.306339,-21.894615,-25.001345,-22.178999,-20.598389,-20.037504,-26.295313
-29.269268,-20.952587,-16.276577,-18.466331,-17.147108,-22.543222,-18.542456,-30.718327,-61.701057,-26.37661,-21.389944,-23.17147,-24.912228,-18.592403,-20.420864,-17.754042,-16.70133,-13.258364,-15.285336,-17.14266,-25.633852,-21.227865,-24.678883,-28.515804,-15.271442,-16.999157,-27.413876,-20.694637,-23.257603,-18.175108,-25.443693
-21.495424,-20.24645,-16.073996,-19.258081,-16.988756,-22.107407,-19.509022,-31.702835,-58.395676,-16.773478,-21.55655,-25.5973,-19.038551,-27.251324,-15.148415,-24.58689,-17.678322,-15.224108,-16.739227,-17.329273,-19.77917,-24.249817,-23.367744,-22.526728,-12.916306,-13.03339,-19.812101,-17.278818,-24.967552,-14.545094,-21.549744
-18.78774,-21.96885,-14.645428,-24.209269,-16.039423,-25.930628,-28.908913,-33.927612,-67.44532,-15.897255,-24.760786,-23.597363,-24.702362,-23.781372,-13.129276,-29.223503,-12.984673,-20.039421,-15.873268,-21.824512,-18.283688,-19.81321,-24.191622,-18.65883,-15.084351,-13.860075,-11.237881,-9.677729,-17.244736,-13.141365,-18.09707
-18.987318,-18.518478,-17.677176,-28.391243,-20.462797,-24.842535,-29.824139,-33.94461,-57.34209,-18.646248,-24.079082,-24.262514,-20.099625,-22.278719,-18.0018,-24.422363,-18.099148,-23.816189,-14.153086,-27.936838,-16.284176,-15.755621,-26.618608,-22.697685,-17.743086,-12.701723,-9.712765,-9.918358,-16.154825,-15.015549,-22.26558
-25.09923,-19.162851,-18.551584,-23.540787,-25.481483,-23.519524,-20.30558,-32.268814,-52.47719,-23.434254,-19.794107,-18.881561,-15.280796,-19.674643,-17.674767,-27.59375,-24.931065,-20.47609,-18.017414,-25.71915,-18.008171,-16.65646,-22.289768,-18.925291,-20.909544,-19.07923,-20.831842,-19.816868,-24.245365,-15.663485,-25.681978
-29.559341,-19.446293,-18.353874,-19.984753,-23.075567,-26.691498,-18.641922,-30.594048,-59.66958,-29.114147,-19.322098,-16.255703,-22.453424,-17.577076,-16.508078,-33.33847,-24.948944,-19.919378,-11.669598,-23.640348,-9.924042,-17.733421,-17.969328,-22.488895,-18.578894,-23.141258,-22.542406,-18.609978,-29.279884,-22.21276,-33.75322
-26.484505,-14.542973,-14.250347,-22.159124,-16.219162,-22.618124,-16.747538,-29.068039,-67.20131,-26.332117,-17.715397,-18.797108,-22.148224,-16.093504,-19.38671,-21.496952,-22.658562,-15.868067,-14.048443,-22.051888,-9.800804,-13.101921,-18.197989,-28.192009,-24.268377,-21.49049,-22.157167,-20.945606,-24.252674,-28.875042,-26.01578
-22.356886,-15.463371,-11.633549,-23.164694,-17.364475,-19.469387,-17.924292,-29.803492,-63.76715,-22.812057,-19.089323,-24.89957,-19.84554,-15.115313,-20.078651,-17.630445,-25.827606,-15.208416,-24.295038,-19.67608,-19.960575,-15.781931,-17.817562,-28.400585,-20.663961,-24.24311,-19.744873,-20.547676,-18.351433,-27.737877,-23.771864
-23.717888,-23.139275,-13.378683,-26.651737,-23.920755,-26.17921,-23.610237,-30.882267,-62.50698,-22.755993,-12.778145,-22.551258,-18.429958,-15.205198,-24.281605,-18.28191,-20.562824,-13.255539,-22.201073,-20.646235,-18.038908,-17.945543,-15.950874,-24.813007,-18.195898,-27.259605,-15.226601,-20.943367,-22.487661,-20.811882,-24.685394
-28.787998,-32.11377,-21.357428,-20.43043,-26.958721,-24.25726,-21.034763,-35.03191,-63.573467,-28.732546,-18.122515,-23.207405,-20.187775,-17.809326,-21.977892,-24.115189,-27.747177,-9.420589,-19.648212,-21.293903,-18.443312,-15.160942,-19.954494,-21.599905,-21.677773,-18.670063,-13.852165,-20.476,-23.557402,-21.19557,-20.494556
-24.590195,-25.203283,-19.48251,-14.635622,-26.206331,-22.239857,-18.121416,-37.916878,-64.590195,-29.04792,-19.428904,-30.490557,-23.562313,-18.766563,-23.459667,-19.402048,-19.972002,-11.683142,-15.803204,-19.053751,-21.575687,-10.607643,-20.290527,-12.409403,-17.339186,-16.807367,-17.640413,-21.942701,-15.620218,-21.785679,-14.575153
-27.397526,-28.957472,-23.653748,-19.986294,-15.860424,-16.780804,-12.805466,-34.18342,-58.43905,-25.745548,-30.104897,-23.402056,-18.02312,-16.883856,-23.43096,-13.91114,-16.174417,-15.449455,-18.44096,-26.03982,-20.83233,-11.726536,-20.171389,-14.626116,-19.096987,-20.756021,-21.107885,-17.796925,-17.325481,-15.9404125,-19.348558
-21.83628,-22.650848,-24.137842,-16.237131,-11.874193,-16.677887,-10.054937,-31.381397,-57.143112,-23.082825,-25.15485,-25.855564,-16.958681,-14.905781,-24.011276,-16.07052,-18.188585,-12.290432,-19.858704,-23.846394,-13.794277,-12.531378,-28.574474,-14.24687,-13.381323,-19.98313,-17.286385,-16.518799,-20.640245,-17.18043,-30.379406
-20.306767,-23.770035,-19.888962,-17.612967,-21.56807,-21.799088,-16.846346,-30.783863,-61.525536,-22.888027,-25.47956,-32.616867,-20.408165,-17.172226,-20.358631,-15.968281,-21.87856,-12.399101,-24.854322,-17.294477,-17.258142,-21.460457,-29.885897,-14.052155,-13.072161,-25.490576,-20.697561,-13.788038,-22.109463,-18.106932,-23.68773
-20.443197,-21.920961,-18.986225,-22.033403,-29.012125,-22.183186,-25.061913,-28.780888,-60.7161,-25.611965,-19.17399,-16.666683,-21.08676,-18.531048,-20.37784,-21.317833,-16.569082,-21.803574,-22.990395,-17.364841,-14.446362,-17.052818,-27.372654,-14.886906,-17.1702,-21.702839,-20.053295,-15.102114,-21.366732,-21.27668,-21.882845
-20.845318,-20.572626,-25.964626,-21.914272,-28.241417,-23.293661,-27.925133,-29.728622,-56.611324,-21.66538,-16.346106,-11.824188,-25.227629,-16.009518,-21.700537,-25.800589,-10.192837,-15.435175,-21.886566,-16.559864,-17.510048,-21.501936,-17.453238,-11.1440735,-14.548458,-21.423128,-17.361052,-16.303337,-21.457798,-29.289528,-19.655209
-21.163855,-20.817389,-20.38003,-30.960527,-21.645699,-24.205418,-31.367609,-31.849745,-59.3689,-20.390736,-17.318558,-18.307575,-20.393995,-20.795527,-14.201208,-19.309399,-10.421949,-11.319111,-15.67218,-17.070183,-28.404005,-18.137218,-10.47316,-14.924017,-21.071728,-19.245497,-18.326904,-22.118233,-20.238678,-26.096504,-21.744831
-19.791506,-16.373743,-20.453465,-19.550667,-20.002003,-23.987705,-19.862425,-31.41917,-65.45589,-25.90649,-20.471592,-19.775537,-18.029747,-24.34539,-16.64272,-17.287485,-16.81625,-13.685307,-15.425009,-19.574776,-23.445938,-16.777864,-9.229179,-15.254993,-14.667364,-19.025862,-19.246899,-22.37113,-18.595161,-26.61419,-20.104956
-22.436403,-19.053814,-27.517452,-18.017248,-23.44249,-26.201044,-20.26802,-30.427109,-64.68353,-27.298534,-26.843828,-24.182995,-17.536283,-19.867544,-19.288599,-18.79987,-21.25263,-20.485918,-20.818893,-22.712934,-23.26347,-22.014454,-10.264328,-17.924734,-13.612188,-31.307585,-23.52489,-19.015715,-21.437393,-25.585335,-28.126091
-20.872145,-20.89214,-21.940952,-18.345974,-16.665558,-24.596272,-23.192278,-29.277477,-67.80966,-22.831734,-25.993265,-19.066881,-16.961113,-16.219917,-13.098024,-17.469387,-23.03616,-19.593863,-23.171585,-21.41861,-19.368065,-17.674002,-6.674923,-21.18991,-19.265734,-22.419773,-21.359169,-18.137253,-23.00985,-24.51841,-29.730488
-26.064137,-27.955538,-24.091593,-22.150234,-15.609842,-21.97155,-21.257578,-29.943993,-65.9123,-23.328915,-22.814255,-17.18887,-14.710079,-16.830082,-20.075909,-15.158506,-21.51032,-20.34773,-31.992023,-27.36058,-24.057346,-16.756218,-11.180641,-18.726482,-28.82269,-20.182888,-25.266361,-22.41956,-20.790825,-36.606483,-27.00439
-32.23595,-21.95771,-23.505375,-21.944908,-18.790583,-17.947084,-16.95525,-29.687363,-67.7219,-20.25168,-21.623428,-19.939392,-17.606853,-17.519361,-19.430977,-17.801403,-17.317322,-14.322048,-31.512407,-19.59952,-18.57751,-13.587786,-17.624498,-16.80376,-20.172592,-19.544441,-28.385406,-30.086987,-24.91166,-28.108929,-21.742058
-32.203506,-28.522324,-23.091183,-17.89784,-22.334206,-26.618471,-21.016466,-33.30481,-57.925163,-18.532417,-22.163979,-20.56411,-22.753927,-18.644938,-21.066458,-23.342709,-19.130709,-12.101826,-14.241871,-14.41604,-22.007858,-23.773138,-23.408901,-21.277714,-17.694138,-20.397907,-27.17341,-26.312534,-28.25254,-23.449427,-20.391752
-26.148178,-26.923677,-25.676674,-16.895851,-26.109644,-28.450703,-24.633545,-39.039356,-52.24272,-17.017645,-21.142431,-28.321434,-19.645159,-24.303898,-20.661495,-16.780666,-21.011093,-16.581816,-8.889204,-14.75075,-21.822052,-22.417137,-26.11864,-16.66116,-16.91709,-21.703224,-24.037724,-28.211643,-24.320152,-17.865326,-20.825377
-24.153824,-23.91929,-22.780388,-24.379568,-24.397726,-26.092154,-17.32985,-47.540634,-60.237812,-21.830494,-20.594603,-28.438814,-26.264751,-29.184273,-24.138458,-17.475122,-17.624187,-19.263636,-12.389475,-13.480131,-16.130487,-22.416826,-23.316063,-20.399977,-16.534554,-23.82745,-26.548754,-24.147839,-21.831438,-18.703081,-21.79716
-25.670322,-23.400608,-23.56155,-17.914791,-20.117214,-21.387821,-15.749359,-45.026196,-65.25635,-20.884472,-20.801437,-30.264215,-22.307533,-35.24864,-19.235508,-17.655872,-23.68509,-19.533165,-20.222507,-15.183414,-17.624557,-25.748268,-23.241486,-15.972292,-21.034807,-23.310646,-27.331223,-24.077595,-26.448317,-23.902447,-28.584433
-30.496893,-26.803577,-23.565641,-14.946857,-20.293457,-19.367199,-18.044106,-37.449253,-57.99659,-16.487001,-20.367737,-27.802889,-24.08942,-31.309494,-15.632654,-19.476315,-24.28602,-24.794533,-18.923946,-23.338608,-26.478062,-28.032549,-29.18238,-18.87776,-17.923132,-24.24889,-29.101543,-23.990635,-27.23536,-25.934227,-23.886223
-30.352795,-28.060997,-21.141285,-19.39554,-18.074448,-18.217827,-18.163744,-35.410316,-62.689342,-18.215633,-16.040447,-24.471157,-31.728203,-25.675175,-18.771364,-21.844147,-28.730274,-22.51846,-21.535416,-23.724228,-28.990807,-23.418077,-30.14207,-22.465008,-21.002375,-33.508434,-31.394558,-25.423933,-30.840322,-23.773376,-19.752043
-34.70583,-28.25859,-21.647715,-21.92238,-16.146711,-19.268723,-14.972309,-34.609123,-67.12935,-21.28053,-17.62427,-21.771585,-23.295233,-24.577679,-25.080273,-26.642506,-25.43944,-20.947035,-18.564745,-29.876707,-27.242834,-23.677124,-24.85953,-17.787605,-25.130625,-31.872236,-27.787794,-23.709694,-24.949505,-26.107801,-19.790394
-30.563416,-30.718643,-26.7741,-21.710726,-21.465677,-23.735146,-23.812155,-36.178043,-66.432495,-21.512245,-31.064621,-24.610405,-23.198223,-24.192944,-26.789541,-21.370848,-24.330673,-27.979855,-17.3035,-30.522446,-22.562416,-23.256094,-22.990696,-19.184875,-25.610302,-25.297287,-20.947927,-26.515633,-25.871801,-23.353775,-21.697985
-29.344263,-25.047077,-25.021595,-23.816158,-26.431746,-24.001017,-27.526812,-36.45947,-66.10474,-23.48381,-27.19518,-21.419909,-21.15515,-17.971796,-20.490467,-20.86046,-21.060402,-20.091349,-13.966753,-25.33554,-24.903912,-20.237135,-24.419594,-20.921871,-22.262909,-22.891163,-17.012028,-31.281818,-24.833012,-28.364746,-24.158894
-25.930096,-25.13742,-22.861403,-26.768879,-32.101448,-27.246529,-21.549915,-35.486465,-63.694344,-26.113256,-19.076042,-22.906898,-20.265589,-23.545376,-21.132965,-21.454546,-20.134369,-26.205288,-19.215277,-20.912724,-25.915836,-17.784998,-22.358027,-18.573023,-24.241613,-18.877716,-19.986576,-24.783718,-26.267906,-34.381878,-17.311283
-22.070107,-25.330982,-18.64979,-20.720936,-27.12325,-26.4911,-19.798294,-33.74166,-67.03142,-21.670141,-16.201202,-22.790558,-20.613276,-18.570004,-20.640924,-21.995178,-20.851875,-27.805029,-19.891512,-22.35357,-25.893047,-22.454323,-24.880804,-19.34074,-22.018612,-19.090023,-24.268784,-21.442219,-27.320454,-26.76131,-14.548393
-24.092426,-22.393328,-18.873363,-20.16509,-24.4199,-25.996096,-26.73558,-34.53139,-52.300667,-20.408062,-21.061207,-23.495497,-29.78556,-20.76985,-22.228893,-23.4342,-21.244541,-25.614214,-22.38103,-20.298302,-26.480751,-27.69936,-27.597418,-19.807657,-21.396685,-23.229214,-28.576464,-30.72691,-26.525063,-27.72347,-18.608158
-29.755634,-26.01043,-21.803665,-21.716835,-28.855179,-30.947605,-26.717373,-33.392056,-46.63468,-22.757263,-23.279243,-22.671492,-30.65796,-30.628525,-25.86958,-27.786938,-22.85992,-27.548397,-24.112555,-22.624502,-24.47695,-31.170225,-22.382483,-18.589474,-23.485008,-23.44649,-26.819103,-36.83071,-26.946177,-23.59675,-18.744125
-25.101593,-22.433609,-20.380356,-19.667797,-33.492146,-24.529688,-19.846725,-32.61983,-53.696144,-25.70097,-22.928795,-19.348799,-24.92444,-28.749496,-22.64428,-29.091618,-27.49332,-21.612831,-17.709637,-20.97826,-28.795826,-27.328945,-25.394215,-22.61551,-17.719143,-21.635088,-21.524567,-28.371307,-21.576685,-19.431786,-18.280972
-24.409992,-19.47327,-25.783813,-23.284286,-29.71622,-24.668058,-18.253275,-34.124805,-64.82794,-28.101429,-20.086718,-27.36594,-23.490984,-20.862827,-24.59864,-27.130922,-23.033155,-22.281368,-22.187668,-27.436195,-21.600782,-24.46291,-25.542421,-24.303043,-18.741003,-24.805552,-28.007763,-22.138966,-24.508165,-23.34898,-26.122551
-27.493135,-21.51994,-27.335724,-16.946564,-25.243103,-30.366638,-19.703833,-38.824883,-60.205025,-25.579544,-21.44195,-31.9272,-24.7347,-23.074524,-21.801388,-17.566837,-27.230724,-22.572336,-22.700216,-26.709513,-19.878345,-28.84515,-22.721128,-22.77693,-17.55036,-30.415924,-33.150692,-24.626255,-26.920513,-25.347134,-24.321419
-29.419403,-31.645815,-24.709427,-15.197958,-20.925861,-27.366657,-27.06588,-45.524746,-64.30892,-26.444462,-26.219593,-33.34898,-23.582409,-22.677448,-19.692778,-15.495817,-23.96135,-27.31146,-23.438332,-22.822227,-23.705418,-30.636908,-22.292612,-17.18953,-21.280663,-33.190517,-28.453407,-25.280373,-27.217834,-21.324017,-25.033726
-28.179003,-27.86613,-31.662346,-21.25883,-24.666843,-21.81071,-21.723003,-35.316833,-66.48947,-29.220901,-21.085152,-27.79378,-23.35989,-19.26067,-24.725899,-20.956312,-22.16789,-27.099361,-25.931238,-23.161411,-25.629414,-25.8068,-27.002073,-19.153572,-25.966639,-25.232658,-28.752094,-27.201519,-24.017344,-23.004478,-23.672256
-33.892254,-27.101643,-29.21974,-17.428673,-28.864792,-18.460892,-20.127743,-28.337658,-63.91289,-26.872007,-23.511395,-25.0179,-23.093735,-19.436949,-30.754618,-20.253124,-25.157753,-25.67215,-27.785656,-25.261957,-27.398336,-25.232323,-27.323849,-19.901056,-27.72601,-20.129204,-29.614555,-21.23659,-22.828928,-28.305233,-25.787086
-31.144173,-25.936184,-22.886738,-22.565298,-20.38781,-17.817654,-25.289427,-25.081593,-56.31655,-21.150713,-22.97637,-21.404293,-28.300274,-23.977877,-26.570457,-18.526787,-25.812155,-25.8069,-22.471792,-24.898886,-21.177628,-21.262766,-21.874943,-19.199282,-19.183764,-15.965717,-28.112602,-20.328592,-23.501581,-22.763577,-24.71506
-24.495655,-23.939384,-26.8493,-18.931705,-21.759073,-16.285292,-27.353304,-24.793293,-43.98171,-18.772234,-18.842535,-23.033718,-25.764204,-31.432423,-24.526218,-25.193136,-28.275753,-29.98637,-20.055035,-22.870644,-19.403147,-17.32491,-17.184584,-22.59009,-17.852913,-18.543686,-29.586313,-22.844484,-21.471817,-19.785402,-22.956615
-23.49661,-25.135544,-23.857426,-18.472725,-19.586227,-21.025826,-25.120815,-14.251087,-14.78911,-19.544401,-18.439571,-27.169971,-22.253323,-30.113327,-24.763634,-25.754044,-23.449924,-21.281298,-15.0328865,-22.025414,-22.086174,-23.438263,-19.771858,-20.87758,-20.309908,-28.03247,-25.588078,-21.824532,-24.50956,-27.819466,-31.247614
-25.418514,-31.013597,-22.385635,-21.09296,-25.79677,-27.301546,-24.716305,-10.860142,-9.471703,-18.666279,-17.825638,-26.75158,-20.502169,-29.990156,-24.87449,-25.133135,-21.561808,-20.757486,-14.771303,-24.355988,-25.072903,-28.52885,-22.706886,-21.878418,-27.599504,-27.638567,-19.08391,-18.47947,-23.281633,-25.385817,-24.857727
-21.648602,-21.40997,-21.673067,-15.160337,-28.841465,-24.54625,-28.180298,-18.158867,-18.377691,-16.586777,-20.479069,-29.602097,-21.786976,-21.094854,-19.414154,-23.18848,-24.249195,-23.248363,-24.002008,-22.54368,-20.959427,-34.58723,-23.568512,-24.577223,-31.636887,-25.948248,-19.950132,-20.340332,-26.460014,-19.126812,-27.036312
-20.056324,-20.664135,-23.996208,-15.604727,-28.746855,-21.096834,-28.224281,-27.26054,-46.907772,-17.61153,-21.47894,-28.737558,-24.720812,-19.731636,-20.523964,-22.425058,-27.130209,-26.41567,-26.655203,-21.700771,-21.009523,-29.435585,-22.942373,-24.616741,-25.473028,-29.122053,-19.76131,-29.296865,-28.6861,-21.800987,-24.108852
-21.744534,-20.34973,-23.59112,-23.829685,-27.125954,-23.593544,-24.534847,-31.670809,-58.376305,-22.549456,-23.939293,-25.788782,-19.315886,-20.828695,-18.693989,-23.976406,-25.77685,-30.0281,-32.15805,-17.662617,-25.282673,-30.272636,-21.791721,-20.10795,-20.19751,-22.701765,-20.408804,-24.074024,-26.98231,-26.514158,-21.111525
-18.327301,-18.88321,-30.803017,-20.184196,-23.360111,-24.034931,-25.100819,-28.9349,-64.778114,-27.118664,-21.123106,-22.185162,-19.232414,-28.802961,-26.302916,-25.452133,-28.075838,-30.420727,-34.441277,-20.6743,-25.918106,-27.703588,-21.588226,-25.813986,-23.798761,-20.512268,-24.54649,-23.905396,-22.858624,-26.292736,-19.784876
-19.479624,-21.437408,-21.75847,-19.06078,-24.05621,-23.934181,-20.857126,-26.038357,-65.82277,-29.469196,-22.566671,-18.073528,-24.383738,-27.52064,-29.701664,-23.252327,-27.854465,-27.77497,-29.135176,-19.791897,-24.290462,-26.685913,-24.727951,-32.937763,-23.0113,-23.709572,-26.498383,-24.338625,-22.974598,-28.657116,-13.326633
-22.202688,-29.045685,-21.832811,-21.767593,-31.015518,-21.265692,-27.889511,-24.779045,-61.64514,-31.07774,-19.35708,-13.717438,-31.992027,-27.113853,-26.597126,-27.999084,-25.01604,-27.980436,-21.75941,-18.026245,-20.135605,-29.77615,-22.517937,-24.88956,-19.283504,-23.183994,-23.572992,-19.79075,-21.549282,-26.360802,-17.485725
-25.08818,-25.478355,-23.917068,-21.651539,-25.561714,-20.398275,-24.057465,-24.49921,-63.990288,-21.846087,-22.368452,-16.999092,-26.577353,-28.529835,-35.08194,-27.113884,-28.413504,-25.969448,-19.295145,-17.255127,-23.633541,-29.134762,-21.962368,-24.375668,-28.321575,-28.520426,-27.436203,-17.870487,-22.805048,-28.338932,-21.427422
-29.034222,-29.471746,-28.98156,-22.303398,-23.922241,-22.846725,-24.716059,-27.212833,-51.354355,-21.114885,-25.77525,-23.0458,-22.516264,-26.323639,-28.84179,-24.77577,-25.156015,-19.408503,-23.293327,-25.066105,-20.444996,-28.163294,-21.046894,-28.878044,-25.164068,-27.295546,-31.593426,-19.69712,-22.542482,-31.731071,-24.490234
-34.33556,-26.407684,-31.13467,-20.457338,-25.81542,-22.789448,-27.677444,-32.30004,-47.847584,-20.843122,-19.85303,-21.954027,-23.228954,-26.660816,-27.822468,-27.276684,-27.345577,-21.461372,-26.93172,-25.483387,-21.568737,-23.42324,-26.058334,-25.835718,-24.301218,-29.157875,-26.575876,-24.505085,-29.602285,-26.741163,-21.003372
-31.420517,-31.114773,-28.662771,-23.414223,-20.638391,-27.796577,-21.67894,-33.495728,-61.785927,-20.989933,-21.71034,-29.58424,-23.018955,-22.396627,-25.583954,-25.27826,-24.69922,-26.117325,-22.323324,-28.666615,-27.06179,-22.317842,-25.838055,-29.264797,-18.17715,-27.052034,-26.012613,-23.719969,-25.63462,-22.676275,-28.204863
-36.46859,-29.107626,-25.993263,-22.820366,-21.868465,-26.969955,-22.790108,-27.317795,-62.975105,-24.640392,-24.953842,-21.876965,-20.4546,-21.92995,-26.138195,-20.484406,-30.055557,-23.56311,-24.423527,-25.248234,-24.19659,-26.695065,-20.84963,-24.970566,-18.502909,-24.624958,-24.098549,-22.91006,-22.478016,-23.851585,-27.11792
-36.157608,-25.315031,-28.642958,-19.880606,-25.699389,-24.439854,-23.06653,-24.855045,-64.03144,-18.167377,-26.9338,-24.928497,-17.438223,-18.827929,-28.539093,-22.656458,-25.962837,-23.220196,-22.693296,-20.489246,-23.369251,-30.296783,-28.274715,-27.33913,-21.247326,-22.88509,-26.989868,-26.157059,-20.611311,-22.639206,-24.838905
-34.375813,-29.202635,-27.935045,-20.569923,-22.971449,-19.79296,-22.59688,-24.0489,-67.08258,-17.82698,-25.772875,-28.771748,-20.907087,-21.7061,-26.141865,-21.547928,-23.90544,-28.353437,-29.520401,-22.74617,-25.45708,-25.395765,-28.039942,-22.681744,-21.295855,-23.495623,-24.864908,-18.45988,-25.569698,-26.077951,-20.251762
-28.413551,-24.674488,-23.929092,-29.020258,-19.869534,-24.20926,-26.766294,-26.32305,-60.967323,-21.249289,-24.5923,-26.545528,-24.820541,-23.541273,-30.405537,-19.8966,-26.18715,-28.05665,-27.462337,-23.267204,-21.722649,-23.84267,-31.6211,-22.704702,-23.100925,-18.66782,-23.266584,-15.464237,-26.761936,-25.518421,-15.390102
-29.316204,-21.149384,-25.713192,-27.869938,-24.493937,-27.40542,-25.981476,-32.096657,-61.276558,-25.18372,-24.137447,-23.648628,-26.921581,-21.631504,-22.36488,-23.406454,-27.693815,-27.156076,-26.760891,-32.355614,-20.739086,-25.781055,-30.146,-30.281086,-27.698969,-23.049662,-26.039583,-23.548609,-25.97589,-19.348675,-13.983452
-30.216078,-25.914455,-25.901346,-17.28297,-26.879658,-24.017185,-25.72395,-40.157833,-56.951233,-25.493713,-27.951466,-23.675045,-23.241264,-25.701248,-19.477459,-26.948486,-21.736824,-22.392733,-33.290565,-30.433247,-16.92959,-24.656624,-24.825392,-27.13883,-34.180866,-28.552362,-28.541037,-30.880243,-24.308863,-18.098804,-14.263771
-28.338575,-25.945038,-34.300766,-17.749004,-26.619743,-21.900005,-23.053772,-37.843586,-54.34846,-26.110218,-29.397675,-24.194263,-24.570312,-27.486452,-22.76207,-26.063425,-24.419281,-24.45689,-27.351185,-28.070988,-21.66607,-24.875168,-18.488733,-21.030045,-29.032904,-24.350063,-23.454649,-33.81446,-22.595726,-20.871956,-21.649096
-28.367664,-24.236858,-28.456686,-20.59999,-28.663157,-22.936825,-19.799046,-42.25078,-64.81939,-23.442524,-27.055252,-21.388723,-27.698084,-24.859406,-27.805634,-19.068752,-23.852753,-26.809267,-25.742264,-23.836445,-24.172607,-22.746416,-21.39992,-20.665415,-26.147701,-16.934206,-23.574448,-26.329851,-22.815378,-21.01115,-24.838696
-25.96014,-29.482609,-19.737856,-17.847954,-28.393383,-24.575817,-24.989695,-32.03696,-61.102657,-21.022701,-26.583797,-19.667952,-27.79004,-22.825937,-30.490364,-25.3152,-25.06039,-21.084991,-23.072971,-22.476973,-23.096897,-21.684109,-22.667,-27.161682,-21.144924,-15.883759,-21.685421,-20.891413,-25.854307,-21.48327,-20.33248
-28.663647,-27.992193,-22.191895,-22.846775,-23.50099,-27.492363,-27.330185,-26.560482,-62.74051,-23.01633,-30.34061,-17.54888,-24.931114,-18.88242,-28.329493,-24.202465,-23.34982,-26.799782,-19.392683,-25.971828,-27.27401,-23.535675,-25.898872,-25.349005,-26.559471,-22.764412,-25.509151,-14.095058,-22.866352,-22.539083,-16.481163
-26.975061,-27.64423,-23.146957,-20.15399,-23.70568,-32.578682,-24.696972,-24.100918,-62.10717,-17.470385,-27.662653,-17.181265,-24.984829,-17.8778,-27.360287,-19.505745,-30.047327,-27.088427,-20.46111,-22.910772,-30.37755,-25.228748,-24.287022,-28.058962,-24.118967,-22.891993,-28.114286,-18.989737,-24.585464,-20.963608,-15.303745
-28.86091,-21.297344,-22.984528,-22.84848,-28.920414,-32.770775,-27.527142,-25.764984,-57.777336,-20.970608,-23.642527,-20.30634,-24.55185,-21.431961,-30.34248,-19.344946,-28.89373,-26.317268,-23.551456,-26.320976,-22.270554,-20.86792,-22.501022,-36.5253,-24.109089,-22.478783,-27.147621,-25.33966,-29.021416,-23.420925,-18.419977
-29.191357,-24.810583,-25.114922,-21.265133,-25.813072,-30.045416,-29.359318,-28.96582,-62.443672,-23.021366,-24.693289,-24.538937,-28.546692,-22.865692,-31.911364,-23.96059,-25.148281,-25.27017,-25.086945,-24.713997,-22.768682,-27.942028,-24.960426,-28.594814,-21.729488,-18.231495,-24.866518,-23.735954,-24.2687,-29.649635,-20.471613
-27.65193,-27.635315,-25.446033,-21.753855,-26.408901,-29.737793,-27.421318,-31.060013,-57.483784,-25.871475,-28.397385,-22.833118,-23.420925,-22.028852,-26.714783,-23.37183,-19.42123,-28.011879,-26.575901,-26.904997,-24.67248,-31.485792,-22.400621,-25.321484,-20.207855,-20.563093,-24.111126,-21.385582,-20.794748,-23.505497,-16.21149
-25.194824,-28.552267,-24.8497,-24.451942,-24.355263,-25.899689,-25.368164,-27.954622,-63.765846,-25.067787,-28.596024,-22.803524,-24.898739,-21.316757,-30.79119,-25.403149,-22.781107,-28.300392,-24.27782,-23.985193,-27.537548,-27.170607,-20.42924,-22.39187,-22.276901,-27.168365,-22.55641,-23.002062,-24.443459,-22.271744,-19.908577
-25.099386,-29.142582,-23.023449,-21.63023,-24.819633,-26.052444,-23.26743,-27.721478,-66.864395,-22.786362,-24.327536,-23.821218,-20.7441,-25.446503,-25.611378,-22.216501,-22.61258,-30.208994,-22.043205,-22.296532,-24.174377,-24.584986,-22.627092,-23.026173,-23.359825,-25.157703,-27.33864,-24.071907,-26.652658,-26.810135,-22.816628
-33.126022,-19.752796,-26.301456,-18.997328,-26.478449,-27.538452,-22.170437,-29.713558,-66.44043,-16.786003,-21.345282,-24.449448,-21.324987,-25.800999,-24.052858,-21.542717,-22.139309,-26.152662,-19.922153,-25.457253,-22.630648,-23.174633,-28.806778,-22.520237,-27.950531,-25.338003,-23.201653,-22.051214,-25.480618,-24.034481,-26.441841
-30.553791,-23.216694,-25.21059,-24.842936,-29.36648,-26.163742,-24.920933,-34.88421,-58.053547,-18.924227,-22.482048,-21.998867,-18.204235,-24.18528,-21.27359,-22.3895,-30.941795,-25.316715,-21.064325,-26.406742,-26.346401,-21.897505,-31.246513,-29.323963,-27.182909,-23.555634,-22.70115,-24.880337,-28.811708,-26.275394,-21.58577
-30.966368,-25.302277,-22.956068,-28.59079,-26.634983,-29.602438,-25.797266,-36.567425,-54.686234,-19.171974,-21.773954,-23.226665,-22.535711,-24.051159,-18.553938,-23.086578,-28.565525,-27.89306,-23.064962,-29.838177,-20.971659,-20.509865,-26.307928,-26.923101,-24.637684,-22.257763,-28.869465,-18.7184,-34.01016,-28.74221,-19.914968
-29.57746,-25.225666,-24.818462,-20.601177,-31.378521,-25.135036,-26.918554,-32.22996,-61.819214,-20.750883,-28.824778,-24.760197,-27.158264,-22.105827,-23.787256,-21.1065,-25.131168,-23.645761,-23.394894,-29.270487,-22.163568,-23.722834,-25.753136,-22.873304,-25.777706,-22.874136,-26.105331,-24.29663,-26.889248,-27.165716,-20.361584
-22.321423,-32.84514,-25.565903,-23.08437,-28.744795,-25.354605,-24.118183,-28.595984,-60.95416,-19.568102,-26.102375,-30.975746,-26.446903,-27.640848,-22.18099,-21.510078,-28.226908,-23.708364,-25.42498,-36.185394,-31.950382,-25.623901,-26.916851,-21.414923,-25.791454,-23.8017,-23.160643,-26.32885,-29.41935,-28.037724,-20.303802
-23.8415,-28.852314,-25.18063,-21.557827,-26.389387,-30.628128,-25.553963,-27.095654,-67.09544,-21.060896,-20.083996,-32.95648,-26.766907,-28.517548,-21.856792,-23.667768,-27.609486,-22.312075,-27.261206,-25.281319,-31.012291,-25.68458,-28.70244,-25.224178,-27.779009,-26.899502,-23.613964,-22.561573,-29.096766,-29.408485,-24.872799
-21.750013,-29.442131,-22.894125,-20.693068,-23.906523,-30.321177,-27.5569,-27.480818,-65.27127,-25.126781,-20.654533,-29.1232,-27.407913,-22.027403,-24.343716,-31.663307,-26.239542,-24.881443,-26.028833,-27.384665,-32.395126,-25.91227,-29.02826,-30.362827,-23.693438,-28.14949,-30.621172,-24.323328,-29.312346,-25.189491,-29.783808
-26.54013,-23.16858,-26.684204,-19.683056,-25.219368,-31.229172,-27.014317,-28.760315,-56.657906,-19.219082,-16.419418,-24.803087,-29.858982,-26.897758,-20.95761,-28.427229,-29.71524,-25.35947,-21.456377,-27.685738,-25.56868,-30.629604,-29.073746,-26.752172,-24.474777,-25.769636,-24.136818,-21.678097,-25.447868,-29.820898,-26.602787
-34.264538,-22.136822,-25.068773,-22.16699,-25.234905,-29.29668,-32.115704,-30.63939,-48.268898,-14.857075,-18.231377,-28.162369,-31.211256,-26.098362,-22.150303,-25.370907,-28.945782,-26.310978,-27.279552,-28.41845,-28.065693,-30.418016,-25.02483,-29.755077,-27.841423,-23.46007,-25.440231,-20.439919,-24.886581,-26.26602,-21.547977
-26.315105,-22.417648,-25.400229,-26.682005,-29.883713,-27.418606,-29.541729,-34.33059,-57.758656,-18.143057,-22.355482,-28.343266,-22.901438,-24.122032,-24.135603,-25.928947,-25.508036,-24.261065,-25.364468,-29.678446,-30.799873,-24.343203,-26.931229,-29.046568,-32.396267,-29.907104,-25.386742,-24.072252,-27.243921,-27.062622,-21.110703
-22.835182,-21.786427,-25.228104,-24.268238,-26.576385,-26.255604,-29.564316,-35.382553,-61.97863,-19.38288,-21.544586,-26.020634,-25.83766,-30.867994,-25.738964,-20.576025,-26.864054,-24.73732,-25.015835,-26.846346,-29.015553,-27.962914,-25.25085,-27.657349,-30.512829,-24.822615,-24.339302,-28.424065,-27.599531,-28.28275,-20.191235
-22.134798,-21.88593,-30.45259,-26.853584,-23.943745,-22.559877,-25.761656,-28.358467,-66.7457,-21.349588,-17.011505,-29.126446,-29.928513,-23.966825,-27.990252,-21.134413,-25.332588,-25.758017,-26.094769,-26.649267,-31.984156,-24.521227,-25.230036,-26.9615,-25.15098,-22.39227,-26.59336,-31.036865,-29.528353,-22.765268,-19.84827
-25.073692,-22.136135,-23.31692,-30.431253,-25.360115,-19.254591,-28.386055,-25.940613,-60.0581,-17.25866,-20.199625,-28.373924,-33.39435,-26.075436,-25.18658,-25.642555,-26.560753,-25.978865,-23.361893,-26.897041,-27.88853,-22.785892,-32.483208,-25.08789,-24.78107,-27.016329,-27.667532,-29.577839,-34.304935,-22.829561,-25.831856
-27.782276,-23.452347,-27.126987,-27.381105,-24.727047,-25.6598,-26.97879,-20.739979,-20.81636,-19.97082,-19.893822,-28.179611,-35.25685,-27.25327,-27.73927,-22.793259,-27.091875,-25.92913,-25.051544,-27.54132,-21.636415,-23.85147,-31.205376,-30.787088,-24.802832,-24.22366,-27.824171,-25.693985,-32.500637,-26.346586,-28.559479
-30.646046,-24.737564,-26.124077,-27.172377,-25.358402,-27.221308,-26.357243,-16.851692,-15.875847,-17.643114,-20.779898,-26.817379,-27.76076,-30.697426,-30.017445,-21.85955,-28.380009,-29.509977,-25.196438,-22.884148,-21.186104,-23.768244,-28.083939,-25.936913,-26.51267,-23.401516,-27.128458,-23.906078,-30.851309,-24.8176,-26.771683
-32.79503,-26.158913,-28.838474,-28.775593,-28.561419,-22.050499,-31.305443,-30.76258,-33.145157,-23.15596,-17.452766,-23.960606,-25.673155,-28.139347,-29.522419,-26.023708,-22.586031,-26.142374,-26.244423,-23.05634,-28.936222,-26.662006,-23.199944,-27.35482,-26.893938,-21.018759,-24.026016,-27.815775,-28.158009,-29.514452,-26.358105
-29.377218,-27.752087,-25.543802,-26.75938,-28.123425,-21.306166,-27.023775,-33.9983,-63.088013,-31.730572,-19.984798,-22.06792,-25.10823,-28.401974,-31.778692,-24.040459,-25.42107,-29.234356,-26.040203,-23.66534,-28.345337,-27.14415,-26.294361,-31.243942,-27.445026,-23.892275,-25.67602,-25.928291,-22.524565,-27.16005,-27.18052
-31.092392,-26.977911,-28.217045,-25.419758,-30.15226,-26.343042,-28.349836,-34.153812,-64.83073,-25.35437,-23.326096,-25.359003,-29.139484,-27.746925,-28.999962,-21.923658,-24.677036,-30.326792,-31.28608,-30.507309,-25.17956,-23.578146,-30.326567,-28.479969,-27.242657,-28.856531,-27.040564,-25.257593,-27.444122,-26.345486,-25.48134
-31.057709,-24.719341,-28.371256,-26.296854,-24.768959,-26.472027,-27.074512,-29.835,-61.251446,-25.680695,-21.975292,-23.638845,-25.970993,-25.34293,-29.293552,-24.350027,-27.30575,-27.332695,-33.41706,-27.168247,-24.421894,-25.784016,-34.55864,-30.209541,-24.112946,-28.97261,-30.548445,-23.43246,-31.623768,-26.601046,-22.668928
-36.48098,-26.284567,-29.82602,-26.608324,-28.322802,-26.501389,-24.833448,-27.70561,-49.386673,-24.76656,-23.497555,-23.253761,-24.425333,-27.173038,-27.385473,-33.454,-30.774809,-27.420525,-29.119698,-27.805876,-27.791489,-27.536457,-31.92821,-26.90575,-27.509089,-29.588654,-30.06094,-23.341576,-30.015842,-28.37883,-24.412565
-30.678274,-26.84707,-23.732906,-29.636234,-27.376179,-28.35348,-24.32662,-29.49327,-54.747566,-24.879768,-19.172308,-22.927458,-23.656616,-26.612679,-29.37262,-32.029083,-30.726921,-23.215153,-29.015038,-31.940096,-30.380905,-29.603058,-31.334757,-29.86584,-29.45425,-28.674377,-32.290543,-25.070776,-22.818193,-25.137133,-21.255613
-26.711864,-29.560532,-27.92086,-24.737572,-31.041016,-22.294222,-27.333254,-29.814857,-62.826576,-25.009384,-19.723051,-21.852448,-27.47867,-26.94588,-27.485178,-33.459496,-30.875607,-27.666016,-28.883411,-29.652912,-26.836174,-27.13493,-29.037018,-25.575779,-27.223572,-30.178595,-29.157337,-26.759563,-22.290773,-20.582405,-23.601116
-19.265676,-27.42891,-37.37344,-22.288303,-26.208721,-29.821157,-32.065277,-30.383457,-64.83763,-22.63789,-24.930542,-23.735966,-24.678352,-35.338783,-25.86502,-27.92652,-28.40741,-25.97491,-28.749704,-31.628471,-25.848457,-29.691212,-29.457607,-22.352287,-27.214596,-28.298435,-31.281181,-27.019009,-23.543919,-23.034859,-19.854166
-17.300276,-26.813696,-37.36366,-24.257832,-24.349274,-29.169907,-32.912212,-33.895596,-60.948555,-27.606174,-20.39243,-29.704016,-25.425758,-32.33629,-31.53014,-30.172329,-31.486862,-25.284576,-23.882742,-27.60718,-28.246101,-26.637308,-29.249027,-25.638435,-27.4225,-27.098806,-32.530502,-27.92133,-22.845932,-23.501621,-23.297092
-18.413021,-31.2601,-30.79003,-25.024261,-24.885147,-29.199394,-33.384506,-30.03298,-55.660927,-26.987629,-25.624306,-24.696201,-26.55324,-26.040066,-26.244629,-29.532898,-35.266823,-24.172953,-28.141947,-29.887726,-31.828644,-25.4003,-26.67372,-29.7049,-24.66946,-28.761982,-30.063995,-29.40467,-23.607523,-23.884268,-21.719666
-18.57237,-27.20509,-27.174013,-27.211056,-28.726767,-28.526155,-32.996346,-30.618357,-58.974617,-23.939812,-25.927387,-23.17986,-30.410725,-26.578735,-26.737783,-31.456085,-31.079884,-23.618658,-28.5308,-29.531418,-29.410606,-26.6483,-30.224413,-24.687609,-23.9207,-27.35008,-32.821426,-32.80775,-25.958467,-25.231203,-21.151245
-20.266996,-26.992771,-29.604156,-31.759823,-31.304897,-26.23645,-30.481745,-35.255875,-59.89983,-21.269693,-26.345463,-23.087252,-27.531107,-31.417637,-27.992922,-32.558384,-26.592447,-24.163391,-24.985226,-24.738552,-28.224234,-29.439537,-33.43297,-26.399382,-31.113266,-27.541758,-31.729992,-28.851452,-23.409618,-24.966867,-30.869646
-23.935158,-32.109528,-29.81785,-30.802624,-33.758053,-28.099234,-29.088404,-31.978828,-61.483276,-23.056614,-22.40936,-25.412067,-25.725513,-27.326216,-31.266659,-28.465014,-27.827946,-28.477798,-26.470121,-26.617022,-31.44757,-29.940817,-27.720943,-26.39438,-32.616787,-30.525389,-26.298103,-27.425556,-24.294548,-24.69652,-29.814728
-31.787405,-29.49995,-29.465527,-29.926735,-33.17443,-25.396584,-33.83476,-31.976168,-59.50168,-24.903101,-22.800179,-28.496403,-28.527353,-28.516684,-28.739658,-26.575785,-32.664528,-29.726618,-26.52457,-27.81219,-32.305843,-26.660961,-27.250633,-29.05627,-31.363655,-28.449623,-30.833744,-25.992111,-28.261187,-26.750217,-27.897926
-34.695107,-29.466335,-30.142311,-25.050396,-32.474586,-30.108055,-27.903103,-36.002586,-58.59407,-20.250347,-22.361893,-28.739473,-32.1039,-28.741373,-29.652552,-29.140015,-31.279419,-34.093094,-31.130608,-27.129885,-33.868385,-29.771297,-27.499348,-30.876486,-29.292324,-27.71474,-32.750935,-21.53035,-25.82385,-28.016434,-21.083233
-30.309221,-25.807343,-31.408218,-24.435518,-27.167423,-30.972893,-24.027704,-43.194275,-64.28567,-23.915926,-24.857594,-33.855347,-26.895283,-29.478905,-29.917603,-29.056429,-27.934288,-33.359066,-25.48357,-27.618885,-34.679214,-31.52457,-32.63712,-28.819508,-28.920424,-35.35306,-32.313072,-24.687967,-27.333256,-29.363626,-21.80975
-22.298265,-27.536617,-27.628489,-25.153143,-27.573189,-30.762371,-24.852499,-36.962635,-66.09072,-27.546146,-24.043497,-30.088854,-27.472334,-25.921997,-29.356823,-36.633457,-26.151867,-31.80524,-27.26217,-29.784622,-30.0915,-29.12067,-31.46288,-32.45865,-30.295275,-30.301447,-38.919365,-25.281475,-27.931068,-28.763199,-29.709232
-21.150257,-25.823082,-29.13332,-28.093763,-27.00487,-28.210747,-26.72741,-32.91161,-56.125175,-25.764221,-26.850826,-30.639187,-26.35921,-28.291618,-28.15768,-28.61788,-28.49833,-30.208458,-29.411688,-26.739618,-27.383549,-30.790663,-30.487793,-31.656355,-27.535866,-29.738213,-32.492474,-26.22171,-26.551174,-32.694614,-25.01816
-25.411015,-27.448956,-29.295853,-26.561451,-30.824451,-29.553442,-29.27089,-33.978752,-58.644554,-25.153698,-28.08142,-32.238605,-25.350021,-34.155834,-30.199799,-28.412022,-25.814928,-26.444935,-32.567524,-28.003824,-23.797611,-32.012283,-24.470274,-30.459,-28.321768,-28.793861,-28.858097,-28.350998,-26.115551,-30.210028,-25.371078
-24.173023,-33.987347,-27.239832,-27.070827,-26.964138,-27.039246,-26.169748,-37.467327,-62.084846,-29.750584,-31.874004,-28.50562,-28.688997,-27.513695,-29.68945,-30.494064,-29.119938,-26.739178,-26.592411,-30.058424,-26.007172,-29.137384,-25.07724,-25.661676,-31.120949,-31.57123,-31.482517,-28.100737,-31.543762,-27.4474,-25.049187
-25.49966,-32.127045,-27.213179,-29.256609,-31.079985,-31.340538,-31.543736,-37.25084,-66.39139,-26.311222,-29.821325,-28.91124,-29.36821,-27.347267,-29.437092,-31.122902,-31.40844,-30.041752,-26.83742,-29.223007,-28.723902,-27.37468,-28.048876,-25.398016,-29.687122,-31.277952,-27.671743,-24.189934,-32.80027,-30.682636,-22.701786
-25.765598,-28.816702,-26.58094,-32.77233,-33.70622,-30.323505,-30.81152,-40.055298,-52.77815,-25.839054,-25.955486,-28.639648,-29.688957,-32.83155,-28.04752,-25.92707,-30.350025,-27.17968,-28.922136,-26.819147,-32.12423,-29.018972,-32.78263,-25.282558,-30.483688,-31.528265,-27.02466,-25.750336,-33.08104,-28.90987,-25.099411
-31.987038,-27.006847,-29.36408,-27.902512,-35.150494,-27.688568,-28.168777,-34.37947,-51.02959,-25.71264,-28.909813,-33.427197,-29.285452,-31.990974,-26.506855,-24.483318,-29.986805,-29.13074,-26.678917,-28.325842,-29.531143,-27.486048,-27.83186,-29.961319,-28.303839,-31.282816,-31.587461,-32.106472,-29.644772,-29.478275,-26.564049
-30.224373,-26.209188,-29.41513,-26.017668,-31.530594,-29.45164,-31.410952,-31.215546,-62.40988,-27.396137,-33.51039,-31.69901,-29.444437,-28.32697,-27.956587,-36.930756,-29.00374,-25.944399,-31.135159,-33.569443,-28.41528,-31.135347,-25.81363,-32.18209,-30.98904,-27.481325,-29.409801,-28.29628,-32.201927,-27.276022,-29.170147
-32.883842,-26.019615,-32.985615,-25.446247,-31.295744,-32.642498,-34.134083,-34.127445,-65.42821,-28.270504,-30.730965,-29.252174,-32.620106,-25.458593,-27.196812,-29.482807,-28.505196,-29.086182,-28.774496,-33.84092,-26.609028,-30.120924,-25.753687,-28.909134,-34.014774,-30.399834,-31.779694,-28.1909,-35.69074,-27.091751,-25.172157
-32.425602,-26.542421,-25.531445,-28.211988,-32.16578,-33.521164,-35.577103,-24.938848,-24.349838,-28.320972,-26.698784,-27.596428,-31.354382,-26.738857,-27.083897,-28.135498,-32.817665,-32.12429,-31.559374,-30.484877,-28.5505,-27.543983,-30.452429,-30.483023,-31.798124,-25.361904,-33.62313,-28.4764,-33.297653,-29.028822,-30.770424
-32.234447,-36.014126,-29.932415,-26.920319,-29.883095,-34.46571,-30.80268,-21.055113,-20.511223,-21.129154,-29.899761,-30.797668,-30.52755,-29.356678,-28.595577,-31.602343,-31.738533,-26.142796,-30.707708,-27.352987,-28.240242,-31.337376,-28.057367,-28.876415,-32.47558,-28.141045,-28.707188,-26.982948,-36.08102,-27.323944,-36.699184
-31.301765,-33.068356,-29.974009,-28.017614,-33.16791,-30.955605,-32.278584,-32.759644,-58.61845,-27.595339,-29.075039,-29.310886,-30.001148,-28.272854,-35.78584,-31.11009,-31.941786,-26.866232,-30.913,-27.830055,-27.344574,-31.08974,-27.647785,-26.048416,-30.27986,-30.585629,-29.546175,-28.60205,-29.09679,-29.619278,-28.998623
-34.572155,-30.71809,-28.364546,-27.848993,-29.84053,-30.83288,-30.40462,-42.63348,-64.5218,-29.527271,-27.823425,-28.032234,-27.372368,-29.838173,-29.155437,-28.634895,-35.338642,-28.95731,-29.322445,-34.702522,-28.965837,-28.32388,-29.752234,-29.11882,-31.62082,-28.298512,-29.551762,-30.414042,-28.021204,-28.984558,-29.544811
-36.085182,-28.829683,-30.888054,-25.715101,-31.961899,-33.5104,-27.952923,-36.161026,-53.560284,-31.736172,-29.600266,-30.68161,-28.348703,-33.17283,-26.851355,-25.199783,-33.194576,-31.981049,-31.958569,-31.599247,-31.594034,-29.49069,-31.807945,-31.14561,-28.883305,-31.89086,-31.772783,-25.254387,-31.520247,-33.618164,-28.112505
-39.645863,-30.010798,-35.554325,-26.448826,-30.690922,-27.234617,-28.489862,-36.48462,-51.725277,-31.153265,-27.239632,-29.762276,-27.018837,-30.822353,-27.42508,-28.425291,-36.09616,-27.488522,-29.786861,-29.801989,-31.071209,-29.169436,-30.554771,-34.85552,-32.744144,-32.04888,-28.958736,-28.661137,-29.177853,-29.971783,-30.268501
-33.143333,-31.660679,-32.510605,-35.369564,-33.33167,-30.789177,-29.068192,-44.532085,-63.05506,-25.543762,-29.002142,-27.917854,-34.039177,-31.8984,-29.488914,-27.972445,-31.208157,-29.58974,-26.408424,-30.0593,-33.81151,-30.66886,-27.696346,-32.00555,-28.506008,-29.64233,-28.508623,-28.896832,-30.353046,-29.732471,-27.520264
-34.70453,-32.210503,-30.756231,-30.884554,-38.4741,-32.692005,-31.400528,-47.81357,-62.52515,-26.629745,-33.437553,-29.17609,-28.621021,-33.38882,-31.04315,-30.469788,-31.027128,-30.272774,-32.221107,-33.032345,-32.808952,-32.10985,-29.096169,-29.047302,-27.345348,-30.674911,-30.481373,-32.531548,-31.602892,-30.003197,-28.454746
-34.244617,-31.988976,-30.545826,-31.13014,-37.209034,-32.81056,-35.272575,-41.17813,-56.90535,-34.007065,-29.126335,-26.659035,-29.605892,-31.730938,-34.88165,-27.765827,-31.990414,-32.796143,-31.603416,-28.743504,-31.101807,-28.71199,-29.864319,-29.7943,-32.929775,-31.698345,-34.694458,-31.27544,-30.007885,-31.302197,-27.856094
-32.572918,-32.312805,-30.40444,-32.186375,-28.855103,-32.985092,-33.516197,-38.314533,-58.176697,-32.681587,-30.774563,-28.245537,-33.201534,-34.155323,-33.196728,-33.82801,-29.137268,-29.85852,-30.96104,-28.860748,-31.020687,-30.448803,-30.872187,-30.432728,-31.222597,-29.770052,-33.56332,-29.01646,-28.317743,-30.15903,-26.225521
-35.513504,-32.719673,-28.554852,-29.792805,-29.39211,-32.900173,-29.993502,-37.728733,-59.899742,-35.750504,-29.510693,-29.846571,-31.701012,-30.641502,-32.884735,-32.196346,-29.603794,-29.616936,-27.804451,-29.467598,-28.509638,-31.328218,-34.958794,-29.36269,-30.657917,-30.924515,-30.35059,-30.88198,-29.477009,-26.666,-27.988073
-33.361794,-36.930492,-34.45552,-31.598766,-31.866755,-29.760752,-30.650404,-38.85894,-59.502007,-29.498753,-26.85162,-29.112835,-31.489563,-33.829666,-33.601368,-32.332745,-30.95769,-31.345337,-34.662617,-30.48548,-31.24591,-32.86291,-27.900053,-30.730434,-30.847313,-32.372948,-33.49844,-33.52425,-30.088326,-26.550713,-27.019363
-33.120377,-31.837105,-36.405514,-29.638958,-32.5661,-30.43151,-30.381886,-40.992626,-59.385597,-29.93967,-27.816751,-26.04729,-36.144085,-33.03868,-34.698933,-31.113243,-30.153614,-30.983517,-33.422512,-32.622334,-31.32973,-31.136929,-29.626465,-27.692513,-30.91397,-29.966911,-33.510765,-32.032707,-32.607506,-30.135933,-27.335205
-34.55668,-31.473772,-31.953047,-29.140188,-30.973036,-30.88367,-34.578217,-40.0931,-64.86059,-33.43921,-31.87426,-28.713512,-33.354465,-30.803497,-33.4162,-31.830198,-29.647146,-33.358257,-33.523308,-33.50649,-32.855118,-35.163803,-33.001503,-31.700493,-34.02077,-31.361408,-30.007774,-35.643196,-28.835798,-30.573032,-26.225388
-35.311607,-34.918964,-31.228754,-30.121307,-32.69056,-37.050762,-34.097595,-42.000645,-57.601387,-28.686443,-28.702942,-28.985802,-34.135338,-30.659664,-34.470028,-30.15139,-30.03296,-34.108192,-33.24802,-34.266373,-36.894836,-33.094032,-30.417034,-33.019203,-31.874039,-28.947716,-30.058346,-29.089573,-31.680408,-29.675718,-27.466091
-30.034647,-36.039314,-33.02838,-30.90612,-30.60527,-34.649902,-33.791103,-47.42315,-58.57723,-31.931461,-26.385378,-33.360287,-32.78181,-28.269352,-32.909958,-28.388536,-31.438063,-30.82196,-33.499744,-33.573196,-29.540764,-32.66224,-32.048103,-32.574444,-31.544197,-27.71542,-30.256622,-28.926899,-33.84223,-31.522537,-30.332386
-28.350204,-32.718525,-30.884232,-32.3884,-31.849735,-30.304672,-34.883938,-45.408752,-64.061264,-33.939346,-28.545202,-29.657948,-30.610256,-32.124954,-33.77372,-32.811478,-28.2197,-30.684208,-30.228146,-31.15044,-28.68699,-28.506195,-29.963928,-30.43466,-35.462227,-28.210705,-29.862577,-28.057026,-30.045141,-31.095879,-30.713316
-28.689346,-30.746521,-30.604866,-32.404438,-33.23116,-33.259186,-33.286823,-47.28061,-54.35677,-39.499054,-26.293325,-30.294216,-32.61786,-31.34412,-31.41978,-33.75218,-31.924694,-31.571861,-32.11901,-27.52644,-31.881445,-30.596794,-31.384243,-30.44178,-36.716156,-30.99879,-28.655392,-32.548393,-30.889107,-30.257837,-28.778078
-29.880661,-34.23087,-30.367245,-27.292938,-34.4429,-30.559553,-31.913418,-46.190956,-51.738464,-35.468575,-30.080679,-33.61176,-34.072563,-34.159286,-29.41108,-32.077305,-34.058796,-33.181946,-31.735329,-31.400427,-28.955347,-29.10508,-30.591284,-30.111729,-30.711082,-33.735046,-32.462288,-34.21026,-32.132683,-32.11002,-32.026367
-26.210861,-32.203342,-31.951536,-30.28344,-34.666092,-31.853811,-32.315674,-42.765312,-63.653893,-34.79842,-29.11,-34.22805,-32.618843,-32.76357,-28.970001,-31.065464,-31.877419,-32.4629,-30.52737,-35.606922,-33.926594,-30.184515,-32.96604,-29.573555,-28.06487,-31.153025,-32.687416,-32.182377,-30.197372,-30.015097,-37.407745
-31.421885,-32.429802,-33.252968,-28.732409,-29.995554,-29.708279,-29.922958,-29.673923,-29.851192,-29.311808,-32.170647,-31.592058,-30.709347,-31.656628,-29.682743,-28.4312,-32.10369,-30.314022,-29.897432,-32.011715,-32.892773,-31.699646,-32.51233,-34.593117,-30.636688,-31.812954,-35.496532,-31.666164,-31.031054,-32.99844,-29.946936
-33.650204,-31.545336,-33.525227,-31.704449,-33.365517,-31.927313,-30.905647,-23.977016,-23.156597,-26.913954,-32.323036,-33.65921,-32.45369,-31.045658,-32.470177,-33.028732,-36.63104,-30.355913,-33.009716,-30.569263,-36.342243,-34.593895,-34.35882,-30.543503,-31.708378,-29.366852,-36.60062,-33.851173,-30.435474,-36.382057,-31.361454
-32.268932,-30.418447,-33.609245,-30.549782,-34.6687,-33.487034,-29.382282,-35.08278,-50.248116,-34.76023,-27.150398,-34.13864,-32.42845,-35.831947,-32.40723,-32.02911,-33.596287,-29.314898,-29.425804,-31.43472,-34.306046,-33.020756,-34.68257,-31.797874,-31.1613,-32.50972,-33.562344,-34.301437,-31.126892,-31.962503,-32.28609
-39.540413,-33.197197,-30.435345,-33.3461,-35.357056,-30.55764,-31.725325,-34.91764,-58.533844,-30.110596,-29.859783,-32.884773,-33.336056,-35.075592,-33.940693,-33.46903,-31.78153,-31.097427,-32.91082,-36.09458,-32.32435,-29.510195,-34.16774,-32.186108,-29.6377,-34.006535,-29.898613,-31.829811,-34.908333,-33.413326,-30.71555
-35.030697,-32.87652,-31.605251,-33.50402,-34.6364,-33.20205,-30.831932,-37.201523,-51.343693,-29.945648,-29.83556,-30.595758,-34.599247,-36.10332,-33.391693,-31.256943,-33.578655,-36.178875,-33.755688,-35.954086,-32.690243,-32.089497,-32.275547,-35.509007,-34.42922,-31.947237,-32.444206,-32.662056,-33.977165,-32.386276,-29.80525
-35.84464,-29.71143,-33.0484,-31.67934,-30.683723,-34.47167,-33.68423,-37.7631,-62.644432,-30.893429,-33.459244,-35.073814,-33.44464,-31.811852,-29.783165,-30.144875,-33.53653,-32.925117,-36.486576,-30.365515,-34.003445,-30.815796,-31.780834,-32.761272,-29.586365,-34.60349,-31.451546,-33.327827,-33.29946,-31.91443,-29.358944
-35.571693,-30.14021,-34.031677,-30.127777,-32.472622,-31.473564,-35.842007,-40.740993,-60.33571,-29.586424,-30.137543,-35.273026,-32.092655,-36.314205,-31.974506,-30.305218,-30.423143,-30.980759,-33.879684,-31.989101,-31.488213,-30.98163,-35.26774,-31.664131,-32.571484,-35.088425,-30.214548,-31.737682,-32.54895,-32.087795,-31.618359
-35.435635,-32.40867,-32.762283,-27.717138,-34.402645,-31.911617,-35.706776,-39.657608,-56.789394,-30.983559,-29.858969,-30.886856,-30.768778,-33.673027,-30.217999,-31.98449,-33.594044,-31.554916,-30.847477,-33.42482,-33.968742,-31.65542,-38.565567,-32.852047,-31.88249,-33.393635,-31.79172,-30.766935,-37.302536,-30.576927,-30.693424
-32.259453,-34.65458,-32.772263,-31.93457,-33.882393,-31.487188,-34.9516,-37.00652,-58.557816,-28.323578,-30.592918,-28.902515,-34.592743,-31.487959,-31.284779,-35.032726,-35.484898,-32.72368,-32.136665,-33.868332,-34.1902,-33.00652,-35.396797,-32.54815,-34.436188,-31.459106,-35.014908,-32.682705,-34.921455,-30.387463,-32.809837
-31.782238,-31.476603,-32.337273,-35.844437,-31.020424,-31.9922,-30.077477,-39.85044,-59.52282,-30.65593,-30.400696,-30.17411,-32.702126,-30.502914,-35.549126,-34.276585,-38.407543,-34.688454,-30.413353,-32.73649,-31.20109,-31.904667,-32.477283,-34.178463,-30.00293,-31.40848,-34.57576,-29.856241,-32.734516,-31.612196,-32.09387
-35.39603,-30.943233,-30.206747,-30.953636,-32.98745,-31.947514,-32.91433,-39.237312,-60.67058,-30.341236,-28.07146,-29.735596,-38.386555,-32.46308,-34.77753,-32.698086,-33.149937,-30.80783,-32.26986,-27.874578,-32.143646,-35.64218,-32.59515,-34.13013,-31.693647,-31.042238,-32.664715,-30.460922,-36.112114,-33.07693,-33.232323
-33.558846,-36.974606,-32.993755,-30.03441,-35.639576,-33.025116,-37.638664,-41.937614,-59.91355,-32.748962,-31.978773,-32.407516,-37.320446,-33.80416,-33.939934,-35.930176,-34.691765,-30.67071,-32.8974,-32.756287,-34.18346,-33.549507,-30.038551,-36.230637,-35.437786,-32.8233,-31.21857,-32.096825,-30.908527,-34.155586,-31.004076
-34.743137,-34.36433,-32.903973,-30.121962,-32.96035,-33.457287,-35.85651,-46.57504,-57.873863,-32.550552,-34.994133,-33.54097,-34.03351,-35.3518,-35.621887,-35.272484,-34.35612,-34.773544,-31.874098,-35.79685,-32.03857,-35.22566,-31.067776,-34.37812,-33.838707,-32.39809,-34.090725,-32.61321,-31.704796,-32.969673,-28.047108
-36.188507,-31.582508,-31.795898,-32.11245,-32.554306,-35.55127,-31.420006,-46.914284,-63.89083,-28.852013,-30.581417,-34.361977,-31.517654,-34.785843,-36.313805,-30.72313,-38.291653,-32.011536,-34.80713,-31.457504,-29.491188,-35.25396,-34.30983,-37.31631,-33.87358,-30.747309,-34.53207,-33.22422,-35.322914,-36.762917,-30.870604
-35.518925,-34.492443,-33.59468,-34.469326,-36.75833,-31.886255,-33.661346,-38.266384,-52.349625,-29.509655,-32.62605,-36.26568,-35.67525,-34.69674,-33.75541,-31.455917,-34.748283,-32.82174,-30.220608,-30.382132,-32.69211,-35.033722,-33.932934,-36.81345,-32.64535,-34.33581,-33.174133,-32.221287,-36.24036,-31.32037,-32.656326
-34.45334,-31.271597,-34.16677,-34.045494,-32.857517,-33.188526,-31.61759,-38.10138,-55.399445,-31.524073,-32.3803,-34.423893,-35.194683,-32.38263,-35.688072,-33.830128,-34.428852,-30.084627,-30.740904,-35.258427,-32.499146,-37.01978,-33.416122,-36.54764,-34.72782,-32.1496,-36.498142,-34.860836,-34.127213,-30.697428,-30.913162
-38.06009,-32.26352,-33.142838,-33.445362,-35.48275,-33.411545,-34.053825,-34.372993,-34.296173,-30.875963,-30.262894,-37.378033,-35.89983,-34.1531,-37.21642,-34.213284,-34.658916,-29.87252,-35.57134,-34.61045,-33.517696,-34.59992,-34.763504,-34.133293,-29.571083,-33.24945,-36.56844,-33.060387,-33.5476,-34.870155,-30.884495
-34.98118,-36.713055,-30.19629,-33.652023,-32.677578,-33.122322,-35.31022,-25.763098,-25.515598,-28.012238,-31.797077,-29.942518,-34.775444,-37.263638,-35.334457,-33.37225,-34.50626,-33.5969,-37.89213,-34.355,-33.754356,-34.009014,-34.69348,-30.047302,-31.471336,-33.59388,-34.25226,-35.79925,-32.95403,-31.608316,-30.293247
-33.332745,-34.923515,-34.024628,-31.298872,-34.49791,-34.344658,-35.078766,-36.872257,-47.585884,-30.85232,-34.3024,-31.021086,-34.42048,-34.397995,-35.249283,-31.067238,-36.62287,-34.443336,-32.754654,-34.50994,-32.57549,-33.31778,-35.95646,-30.634426,-32.75049,-35.16663,-34.84007,-32.58643,-35.322357,-32.076744,-32.893787
-41.967026,-32.76033,-37.521,-28.424423,-35.459457,-34.072002,-36.93606,-43.106155,-53.678253,-32.104,-32.973186,-34.717857,-33.25875,-33.039505,-32.722767,-31.351952,-36.470177,-33.484344,-32.43848,-36.28076,-34.61335,-32.95188,-33.945465,-33.086094,-32.464314,-33.623383,-38.065887,-34.208122,-36.19608,-37.290573,-32.47775
-41.146908,-33.92289,-37.979153,-30.900173,-34.478012,-31.680399,-34.22836,-48.66627,-55.138237,-33.905434,-32.382484,-34.09872,-35.295692,-32.95561,-33.98098,-32.083862,-39.87726,-34.09983,-35.78265,-34.81351,-32.778736,-32.734047,-38.11845,-36.580963,-31.018658,-32.582893,-35.31358,-33.85702,-36.495834,-35.202446,-32.45937
-36.41591,-34.786205,-32.53086,-36.856518,-35.782875,-34.52706,-33.16276,-41.70514,-60.896896,-30.186937,-34.93727,-34.909,-33.525986,-34.344612,-35.842007,-35.02554,-35.912952,-34.278557,-35.351368,-37.534363,-35.478,-36.48563,-34.07722,-34.089268,-36.91374,-31.092464,-37.97289,-32.354073,-32.616962,-34.154552,-32.31243
-33.16839,-34.841866,-36.553795,-32.716114,-33.109726,-37.511646,-32.906494,-42.041496,-56.724457,-30.963758,-33.503414,-36.55565,-32.057552,-34.880287,-34.505146,-34.775604,-34.403244,-33.59524,-31.999619,-36.147903,-34.176735,-34.16383,-36.755802,-33.549206,-37.605396,-35.823704,-40.157223,-35.097748,-37.158504,-32.61156,-31.635342
-35.25038,-35.962467,-36.183517,-33.729904,-32.734936,-35.72208,-34.295963,-38.794334,-58.306805,-33.288986,-34.216278,-33.1748,-34.602005,-35.23172,-33.188263,-37.21705,-34.66769,-34.47651,-34.01561,-37.247654,-37.28713,-32.77687,-34.29378,-31.999197,-33.87391,-36.671833,-36.728897,-33.024784,-38.663864,-33.34936,-29.797401
-37.652046,-35.166447,-35.186855,-32.54302,-34.89919,-35.797554,-35.466652,-37.920555,-59.57926,-31.91017,-33.030937,-34.145466,-35.86085,-34.14702,-34.7179,-34.007996,-31.336832,-32.4574,-34.987072,-35.196404,-35.59315,-33.503635,-31.980291,-32.371624,-32.13375,-39.08168,-33.84986,-34.378708,-33.626617,-34.028057,-33.045155
-34.61439,-36.354702,-32.104904,-35.658684,-36.603825,-31.651377,-34.445362,-42.798668,-60.64611,-32.17835,-34.324272,-35.52212,-36.268265,-35.02475,-37.084896,-33.4774,-34.434944,-39.001156,-33.66674,-33.592278,-31.300457,-31.68158,-34.757694,-34.982037,-35.356407,-39.00123,-32.039345,-33.531284,-31.657858,-33.245712,-30.727953
-35.393417,-34.493958,-34.663277,-32.838657,-35.391945,-33.174694,-35.97978,-39.888306,-57.734535,-33.733257,-33.38639,-32.57017,-34.930122,-33.752476,-36.032734,-33.002712,-37.308807,-37.53009,-35.59367,-39.40504,-35.2707,-32.734035,-32.25394,-35.899754,-34.823288,-36.70391,-37.858986,-32.936207,-35.277584,-33.647797,-35.0309
-37.675602,-36.7235,-34.551895,-33.303127,-35.10367,-35.86837,-34.922768,-38.940834,-63.31409,-33.480366,-32.28249,-32.031124,-32.81225,-35.80934,-35.87149,-34.607418,-37.453674,-33.985096,-35.5724,-36.649464,-34.50184,-33.765205,-32.298035,-37.139217,-34.95985,-37.617012,-38.838154,-32.180973,-36.759735,-34.090137,-31.892761
-35.161312,-35.57175,-34.519547,-36.41036,-34.69748,-34.142902,-37.079365,-43.908466,-51.923965,-33.71706,-31.558746,-32.240852,-30.184649,-36.878338,-38.451275,-33.46128,-34.139812,-31.454432,-32.677734,-34.415077,-33.50079,-33.81075,-31.606798,-35.20848,-31.973967,-33.054256,-34.785046,-35.0043,-35.256874,-32.42926,-32.30361
-30.824646,-34.489468,-39.351543,-33.462685,-33.73224,-37.03463,-36.063995,-44.886497,-59.959625,-35.176716,-34.106987,-33.404583,-33.690952,-33.155106,-37.86364,-32.446968,-32.54799,-36.446987,-35.56998,-36.613384,-36.27325,-34.329727,-33.409325,-35.676014,-35.185307,-37.579704,-36.49579,-35.791214,-36.154045,-34.947525,-33.058044
-37.420704,-37.280422,-34.96136,-35.99017,-34.66359,-35.00372,-36.654396,-28.8555,-28.470612,-30.941446,-38.46528,-36.00779,-35.76975,-36.05117,-40.22233,-34.612267,-32.408783,-37.282787,-38.781918,-33.284412,-36.29998,-37.25515,-39.34838,-33.180954,-34.430164,-35.85649,-35.88286,-34.828133,-36.454304,-34.292908,-30.233965
-39.09562,-36.271,-33.149582,-36.35176,-34.98515,-37.152325,-35.397144,-33.545326,-33.02183,-31.336317,-30.920645,-33.024815,-36.65055,-34.244823,-37.895195,-37.887577,-37.0687,-33.543934,-37.957054,-35.95914,-34.85033,-33.817017,-35.26708,-33.288017,-30.94033,-37.46195,-34.979214,-34.286583,-34.575615,-34.885483,-36.8379
-36.701797,-38.761623,-35.73715,-35.66367,-37.81821,-37.89083,-35.167133,-43.331997,-54.355175,-35.108253,-32.159813,-32.883545,-38.875618,-33.948868,-35.898277,-31.890606,-33.873074,-36.31342,-37.54458,-36.23542,-32.336548,-36.554546,-35.73191,-34.895714,-31.946299,-35.197834,-38.0539,-37.16884,-35.34409,-35.75891,-35.266586
-38.37037,-37.32141,-37.020203,-37.246582,-35.395367,-37.650566,-34.233612,-41.64808,-55.769737,-39.441505,-34.07422,-35.61381,-35.072277,-36.16325,-34.341137,-33.091537,-35.839794,-34.78308,-33.078667,-35.141056,-32.705116,-34.896538,-36.874397,-33.27646,-36.552433,-34.72833,-35.74601,-34.674805,-34.94632,-37.280884,-35.759815
-40.72236,-39.91377,-38.1522,-36.719154,-33.93729,-37.404697,-33.710022,-40.810623,-59.139267,-37.358078,-37.292633,-35.123436,-38.54344,-35.158527,-36.621025,-32.671684,-37.505325,-33.143208,-33.199024,-33.783157,-33.728592,-37.49555,-37.438187,-35.81273,-36.851765,-34.346348,-36.276352,-36.178383,-33.528458,-38.828823,-33.42301
-39.010765,-38.67459,-33.754005,-36.269714,-34.238415,-35.51027,-36.196438,-45.013,-56.451668,-34.477245,-33.88977,-37.992035,-36.41238,-34.551918,-31.425547,-36.28776,-36.848324,-35.28968,-34.008636,-35.151806,-37.671043,-35.810913,-36.032356,-37.99213,-35.892315,-34.151382,-37.074253,-35.9436,-36.11689,-38.4661,-32.250145
-35.432487,-38.633675,-35.314335,-34.27138,-39.29529,-37.687466,-36.66796,-42.829163,-58.939804,-33.67479,-31.638685,-35.738083,-37.30687,-37.68958,-35.68203,-39.58408,-38.469578,-35.870865,-35.066605,-37.569107,-33.78343,-35.72175,-34.106525,-34.593723,-36.539333,-36.64793,-37.519493,-33.72971,-35.647552,-33.596794,-31.732393
-32.733208,-35.27321,-37.847466,-34.659878,-38.05925,-37.89934,-35.53203,-41.682346,-60.28824,-36.359882,-30.580872,-32.17388,-36.85397,-39.176105,-38.049755,-38.633686,-35.11103,-35.995728,-35.360588,-37.271694,-36.76979,-38.301178,-33.360893,-33.879223,-37.26367,-37.6134,-36.3462,-34.74813,-34.618744,-34.689163,-29.927837
-33.993282,-36.706196,-34.42796,-32.21686,-38.05329,-37.18456,-34.71972,-41.414204,-57.932316,-35.55574,-31.260422,-36.346092,-37.19654,-37.896603,-35.95945,-35.12259,-36.686375,-35.745888,-35.143883,-36.635292,-37.532852,-35.18822,-35.184196,-34.455025,-37.034912,-37.005074,-35.801807,-34.359943,-36.75093,-35.749027,-35.1045
-36.68619,-36.19651,-35.285217,-35.19975,-39.245094,-34.28915,-37.80369,-41.55246,-58.52133,-34.63965,-34.779316,-37.66211,-34.580284,-35.660675,-35.255604,-35.02118,-37.731445,-35.83427,-32.55737,-36.93043,-33.414124,-37.10844,-34.28601,-37.373833,-35.33771,-35.82503,-36.130722,-36.912563,-36.97743,-34.42536,-33.309746
-34.83152,-37.539352,-35.89609,-34.69243,-39.34417,-33.327744,-38.70367,-41.39779,-52.841274,-36.851917,-32.265354,-36.201878,-36.093433,-33.81671,-33.352478,-34.907635,-39.061768,-35.603714,-37.06933,-35.690388,-34.007576,-34.63157,-34.971004,-35.365032,-36.77349,-34.146336,-36.59811,-36.95111,-34.508495,-37.541126,-32.012596
-35.442886,-35.840355,-36.83597,-35.682415,-36.168636,-35.757008,-35.95189,-34.14672,-34.50593,-34.0505,-32.689377,-33.85514,-34.79111,-35.546047,-37.624344,-35.987076,-38.65661,-34.85768,-36.71295,-35.301777,-36.57216,-34.899837,-35.477516,-36.564865,-36.01299,-36.407906,-37.14376,-36.438786,-34.856907,-36.915833,-34.214355
-39.557274,-36.277855,-39.758255,-36.81546,-36.909824,-38.394722,-40.719925,-31.023714,-30.537064,-30.783648,-31.71302,-35.338722,-37.25383,-33.60853,-38.395344,-36.561596,-36.56434,-35.99216,-35.144707,-37.21125,-38.545933,-36.05909,-35.97294,-36.308197,-35.49819,-38.305954,-34.94148,-33.995766,-38.33791,-35.49346,-35.339798
-36.5775,-38.35668,-39.304775,-35.1096,-36.565826,-38.376198,-39.840916,-38.047466,-56.15075,-35.29768,-36.358242,-34.908215,-39.36694,-34.91871,-39.56365,-38.10291,-37.109505,-36.198017,-33.935707,-35.572342,-37.162254,-36.365242,-35.61635,-37.642654,-38.26938,-39.035282,-34.539734,-34.441685,-38.31813,-36.32872,-36.79386
-40.28404,-38.51619,-39.576565,-37.02073,-35.207897,-38.307785,-35.77125,-40.42236,-55.043224,-33.728603,-34.639107,-39.66955,-35.36776,-34.227837,-39.74765,-37.684464,-40.688934,-38.36407,-38.01966,-40.071945,-36.99273,-37.153572,-36.69339,-38.693386,-38.19212,-39.09389,-35.989887,-36.46061,-37.614807,-35.417553,-37.618282
-35.103256,-37.7538,-37.3095,-33.985603,-39.213673,-37.57759,-40.709232,-45.94986,-58.98232,-34.53901,-35.491383,-36.377735,-36.706985,-35.76482,-37.607407,-39.828068,-35.99245,-36.134346,-35.564667,-35.71492,-36.983753,-37.936863,-38.338352,-39.745396,-35.685394,-38.029167,-36.095493,-36.126163,-36.229324,-39.214935,-33.9405
-37.64419,-38.21962,-36.334103,-36.754528,-37.27954,-39.33913,-35.74517,-46.07474,-55.87845,-33.348465,-32.796124,-35.296196,-35.71002,-38.86917,-36.658432,-35.792015,-36.232944,-38.5191,-36.978287,-37.476288,-35.76136,-36.98621,-39.217617,-39.553318,-35.351578,-36.93053,-37.245132,-36.624207,-35.75486,-38.55506,-32.88262
-38.82104,-37.74853,-38.862732,-33.3329,-36.80922,-37.226627,-36.31706,-44.997963,-59.595245,-34.522686,-36.47574,-34.919903,-36.340622,-37.523582,-38.85695,-33.19656,-35.49392,-36.327347,-36.598568,-36.453957,-40.16851,-35.513287,-39.23484,-37.220894,-37.257668,-38.135895,-38.072224,-38.00101,-38.95365,-37.92662,-35.085762
-37.202816,-35.94771,-38.113823,-33.301445,-38.733177,-35.946857,-36.74009,-42.967636,-58.739895,-33.206886,-35.06786,-35.30056,-37.09267,-39.74499,-36.94104,-34.567894,-37.441086,-37.513767,-37.93043,-36.066437,-37.35136,-36.311264,-35.4252,-36.43629,-37.34674,-36.35262,-38.746326,-37.10948,-39.234756,-39.3517,-36.189743
-40.945942,-35.977516,-37.459576,-35.777927,-39.409832,-37.782272,-40.730118,-43.84262,-60.39595,-34.056828,-34.55717,-35.230103,-36.138046,-37.601803,-37.29453,-38.66338,-38.810616,-37.951206,-38.274647,-36.761375,-36.886055,-38.29315,-36.156803,-40.108536,-37.208447,-34.173767,-38.440678,-32.068897,-39.687553,-38.012074,-37.129433
-41.00702,-37.613934,-36.524433,-34.656887,-39.695805,-36.917095,-36.618095,-42.697952,-52.924564,-34.731323,-35.203793,-36.50451,-36.508827,-37.424957,-35.013214,-38.13956,-37.943157,-37.24733,-35.244102,-38.871197,-37.77797,-36.547417,-37.31568,-37.0606,-37.553013,-39.1255,-39.038433,-36.72985,-37.380623,-36.701103,-33.356285
-39.378883,-37.56472,-35.120914,-34.29229,-37.28536,-36.202084,-39.107468,-36.53395,-36.476128,-33.046185,-33.176975,-35.89258,-36.478638,-37.122746,-38.172348,-37.26132,-37.739605,-35.93644,-37.187714,-37.159996,-37.47352,-38.082283,-37.991646,-36.574436,-36.181274,-38.074398,-38.714108,-36.304016,-37.00845,-37.275414,-33.278584
-34.539486,-38.00004,-39.911392,-38.774975,-39.28256,-37.23435,-38.380524,-32.390594,-32.105,-35.384537,-35.905117,-35.432285,-38.00036,-37.387844,-36.66909,-36.561058,-38.273968,-36.85681,-36.407955,-37.172806,-35.482674,-39.45766,-36.489025,-37.726772,-35.722305,-36.786057,-38.447334,-35.18355,-38.155727,-37.44907,-34.787697
-35.16757,-39.95881,-38.793415,-36.768864,-38.27171,-39.303173,-37.301414,-43.24887,-55.323433,-35.843117,-36.602062,-39.6887,-37.711246,-38.767296,-36.79351,-40.29003,-39.370403,-39.5945,-38.386646,-39.025486,-37.154922,-40.813118,-38.619198,-39.270576,-39.52391,-37.518875,-40.342564,-36.62551,-36.812088,-35.432404,-34.510612
-39.850548,-38.551792,-36.629845,-35.59751,-38.271603,-39.555347,-38.14099,-44.81775,-56.73957,-38.363358,-35.632545,-37.790604,-38.778286,-38.21503,-38.074253,-38.29687,-40.880913,-37.962936,-37.033405,-37.383175,-41.25841,-40.940136,-39.454075,-36.227722,-37.621735,-36.209805,-41.90917,-37.894043,-36.607265,-36.81557,-35.263977
-41.655087,-38.937374,-41.384785,-34.7272,-39.056282,-40.815754,-37.43305,-43.422028,-56.367035,-37.98317,-37.0204,-37.797886,-41.19214,-39.555237,-40.62434,-37.16193,-38.595596,-36.352283,-36.26424,-36.24854,-38.319195,-40.327164,-38.14551,-37.30956,-36.44885,-36.80821,-39.755077,-37.312172,-38.85114,-37.16626,-34.452473
-36.35018,-41.44378,-40.925285,-36.89201,-38.428547,-38.922153,-37.220745,-40.311344,-57.297493,-35.789528,-37.886787,-38.64461,-39.461487,-40.441795,-39.78434,-38.016006,-40.978344,-36.362556,-37.007233,-39.527702,-40.44857,-36.11332,-36.325977,-37.64016,-36.384995,-35.95905,-38.848183,-37.512665,-38.60267,-38.124023,-34.410122
-36.137966,-41.018112,-40.290714,-37.69978,-36.784386,-36.428337,-37.87771,-40.243317,-58.846558,-36.00248,-34.786125,-39.603745,-36.92033,-40.348946,-39.673943,-37.31498,-38.756565,-37.974556,-38.000946,-40.567917,-37.152843,-38.87569,-38.59441,-38.518307,-37.61957,-39.317337,-40.947727,-38.163795,-41.56539,-38.44033,-35.272842
-34.72175,-39.425835,-39.274734,-38.816513,-37.946434,-40.031487,-39.84064,-44.9042,-59.434563,-34.198223,-35.321194,-36.933357,-41.379166,-39.533024,-37.646473,-39.248352,-41.216488,-39.239902,-39.38635,-39.38627,-38.193718,-36.970257,-39.250942,-38.626087,-37.334354,-39.50169,-38.901325,-36.4748,-39.97289,-36.88815,-34.14618
-40.09151,-37.865818,-38.61335,-38.842148,-37.14151,-38.384842,-38.247334,-45.22828,-53.72071,-34.671932,-36.19012,-36.40966,-41.80551,-37.91075,-39.959656,-40.134525,-37.939754,-39.08812,-37.838512,-38.834286,-37.50002,-37.601856,-38.878822,-34.869965,-38.8295,-36.743023,-38.741272,-38.85662,-38.84526,-39.422997,-33.918224
-39.999767,-38.235493,-37.908077,-41.447845,-39.013607,-38.550365,-38.612015,-36.74908,-36.628017,-35.92074,-35.346664,-36.619465,-38.810047,-38.317627,-39.399853,-38.50254,-37.14944,-39.741543,-36.86749,-40.52952,-38.74683,-36.97772,-39.685173,-36.895977,-39.25748,-38.781628,-38.709736,-39.00063,-39.69314,-38.454174,-35.620712
-41.328484,-38.06813,-38.40999,-39.61479,-41.94572,-38.507782,-38.610313,-34.47899,-34.23316,-34.851063,-37.115044,-37.089104,-40.127464,-38.37014,-39.314247,-38.31696,-37.58242,-38.260704,-39.430492,-39.402718,-37.90019,-37.857807,-38.877953,-39.0085,-39.221664,-42.123116,-38.401028,-38.883087,-39.70388,-38.90664,-36.349117
-37.77257,-38.129997,-40.069,-39.16584,-41.214394,-38.89034,-39.336403,-46.411182,-54.497253,-38.77203,-35.849842,-40.156757,-38.982143,-41.49417,-37.009647,-37.199745,-38.338367,-37.135063,-36.97828,-39.12126,-40.749866,-39.134087,-38.993988,-40.651493,-37.6187,-39.32018,-39.871204,-38.981068,-39.872356,-41.223,-37.95817
-37.51959,-39.055084,-38.81432,-37.183548,-40.415836,-41.60545,-39.166355,-52.934128,-59.42025,-37.31538,-36.218945,-40.61833,-40.400578,-42.172123,-38.48294,-40.297592,-39.164196,-36.455227,-35.661884,-38.887993,-40.02857,-39.985523,-40.33979,-42.96692,-37.26525,-41.302536,-37.99697,-38.76965,-40.5689,-39.44513,-37.425457
-45.39266,-42.495255,-41.320084,-40.19277,-46.403343,-40.20632,-41.86459,-52.24238,-58.285606,-39.815525,-40.83367,-43.041817,-44.178734,-47.304028,-43.513573,-43.69321,-42.381638,-41.672512,-40.397686,-41.99799,-40.83514,-42.28615,-43.933266,-43.420727,-43.569855,-43.054947,-42.88952,-40.4041,-42.98984,-43.04745,-38.487755
-48.177933,-50.30174,-48.806557,-48.010235,-49.81099,-46.577225,-48.160435,-57.482094,-68.0852,-45.37692,-47.78154,-50.831062,-49.390793,-48.612595,-51.043465,-51.04116,-49.141773,-51.018272,-50.64204,-47.29073,-49.11712,-48.451015,-50.417953,-47.21837,-47.85853,-48.344444,-48.877045,-47.101143,-48.432594,-47.55276,-44.05272
-57.127995,-61.774757,-60.864105,-59.100998,-60.52475,-56.665382,-60.948586,-70.49756,-79.67659,-57.26506,-59.149498,-60.56329,-59.772682,-60.2341,-61.9432,-61.913475,-59.23213,-60.258526,-59.628944,-58.9774,-56.537544,-61.726494,-61.374275,-58.29032,-57.877846,-60.419975,-60.819145,-58.192665,-61.827766,-58.414024,-57.0545
-74.24195,-77.60087,-78.86449,-75.403366,-80.0,-78.9518,-80.0,-80.0,-80.0,-75.073456,-78.785255,-80.0,-79.247284,-77.47337,-77.584946,-76.92444,-79.3748,-80.0,-79.44421,-80.0,-78.93258,-78.01284,-80.0,-76.14994,-79.54762,-78.61021,-80.0,-78.817276,-80.0,-78.93739,-76.87439
