0.0,-16.285667,-20.061302,-6.6912727,-3.2124634,-10.253437,-4.908207,-6.1208897,-2.9481869,-7.040983,-5.9256687,-4.5198326,-1.0808945,-5.408409,-11.343321,-5.027668,-4.9455223,-5.472807,-5.761076,-4.711998,-6.2032433,-14.862726,-7.054323
-4.582882,-16.256485,-12.365309,-5.1059475,-5.373024,-5.3035126,-17.66161,-11.390814,-11.691092,-16.277273,-21.069187,-17.533516,-6.6193237,-26.865187,-12.175308,-13.701057,-6.9353657,-16.67609,-12.336317,-11.412411,-7.0964947,-11.699917,-9.81629
-13.856379,-5.881962,-12.750944,-9.697966,-10.966852,-7.462755,-12.600098,-20.309439,-17.901577,-16.572414,-17.95988,-23.26099,-11.661331,-23.642818,-4.2478027,-13.851398,-9.983971,-16.23235,-12.260513,-11.282763,-8.094383,-3.4317188,-6.241167
-14.999893,-1.7195511,-11.751333,-9.00811,-8.804232,-6.7458,-12.003725,-17.123245,-18.535023,-13.899086,-15.576181,-27.739635,-16.020288,-23.00959,-6.231001,-16.06477,-11.470371,-19.16611,-13.695215,-13.301657,-9.085556,-5.7403603,-7.434704
-16.461773,-9.619127,-13.934792,-9.607853,-10.79904,-7.409073,-14.374374,-20.113815,-18.984507,-12.834059,-19.755795,-26.87177,-19.976868,-25.344742,-19.35516,-17.615372,-14.013174,-17.961607,-13.284561,-13.658186,-11.258369,-12.812363,-12.128817
-17.077387,-20.23758,-11.005625,-12.259983,-17.415737,-9.688372,-19.741013,-15.772875,-21.260138,-14.133442,-20.361801,-25.612822,-18.367651,-26.978317,-14.037098,-15.0119095,-19.3562,-18.739777,-15.499199,-14.889591,-12.541943,-12.642914,-15.677713
-16.669044,-19.495201,-4.9928055,-12.598909,-15.424646,-11.435448,-22.82514,-11.33289,-21.124352,-18.940317,-20.550304,-26.659615,-21.353264,-22.289722,-12.419277,-17.047174,-15.84667,-18.306515,-13.711231,-14.815758,-13.136145,-15.159233,-13.2095585
-20.457218,-21.261442,-5.653101,-10.904287,-14.038311,-14.978779,-19.422539,-11.6889,-22.680002,-19.13668,-20.530724,-26.144268,-28.04041,-23.220343,-14.764631,-18.871424,-18.606968,-18.577187,-15.141418,-15.606634,-20.407558,-18.883152,-16.070728
-15.399126,-23.078201,-10.008722,-17.452187,-16.200497,-11.634373,-16.419323,-11.565233,-24.517147,-19.050184,-21.204065,-22.87531,-26.48961,-28.00359,-14.225731,-20.496727,-19.389124,-17.83145,-16.642628,-15.933233,-18.919888,-22.0631,-20.46557
-22.16846,-24.212872,-12.364553,-21.901398,-18.946571,-17.77613,-19.05706,-15.547098,-26.907755,-17.83182,-19.84737,-34.376312,-33.155346,-26.227638,-19.909882,-22.835197,-20.717752,-20.388235,-18.814806,-19.017214,-19.517294,-16.503538,-19.977856
-22.301426,-15.133804,-11.67197,-25.906792,-18.438925,-23.991123,-24.438227,-14.919146,-25.24069,-16.711058,-19.04134,-31.039589,-30.011456,-25.012066,-14.948334,-25.203934,-18.042568,-22.498055,-17.292494,-18.139965,-19.341095,-14.383591,-20.738003
-24.727507,-13.1999855,-14.355196,-26.750885,-19.623722,-22.316319,-22.829775,-18.723244,-25.228916,-18.052197,-21.061518,-38.11654,-22.75349,-24.840601,-16.538513,-27.212606,-18.32257,-20.089993,-17.399046,-25.533062,-20.728207,-18.148746,-20.115772
-21.332014,-16.547092,-15.227753,-21.795504,-20.146591,-22.0205,-18.935925,-23.629303,-23.855026,-19.732178,-23.243635,-26.87184,-21.954231,-23.279026,-18.916372,-29.119648,-18.032854,-22.708157,-16.946161,-22.73366,-22.561462,-20.320217,-18.408823
-22.463684,-29.599377,-15.561417,-20.024925,-19.719017,-23.794277,-16.955288,-25.991467,-28.783684,-21.570873,-25.059793,-24.192596,-25.143349,-24.250513,-22.498882,-35.372154,-22.574677,-24.693968,-20.74071,-23.555729,-23.043686,-19.647429,-17.584904
-23.725903,-21.894535,-17.456244,-21.311441,-25.166185,-24.124512,-18.504282,-21.74252,-29.987926,-24.802464,-24.909595,-27.004953,-23.446207,-22.84353,-28.781681,-31.926659,-22.281477,-24.479523,-21.34472,-23.77888,-23.222843,-20.031395,-14.8663845
-21.302376,-18.8783,-18.272808,-25.026299,-26.95266,-26.325562,-24.885891,-20.884201,-30.386257,-19.5262,-26.014803,-26.039213,-21.940598,-27.094084,-29.06483,-24.480991,-21.42554,-25.0768,-26.950697,-22.808626,-25.66369,-21.412905,-20.97864
-27.862898,-23.392231,-19.887249,-25.22018,-30.905027,-23.953297,-22.914024,-23.399773,-25.171824,-23.6198,-29.362373,-26.13136,-26.017927,-25.746803,-22.25618,-24.382702,-18.792994,-27.216644,-28.096928,-30.191507,-26.130447,-21.49776,-26.316206
-30.205748,-32.978447,-19.26038,-20.640703,-23.960667,-17.892998,-19.712238,-22.815285,-26.097298,-26.02884,-30.754465,-29.603962,-26.492992,-27.997469,-22.264935,-26.008308,-24.570984,-23.747814,-33.38141,-24.110804,-24.259176,-15.052418,-27.590128
-25.1576,-20.133232,-17.944881,-15.472734,-26.28144,-15.9331875,-23.934013,-24.103334,-30.253464,-25.866188,-23.88738,-25.297958,-19.463602,-26.973299,-25.080187,-24.435144,-24.267807,-29.084093,-34.21119,-25.651169,-27.727032,-17.24612,-26.950405
-24.302235,-13.542812,-21.553703,-19.94812,-21.449444,-18.451328,-23.971054,-24.603928,-30.63449,-26.855059,-25.909008,-25.194323,-19.76326,-28.672375,-26.185093,-21.68504,-24.644009,-28.726955,-29.687569,-24.095915,-22.815529,-17.51,-24.50232
-29.085264,-18.379488,-25.962545,-23.894249,-23.303415,-24.70922,-25.74517,-27.855768,-32.501644,-26.579853,-28.878437,-26.049313,-26.057684,-24.989326,-19.284359,-20.485228,-29.28841,-31.111101,-26.984236,-27.673637,-24.761673,-14.398716,-19.158834
-25.080635,-23.659592,-18.915726,-20.677765,-23.936646,-22.302765,-32.158817,-34.134666,-28.23113,-24.428612,-24.710526,-21.495094,-22.882027,-23.686386,-19.323269,-24.07652,-28.157333,-26.530205,-29.54456,-27.028008,-23.309315,-17.695675,-19.481768
-30.297987,-18.276213,-21.524094,-24.151081,-21.543098,-22.829363,-32.309002,-30.908623,-32.699272,-30.44078,-28.295998,-23.865719,-26.228016,-25.92079,-20.589766,-25.863487,-30.594042,-26.317537,-24.805609,-25.451141,-26.272055,-21.526257,-22.214405
-26.115278,-17.08595,-17.831455,-21.294153,-20.357937,-23.238102,-28.459547,-32.2905,-28.943604,-28.528557,-26.664999,-27.134073,-25.749054,-28.102257,-20.387337,-24.689617,-29.128977,-30.322027,-23.26138,-24.591116,-26.608429,-23.35234,-28.12284
-30.959595,-22.527119,-21.89427,-22.569912,-23.931831,-21.352064,-30.071188,-26.903864,-32.27138,-20.463757,-29.421677,-33.26281,-27.445877,-26.68847,-25.756878,-24.772453,-29.053555,-33.895332,-23.04027,-26.845757,-25.45111,-26.023504,-25.801537
-28.615284,-31.27501,-19.82737,-25.24804,-29.83302,-22.267889,-31.579134,-24.12008,-34.803604,-21.641275,-25.021519,-25.944237,-32.006622,-30.115622,-27.45756,-24.546463,-28.439678,-27.081663,-24.721848,-27.816208,-29.91408,-23.309933,-27.43491
-26.369404,-28.44999,-18.590565,-30.782288,-36.41119,-25.332193,-27.658112,-25.60873,-34.419197,-24.769888,-25.689949,-22.26273,-25.861551,-34.72604,-25.356,-27.668512,-31.343292,-29.375183,-27.123493,-26.003439,-36.105488,-25.457806,-27.945992
-33.28189,-24.20753,-19.655685,-27.310299,-28.398014,-28.833147,-27.329323,-27.763317,-30.512068,-27.462196,-25.821604,-22.990862,-26.784683,-36.359383,-27.67041,-25.357834,-23.571058,-26.89193,-22.7969,-20.861637,-30.864208,-26.162085,-34.175934
-28.259989,-30.543085,-21.560493,-26.909319,-24.221432,-20.450706,-26.098433,-20.420818,-26.942022,-24.565096,-27.714067,-31.274109,-27.424713,-34.803364,-29.91787,-22.63697,-23.212246,-23.16824,-23.636364,-23.046074,-24.25243,-25.723011,-31.07572
-31.425783,-35.06571,-24.604445,-28.52863,-37.365643,-24.114868,-30.62151,-20.089012,-29.010828,-23.920956,-34.102108,-31.96911,-26.951931,-28.05665,-26.940145,-30.20319,-28.3638,-26.00228,-24.072357,-25.528332,-24.945393,-23.253407,-24.48338
-33.193672,-22.580265,-21.814003,-22.487698,-26.388428,-23.025154,-26.245274,-13.356148,-27.764385,-18.747612,-31.770973,-29.22844,-22.644978,-24.417206,-24.404177,-24.757805,-32.262787,-27.214085,-25.10068,-26.969788,-23.060946,-17.697037,-23.216675
-34.06256,-21.168016,-26.762424,-23.568735,-24.473936,-27.691866,-25.66827,-11.715162,-30.405764,-23.788326,-33.19351,-27.509882,-25.938225,-23.06492,-21.381817,-27.340591,-25.407583,-24.31635,-22.305166,-23.610725,-20.861889,-17.73403,-26.461992
-31.841686,-24.949741,-26.382292,-22.802263,-20.959023,-26.792765,-30.192675,-15.096867,-28.583014,-28.092995,-34.74292,-27.71706,-27.2795,-22.193464,-21.198618,-23.749805,-25.673235,-27.714039,-23.669836,-26.929512,-25.512083,-22.31004,-20.70101
-33.687733,-28.02192,-23.291658,-24.724806,-30.235386,-21.615128,-37.78649,-18.566734,-33.356632,-23.381552,-30.994196,-24.863478,-27.875723,-27.411612,-24.917847,-26.260544,-21.543306,-31.213512,-22.98376,-31.633373,-22.471525,-21.374165,-21.945215
-35.24593,-24.12204,-22.735039,-24.643137,-39.633415,-21.769651,-37.791298,-25.2191,-32.158123,-23.802694,-29.448906,-26.683052,-31.285206,-31.082802,-21.45385,-28.163973,-24.63581,-25.510067,-25.125648,-29.125223,-29.121094,-20.35711,-25.531391
-32.709915,-23.615068,-18.86163,-24.999264,-29.91164,-25.41142,-30.642174,-21.597984,-33.690193,-24.320469,-30.532839,-28.946522,-31.476244,-29.159204,-24.255177,-24.44891,-27.079967,-26.78934,-26.266111,-32.563927,-34.232086,-24.780888,-28.504128
-32.845818,-23.424963,-19.104465,-22.354834,-25.519468,-28.919832,-28.646435,-23.937584,-38.027573,-22.864662,-35.561672,-27.760132,-27.063717,-26.483524,-27.234783,-26.707619,-24.03942,-26.856985,-29.328152,-31.946442,-28.087091,-25.985512,-31.258125
-34.7111,-27.654106,-16.235449,-25.378672,-26.19249,-28.485912,-29.61664,-27.557978,-27.740047,-21.907015,-29.687119,-27.652422,-25.3639,-30.741617,-23.133617,-23.646751,-31.778833,-26.66251,-24.303371,-29.07323,-20.720533,-28.726795,-32.761154
-32.269875,-21.892685,-23.619728,-28.06222,-29.771727,-24.388056,-28.731253,-25.751337,-27.348574,-22.631475,-25.111202,-23.769577,-23.191038,-34.545876,-28.596447,-23.616482,-38.549583,-28.874184,-28.258228,-24.118267,-24.62213,-33.287056,-27.540138
-35.969803,-21.316992,-27.210775,-24.573122,-22.963024,-23.72659,-30.191156,-24.060738,-28.347805,-23.647728,-28.837105,-24.019726,-24.341564,-35.016132,-23.88453,-19.23042,-28.669952,-29.150637,-27.336903,-25.314373,-29.844265,-30.131966,-21.656342
-34.363976,-21.99926,-26.034218,-26.243706,-24.46642,-37.818848,-31.049992,-32.188107,-27.096369,-25.788052,-34.521732,-21.93317,-29.511456,-31.987669,-23.455452,-23.955746,-25.019053,-23.807827,-26.39045,-26.59516,-31.566109,-24.711597,-25.880587
-29.038744,-21.195179,-23.088364,-30.32794,-24.989183,-27.136448,-31.732292,-28.525087,-30.797348,-22.563946,-29.651672,-24.636562,-26.957787,-28.600498,-26.689896,-24.75334,-23.01212,-27.029512,-31.119461,-22.278713,-27.311052,-27.954855,-30.839006
-31.057426,-26.941385,-26.282349,-32.77144,-31.673452,-25.070726,-35.83527,-21.814991,-33.766136,-26.755232,-33.362885,-23.062584,-27.26381,-28.416393,-24.676418,-31.253735,-29.581146,-27.371414,-28.898117,-24.983477,-23.6327,-37.401142,-21.86372
-26.285368,-27.920597,-23.81098,-31.619993,-34.961933,-30.709837,-30.217876,-22.90834,-31.134972,-26.226492,-34.90393,-22.837284,-32.217155,-33.522972,-27.215855,-25.197027,-31.015276,-24.942802,-29.020275,-29.180222,-27.41552,-35.337017,-19.448528
-27.75505,-23.232197,-21.195274,-33.024162,-23.146236,-23.805098,-24.308231,-23.721756,-27.824669,-23.045624,-26.419155,-26.889702,-31.056908,-34.071266,-33.52487,-26.783733,-32.797527,-27.021242,-24.548176,-22.645802,-26.547071,-30.98349,-22.813953
-31.206722,-25.80384,-28.113667,-29.970371,-24.590729,-20.720234,-28.774204,-28.560822,-29.25592,-26.566902,-25.190395,-26.391544,-30.772116,-27.892532,-33.19878,-25.548458,-26.414444,-29.331373,-30.611557,-24.98433,-25.465696,-22.458473,-27.544636
-32.84218,-27.642017,-21.608406,-28.489883,-25.66323,-26.379955,-29.001713,-28.81485,-26.79937,-29.14894,-30.014353,-28.575077,-24.585833,-29.14709,-27.867867,-26.511549,-23.04279,-22.25495,-32.074757,-20.024826,-25.681355,-23.007778,-32.90811
-33.13769,-29.195148,-22.392815,-23.140015,-29.02953,-28.887192,-25.217417,-29.003605,-32.143265,-26.247717,-34.06154,-24.516962,-24.205566,-31.610819,-24.508137,-29.782383,-26.886885,-22.980267,-27.353,-24.109451,-25.800556,-21.844439,-28.84561
-34.52459,-28.540726,-30.877554,-24.398586,-30.53791,-27.701899,-22.24407,-27.007648,-25.612335,-23.41552,-30.434698,-25.141014,-25.62682,-34.65458,-28.365145,-24.807102,-26.913052,-30.07915,-28.208988,-26.113264,-25.849337,-23.345028,-25.103453
-33.71365,-30.584393,-30.825115,-31.020466,-28.826729,-26.467602,-25.97509,-33.02203,-27.19313,-33.326057,-36.659565,-24.782852,-23.895145,-29.629974,-30.073654,-27.67501,-22.921377,-28.500586,-28.246769,-29.397654,-24.372913,-24.08638,-20.41581
-31.919577,-25.00421,-29.396679,-30.259237,-31.542295,-25.396446,-21.194088,-26.88622,-28.94533,-34.690296,-31.28897,-30.3614,-23.680016,-21.59495,-22.898956,-25.09652,-23.878447,-29.07125,-31.612822,-26.518894,-25.339235,-29.729181,-22.099276
-38.23757,-26.235802,-25.508667,-28.128252,-28.028687,-27.998587,-27.278358,-25.202549,-26.760887,-32.89293,-26.668617,-33.284508,-24.63443,-24.355629,-22.363773,-33.10674,-31.5573,-23.751215,-29.51564,-27.249767,-30.817122,-39.11597,-29.195957
-39.4995,-30.338415,-27.057138,-26.81582,-28.012373,-22.810192,-29.638786,-25.199183,-27.126896,-27.52095,-29.325623,-34.648117,-27.41737,-26.093872,-21.105574,-26.345299,-29.848104,-26.402067,-25.621473,-29.916939,-30.290436,-28.55413,-26.645132
-34.48391,-33.004074,-28.941912,-26.736519,-25.108204,-21.947878,-25.155434,-25.187939,-32.96571,-25.337154,-31.26385,-28.747967,-30.766401,-29.544369,-26.099955,-25.34945,-32.125854,-34.25969,-25.492527,-30.862255,-32.95012,-23.534817,-26.459682
-32.379494,-25.261631,-27.4295,-30.600212,-26.990864,-25.857101,-33.12568,-26.0738,-28.946468,-25.600334,-27.355011,-28.163254,-28.78672,-33.284714,-31.568287,-29.699541,-29.792582,-29.774296,-22.522055,-27.062258,-32.18497,-27.804379,-22.831678
-35.114117,-22.677633,-30.662971,-30.140476,-29.543875,-22.136055,-32.175694,-25.725067,-27.897745,-26.433142,-27.216103,-30.202427,-26.646534,-31.237326,-28.913868,-26.642406,-27.514507,-31.043041,-28.801735,-26.102272,-25.762157,-28.705399,-24.230421
-30.432007,-22.75172,-29.370306,-32.36203,-26.274212,-22.746998,-28.019438,-22.341242,-27.004044,-24.825535,-25.835999,-27.210423,-32.386856,-25.514215,-32.181847,-29.382034,-29.645887,-34.74229,-32.126404,-29.723713,-28.990967,-29.203714,-24.455025
-29.509785,-24.3777,-28.051744,-25.543781,-29.350687,-30.82307,-23.934155,-20.753609,-27.022358,-26.495808,-24.983044,-30.216946,-30.59433,-25.189396,-26.756401,-26.678959,-33.307816,-32.703922,-28.192852,-30.876522,-31.397945,-23.899324,-23.752066
-34.344097,-27.30189,-36.85193,-25.005745,-26.495785,-27.36327,-26.090597,-27.641693,-35.17338,-29.100151,-27.943157,-32.226986,-30.012112,-27.740618,-24.665092,-24.01959,-34.225365,-25.703426,-28.920673,-31.417995,-25.578016,-27.608002,-26.536282
-31.504627,-26.470007,-35.325844,-23.861382,-28.69912,-26.93774,-32.97333,-30.978231,-30.935453,-21.370821,-25.349216,-34.705658,-29.963959,-34.788544,-28.638494,-25.857735,-29.969372,-26.686493,-29.434534,-27.18036,-24.04471,-30.511723,-31.549393
-36.954746,-25.787159,-24.582958,-27.588833,-23.23436,-25.721304,-30.752014,-29.032621,-30.759062,-21.279037,-24.876572,-29.345304,-32.872463,-35.778934,-37.71471,-25.27458,-27.219166,-24.229904,-29.219976,-29.619932,-27.708256,-25.116299,-23.127686
-31.312946,-22.744991,-23.691591,-26.657692,-23.8917,-26.816643,-22.959055,-24.706385,-29.768862,-27.370098,-31.658203,-25.758858,-23.687244,-29.728794,-25.791348,-25.589455,-28.391315,-29.402693,-28.755993,-30.063019,-31.170807,-26.653084,-23.87405
-34.369576,-27.055237,-19.981083,-26.119745,-35.35414,-30.978226,-21.612661,-20.840662,-31.932405,-27.37997,-34.784603,-26.152449,-24.33144,-26.597713,-22.79041,-28.820997,-29.853905,-31.488514,-28.486757,-27.293278,-30.237757,-30.96537,-22.043375
-34.002167,-31.921623,-22.368225,-27.431606,-28.822617,-27.885323,-29.29888,-21.011309,-32.244415,-26.58366,-33.7355,-26.714575,-27.867718,-24.726234,-29.01622,-25.389984,-24.775928,-29.39611,-26.202553,-22.584354,-28.070627,-28.155252,-21.921879
-31.995934,-31.432367,-24.735924,-32.17905,-28.188662,-24.985146,-35.926975,-17.093582,-28.79616,-27.641453,-27.363379,-28.317593,-26.898056,-25.475195,-28.181374,-22.740997,-23.73216,-34.20349,-26.10565,-27.952707,-24.21831,-26.704784,-26.32021
-36.69919,-27.022055,-21.789913,-34.0357,-34.037704,-22.52816,-34.76145,-20.612888,-30.579906,-28.32581,-24.80511,-24.663342,-31.568115,-28.629293,-25.59028,-24.542446,-29.144947,-25.93224,-27.814,-27.828651,-24.30204,-30.333103,-27.084787
-36.33396,-28.203989,-24.660187,-28.868767,-33.826485,-22.41428,-30.360699,-22.52123,-31.233204,-23.869148,-24.191248,-26.413252,-36.42202,-30.848484,-29.0931,-23.165432,-27.759405,-23.764088,-29.718937,-24.659748,-23.796867,-29.433147,-31.96819
-33.70667,-29.028961,-32.574863,-27.743805,-28.805391,-32.230988,-27.313522,-19.38855,-34.713783,-23.379364,-26.108818,-31.140068,-37.317604,-29.90202,-27.244326,-22.621056,-25.299395,-30.178122,-29.814615,-26.641676,-36.72765,-24.888397,-32.174034
-36.46438,-25.001156,-24.726837,-26.062752,-29.1843,-26.900795,-27.970312,-20.08335,-28.24229,-28.367744,-23.401657,-27.715784,-26.933714,-32.644096,-27.026237,-28.758705,-20.656158,-31.307146,-26.581615,-25.829609,-30.424622,-25.542587,-30.761696
-38.59597,-29.904598,-26.70663,-28.361057,-30.25019,-26.362717,-27.091393,-30.546825,-28.483807,-26.642025,-31.049086,-29.882797,-22.894213,-31.634413,-27.280119,-26.696037,-27.641008,-34.051315,-24.725517,-29.131317,-26.447464,-27.415527,-37.808727
-35.74838,-33.854935,-31.176619,-24.37205,-27.440205,-21.152729,-24.638817,-33.855213,-27.777145,-24.215637,-26.525276,-31.030064,-27.566345,-32.504784,-26.313953,-28.71416,-27.287918,-31.972403,-28.346966,-37.369286,-27.36842,-28.584934,-26.812323
-38.26714,-31.022484,-30.610598,-28.232094,-29.087309,-23.251284,-32.92551,-30.847454,-26.50305,-26.943487,-26.429628,-30.510122,-26.86448,-26.898802,-26.092464,-29.511623,-30.894882,-24.34525,-31.298367,-33.85741,-32.45934,-26.861782,-26.51101
-35.581898,-24.552013,-29.33729,-30.773056,-30.43009,-24.789082,-26.996458,-32.176384,-25.612293,-24.837435,-26.444458,-28.597595,-24.86335,-24.700066,-27.171925,-24.516249,-31.754423,-24.828506,-34.957653,-32.453938,-25.230858,-25.12123,-28.636448
-35.49723,-25.327843,-27.301289,-29.451813,-31.40321,-27.424566,-24.60336,-35.11719,-30.49182,-26.754612,-33.63873,-24.893059,-29.433575,-29.435152,-27.193573,-23.730059,-32.49964,-28.6473,-34.54435,-28.21336,-25.055256,-23.045841,-29.50256
-32.124496,-26.85885,-27.790821,-26.879576,-30.290564,-23.103535,-27.297352,-36.682823,-26.219734,-31.809175,-33.604717,-28.624275,-28.254936,-24.149923,-24.034094,-23.879044,-36.572025,-29.985516,-32.40153,-26.914993,-31.783314,-24.0928,-28.784132
-35.298397,-26.004604,-23.411594,-29.979206,-25.685781,-21.676975,-30.428858,-36.41611,-29.048111,-37.650837,-27.867367,-26.317495,-29.42529,-24.661259,-24.821308,-26.792694,-33.28602,-27.11568,-27.847641,-30.012932,-25.561487,-28.547962,-29.379475
-32.039673,-27.165781,-26.992771,-25.774448,-22.27648,-30.74586,-30.287205,-27.977457,-35.822544,-29.164215,-26.552113,-36.83551,-25.840317,-31.074718,-26.391018,-29.54133,-27.316969,-27.851522,-28.25283,-27.363558,-26.87779,-25.426168,-32.175877
-33.387123,-34.65499,-25.620367,-24.002567,-22.03835,-26.56208,-30.139912,-27.337643,-30.538204,-24.306633,-30.346268,-31.702143,-28.548958,-32.54327,-23.895514,-23.726097,-28.646027,-27.10605,-29.467812,-26.208984,-26.735792,-25.285845,-24.833006
-35.30742,-37.36554,-25.24467,-30.934893,-27.492304,-30.502094,-34.8082,-26.758087,-30.225922,-31.06661,-38.79225,-32.777626,-40.78209,-35.961918,-29.874079,-23.851133,-33.44602,-27.134039,-32.36044,-33.747795,-25.538727,-23.718468,-29.11637
-32.83849,-28.187767,-20.792582,-27.995005,-29.027557,-26.862236,-35.31948,-21.42845,-26.27888,-23.177742,-37.978546,-29.676918,-27.248741,-31.667095,-26.076801,-26.972841,-22.897717,-26.322685,-33.995358,-39.441326,-29.679283,-30.647968,-32.39882
-35.79646,-29.670513,-22.882475,-28.094936,-35.192253,-27.351921,-39.24994,-26.168781,-25.055569,-23.783438,-33.929646,-31.87977,-29.010544,-28.802528,-32.200794,-23.86639,-21.081131,-26.737492,-28.297546,-33.282448,-34.874405,-36.533295,-29.303291
-32.203465,-27.57909,-22.801132,-33.386494,-30.498943,-35.299366,-32.042805,-23.913092,-25.764935,-29.007212,-33.777,-32.22105,-30.16735,-25.886585,-27.193178,-22.242983,-24.197987,-23.371208,-29.713268,-33.443657,-36.193615,-28.305462,-27.164246
-32.871494,-32.450462,-23.377098,-34.179783,-30.928034,-26.432741,-30.900862,-30.159874,-31.591713,-33.499264,-24.490114,-30.723316,-28.66003,-24.301205,-30.023386,-28.223791,-32.227665,-26.007528,-30.469723,-29.561846,-33.4017,-28.859844,-35.427505
-37.77608,-28.374426,-30.883408,-24.750294,-28.565418,-23.56741,-24.320297,-29.73283,-32.66973,-29.742596,-20.86389,-31.508383,-28.416832,-26.208906,-29.796824,-28.952023,-33.945293,-26.39621,-28.502281,-28.18295,-26.06654,-24.928473,-30.48436
-37.409462,-28.306358,-33.32096,-24.630539,-25.000696,-25.944344,-28.995811,-27.850906,-32.60587,-25.930367,-26.551552,-23.88229,-31.90261,-31.479021,-35.187077,-27.392159,-29.819544,-27.328001,-28.386536,-33.37601,-25.319202,-24.158783,-31.59315
-34.256092,-25.728748,-29.1127,-24.985977,-23.635769,-35.849464,-26.844128,-27.926514,-26.135136,-28.70997,-29.80946,-22.475374,-28.192333,-30.06359,-27.46814,-26.695978,-22.499418,-28.70986,-23.693024,-28.484047,-31.529377,-31.748207,-26.288296
-35.15756,-28.715818,-26.23397,-26.409552,-25.91943,-28.014389,-26.906778,-23.8992,-26.338451,-28.00159,-29.084948,-33.405838,-31.424911,-30.009493,-25.774078,-29.016806,-22.801208,-24.95988,-26.88113,-29.958149,-32.88997,-35.55315,-23.113712
-38.61544,-29.427063,-24.32521,-34.066006,-30.21747,-27.196217,-34.818336,-23.72187,-27.341137,-26.524834,-33.00227,-33.86129,-26.831512,-30.490932,-26.045206,-30.56463,-25.644127,-29.723444,-35.381123,-29.301245,-31.711403,-33.15236,-25.696484
-39.46857,-20.997875,-22.987385,-26.383112,-28.097012,-28.811537,-25.516861,-22.127716,-29.14386,-30.390936,-28.368011,-36.56844,-23.435896,-38.861988,-28.567385,-24.7905,-30.346836,-32.441288,-32.478294,-26.012966,-27.31566,-32.619473,-29.602951
-37.70255,-21.70452,-25.883076,-20.086174,-29.376076,-24.552666,-26.042965,-26.568766,-32.477524,-33.57093,-26.48433,-28.016405,-25.12119,-37.266216,-31.490784,-24.612196,-33.59231,-32.364277,-29.353197,-32.630573,-29.354027,-29.735537,-29.51519
-37.075382,-26.26596,-30.002487,-22.936699,-26.730003,-26.410486,-33.59964,-28.809795,-27.592682,-26.173677,-34.262432,-25.72462,-32.146706,-29.404512,-31.225992,-31.71857,-30.362074,-28.181396,-33.09096,-34.760693,-33.90888,-27.002182,-24.407898
-32.234104,-29.664051,-27.368908,-26.493954,-29.452595,-31.941132,-31.509483,-23.15453,-26.174126,-22.434256,-27.83346,-25.090864,-27.982752,-23.121183,-24.13309,-22.85598,-30.535896,-23.742783,-37.348866,-32.08235,-27.631306,-27.615381,-22.63181
-35.94897,-26.798418,-24.708326,-23.347088,-27.813208,-24.11509,-28.217201,-24.520565,-25.671015,-28.106495,-29.121279,-25.902374,-28.38643,-23.737747,-18.85194,-23.390125,-29.584764,-28.124475,-30.016485,-27.87217,-27.575642,-24.92358,-26.49502
-34.549286,-27.911966,-24.839867,-28.466068,-28.237167,-26.94927,-25.10185,-25.240852,-33.702263,-29.191143,-27.58877,-28.8051,-25.102066,-22.088737,-20.008894,-28.135378,-28.201311,-27.201063,-24.744102,-29.644964,-27.922146,-24.284538,-25.096228
-37.879242,-28.057428,-30.617136,-25.965536,-29.359116,-28.766573,-28.679758,-26.59867,-34.13713,-27.243196,-27.16464,-28.01794,-25.80251,-21.064602,-24.052992,-27.247402,-28.80136,-26.301558,-25.582464,-29.053682,-23.545204,-25.064758,-29.406609
-40.041836,-23.848625,-26.008686,-28.818558,-28.556465,-30.467043,-26.85157,-23.863869,-26.84476,-21.896801,-26.879902,-27.553167,-24.204601,-28.454885,-29.64309,-26.32629,-25.330482,-27.488537,-29.739073,-29.632881,-22.37222,-24.257013,-28.228298
-40.04622,-25.415604,-23.89244,-24.779034,-21.643192,-25.908508,-30.366068,-28.046394,-25.617966,-23.655552,-28.194183,-26.119852,-23.428707,-35.578293,-28.332405,-33.446625,-25.94239,-27.358967,-30.452808,-27.061735,-29.024342,-27.401278,-29.172792
-39.312157,-23.033983,-22.032166,-28.045992,-25.412397,-23.134651,-28.995056,-24.738605,-33.84245,-27.035236,-30.136894,-25.190987,-25.74089,-31.536303,-28.889454,-28.510948,-34.16671,-31.444124,-26.226826,-28.628374,-29.259928,-27.991825,-30.132586
-38.438824,-24.103903,-29.273384,-30.380985,-28.011536,-24.134068,-30.744469,-24.597988,-28.997484,-29.700073,-30.954855,-25.432804,-30.923775,-27.034695,-28.051252,-27.853992,-34.14284,-30.820526,-22.738136,-26.047272,-23.522923,-26.8722,-25.704195
-35.3386,-30.634972,-28.483913,-32.153023,-25.885887,-28.155764,-25.97526,-25.136164,-25.362705,-31.969744,-29.957794,-24.292322,-24.53767,-29.265419,-28.131409,-23.667183,-31.561668,-31.339247,-24.798058,-27.382156,-22.057753,-26.320745,-29.79225
-42.942963,-26.874252,-28.786684,-28.988602,-29.87338,-31.924566,-21.39476,-26.329144,-29.255863,-32.911343,-29.25499,-24.071823,-25.524778,-26.244156,-33.549564,-28.536839,-26.116615,-33.403362,-40.178005,-27.87295,-25.156418,-26.54047,-35.385788
-36.524513,-22.84185,-30.425549,-25.902952,-30.261063,-30.385239,-27.764917,-27.982395,-30.849154,-37.75649,-29.901459,-24.418882,-26.790304,-32.459084,-30.317682,-24.900734,-23.435875,-31.633757,-30.893248,-27.947723,-26.276157,-26.327414,-29.862232
-34.252636,-19.81948,-26.387466,-27.605383,-27.626442,-30.204151,-25.668625,-29.204727,-32.151577,-28.654182,-29.191204,-27.119055,-22.355494,-26.311909,-28.66844,-28.825264,-26.342482,-29.135605,-27.68174,-30.584585,-27.542473,-29.121807,-25.867447
-32.97893,-23.25793,-26.325432,-28.112831,-28.711803,-32.75955,-27.110313,-26.37695,-31.495552,-24.48499,-30.459763,-29.563858,-29.253466,-23.651716,-29.899206,-27.153118,-24.324492,-26.800663,-26.27787,-29.049553,-33.246567,-30.481102,-30.243557
-38.144188,-32.66458,-30.265402,-28.286684,-25.172035,-33.20972,-25.226624,-27.674166,-34.11856,-26.438114,-31.927746,-31.46103,-26.844984,-24.218513,-27.441252,-28.00911,-28.309704,-32.206856,-30.402481,-30.062223,-26.479267,-26.868488,-27.564651
-41.242462,-30.463758,-27.037647,-27.638624,-27.061611,-29.334446,-29.074474,-28.90526,-31.939587,-22.02324,-28.590014,-27.011274,-25.869339,-27.746262,-25.126522,-30.403847,-30.74553,-29.610739,-26.703102,-29.57602,-22.412432,-28.66784,-26.003073
-42.27708,-30.707485,-23.48804,-29.891167,-27.524681,-26.077307,-24.27797,-26.751234,-33.906887,-24.922184,-23.103024,-29.331121,-27.570276,-27.06446,-26.75047,-31.041878,-25.298157,-25.471552,-32.06362,-28.497429,-27.983294,-30.790188,-23.449295
-37.293606,-30.413658,-24.482393,-29.364628,-24.179342,-27.710026,-25.299751,-29.586369,-31.845509,-23.674366,-28.191528,-30.83706,-29.140316,-20.860125,-34.367996,-26.014297,-29.842142,-31.958406,-29.702442,-25.827538,-29.832573,-24.693022,-24.096695
-35.708035,-27.400448,-25.431517,-24.953684,-23.910324,-29.62969,-30.58348,-27.268402,-25.957119,-26.872778,-26.579544,-26.253172,-27.223537,-24.083912,-30.24367,-22.279446,-32.41496,-25.955462,-27.931652,-24.315361,-26.192535,-25.970013,-25.616512
-34.706684,-30.522045,-28.51558,-26.66925,-27.229233,-28.098438,-29.77027,-23.16863,-26.822601,-30.575666,-32.20378,-28.035217,-28.770067,-24.354622,-26.830996,-23.234753,-34.434288,-24.365791,-25.618437,-30.025833,-27.105938,-29.721436,-29.406548
-34.867157,-34.548336,-26.842472,-32.382732,-25.148893,-28.855774,-28.694448,-27.789513,-27.752703,-26.046898,-29.821848,-31.419477,-26.009321,-23.162245,-28.128887,-28.361217,-26.735275,-24.676579,-29.660973,-25.705402,-27.19323,-28.585846,-31.740446
-39.531757,-28.220364,-24.977386,-30.146553,-26.292032,-23.496586,-25.979473,-31.225222,-28.734404,-21.558386,-33.582855,-31.121325,-24.174858,-30.558416,-27.620937,-27.311964,-24.080132,-29.34222,-29.873638,-25.479465,-23.774212,-28.78359,-32.060867
-41.40809,-28.913649,-27.847649,-27.768171,-22.870262,-28.182213,-29.464407,-30.282482,-33.06029,-23.49679,-31.660904,-27.470287,-29.211021,-29.11359,-24.186375,-24.69955,-27.609364,-30.623116,-30.729517,-26.108799,-28.946754,-32.855484,-33.379307
-36.28665,-23.70958,-33.61117,-34.038013,-27.075144,-30.74158,-25.265429,-32.427174,-31.290234,-23.695984,-27.235615,-26.402176,-29.988802,-24.784813,-25.760973,-21.799437,-24.918003,-27.87671,-28.96492,-29.18586,-29.024643,-32.646996,-30.435522
-33.71101,-22.111605,-27.634954,-34.679092,-29.025116,-27.02117,-29.136093,-32.37587,-31.598421,-24.227613,-28.065489,-27.179104,-28.853392,-26.879105,-25.416433,-25.433048,-32.996807,-26.992437,-25.590683,-26.831474,-34.78683,-26.568636,-28.415636
-37.68007,-23.520506,-32.165295,-25.923433,-31.273758,-30.345104,-28.593332,-29.425638,-31.61542,-29.67862,-28.490623,-35.218662,-28.250088,-24.98581,-29.364403,-24.453978,-32.85208,-28.007996,-25.479061,-27.166777,-30.567839,-30.37301,-23.375717
-43.48139,-22.503012,-29.811014,-24.953608,-31.296848,-30.494286,-20.716297,-26.924866,-28.231276,-25.353844,-26.087961,-31.878372,-25.680645,-27.402239,-27.682676,-26.297832,-28.206814,-27.40592,-26.961702,-28.170376,-33.40404,-26.113274,-24.527828
-37.190517,-24.660429,-24.930397,-28.683285,-28.681211,-26.606838,-23.06707,-25.029457,-31.43683,-29.470802,-25.687197,-28.8268,-22.401995,-29.437576,-27.827503,-33.490334,-29.873785,-29.614548,-27.206442,-27.27655,-29.151337,-24.201399,-28.707695
-37.77874,-28.989407,-24.00467,-29.69382,-27.293882,-24.628155,-28.21753,-26.66559,-26.03157,-26.28548,-26.733343,-27.301743,-26.75629,-28.39298,-31.566076,-27.021732,-28.422997,-27.674892,-27.803055,-29.934975,-28.606266,-21.373869,-28.500864
-38.82042,-28.397127,-26.717842,-26.753588,-27.284927,-28.06507,-35.14831,-30.649462,-25.441582,-21.339025,-30.978601,-29.208012,-25.398495,-28.70804,-29.406479,-29.039507,-26.946642,-26.26086,-31.296787,-26.915348,-27.892918,-21.591494,-23.897718
-42.37744,-30.259794,-29.399715,-32.53419,-30.767128,-28.421978,-26.008896,-26.823715,-26.772646,-25.185383,-30.821205,-28.646667,-23.402458,-27.532639,-26.032537,-26.820288,-28.643581,-28.499586,-28.065826,-29.076576,-26.55783,-24.654602,-23.959785
-34.322464,-26.578367,-29.2517,-28.655994,-30.691216,-29.453716,-26.091587,-27.881851,-27.211266,-28.41431,-25.555447,-29.895466,-24.146725,-26.425243,-27.80457,-26.38248,-26.144121,-27.145794,-28.964901,-29.711353,-26.591637,-29.434439,-29.700424
-32.662994,-24.6179,-24.010511,-25.968994,-26.630787,-26.072315,-32.494408,-27.058975,-29.582954,-27.006271,-25.882812,-25.934082,-24.594992,-31.71078,-29.244434,-24.391949,-30.107447,-28.236145,-27.088133,-29.074284,-21.181856,-24.45491,-27.96276
-34.554634,-25.339045,-26.772282,-26.230354,-27.824076,-28.496696,-33.471684,-31.764015,-31.23764,-28.239605,-27.52665,-29.883446,-23.292728,-33.643562,-26.595194,-28.262049,-32.15592,-29.343517,-34.6882,-28.861616,-23.177143,-24.97088,-25.4016
-37.701378,-26.503008,-30.65225,-27.345406,-29.551565,-33.07533,-30.410465,-24.70961,-30.09529,-28.12726,-28.616,-30.309795,-30.362387,-33.52965,-25.861233,-26.789057,-28.493732,-26.765987,-30.119213,-37.028282,-24.726694,-28.993713,-25.720436
-39.990223,-26.680588,-26.310713,-23.67899,-28.2052,-30.425896,-30.404505,-22.63097,-27.420927,-32.45408,-32.489788,-30.016277,-29.431953,-29.441486,-26.25978,-26.83659,-27.338648,-27.867569,-27.975483,-34.923187,-24.7252,-28.985682,-24.657928
-40.674973,-26.248344,-21.868683,-27.673653,-30.03276,-28.982866,-25.654512,-25.85274,-26.086708,-33.290794,-29.277618,-28.524166,-24.221912,-28.399914,-30.711807,-25.966202,-23.148367,-31.352953,-29.537153,-33.29083,-24.929314,-29.002287,-24.80484
-37.670113,-27.878267,-26.98425,-31.345005,-27.315811,-30.696142,-27.51889,-26.455086,-30.675282,-27.638727,-27.785862,-36.065964,-24.88358,-28.71194,-30.465122,-25.661398,-26.437067,-34.82988,-27.792433,-27.067719,-29.210602,-24.701115,-23.086376
-33.265877,-27.842497,-30.78818,-30.073418,-29.661446,-29.551704,-29.12431,-28.602974,-29.868622,-25.566935,-28.17293,-28.649467,-32.140957,-25.124912,-33.66708,-26.800411,-27.858944,-31.026627,-29.893188,-25.534618,-24.634892,-23.942219,-24.365185
-31.568745,-24.96232,-24.384777,-27.045418,-30.453411,-26.72264,-28.539726,-27.246159,-28.310295,-26.870747,-32.136402,-29.624878,-31.516567,-26.981932,-29.993345,-28.127636,-26.418541,-27.472633,-30.182167,-24.45831,-21.761293,-25.527657,-26.254084
-31.854847,-27.041798,-22.935253,-28.441956,-30.97988,-20.18047,-29.452616,-25.585693,-27.008703,-32.200577,-34.473354,-29.635944,-25.716463,-33.019398,-30.25473,-23.277727,-27.94822,-25.959206,-30.000435,-25.513172,-26.727106,-29.51242,-25.090496
-31.689785,-30.216331,-30.55913,-27.34731,-29.862192,-23.296425,-27.225174,-31.145845,-29.771448,-31.000526,-36.09943,-26.679247,-27.324396,-26.208744,-29.969261,-21.517921,-26.6333,-26.663555,-28.491732,-27.66802,-25.624065,-24.15953,-24.611366
-34.121254,-28.692265,-27.87381,-29.107273,-30.78068,-22.376694,-27.858433,-26.994396,-24.860357,-30.070395,-28.897526,-29.25976,-27.78027,-24.933487,-30.751104,-21.590408,-27.21797,-31.117321,-28.164701,-24.261856,-25.926174,-24.034428,-28.082794
-33.99219,-28.11359,-25.002483,-26.93444,-22.196495,-30.25478,-27.928886,-27.038849,-27.126175,-25.104265,-33.155857,-28.459223,-24.149374,-28.718727,-23.525162,-26.399094,-26.247025,-29.278,-30.043692,-31.054111,-25.000431,-28.280321,-24.506832
-37.078274,-26.707684,-26.629635,-27.850964,-25.2191,-32.29575,-29.293222,-25.846931,-27.068512,-27.272038,-30.120625,-24.78452,-25.023788,-30.219938,-23.257565,-28.787224,-26.81429,-32.24237,-26.210201,-38.35029,-30.717148,-25.334848,-23.28291
-32.88701,-26.945765,-24.582237,-27.092403,-23.573969,-30.7676,-25.294455,-24.317999,-23.061958,-30.157232,-30.151344,-27.382627,-27.713953,-28.23624,-29.911808,-31.523945,-28.73588,-30.645239,-28.12942,-28.66774,-32.358955,-23.671112,-30.731743
-34.57728,-26.772713,-27.545233,-26.3179,-24.26409,-34.57925,-30.571173,-23.660587,-27.319427,-29.393795,-28.9679,-26.32817,-24.647055,-30.744638,-29.764095,-32.622852,-25.805166,-26.55649,-29.18219,-24.156404,-30.669127,-30.57672,-25.170515
-34.708252,-29.545212,-25.402445,-30.590305,-23.288729,-29.110409,-31.508156,-25.147665,-24.212849,-29.27182,-29.119125,-28.789032,-23.60653,-25.82558,-30.44033,-29.97156,-26.382635,-28.913044,-21.930328,-23.99216,-27.112429,-28.526348,-28.117004
-32.816776,-28.809496,-28.876978,-27.139627,-26.40216,-26.481787,-27.582409,-28.902294,-23.719746,-26.769857,-29.574467,-35.14311,-26.620157,-24.15466,-29.430395,-30.839293,-24.440128,-32.507835,-27.281841,-27.460678,-25.569387,-24.733414,-34.506702
-31.574326,-22.67688,-27.937527,-25.491592,-27.38891,-27.131294,-31.846088,-27.551392,-28.56562,-26.514324,-31.397306,-33.376335,-27.726215,-26.257214,-22.966171,-29.382292,-31.002558,-27.023663,-28.755842,-20.827068,-28.044983,-26.195177,-32.350983
-33.697784,-22.766087,-21.044727,-25.570185,-24.56718,-27.550638,-31.243496,-28.740791,-27.283829,-32.44295,-32.11158,-27.8041,-25.765057,-29.046684,-26.590334,-27.544407,-29.130768,-28.099863,-26.555649,-25.896011,-28.715061,-26.75672,-27.520203
-38.50461,-23.190994,-22.468353,-28.498594,-29.0043,-23.123768,-25.577171,-29.863071,-26.669806,-29.959232,-30.611359,-30.21196,-25.064785,-32.43775,-32.644463,-29.980587,-28.601849,-26.796833,-24.498562,-30.576323,-27.555256,-24.175077,-27.430595
-39.264065,-23.522346,-25.41837,-28.544304,-28.432405,-31.790976,-24.750547,-27.368322,-26.742638,-31.425972,-32.332283,-28.807327,-26.309025,-28.703325,-29.295258,-26.43649,-34.2589,-24.933086,-26.608677,-25.146889,-26.72189,-25.97106,-32.19072
-36.501232,-28.494194,-26.434587,-25.332739,-24.821117,-28.645473,-24.777191,-26.296408,-28.60382,-25.60535,-28.061647,-24.36399,-23.654348,-25.749828,-25.570724,-24.971346,-28.33118,-28.517826,-29.109573,-22.955395,-28.085007,-27.49296,-27.9475
-32.418907,-26.711452,-24.213217,-27.822079,-31.511223,-26.893154,-28.93874,-21.947119,-28.482172,-26.849884,-31.864437,-27.40607,-26.076069,-30.713182,-26.318832,-24.24274,-27.802258,-28.6441,-31.484804,-26.211557,-31.775347,-27.472488,-26.011421
-36.860065,-26.594795,-25.498562,-25.49409,-30.394932,-29.919859,-33.262253,-27.81584,-30.616331,-26.610933,-32.00449,-28.084045,-26.770216,-30.821243,-25.49746,-27.30964,-26.94658,-30.295486,-26.781313,-29.013369,-24.386215,-26.380991,-25.77552
-37.090847,-24.790962,-28.978537,-24.694077,-22.692078,-27.887796,-30.86956,-31.908031,-26.078228,-25.96841,-28.312086,-27.792248,-29.866934,-28.561926,-26.574263,-27.499258,-26.68055,-26.669514,-25.452072,-25.870682,-26.765556,-27.817598,-28.087267
-36.640835,-24.006035,-25.930828,-29.165062,-23.702927,-27.021378,-30.993328,-27.059555,-25.266083,-27.269707,-25.56861,-28.559336,-29.99922,-33.30399,-30.496851,-26.649738,-27.238379,-28.27829,-24.159603,-25.905153,-24.942656,-26.039234,-27.890572
-39.84668,-26.348776,-26.729616,-29.756012,-27.79633,-27.47203,-28.539501,-29.652628,-28.977463,-27.446165,-29.763285,-30.29591,-30.311565,-24.92801,-26.556576,-25.93922,-28.180655,-24.810131,-27.72153,-26.993185,-24.71337,-26.893011,-25.072727
-41.51459,-25.288527,-30.104387,-28.464304,-25.344427,-24.420813,-26.690321,-32.302265,-29.95326,-27.848183,-26.229319,-27.108963,-25.296684,-27.622381,-24.86818,-27.606953,-24.80977,-26.86239,-26.20401,-25.187893,-26.031929,-25.357979,-28.287159
-42.257355,-28.899834,-24.983238,-24.200573,-26.804691,-25.561039,-25.440144,-26.788609,-29.099804,-30.57911,-30.608597,-30.840477,-27.003857,-32.308746,-23.630043,-26.259094,-23.87482,-25.78569,-27.259771,-32.471184,-28.388756,-27.986908,-32.363953
-40.201435,-26.469044,-27.024483,-25.54728,-33.105614,-22.77092,-30.26598,-24.155743,-32.200745,-27.85659,-29.499866,-28.953224,-26.10254,-26.955456,-26.35807,-27.819693,-31.31985,-27.321125,-26.213886,-32.495857,-27.847622,-24.127813,-28.898262
-38.47501,-24.63514,-28.053364,-29.027294,-33.241116,-26.074074,-31.635178,-25.249126,-29.83416,-25.845583,-27.112747,-28.9114,-22.463203,-29.505873,-27.237135,-31.503563,-29.731815,-24.561142,-28.953503,-26.691803,-26.56554,-26.464619,-26.858118
-41.052914,-27.174088,-33.27592,-26.769508,-29.227022,-28.467478,-30.482653,-26.002462,-26.870377,-23.746155,-26.979364,-26.062744,-22.955296,-27.901884,-28.31813,-31.493881,-24.781054,-24.700836,-30.230473,-24.961548,-23.060448,-28.593695,-23.293102
-37.581085,-29.98705,-26.097237,-23.777306,-29.284002,-29.956863,-25.952,-24.375734,-22.882603,-26.29878,-29.103,-27.977499,-26.239017,-28.839138,-26.499943,-26.291813,-24.708479,-29.768217,-30.218765,-29.953289,-24.92133,-31.838371,-25.132542
-36.626442,-28.725637,-23.931643,-27.059456,-27.05679,-27.73577,-28.13829,-24.086521,-27.922197,-29.777267,-26.048273,-28.79591,-27.389133,-28.141422,-28.185032,-28.549463,-24.135471,-27.765125,-24.675337,-32.491264,-24.229446,-29.271723,-27.020872
-38.48818,-22.537304,-25.843025,-24.699574,-27.759075,-27.87595,-26.951674,-25.987427,-30.221502,-28.77322,-26.509268,-26.9395,-28.258858,-26.817802,-29.31609,-28.635662,-26.162647,-27.91232,-26.641323,-25.825794,-27.601248,-29.552174,-29.656643
-36.627388,-24.975931,-29.615433,-26.026493,-30.47989,-32.166225,-24.439018,-27.49073,-27.713383,-28.259771,-26.193945,-29.764244,-24.348581,-28.231798,-32.762836,-27.012316,-24.924578,-27.528917,-27.556015,-23.751196,-24.369125,-26.822868,-28.349571
-33.261745,-23.451988,-29.541058,-27.082825,-27.599361,-30.325722,-25.714043,-24.947338,-27.16635,-29.836544,-25.003746,-27.466053,-24.689178,-29.838367,-31.757952,-23.601044,-28.485569,-26.18303,-29.853722,-26.808199,-29.18693,-27.040974,-29.969437
-37.561375,-29.20551,-24.71498,-29.307102,-27.58929,-24.83171,-24.928211,-29.269638,-29.302172,-30.653963,-24.879675,-28.884514,-25.255756,-27.037184,-27.22919,-27.006664,-30.430202,-27.291815,-28.402435,-27.221684,-29.87481,-26.725433,-27.42144
-35.261303,-27.884712,-26.570175,-30.19477,-26.562576,-26.562077,-27.900402,-28.703197,-25.8703,-22.50935,-27.347736,-22.517233,-26.041807,-33.610855,-29.766188,-34.763546,-32.35486,-27.9705,-26.446924,-30.07919,-31.927704,-25.218138,-29.584072
-34.84621,-24.543491,-27.6613,-26.727232,-26.016052,-26.86184,-30.752745,-30.111763,-27.184883,-25.397673,-26.072239,-28.550987,-26.392155,-29.717794,-27.033628,-29.83783,-26.589207,-25.966717,-25.91429,-27.70942,-28.172277,-25.809223,-28.752148
-37.064854,-27.763702,-23.17651,-24.751986,-27.108606,-27.186855,-29.564701,-26.00423,-27.574585,-29.618975,-25.896244,-28.243734,-26.442862,-23.374277,-28.126,-28.90974,-26.604656,-28.658611,-28.19006,-25.489172,-23.447048,-27.794842,-27.580553
-35.980103,-28.039207,-27.329649,-29.056131,-29.66607,-29.329739,-27.617546,-25.112408,-29.891994,-29.027992,-30.104841,-29.021963,-28.214867,-25.213581,-25.99362,-29.601698,-30.326372,-30.265202,-28.982765,-26.55058,-27.764683,-27.043993,-27.50908
-38.418663,-26.527676,-30.009556,-24.123951,-29.49493,-30.602139,-27.720673,-25.544601,-32.296486,-25.056892,-29.982342,-26.855125,-30.056295,-25.703548,-24.444761,-25.62045,-30.628819,-28.45204,-30.165482,-24.473572,-27.422606,-26.554298,-29.884262
-38.600822,-29.088982,-28.808548,-23.866837,-27.999834,-30.490833,-25.618706,-26.373981,-29.430313,-28.206177,-25.519432,-24.854942,-28.256779,-25.257965,-27.961657,-27.961178,-25.943588,-30.070477,-28.3538,-25.414902,-26.283278,-27.917336,-28.628326
-42.2875,-28.06668,-29.800152,-31.461636,-26.880463,-25.564816,-25.63445,-28.55938,-24.18211,-27.652714,-28.387733,-23.803062,-28.944588,-26.228474,-30.54429,-29.260908,-26.472406,-29.343056,-27.587368,-27.066036,-27.549952,-30.497372,-27.057468
-41.71273,-27.286737,-27.37061,-31.327515,-33.62524,-26.369295,-22.542406,-26.109612,-27.328367,-23.565117,-31.263376,-28.260256,-30.94502,-32.23715,-28.862928,-29.824303,-28.779802,-30.413666,-26.563175,-29.092016,-28.832327,-33.452534,-25.599936
-35.958767,-26.214256,-25.732853,-28.350468,-27.572042,-27.401114,-27.705704,-26.616531,-24.212078,-24.72659,-31.501392,-26.294601,-28.887386,-29.72017,-28.060837,-31.087025,-29.543346,-27.90426,-29.40053,-29.704393,-31.99505,-33.558163,-22.550623
-39.349308,-24.151869,-25.93951,-29.190472,-27.14927,-27.641153,-29.545631,-27.800213,-26.454231,-22.113405,-27.195374,-25.118996,-27.566236,-25.884338,-27.837053,-30.043133,-27.87964,-29.04341,-29.621376,-26.072914,-27.263947,-28.41903,-24.661896
-46.02103,-24.919209,-27.551058,-26.683111,-29.065329,-29.762545,-28.302448,-24.205128,-29.7457,-27.6972,-30.139034,-27.295639,-31.325214,-28.769457,-28.494339,-28.190008,-27.501017,-26.094616,-26.810093,-23.736458,-27.57628,-26.030476,-25.714403
-40.559532,-30.312456,-26.149792,-28.09553,-30.62181,-27.552355,-31.521526,-25.93735,-33.491188,-27.345982,-29.520832,-31.127277,-30.23406,-26.311787,-27.292606,-25.957224,-33.04064,-26.62521,-26.063427,-28.006218,-29.694366,-27.890156,-25.541386
-41.68203,-26.138409,-23.12846,-26.812641,-26.093338,-27.384777,-29.248877,-27.50424,-29.151054,-26.907455,-23.220957,-32.424366,-31.05003,-23.917562,-25.920868,-27.625366,-29.688875,-26.799372,-30.269918,-32.45597,-31.377268,-30.862728,-26.293976
-35.92185,-28.117992,-28.37473,-26.691519,-27.448792,-29.846485,-25.812202,-28.71144,-26.50041,-26.242537,-27.95046,-26.047295,-24.88411,-27.803425,-28.268358,-26.575893,-27.70255,-24.498207,-31.09421,-30.678663,-31.117142,-32.455116,-27.83713
-35.86669,-24.650085,-28.601849,-27.776943,-26.73491,-28.303911,-27.684772,-26.784966,-28.088678,-25.822618,-34.466286,-21.764563,-27.422508,-28.334991,-25.955439,-29.780205,-27.3995,-28.98587,-29.50061,-24.80847,-27.630596,-30.327114,-25.693214
-39.428627,-26.185848,-26.157066,-25.501232,-28.632599,-27.976818,-24.45612,-28.887947,-31.846832,-27.056429,-28.902462,-25.427925,-27.599186,-30.44676,-27.934572,-27.614851,-29.610933,-29.122372,-25.002598,-29.151236,-25.388866,-27.935627,-24.206993
-39.519806,-26.751823,-27.441502,-32.36608,-26.183653,-27.189623,-29.716108,-25.456188,-32.418877,-24.701876,-29.2678,-28.216877,-32.268795,-26.062057,-26.499908,-28.71677,-27.327393,-31.17857,-26.312675,-26.760502,-25.09617,-29.596691,-26.79374
-42.455116,-33.6039,-28.404097,-25.942108,-27.410496,-24.45959,-26.54168,-29.620348,-25.453108,-30.74717,-27.60272,-28.322891,-29.431875,-27.880451,-29.877857,-32.629627,-26.174816,-27.207155,-29.213737,-30.296385,-27.525188,-28.138945,-29.178963
-44.35274,-30.33067,-27.875235,-24.038141,-28.84235,-27.261211,-27.377666,-30.655312,-26.223297,-26.196983,-30.135395,-25.755857,-26.079424,-26.81703,-28.166,-28.829243,-28.05428,-27.006008,-27.812708,-30.333979,-28.21254,-31.677399,-26.93256
-38.35521,-29.447235,-29.910593,-28.772074,-30.25828,-24.933317,-28.706953,-26.051613,-24.98911,-28.002823,-31.0877,-27.485464,-25.275055,-28.640162,-28.651257,-27.887192,-26.591116,-30.603962,-27.514692,-29.52299,-27.096588,-31.907179,-28.71375
-38.378113,-23.989109,-31.93062,-26.900713,-27.639277,-24.113632,-26.296032,-29.084536,-30.783167,-29.40761,-30.397915,-29.833431,-30.693907,-28.189373,-28.966213,-25.284,-28.069082,-25.712086,-28.876358,-24.80431,-28.598587,-31.364273,-30.921078
-37.184917,-30.498892,-32.29907,-26.663973,-28.863174,-24.314388,-25.819336,-30.439373,-28.634369,-28.153454,-28.194008,-33.944916,-31.955309,-28.330992,-28.716072,-24.672583,-30.009481,-23.62448,-26.532211,-28.40678,-31.289173,-25.380154,-30.53922
-33.579304,-25.247784,-27.019249,-28.026005,-28.701094,-29.438503,-24.803192,-28.940437,-25.959234,-26.541214,-26.058636,-32.212193,-30.403275,-28.74739,-28.611774,-27.32542,-25.737682,-28.358028,-27.868542,-27.849384,-28.032253,-24.705147,-30.44214
-35.329536,-24.253422,-27.935312,-27.27935,-25.934483,-27.819029,-27.90863,-29.615974,-25.559078,-24.951897,-27.483347,-27.257439,-31.368881,-32.81507,-30.488579,-29.336777,-27.572187,-28.248924,-28.547863,-27.638357,-28.83099,-30.643278,-29.195934
-39.590515,-28.478449,-27.04329,-27.134468,-28.790577,-30.467247,-25.919147,-28.47593,-25.475098,-30.437983,-28.068472,-26.875408,-28.95621,-30.719917,-27.68306,-24.246727,-29.909077,-27.510033,-25.519995,-25.44061,-30.259665,-26.82444,-25.637259
-40.733776,-29.965117,-27.39315,-30.785007,-28.152029,-24.915821,-29.071066,-25.233526,-30.472542,-29.210497,-27.123213,-24.96937,-26.49635,-28.664486,-23.750698,-22.942936,-27.154737,-28.246695,-26.492365,-26.737556,-25.513,-23.773537,-24.997755
-38.260517,-25.994965,-28.317154,-27.521183,-28.199066,-23.084412,-28.630768,-28.762974,-27.916714,-28.062012,-27.634712,-30.708603,-29.606413,-29.291092,-23.857147,-25.702305,-28.11723,-25.943241,-27.497131,-25.219105,-29.48706,-29.862534,-23.712162
-39.04626,-30.443714,-29.753803,-26.792728,-28.773796,-27.316319,-23.865402,-29.58269,-28.361418,-29.297085,-26.361614,-26.759537,-29.506313,-28.648254,-27.566978,-26.709,-27.444687,-24.537933,-29.150883,-26.145185,-29.84611,-29.708899,-25.177216
-38.313778,-28.737505,-29.258854,-30.209599,-28.570314,-29.631119,-25.077068,-28.921484,-29.921234,-28.503805,-27.079905,-25.469513,-28.660723,-28.809965,-27.710995,-32.802612,-27.364275,-25.563793,-27.480053,-28.483017,-29.486477,-28.058697,-22.969412
-39.12226,-30.605448,-26.762383,-29.966148,-32.48212,-26.062702,-29.81002,-27.30853,-31.0767,-28.842407,-25.871984,-27.166315,-24.260576,-25.880625,-26.725128,-31.082214,-29.731342,-26.535683,-27.221,-26.339283,-28.096237,-29.614637,-26.109558
-37.869976,-24.993176,-28.097546,-26.08337,-27.056166,-29.111315,-28.8846,-25.87994,-27.649168,-29.702309,-26.186451,-25.99551,-26.419682,-27.07418,-26.017143,-32.08666,-28.535263,-25.300053,-27.535038,-26.98218,-27.675333,-27.292046,-28.808784
-35.139706,-29.341116,-28.717093,-28.834137,-28.055706,-28.316437,-29.340183,-28.539566,-25.748245,-28.825788,-30.70365,-27.127596,-26.737694,-27.313776,-25.794628,-28.376398,-25.60098,-29.234007,-26.449093,-29.364979,-23.788345,-24.752268,-27.969975
-37.050995,-27.128942,-28.7381,-27.660254,-26.530811,-25.458742,-29.421925,-26.97536,-27.964975,-26.26102,-27.255133,-28.39165,-27.328205,-29.634993,-29.416264,-27.810738,-27.332941,-28.069992,-28.402311,-27.382412,-28.003471,-25.496834,-28.737188
-36.45606,-26.954124,-33.043777,-26.956875,-25.26496,-23.179909,-28.776508,-27.936893,-28.60491,-27.601852,-26.622269,-29.575554,-29.139284,-30.490255,-28.491335,-27.533028,-27.73235,-27.190989,-27.15263,-27.688559,-30.512447,-27.00246,-32.652256
-36.399834,-29.938118,-28.532913,-27.306744,-26.89779,-26.101204,-28.86751,-28.144854,-27.72936,-29.206535,-29.293507,-27.364983,-26.604036,-26.694685,-26.48462,-30.800537,-32.89084,-24.944613,-26.965929,-29.413572,-27.615513,-24.058062,-29.200314
-35.56355,-33.129166,-26.024784,-30.629137,-23.501738,-24.172478,-27.294415,-28.77275,-27.548157,-30.13482,-30.193604,-30.763159,-30.105106,-25.555048,-26.813473,-25.666424,-29.85025,-27.976189,-25.924957,-28.308655,-29.126053,-26.478092,-26.53268
-36.12092,-27.827158,-31.009634,-28.859125,-26.846289,-25.084087,-25.965738,-27.91506,-25.578392,-29.471107,-27.744478,-33.19057,-23.843025,-26.006262,-24.474188,-25.512428,-28.711845,-26.651188,-26.479792,-32.0009,-28.09429,-23.562504,-23.26199
-37.06593,-25.958948,-29.171715,-31.634377,-28.714148,-26.109737,-27.53321,-23.933554,-24.250269,-29.49744,-24.505108,-31.496971,-22.91973,-28.210583,-24.135283,-26.959105,-26.504488,-24.966978,-28.778084,-26.13586,-27.184536,-23.808386,-24.794909
-37.26486,-26.97599,-27.985992,-27.178152,-28.413475,-27.67715,-28.43176,-27.628891,-27.739151,-28.400143,-27.216108,-29.179737,-26.15958,-25.522583,-27.573854,-27.241856,-27.248272,-27.98257,-28.497187,-27.195835,-24.116974,-28.089663,-27.937363
-35.935757,-26.370089,-27.015446,-30.513412,-26.552757,-30.134624,-27.550385,-28.735172,-27.025011,-29.40908,-28.812658,-27.516495,-28.570488,-27.50534,-26.600405,-21.780735,-25.620602,-28.283422,-27.278374,-30.577885,-25.158705,-27.605774,-26.024603
-36.726685,-23.80054,-26.334656,-31.906006,-24.961462,-26.911985,-26.588808,-28.864914,-26.852423,-29.113184,-27.78697,-26.40713,-27.847038,-30.404406,-27.20348,-27.37495,-28.03652,-29.615461,-29.941517,-29.863546,-28.652727,-25.813377,-27.852947
-36.713192,-29.296251,-27.671198,-29.032475,-29.202005,-26.824802,-27.346348,-23.724749,-24.582241,-27.568268,-26.041298,-25.871708,-26.000793,-29.22614,-23.883259,-28.320614,-28.029139,-30.631355,-28.67878,-27.470928,-27.205887,-24.918112,-27.593334
-40.861275,-28.54601,-26.617743,-23.175858,-28.093987,-26.776752,-26.290882,-25.251823,-26.464378,-24.237637,-26.737394,-26.23278,-28.487087,-30.539877,-26.091862,-25.93992,-28.616875,-29.96053,-26.153648,-27.545807,-27.681229,-27.5017,-27.256126
-38.438007,-29.138584,-26.993708,-24.611229,-25.750546,-25.842106,-29.688845,-24.848354,-29.08143,-25.51238,-28.698437,-25.299744,-25.67566,-28.179607,-28.666836,-28.90287,-26.341434,-27.924408,-25.008354,-27.507805,-28.483572,-26.927048,-31.431269
-40.74079,-26.228554,-27.615456,-24.636864,-28.896378,-27.683083,-27.53892,-26.800459,-29.931622,-26.134998,-28.526789,-23.895859,-23.8443,-25.127838,-27.25815,-27.53876,-29.933607,-26.375412,-25.601925,-25.989508,-28.191998,-25.910175,-24.371258
-38.38461,-27.240013,-29.539217,-28.102585,-28.868456,-29.140265,-24.78688,-26.530025,-27.608036,-25.505424,-28.68675,-26.242107,-28.034758,-24.14137,-29.50185,-26.154606,-28.26664,-26.284203,-26.105461,-24.0123,-27.788445,-26.839905,-26.516327
-37.08181,-27.75912,-29.576817,-29.218647,-26.786282,-27.009325,-25.251537,-25.7775,-28.56837,-27.095663,-27.808567,-31.521343,-30.909807,-27.040354,-28.554192,-26.843082,-27.185226,-27.080267,-27.075405,-26.038345,-26.901009,-27.237312,-25.97968
-33.2378,-25.7482,-28.708588,-27.256416,-29.500832,-30.061474,-28.421383,-30.818321,-26.4668,-25.830425,-29.4218,-27.565678,-28.545376,-27.505674,-27.186996,-28.212719,-27.454357,-27.813692,-26.973629,-22.879734,-25.705364,-25.890028,-27.45367
-38.91206,-24.756252,-28.618248,-28.410866,-31.078215,-28.181408,-30.295366,-25.538492,-31.747076,-25.782055,-27.169802,-26.314745,-29.206406,-27.463348,-28.219042,-29.720245,-25.656654,-27.532879,-29.43471,-25.686722,-26.974047,-29.349648,-27.79989
-40.43792,-27.438694,-27.244053,-25.85424,-27.199015,-29.94928,-30.305414,-25.68341,-29.987558,-30.186714,-25.009022,-23.439558,-29.905853,-25.225891,-28.62477,-25.28788,-26.681469,-27.30452,-26.724955,-25.890167,-29.158417,-28.003288,-26.713873
-37.242928,-26.559631,-24.966047,-22.649586,-28.652159,-29.69173,-28.524166,-28.02903,-28.411282,-27.000816,-26.88649,-27.6156,-23.86386,-27.16121,-27.807707,-30.68169,-27.731697,-28.250479,-27.609411,-29.237919,-33.54387,-29.000029,-26.829952
-35.60258,-27.460508,-28.68994,-27.556192,-23.783092,-27.075348,-29.036062,-24.47942,-29.743893,-28.984547,-25.870955,-30.157928,-27.081833,-29.060928,-26.44665,-30.638975,-24.33575,-27.449007,-27.714876,-25.109425,-30.277521,-26.28477,-28.648293
-36.055473,-27.344788,-25.362183,-29.975117,-27.263638,-27.889332,-24.641777,-27.15343,-32.308838,-26.97411,-29.346848,-29.021637,-28.959179,-26.882557,-25.793842,-27.50995,-27.408663,-26.508062,-29.172836,-25.205332,-27.84108,-26.191013,-28.844862
-36.338802,-29.348957,-27.145012,-28.56242,-27.884506,-27.043148,-26.005753,-26.908035,-30.010143,-26.25312,-25.648026,-26.44262,-28.606525,-28.479555,-25.18435,-28.439457,-28.828548,-28.258688,-29.890017,-26.414555,-25.260426,-26.486862,-27.643698
-38.403988,-27.748938,-27.888103,-23.481045,-27.623291,-26.26131,-26.932308,-28.569487,-27.880615,-26.787752,-26.79759,-27.512363,-22.626854,-26.960152,-29.731617,-28.009905,-28.60956,-27.254038,-27.42944,-24.782082,-27.670673,-25.926697,-26.019001
-42.889687,-26.402092,-26.834642,-26.711962,-27.002295,-27.122173,-28.75586,-29.324224,-29.797333,-29.225622,-28.903988,-28.78773,-24.833057,-27.597315,-28.34288,-25.119318,-26.369596,-28.75895,-26.593384,-25.957,-28.0722,-25.965845,-27.213787
-34.921436,-26.267357,-27.459253,-29.381523,-27.678009,-28.040567,-27.757572,-30.003557,-28.109741,-31.331837,-29.938087,-26.855043,-28.300852,-30.090961,-27.878525,-27.690624,-26.269587,-25.883926,-29.101284,-28.429304,-30.452023,-26.047813,-25.323597
-30.04292,-27.708511,-25.876396,-28.938065,-30.4583,-27.393768,-24.550394,-28.352657,-26.11761,-27.864906,-30.734135,-26.721436,-29.58413,-25.482462,-31.751842,-25.418633,-27.927485,-25.902737,-30.24388,-27.382599,-28.873676,-26.050335,-26.753166
-33.34699,-28.897404,-26.703823,-31.069386,-29.550728,-27.420862,-25.894066,-28.36857,-29.623142,-25.769081,-28.250772,-25.958288,-28.887835,-26.558481,-28.139872,-26.410381,-27.794125,-25.484865,-27.64205,-27.492023,-27.869099,-24.869062,-28.510181
-42.406918,-29.587822,-24.392178,-26.876446,-28.766237,-27.92998,-29.565605,-27.772346,-25.71742,-24.908993,-29.482853,-26.80765,-26.318272,-26.779533,-26.907364,-25.206535,-26.668354,-24.49178,-25.83644,-27.247128,-29.26465,-27.486183,-28.01022
-42.936623,-26.919437,-24.304401,-27.825,-28.886711,-27.923908,-26.646996,-26.574297,-26.571981,-28.224003,-28.432175,-26.281664,-25.684868,-25.684315,-26.001963,-26.50848,-27.586426,-23.946228,-28.935518,-27.089506,-25.79095,-27.545021,-27.539223
-41.73574,-27.118889,-24.459927,-26.294743,-27.949987,-27.353579,-24.986065,-25.482841,-24.4927,-28.498463,-28.626518,-26.30384,-28.576046,-26.652157,-27.49826,-28.69022,-26.362045,-25.30025,-25.881477,-28.106853,-25.782091,-31.326591,-26.629358
-37.100822,-31.201763,-29.156551,-26.227215,-26.230358,-28.425661,-27.199322,-26.888298,-28.970898,-26.296795,-26.520548,-29.441105,-28.465982,-31.764702,-25.98505,-28.747816,-26.700615,-25.418545,-26.65542,-28.039206,-27.087597,-30.789097,-26.390396
-35.531387,-31.821825,-24.54086,-26.831306,-26.820704,-26.773155,-29.729046,-26.090908,-28.853737,-26.505722,-26.05893,-30.897537,-29.331894,-27.28341,-28.946531,-28.643354,-28.77133,-27.374441,-28.523048,-24.889416,-28.52036,-27.00124,-28.844559
-35.72146,-29.777952,-23.526192,-27.074604,-27.670942,-29.578144,-28.98972,-25.228546,-29.83739,-28.528105,-26.79188,-32.575294,-25.21172,-25.668343,-30.140354,-28.630415,-28.297298,-28.193409,-29.231674,-26.174377,-30.444057,-27.889679,-26.626589
-40.22231,-28.69691,-26.582918,-26.606373,-28.64709,-28.875092,-29.613281,-26.567451,-27.845522,-28.549,-28.550999,-28.789627,-29.23397,-28.411413,-27.866776,-26.463974,-26.070864,-26.506718,-30.53576,-26.718653,-28.79249,-25.037357,-30.14232
-33.734135,-22.707539,-24.549149,-27.189526,-29.314032,-27.40041,-29.600643,-28.384586,-28.102053,-27.986765,-28.071732,-27.350729,-27.74621,-27.63942,-26.59383,-25.98418,-26.463688,-29.043373,-28.973719,-27.606245,-27.01405,-25.225397,-29.457903
-38.516636,-24.328897,-26.324196,-32.007908,-28.02511,-25.124802,-28.192896,-28.097591,-26.031155,-24.700989,-26.418026,-28.75823,-24.334322,-27.488249,-29.069326,-26.29243,-28.93081,-27.324549,-28.846558,-28.147753,-27.168797,-26.977087,-27.20575
-41.706863,-25.763933,-28.676971,-29.111221,-25.91772,-27.34266,-29.205423,-30.08295,-26.345304,-27.152588,-29.067646,-27.449123,-26.76624,-26.036404,-27.316862,-29.492939,-28.675295,-25.5373,-28.966461,-26.269035,-29.859093,-28.334307,-26.270174
-42.056892,-25.087383,-28.351847,-28.675743,-24.294935,-29.280502,-26.600441,-27.952484,-27.22432,-27.98862,-26.46865,-27.520561,-25.80722,-25.158588,-28.17872,-29.547897,-28.63084,-26.827671,-30.185009,-27.31026,-30.548567,-27.013666,-29.545681
-40.129814,-26.287455,-29.450157,-26.9934,-24.604528,-27.636381,-25.943085,-24.940811,-27.29077,-27.031944,-25.929459,-26.30443,-24.517956,-25.707512,-26.930183,-26.80739,-24.306728,-26.290144,-28.027512,-27.949203,-27.614256,-27.8365,-29.916088
-39.62599,-28.799305,-26.828835,-25.696884,-29.023207,-27.663872,-30.989422,-28.879972,-26.840378,-29.14265,-28.674728,-30.255394,-26.240553,-29.258936,-28.85017,-27.757532,-27.31052,-24.502409,-28.376348,-28.012764,-27.487118,-27.323223,-25.623589
-42.097893,-25.406021,-27.56223,-28.377605,-25.764366,-26.058607,-27.969112,-27.529173,-28.414358,-26.183693,-27.227192,-26.750643,-26.816832,-26.70697,-26.176159,-25.965265,-28.352528,-25.701063,-29.13218,-29.66309,-26.53844,-28.418842,-27.72715
-40.373283,-27.873508,-29.136908,-25.05983,-24.86168,-26.959885,-26.978035,-29.75699,-26.176395,-26.404804,-25.44906,-26.091255,-29.014236,-28.681293,-26.795225,-26.625067,-25.986387,-30.086134,-27.746645,-28.897415,-28.886978,-27.596703,-26.72584
-33.636097,-26.075401,-28.610561,-25.794025,-27.758667,-25.971012,-24.899605,-28.115656,-28.621624,-28.839045,-23.627142,-26.634636,-28.793709,-28.135338,-27.200056,-28.177975,-28.187046,-28.934599,-27.546558,-28.296139,-29.19693,-25.390938,-27.91509
-31.838125,-26.74296,-28.217842,-29.252897,-28.232006,-27.223763,-24.968815,-28.022102,-30.294483,-29.880487,-25.314774,-25.814426,-27.858143,-28.187193,-26.236893,-28.7759,-28.493145,-26.005955,-27.511497,-27.590883,-27.149439,-28.021446,-26.051365
-36.29472,-25.987839,-25.090397,-26.955055,-26.80323,-26.908733,-28.416798,-30.821753,-25.540108,-26.902039,-25.896019,-27.578121,-25.55899,-27.455166,-25.907766,-26.74628,-26.763712,-27.819548,-25.103123,-30.135742,-27.459917,-27.691908,-25.609837
-35.501324,-27.76896,-25.89112,-25.160149,-25.91036,-27.558672,-28.835606,-29.00402,-27.371893,-25.82296,-27.298725,-27.188305,-25.308552,-26.891521,-28.18527,-28.010387,-27.325613,-27.595085,-26.616646,-29.800606,-28.831585,-28.097496,-26.799013
-35.388054,-28.94779,-27.071405,-25.31205,-25.284958,-28.124435,-29.874176,-27.979273,-24.941202,-27.325817,-24.702019,-26.207905,-27.834335,-27.809399,-28.10331,-26.872025,-27.683067,-26.61911,-24.68433,-26.107805,-27.442554,-27.841782,-27.066051
-38.776535,-28.757904,-25.518055,-26.976322,-25.719374,-26.172031,-27.058865,-29.119034,-28.306726,-27.617771,-27.05793,-25.312801,-26.612255,-29.378504,-30.754856,-27.341362,-24.815638,-26.207579,-27.473215,-28.606565,-24.198338,-26.482706,-27.770401
-36.82222,-28.944614,-26.644001,-28.681637,-26.673086,-28.268612,-25.059772,-26.250404,-28.817665,-27.761538,-26.024496,-28.857037,-29.589891,-29.58591,-28.3853,-28.357416,-26.492374,-27.305143,-27.025173,-26.759714,-29.567438,-26.097511,-30.639885
-35.910336,-28.959146,-26.654783,-29.00737,-26.785734,-29.759895,-24.246979,-25.919918,-26.767305,-29.258465,-25.798492,-27.984966,-28.415726,-29.490105,-25.660004,-28.478098,-27.875332,-27.447144,-26.60255,-28.20543,-30.270638,-26.538305,-27.408566
-37.27365,-28.664518,-27.013092,-29.39571,-28.392727,-26.495344,-28.518969,-26.284416,-23.673372,-29.660927,-27.478264,-27.881332,-26.07381,-29.258444,-25.972383,-27.582558,-25.72013,-27.491367,-28.229708,-28.016993,-26.43133,-28.659649,-27.408718
-45.245155,-29.966812,-30.874275,-29.088566,-28.086746,-25.525267,-28.794731,-27.47836,-24.941257,-28.766956,-25.596836,-29.167067,-28.581749,-28.033762,-31.10015,-30.043392,-27.114489,-28.03802,-28.425205,-30.306488,-30.94439,-28.62033,-26.048126
-44.01178,-29.979774,-32.04932,-32.222927,-27.40642,-31.394814,-33.39624,-31.226643,-30.508457,-28.760406,-27.803843,-32.644356,-31.799202,-29.23862,-32.16534,-29.9674,-29.580736,-31.231688,-31.018398,-30.297974,-32.245792,-33.697556,-28.323505
-43.5422,-34.79464,-36.81881,-37.07688,-35.78872,-38.653847,-38.63304,-35.99689,-38.26117,-38.38946,-34.4836,-35.426403,-37.573196,-36.24181,-37.439995,-35.669235,-36.898228,-35.794556,-36.840557,-37.41685,-37.590267,-38.09761,-36.24621
-57.00199,-46.409462,-47.560814,-49.567795,-44.35132,-50.127544,-50.86667,-46.61892,-48.714443,-51.209312,-47.957474,-47.6446,-45.959602,-47.17626,-45.56897,-46.622597,-47.744846,-47.88508,-47.14982,-47.45629,-47.373543,-48.41558,-47.526707
-61.867954,-64.09214,-66.287865,-69.4453,-65.06738,-68.73613,-66.146484,-66.28157,-67.08365,-64.67004,-67.14723,-67.03558,-63.60382,-66.33623,-65.87891,-64.0751,-67.557304,-67.66819,-69.68509,-63.579388,-69.14421,-67.70474,-64.74096
