-36.68515,-26.42501,-24.612707,-32.457024,-30.194351,-25.626762,-21.007664,-24.54275,-22.222118,-24.672714,-26.260485,-21.387829,-19.04894,-21.26924,-21.793392,-22.032589,-25.970741,-34.181595,-27.788548,-28.140522,-27.668877,-28.799372,-33.44639,-39.545288,-33.12984,-34.510994,-38.66342,-36.33594,-50.732796,-38.287952,-30.687117,-33.094654,-41.281036,-40.532997,-41.586037,-36.878056,-38.665638,-39.145206,-54.358364,-48.402103,-46.08671,-40.81945,-41.255245,-42.438072,-38.08995,-37.85399,-40.002766,-45.73609,-61.468002,-48.822033,-46.88678,-50.367138,-51.693275,-55.190453,-48.759647,-43.98216,-42.74195,-43.548904,-41.042236,-41.0197,-43.302868,-44.385838,-46.057625,-47.014816,-45.972485,-52.719177,-58.918716,-51.246395,-48.39885,-47.999874,-48.12903,-47.01653,-44.794926,-42.489822,-44.08993,-46.912685,-46.933353,-47.422783,-47.7104,-51.029686,-58.985863,-54.913963,-49.512783,-49.686752,-49.377777,-49.61538,-48.15634,-45.509453,-46.534004,-42.67727,-31.058067,-26.157148,-16.661804,-12.558201,-11.401735,-9.909058,-8.880901,-15.652416,-12.624958,-5.838026,-6.368429,-13.15354,-9.620926,-5.190571,-7.190674,-13.676006,-11.541103,-8.924553,-11.506971,-21.214088,-21.5187,-20.844852,-17.029856,-11.923252,-8.193468,-7.1655426,-10.27145,-10.84289,-8.582516,-11.229834,-24.227669,-12.884527,-11.028442,-14.188681,-24.168898,-20.414196,-16.793232,-16.379683,-17.768354,-14.601732,-12.935593,-15.752678,-28.505795,-15.302206,-13.352316,-17.471016,-23.902615,-25.216557,-18.588627,-16.678362,-19.005426,-38.90722,-22.072828,-21.331171,-21.753761,-17.847904,-17.413803,-21.805878,-28.978842,-29.219929,-36.41752,-43.64896,-31.721733,-24.557589,-21.964771,-20.67348,-21.088009,-21.14022,-22.761936,-28.55004,-31.054663,-27.60902,-27.629242,-28.789429,-29.59069,-27.495468,-27.528662,-27.776085,-29.150076,-27.988022,-28.074987,-29.732748,-33.094055,-37.612503,-36.923256,-34.704258,-30.253254,-28.926477,-28.466368,-31.019989,-36.745167,-57.613224,-46.489914,-38.333435,-31.05271,-29.502312,-30.29203,-35.329353,-40.007645,-33.63634,-30.920546,-29.696362,-31.195045,-36.19276,-57.265656,-41.670517,-39.71867,-42.726788,-39.97108,-36.337814,-35.046814,-37.722187,-45.57531,-51.22809,-45.370438,-45.72316,-43.85745,-40.05467,-39.48283,-41.542404,-46.684837,-47.28363,-43.592777,-39.856663,-39.66192,-40.3247,-41.40078,-41.105618,-41.63361,-42.806297,-42.841515,-43.252327,-43.382187,-44.430626,-43.415634,-42.91516,-43.163296,-45.070843,-46.209507,-46.285316,-46.98669,-47.34098,-48.98186,-49.446495,-50.738007,-51.605503,-53.908348,-53.62321,-55.08935,-60.65146,-65.254906,-64.39491,-55.818584,-50.690994,-48.981705,-50.475082,-52.579315,-58.870697,-70.27261,-56.918446,-52.129124,-50.246506,-50.209637,-48.19131,-48.18539,-50.711792,-55.86872,-56.660336,-53.63586,-52.25374,-51.854843,-52.176132,-51.59254,-50.123184,-50.058395,-52.008766,-57.002205,-58.949383,-59.04741,-57.1333,-57.252472,-60.692036,-71.812904,-66.79195,-66.296036,-69.07827,-63.642963,-62.67433,-62.84402,-62.84616,-64.7561,-65.91347,-65.39615,-68.69476,-80.0,-73.68388,-72.40125,-75.905685,-72.848145,-72.1035,-78.21272,-75.00421,-66.73571,-65.519424,-69.00393,-79.431915,-72.57344,-69.38975,-67.69386,-66.76605,-66.24191,-66.37193,-68.37175,-72.55629,-68.98181,-64.41336,-62.978,-63.40975,-64.86006,-65.49363,-66.44551,-67.752625,-66.912796,-66.77121,-69.53202,-76.18538,-78.19211,-74.16237,-71.330864,-70.180405,-70.866135,-74.460335,-77.76423,-76.82175,-80.0,-77.53895,-71.18051,-70.64717,-72.78951,-71.576454,-70.57328,-72.78047,-80.0,-80.0,-75.67644,-73.54323,-73.19508,-72.24362,-71.66243,-73.94165,-79.7737,-80.0,-80.0,-80.0,-78.24733,-74.08508,-72.917435,-73.86908,-77.57498,-80.0,-80.0,-80.0,-79.12634,-75.95566,-74.869774,-76.244354,-80.0,-80.0,-80.0,-80.0,-79.15442,-76.42062,-76.395386,-78.31558,-80.0,-80.0,-80.0,-80.0,-80.0,-80.0,-80.0,-80.0,-80.0,-80.0,-80.0,-80.0,-80.0,-80.0,-80.0,-80.0,-80.0,-80.0,-80.0,-80.0,-80.0,-80.0,-80.0,-80.0,-80.0,-80.0,-80.0,-80.0,-80.0,-80.0,-80.0,-80.0,-80.0,-80.0,-80.0,-80.0,-80.0,-80.0,-80.0,-80.0,-80.0,-80.0,-80.0,-80.0,-80.0,-80.0,-80.0,-80.0,-80.0
-25.283972,-21.227928,-17.519402,-18.114424,-19.062256,-18.679813,-19.867174,-16.039646,-15.411097,-20.634647,-24.007305,-21.119667,-18.638126,-18.102398,-20.400688,-16.811989,-22.409622,-28.766827,-29.796535,-24.50547,-28.061747,-22.798237,-22.967628,-27.03838,-31.27888,-32.01111,-29.14902,-27.717213,-25.232304,-23.833202,-26.048569,-34.64085,-36.25349,-32.44288,-28.295086,-30.23686,-26.78775,-29.402315,-34.204945,-33.932117,-36.84412,-38.37015,-28.938942,-26.435558,-27.764553,-34.636635,-39.70127,-32.39349,-31.211845,-31.919094,-33.590546,-32.40452,-34.014545,-35.480316,-36.244957,-44.890274,-35.074833,-29.75727,-30.228071,-35.589474,-44.581833,-35.773087,-32.62227,-33.32589,-38.60433,-40.315937,-37.55316,-36.76082,-38.642273,-46.32701,-40.215366,-34.112602,-32.943977,-36.594425,-42.83229,-40.115017,-37.280155,-36.62001,-41.39823,-45.69069,-41.32967,-40.604675,-42.566906,-46.810204,-46.18534,-39.06222,-36.289368,-38.839268,-44.188534,-42.601913,-24.990873,-17.141562,-9.519245,-6.707741,-10.570984,-8.805519,-5.9548187,-10.548517,-7.9300957,-3.7012997,-4.2289867,-9.5905075,-6.8237343,-3.1011257,-2.897068,-5.289961,-5.245514,-4.6466217,-9.134947,-19.596817,-15.47854,-11.864525,-11.078682,-7.164551,-4.5720425,-5.663845,-10.098213,-10.211012,-6.7365,-7.531822,-9.177151,-8.429571,-7.183899,-9.200312,-14.657146,-12.972986,-11.963509,-15.951235,-19.39091,-13.748344,-10.504581,-12.965824,-14.916645,-10.820896,-10.925543,-13.739119,-21.475136,-24.151796,-16.019962,-13.160004,-16.096014,-18.765778,-17.519863,-21.222513,-23.555252,-15.423077,-15.256817,-17.368767,-19.406477,-23.307465,-25.776695,-24.598454,-23.274323,-21.29514,-18.598782,-18.882896,-17.639318,-17.91457,-19.671345,-21.338852,-24.554264,-24.609314,-25.803734,-27.478024,-25.486292,-27.955082,-25.164034,-24.93758,-23.9733,-25.611013,-26.722574,-28.409029,-32.604145,-33.10531,-35.94644,-30.56539,-29.595215,-26.576181,-28.046417,-29.181557,-32.500084,-39.228546,-34.711132,-31.338978,-29.221596,-27.2145,-29.366585,-31.644396,-33.454544,-32.21437,-30.246405,-29.706516,-29.074572,-32.796814,-35.38556,-35.727913,-39.359367,-38.376453,-37.07307,-33.420486,-33.795284,-35.206284,-38.639786,-44.766518,-44.0281,-48.03312,-45.33038,-39.021477,-38.30044,-40.720833,-42.066746,-46.62355,-43.10721,-38.727734,-35.616688,-37.53316,-38.53785,-39.007286,-38.947605,-39.913124,-42.126766,-40.6958,-42.091553,-41.770187,-41.897095,-39.418785,-40.06754,-41.881905,-43.783485,-46.425316,-45.39365,-46.9087,-47.24166,-47.78331,-45.24327,-48.25847,-54.63615,-53.077522,-49.415215,-52.65795,-55.447205,-60.250248,-53.579353,-49.142372,-48.871845,-47.984215,-51.705776,-53.408478,-56.73452,-54.707756,-49.154583,-49.940563,-51.119465,-48.230804,-44.971706,-46.48291,-50.06697,-52.62817,-51.007366,-46.70542,-45.872593,-47.281765,-50.233223,-48.79353,-45.965942,-49.162415,-59.33611,-55.2947,-52.967293,-55.029266,-55.64998,-57.195442,-64.90149,-63.332073,-61.28702,-59.224957,-56.320328,-55.3045,-57.0726,-60.216164,-60.261124,-59.0199,-58.169304,-59.49397,-63.295273,-63.876457,-65.22766,-67.62628,-68.34912,-65.76915,-67.116,-66.30841,-61.919193,-61.32712,-64.7386,-71.55465,-66.038216,-62.14536,-61.24731,-61.741234,-62.224342,-61.648666,-62.82107,-68.50914,-64.08624,-60.15776,-59.43063,-59.443615,-59.276882,-60.61438,-64.672104,-70.099335,-65.46651,-63.69333,-65.67502,-70.026505,-74.68066,-73.539825,-70.14458,-67.73746,-68.08496,-69.26001,-70.00746,-70.15847,-70.12067,-68.10325,-65.778915,-65.20322,-65.24602,-64.78482,-64.584435,-66.678314,-72.34581,-74.35678,-70.23243,-67.91931,-66.45568,-66.004395,-67.30197,-70.272766,-75.53788,-80.0,-80.0,-77.94871,-72.70239,-69.55812,-68.00362,-68.984184,-72.85717,-80.0,-80.0,-79.66973,-75.34866,-71.93106,-70.7514,-71.27301,-73.86521,-79.1821,-80.0,-80.0,-75.64074,-73.28575,-72.62011,-74.58088,-78.412445,-80.0,-80.0,-80.0,-80.0,-78.4511,-79.58832,-80.0,-80.0,-80.0,-80.0,-80.0,-80.0,-80.0,-80.0,-80.0,-80.0,-80.0,-80.0,-80.0,-80.0,-80.0,-80.0,-80.0,-80.0,-80.0,-80.0,-80.0,-80.0,-80.0,-80.0,-80.0,-80.0,-80.0,-80.0,-80.0,-80.0,-80.0,-80.0,-80.0,-80.0,-80.0,-80.0,-80.0,-80.0,-80.0,-80.0,-80.0,-80.0
-22.151596,-18.66706,-14.683235,-14.89979,-15.940685,-15.860382,-18.76785,-13.070475,-12.607777,-18.326725,-22.304932,-20.708883,-18.096834,-16.048801,-19.142803,-14.246784,-20.232737,-26.166862,-33.950417,-22.307049,-28.383488,-20.103676,-19.875378,-23.868229,-29.767757,-30.203539,-26.109468,-24.739079,-21.940666,-20.61642,-23.599379,-37.15083,-33.724724,-29.507917,-25.103565,-27.454487,-23.637865,-26.34914,-30.928688,-30.71505,-33.821796,-36.58346,-25.774616,-23.194279,-24.679882,-32.56641,-39.259254,-29.200691,-27.915997,-28.667145,-30.39889,-29.142563,-30.755035,-32.2064,-33.074577,-45.98951,-32.178776,-26.554031,-27.120193,-32.98682,-46.41877,-32.79541,-29.427223,-30.124943,-35.738388,-37.148922,-34.271606,-33.54346,-35.588303,-44.909424,-37.296135,-30.931137,-29.79503,-33.915844,-41.65745,-37.313313,-34.23224,-33.51264,-38.659157,-43.10407,-38.07036,-37.390686,-39.7476,-44.857376,-44.123283,-35.966396,-33.13986,-36.053253,-42.4458,-42.381367,-22.28655,-14.134539,-6.6775894,-4.036091,-9.68858,-7.7307262,-3.984148,-8.005108,-5.4688473,-2.0516434,-2.5780811,-7.413059,-4.9000797,-1.4734688,-0.5260658,-2.3301334,-2.5087223,-2.279358,-7.3808327,-18.209652,-12.778191,-8.859955,-8.391613,-4.6898575,-2.377554,-4.341896,-9.7789955,-9.482723,-5.2278957,-5.3154316,-5.9498787,-6.0210476,-4.9269485,-6.6791744,-11.617758,-10.099472,-9.474136,-15.394371,-22.122837,-12.849178,-8.725529,-11.046024,-11.717976,-8.4064045,-9.148266,-11.513191,-19.697563,-23.103115,-14.184544,-10.9957905,-14.131317,-15.48958,-15.089367,-20.967892,-26.874786,-13.646616,-13.597839,-14.96431,-16.363398,-20.626274,-22.676739,-21.328495,-20.309563,-19.210281,-16.481077,-17.402832,-15.496109,-15.841637,-17.643349,-18.489662,-21.789967,-22.612625,-24.305626,-26.269627,-23.16155,-28.365238,-23.413078,-22.998648,-21.4162,-23.854774,-25.489029,-27.193039,-31.993916,-30.685,-34.95847,-28.232033,-28.845926,-24.831375,-27.497042,-27.676826,-30.140707,-35.963245,-31.564724,-28.514046,-27.720612,-25.496838,-28.415045,-29.4317,-30.683403,-30.939035,-29.484306,-29.57594,-27.432438,-30.669796,-32.10217,-33.042145,-38.86426,-35.99206,-35.112476,-31.452951,-32.624306,-33.39217,-35.821686,-42.007324,-42.800694,-53.916187,-47.64094,-37.994347,-37.17373,-39.845272,-39.621983,-45.87263,-42.5007,-37.63605,-33.306934,-35.61161,-36.589977,-37.37547,-37.06608,-37.95428,-41.332733,-38.865257,-40.896034,-39.898563,-40.56547,-37.26115,-38.03779,-39.821,-42.006527,-46.438614,-44.019936,-46.34846,-45.788017,-46.37098,-42.629513,-46.1467,-55.436394,-52.420063,-46.771576,-49.731518,-52.3903,-57.91545,-51.883183,-47.793617,-48.616005,-46.180344,-50.79181,-50.800293,-53.53704,-53.024376,-47.166718,-49.49441,-52.221703,-48.13195,-42.90268,-44.127453,-47.40293,-50.321762,-49.14822,-44.08259,-43.18085,-44.77928,-48.995483,-47.573895,-43.644203,-47.2206,-65.39763,-53.090637,-50.261086,-53.394783,-54.271004,-55.037743,-62.086216,-61.185463,-58.76185,-56.165462,-53.459175,-52.43838,-54.413345,-58.356426,-57.84355,-56.206726,-55.318405,-56.474403,-60.01248,-60.81957,-62.382576,-64.6752,-65.93065,-63.027042,-63.99589,-63.32444,-59.432526,-58.980576,-62.37436,-68.63875,-63.269382,-59.292564,-58.490097,-59.212994,-59.921684,-59.181404,-60.197838,-66.1989,-61.58352,-57.79585,-57.257797,-57.154305,-56.64821,-58.114944,-63.201,-76.25984,-64.17682,-61.669655,-63.414707,-67.308914,-72.51851,-72.81909,-69.01533,-65.953415,-66.1673,-66.69854,-67.10281,-67.37332,-66.91637,-65.06857,-63.181255,-62.598175,-62.36214,-61.98384,-61.89171,-63.968887,-69.40273,-71.27815,-67.62739,-65.28389,-63.66108,-63.275436,-64.915215,-68.06464,-73.18074,-80.0,-80.0,-74.97705,-70.08013,-67.13339,-65.49724,-66.48361,-70.39105,-77.53371,-80.0,-77.03845,-73.11,-69.6266,-68.42316,-68.75522,-71.12639,-76.32315,-80.0,-77.89679,-73.47792,-71.24281,-70.38211,-72.354164,-76.04291,-80.0,-80.0,-80.0,-78.07499,-76.362885,-77.78054,-78.12043,-78.92569,-79.11374,-80.0,-80.0,-80.0,-80.0,-80.0,-80.0,-80.0,-80.0,-80.0,-80.0,-80.0,-80.0,-80.0,-80.0,-80.0,-80.0,-80.0,-80.0,-80.0,-80.0,-80.0,-80.0,-80.0,-80.0,-80.0,-80.0,-80.0,-80.0,-80.0,-80.0,-80.0,-80.0,-80.0,-80.0,-80.0,-80.0,-80.0,-80.0,-80.0
-12.422346,-5.689768,-8.054434,-12.833809,-6.079649,-9.540569,-19.457088,-10.56543,-6.248436,-12.319347,-18.02237,-14.829027,-13.822449,-8.497372,-8.600134,-9.107697,-16.776796,-18.924328,-16.571726,-16.260368,-12.346348,-10.616062,-11.585497,-14.745014,-30.704681,-19.675884,-16.312632,-13.544973,-11.858639,-13.647228,-18.250713,-30.62554,-25.054735,-18.127815,-15.391769,-14.976934,-15.951086,-19.047485,-27.850084,-26.688087,-21.3437,-19.656748,-16.681738,-16.013382,-19.929909,-27.960035,-33.279213,-23.119438,-18.323475,-18.51614,-19.710857,-21.614895,-26.056225,-27.669245,-26.45617,-24.138424,-22.047298,-20.53379,-20.825489,-27.981565,-34.15322,-29.513872,-24.051573,-22.647152,-24.226555,-24.624134,-25.645313,-30.882988,-32.013256,-29.698715,-26.936256,-24.508423,-24.087612,-28.199076,-36.303383,-41.8388,-32.246086,-26.82827,-28.259275,-30.343952,-28.477097,-32.108814,-45.396,-37.919792,-34.91504,-28.501143,-28.251816,-31.128307,-39.760307,-30.715649,-13.897425,-7.2679596,-8.670744,-0.27507782,-1.2802467,-0.8111458,-3.5705223,-9.028221,-2.077343,-4.1021366,-7.455368,-0.48652267,-3.6251602,-11.022276,0.0,-5.0964794,-5.468975,-0.4306221,-6.8760643,-13.357431,-5.2644043,-3.0004768,-17.619356,-3.7413788,-1.9673271,-30.548325,-3.4879322,-2.5078144,-8.635677,-6.050564,-2.0766773,-11.179375,-5.8867073,-3.8546104,-24.92744,-7.2267017,-5.1955853,-13.133377,-11.496977,-7.6989117,-7.8846416,-19.69907,-6.119768,-5.4134483,-21.478617,-8.487431,-10.984865,-21.371826,-11.6592655,-9.519293,-25.164167,-11.614109,-10.868233,-24.902191,-16.074694,-10.782146,-16.516521,-14.581423,-11.860537,-21.026106,-19.025911,-13.802731,-15.476198,-23.721275,-14.564272,-26.757097,-15.655291,-16.489716,-22.639826,-14.377825,-21.799343,-20.765821,-20.494776,-22.25411,-17.990128,-21.488682,-20.438576,-33.1234,-19.335724,-22.548712,-23.834068,-21.663994,-23.508778,-23.254131,-27.80508,-24.270077,-29.603058,-21.718933,-24.57375,-23.789429,-27.159485,-35.54617,-25.641327,-23.74897,-33.794308,-23.833853,-30.271507,-27.731588,-29.435225,-32.611034,-27.895124,-29.322157,-26.80616,-48.68275,-27.41913,-27.214666,-33.35107,-30.317383,-37.924652,-29.413315,-34.559814,-33.417103,-29.374044,-35.093437,-34.621597,-34.812565,-37.774204,-34.45017,-33.698036,-34.920643,-34.032063,-40.350895,-40.14686,-37.20148,-30.925848,-37.84426,-36.332947,-39.405407,-37.443684,-36.703403,-39.803932,-36.283318,-44.594986,-37.843193,-47.756165,-36.161133,-39.81559,-45.443474,-38.386745,-42.22622,-42.656357,-46.62049,-43.935974,-45.70031,-38.358067,-42.044094,-50.270157,-49.755608,-42.30047,-40.33187,-42.65725,-52.29077,-48.316643,-45.500397,-49.565388,-44.02112,-51.495968,-45.283405,-45.900272,-50.829796,-44.649708,-49.912537,-53.880966,-48.707188,-42.093426,-47.599846,-48.694466,-50.297455,-50.0921,-42.237473,-44.59533,-47.062874,-48.642014,-46.629272,-42.313698,-46.687256,-56.166294,-50.25821,-47.46295,-56.93704,-55.74787,-53.99368,-58.797592,-65.58076,-60.65657,-56.759087,-52.802338,-52.035202,-53.91175,-73.136246,-60.163475,-58.10615,-54.775032,-53.561134,-54.830383,-60.3826,-60.59164,-64.792854,-79.0927,-60.634727,-58.528202,-60.480812,-61.204205,-59.08796,-65.012794,-64.28688,-60.07756,-57.40139,-60.6102,-62.12722,-64.97427,-62.3397,-57.618187,-59.111763,-59.465393,-60.75071,-61.756393,-61.981224,-57.977222,-58.442078,-65.929245,-69.89844,-65.828384,-64.15977,-66.743164,-67.81537,-74.723305,-74.616455,-79.03889,-69.27464,-71.36253,-69.6422,-66.60085,-70.41649,-64.800354,-62.426254,-66.756714,-64.89999,-62.646877,-64.1434,-62.01873,-63.116913,-68.64909,-71.88603,-67.4597,-67.428894,-64.938705,-62.578415,-68.90925,-71.51964,-71.2968,-79.31964,-78.78894,-71.645996,-70.38598,-71.70219,-66.44025,-67.27745,-72.69181,-72.706406,-73.87988,-77.72629,-78.0052,-70.78088,-72.465546,-71.16096,-69.90584,-75.6091,-80.0,-76.163055,-75.61951,-76.79616,-72.1915,-75.71719,-79.679245,-79.51184,-80.0,-80.0,-78.66664,-78.10639,-80.0,-80.0,-80.0,-80.0,-80.0,-80.0,-80.0,-80.0,-80.0,-80.0,-80.0,-80.0,-80.0,-80.0,-80.0,-80.0,-80.0,-80.0,-80.0,-80.0,-80.0,-80.0,-80.0,-80.0,-80.0,-80.0,-80.0,-80.0,-80.0,-80.0,-80.0,-80.0,-80.0,-80.0,-80.0,-80.0,-80.0,-80.0,-80.0,-80.0,-80.0,-80.0,-80.0
-10.889915,-2.794138,-2.055256,-3.3792114,-6.6540146,-18.814247,-9.07427,-15.901451,-4.780369,-3.9923592,-6.471695,-11.479279,-15.63084,-7.7377834,-15.036207,-11.444296,-8.664032,-9.243235,-10.504744,-19.412165,-9.698595,-10.82597,-22.111311,-10.3755,-11.41552,-12.772236,-25.290403,-13.155346,-13.083435,-27.583603,-15.9220085,-17.318583,-19.548286,-22.33171,-18.05336,-18.534592,-22.587982,-22.652267,-27.440784,-27.117014,-21.927956,-21.692097,-21.388239,-20.287313,-26.250954,-34.332443,-35.086353,-24.395826,-20.90147,-22.816284,-26.046196,-24.130903,-36.86693,-30.796852,-33.211983,-21.818155,-23.425068,-29.345036,-21.60419,-29.517763,-30.646313,-37.24868,-26.31111,-28.177338,-29.736446,-26.828886,-30.616465,-34.64394,-34.75305,-33.040314,-31.135204,-29.594503,-33.443676,-25.953934,-28.667168,-34.785976,-48.629406,-28.553978,-28.35973,-40.31638,-27.454473,-30.738192,-41.14959,-43.832397,-31.07245,-30.528557,-40.54821,-33.471725,-33.45055,-43.58048,-12.150349,-4.3721733,-4.4151325,-0.82611084,-11.696178,-2.5431652,-2.7733994,-6.847885,-16.05362,-6.0566654,-3.1049461,-4.908951,-15.121334,-5.427353,-3.5390778,-12.414684,-15.948938,-4.1219063,-4.8080482,-14.324089,-9.087437,-4.401966,-6.719982,-12.455765,-8.162912,-5.95442,-6.0435925,-10.153585,-7.9205666,-5.8734055,-8.30237,-14.018164,-8.81838,-6.5301857,-11.661512,-16.283953,-7.3346844,-7.6742306,-11.565636,-13.26445,-9.938749,-9.902605,-14.316795,-10.532875,-8.282751,-9.905552,-17.07061,-16.949282,-12.737186,-15.138876,-19.920296,-14.454891,-12.479221,-17.004929,-22.368443,-15.729866,-14.196613,-16.929222,-17.478603,-18.925,-19.956013,-18.803467,-18.08136,-16.43887,-16.074188,-24.041836,-21.169685,-18.422588,-21.593374,-18.767845,-18.726814,-22.46276,-22.463076,-24.517454,-20.668322,-18.690916,-21.610907,-25.207346,-23.681091,-24.99144,-24.844204,-22.112642,-22.617512,-22.997028,-25.983753,-32.826416,-25.196056,-22.832207,-23.497387,-23.993917,-28.897055,-35.21825,-29.136318,-27.549112,-25.645325,-24.883545,-30.175877,-31.693117,-31.70769,-32.731075,-28.236189,-26.822245,-31.38324,-33.180393,-33.64437,-31.66952,-30.260569,-31.282436,-30.801245,-31.255817,-42.061222,-34.613712,-30.786892,-34.30204,-32.921844,-33.723797,-40.95028,-37.989395,-34.519505,-34.017033,-33.462833,-39.257576,-43.51688,-36.506878,-37.2547,-37.469482,-35.682724,-37.907455,-38.950832,-42.794697,-39.45811,-36.436558,-39.278645,-42.87073,-39.54579,-42.468475,-48.685173,-41.929886,-40.386837,-40.008724,-42.981064,-49.671593,-45.564316,-44.129066,-44.640083,-41.698883,-44.170265,-46.404823,-47.52156,-45.253143,-44.162834,-46.89234,-51.687725,-47.10385,-46.25524,-49.96993,-49.720043,-46.460102,-45.422977,-47.15652,-53.22376,-49.041416,-49.10572,-52.996727,-48.72599,-48.07999,-52.241013,-53.905235,-51.669624,-48.93406,-53.967438,-62.077038,-52.808533,-47.85372,-50.6225,-55.830307,-60.281292,-53.705963,-51.247643,-58.2807,-62.000782,-59.493526,-72.27217,-64.92175,-65.12389,-65.31584,-60.97245,-63.233093,-57.98474,-71.9294,-65.35802,-66.79187,-61.336422,-65.11866,-60.178337,-62.902534,-63.13199,-67.243675,-70.38408,-61.416626,-65.32123,-71.915825,-72.142075,-65.54582,-67.31016,-70.41863,-70.69687,-63.000694,-70.443535,-69.22516,-72.61485,-64.81802,-62.687325,-72.33113,-65.65006,-69.84791,-67.687645,-70.83324,-68.29732,-64.225685,-74.13789,-71.53032,-70.34711,-68.95633,-72.37034,-77.916595,-71.24394,-69.34387,-69.255486,-75.3608,-72.95933,-69.46292,-72.00098,-80.0,-73.2988,-68.2331,-75.07471,-78.626884,-72.56494,-73.82611,-69.97737,-75.89768,-74.77751,-74.07408,-76.626175,-79.56375,-76.20152,-69.52135,-75.33272,-80.0,-78.321075,-76.82103,-79.94173,-80.0,-77.79158,-77.39487,-77.18153,-79.8049,-79.53007,-77.04535,-79.06389,-80.0,-80.0,-79.45601,-80.0,-80.0,-78.21702,-80.0,-80.0,-80.0,-80.0,-80.0,-80.0,-80.0,-80.0,-80.0,-80.0,-80.0,-80.0,-80.0,-80.0,-80.0,-80.0,-80.0,-80.0,-80.0,-80.0,-80.0,-80.0,-80.0,-80.0,-80.0,-80.0,-80.0,-80.0,-80.0,-80.0,-80.0,-80.0,-80.0,-80.0,-80.0,-80.0,-80.0,-80.0,-80.0,-80.0,-80.0,-80.0,-80.0,-80.0,-80.0,-80.0,-80.0,-80.0,-80.0,-80.0,-80.0,-80.0,-80.0,-80.0,-80.0,-80.0
-10.723953,-3.4870644,-2.4018688,-4.0885315,-6.4650555,-12.045296,-7.763445,-8.262711,-4.612934,-3.6482582,-5.5020027,-9.60095,-12.223734,-8.494074,-12.373196,-11.478304,-8.887764,-8.765892,-10.173992,-12.652222,-9.975925,-11.287739,-14.509626,-10.540415,-10.729847,-11.992817,-16.92364,-13.365141,-14.175272,-21.467705,-16.179129,-17.676344,-20.04031,-24.275759,-20.260435,-20.988483,-25.368551,-24.861687,-28.633165,-28.822517,-23.730724,-24.159698,-24.020985,-22.520084,-28.587776,-33.25048,-30.676682,-25.961174,-23.314762,-24.75777,-28.533215,-25.585629,-30.526432,-31.69922,-29.416088,-22.270422,-23.894543,-26.590605,-22.614616,-27.248718,-28.234055,-30.554214,-27.500132,-29.411211,-30.961283,-28.815632,-33.32293,-35.48475,-34.610718,-34.56914,-33.209644,-31.639235,-32.231068,-26.635254,-28.765717,-32.832146,-36.52136,-29.023209,-28.92307,-32.918156,-27.953648,-30.53064,-37.530647,-39.26808,-31.664568,-31.640285,-41.794434,-35.501694,-34.344585,-34.86076,-11.600565,-3.276762,-2.3409538,-2.1739616,-5.250801,-2.372181,-4.674755,-6.338381,-13.507399,-7.1595592,-2.8198776,-6.361803,-13.018799,-4.5228615,-5.074402,-10.264309,-10.505955,-6.1128883,-4.889246,-12.224262,-10.349897,-5.5322514,-8.669186,-12.504318,-9.470312,-7.77293,-7.036869,-13.059757,-9.537664,-6.812483,-10.86396,-13.438427,-9.248562,-8.629097,-10.024441,-16.395685,-8.986404,-8.218517,-13.638172,-13.972767,-11.363602,-10.867077,-13.32431,-12.764849,-8.404366,-11.308086,-17.387184,-14.94598,-14.729998,-14.602116,-17.486946,-16.717735,-12.014168,-17.00737,-20.313286,-14.744389,-16.429934,-16.360193,-17.641022,-18.705795,-16.975618,-18.187105,-18.140825,-14.254086,-18.392208,-17.91491,-16.808989,-19.817133,-19.580744,-16.915142,-19.344084,-19.787296,-21.867361,-20.945837,-19.800816,-19.192583,-20.360607,-21.163006,-22.01876,-21.141823,-20.088087,-21.126877,-19.822401,-19.967937,-20.717106,-24.044136,-20.511093,-21.83076,-20.554396,-24.283186,-23.75261,-26.207153,-26.346601,-26.174408,-22.406628,-25.952045,-25.884106,-26.159483,-27.03773,-27.76992,-24.311157,-25.740864,-25.62212,-27.523464,-27.110252,-25.680515,-27.101168,-26.864307,-25.8013,-27.53132,-29.597578,-27.213892,-29.407772,-29.632042,-30.294794,-30.098232,-33.430138,-32.43114,-33.028877,-30.393234,-33.325977,-31.661259,-33.09599,-33.83751,-32.392986,-32.466103,-34.37852,-32.330563,-35.058666,-34.304432,-33.9214,-35.560192,-34.177475,-35.932987,-37.014122,-35.438183,-37.915825,-38.777245,-36.44838,-38.558292,-38.541,-41.21833,-41.142117,-40.85587,-41.584183,-41.66159,-40.48949,-44.83947,-44.047874,-44.039314,-41.974045,-44.51248,-44.750916,-43.303825,-43.28707,-43.993538,-44.122135,-44.77032,-41.996117,-44.648804,-46.67115,-43.967503,-46.14652,-47.923325,-45.629536,-46.91558,-48.66038,-49.566315,-51.589905,-48.455948,-53.41957,-55.81782,-51.946228,-50.182735,-51.13389,-55.015114,-57.594864,-50.87355,-53.179012,-52.93033,-55.35298,-57.61433,-54.42033,-55.949505,-58.21592,-54.858513,-58.400772,-56.668816,-55.20183,-65.37436,-59.380493,-59.7909,-61.79135,-59.510406,-60.751427,-62.97303,-61.184666,-69.16406,-65.44395,-62.49759,-65.12542,-70.37431,-73.98797,-64.6145,-69.74112,-65.80875,-65.94501,-65.4045,-63.668602,-66.80786,-73.194885,-62.76992,-63.38186,-72.63873,-65.7509,-69.69786,-69.15488,-68.182396,-66.842964,-66.41858,-69.463684,-69.06925,-72.44942,-66.81889,-69.49182,-80.0,-69.38158,-70.57995,-68.72651,-70.085724,-74.09653,-68.485725,-71.14018,-80.0,-72.22105,-70.17177,-75.0771,-76.71414,-74.95876,-72.84648,-72.28316,-76.94191,-76.08307,-74.75021,-74.22395,-79.62782,-77.411026,-70.45242,-78.058365,-78.32654,-76.11134,-78.89032,-76.243256,-80.0,-79.49654,-75.56551,-80.0,-79.605255,-77.48665,-79.51811,-78.06157,-80.0,-80.0,-78.96538,-80.0,-80.0,-80.0,-80.0,-80.0,-80.0,-80.0,-80.0,-80.0,-80.0,-80.0,-80.0,-80.0,-80.0,-80.0,-80.0,-80.0,-80.0,-80.0,-80.0,-80.0,-80.0,-80.0,-80.0,-80.0,-80.0,-80.0,-80.0,-80.0,-80.0,-80.0,-80.0,-80.0,-80.0,-80.0,-80.0,-80.0,-80.0,-80.0,-80.0,-80.0,-80.0,-80.0,-80.0,-80.0,-80.0,-80.0,-80.0,-80.0,-80.0,-80.0,-80.0,-80.0,-80.0,-80.0,-80.0,-80.0,-80.0,-80.0
-10.340004,-4.418768,-2.7734108,-5.1295147,-6.0048523,-8.745575,-6.3824806,-4.9313984,-4.2260666,-3.124174,-4.387142,-7.8306656,-9.733803,-9.4869,-10.042732,-11.213297,-9.085983,-8.103964,-9.653841,-9.436546,-10.197292,-11.717777,-11.099905,-10.623859,-9.871496,-11.031055,-13.487371,-13.435808,-15.798403,-18.003696,-16.364536,-18.097355,-20.646788,-28.415905,-26.78873,-30.221016,-36.498325,-30.99444,-30.62332,-32.55509,-27.919338,-35.3142,-36.052303,-28.517048,-34.070957,-31.727547,-27.89719,-29.011814,-32.660423,-28.85375,-35.304195,-28.09544,-27.224194,-32.740574,-26.70848,-22.759613,-24.285252,-24.098795,-24.074959,-25.221815,-26.18486,-27.29573,-29.276886,-30.82586,-32.35938,-33.767025,-48.061394,-36.342323,-34.119793,-37.197655,-38.09204,-35.98668,-30.340555,-27.52902,-28.782864,-31.0336,-32.782818,-29.395346,-29.526688,-29.539791,-28.487452,-30.095644,-35.008125,-36.394512,-32.42558,-33.246204,-40.813522,-40.703228,-35.75539,-31.310364,-10.810949,-2.0262299,-0.46650696,-4.55188,-1.951973,-1.8930378,-9.608721,-5.5945606,-10.419134,-8.7505455,-2.3374367,-8.5576515,-10.467516,-3.4459305,-7.690462,-8.100048,-7.3273525,-10.672153,-4.823456,-10.290813,-12.125088,-7.236847,-14.468555,-11.596653,-10.909607,-12.695721,-8.322365,-23.997047,-12.991806,-8.164036,-18.632662,-12.502893,-9.48666,-14.22826,-8.424831,-15.480288,-12.258747,-8.915979,-19.699108,-14.379541,-13.835846,-12.47294,-11.697403,-18.283533,-8.470394,-13.779074,-17.170877,-13.110888,-19.975018,-13.547194,-15.434549,-23.737328,-11.231646,-16.896849,-18.248308,-13.378172,-24.782085,-15.453455,-17.29052,-18.270184,-14.648968,-17.107658,-17.893604,-12.330851,-26.78179,-14.811903,-13.9904,-22.208044,-17.717758,-15.031664,-20.136791,-17.574055,-20.949387,-18.3969,-18.625027,-19.77473,-18.937183,-18.516932,-20.24222,-18.50641,-17.232405,-19.916191,-17.586708,-17.633883,-17.76545,-20.584646,-17.692497,-20.59339,-18.260118,-24.448689,-20.808857,-22.778858,-24.055202,-24.592743,-20.022976,-27.531298,-23.148293,-23.123026,-24.191967,-24.874065,-21.673416,-24.497494,-22.540222,-24.508966,-23.895115,-22.563538,-24.734667,-24.089367,-22.914803,-24.939838,-25.978731,-23.930412,-27.890663,-26.806057,-28.136782,-27.560852,-30.12522,-29.394506,-31.450005,-27.855352,-32.95595,-28.362114,-29.571585,-31.653465,-29.447674,-29.563543,-32.94854,-29.318548,-32.420826,-30.891438,-30.912863,-34.444107,-31.26715,-32.68092,-34.922356,-32.16189,-34.34749,-36.414936,-33.79235,-37.045494,-35.76484,-37.825687,-38.36104,-38.440437,-39.117287,-41.4058,-37.95116,-43.259922,-41.476765,-42.5153,-39.987072,-42.48627,-41.511578,-40.692104,-40.99504,-40.860146,-41.107067,-43.06135,-39.520344,-42.555565,-43.412445,-41.052082,-43.863262,-44.96949,-43.13599,-45.567924,-46.090237,-46.78482,-51.221447,-47.357765,-51.926445,-52.2488,-50.71322,-58.89129,-50.79009,-53.382366,-55.33081,-48.56629,-57.382416,-49.9486,-52.123,-55.67324,-50.697723,-52.52466,-54.97227,-51.30625,-56.015,-53.32833,-52.900238,-62.20401,-56.25698,-56.47995,-61.687813,-56.25572,-60.97775,-62.74393,-59.302624,-73.65729,-62.571877,-64.12548,-64.26825,-68.02687,-74.54802,-63.18855,-79.69248,-62.92045,-62.86381,-72.05513,-60.35334,-64.54339,-73.07184,-60.836243,-63.832237,-70.59888,-65.26748,-68.54817,-71.05448,-65.72285,-64.70514,-71.28564,-66.50453,-66.95082,-77.37691,-64.7771,-67.11025,-80.0,-67.62127,-72.86875,-68.01213,-67.06613,-75.80252,-67.29364,-69.83982,-80.0,-70.508766,-73.706894,-74.19596,-73.79771,-77.60704,-71.038704,-76.28369,-75.54147,-77.53384,-75.44066,-71.8283,-77.86684,-76.91817,-70.988174,-80.0,-74.69638,-73.93807,-80.0,-73.66661,-77.30473,-80.0,-73.6414,-80.0,-77.57626,-75.39845,-80.0,-76.66997,-80.0,-80.0,-77.61986,-80.0,-80.0,-80.0,-80.0,-80.0,-80.0,-80.0,-80.0,-80.0,-80.0,-80.0,-80.0,-80.0,-80.0,-80.0,-80.0,-80.0,-80.0,-80.0,-80.0,-80.0,-80.0,-80.0,-80.0,-80.0,-80.0,-80.0,-80.0,-80.0,-80.0,-80.0,-80.0,-80.0,-80.0,-80.0,-80.0,-80.0,-80.0,-80.0,-80.0,-80.0,-80.0,-80.0,-80.0,-80.0,-80.0,-80.0,-80.0,-80.0,-80.0,-80.0,-80.0,-80.0,-80.0,-80.0,-80.0,-80.0,-80.0,-80.0
-11.368906,-21.644833,-8.4711685,-18.836205,-9.68457,-11.4743805,-11.51804,-7.554447,-18.250435,-11.160196,-12.462917,-14.356918,-17.263859,-20.904175,-14.481823,-22.279465,-18.794092,-16.359064,-26.405743,-12.757694,-16.759169,-20.852419,-12.928131,-23.561909,-18.79855,-17.249971,-21.032398,-20.537882,-25.739365,-25.467878,-20.148346,-32.111923,-22.944784,-24.648762,-38.161343,-43.642555,-37.591545,-33.07604,-33.3345,-34.458168,-34.63887,-43.64663,-30.531689,-29.591942,-33.18139,-29.6653,-34.432945,-37.57348,-31.176552,-27.855518,-34.903202,-28.8577,-29.219883,-42.98059,-30.413166,-28.419384,-39.038807,-27.601892,-32.45978,-33.649734,-29.063202,-32.658035,-47.616543,-33.948483,-35.83329,-45.03176,-34.628704,-41.568665,-37.746742,-33.683643,-39.322987,-38.530834,-31.09286,-34.00907,-45.985577,-34.89688,-41.839626,-33.991188,-42.835476,-35.486557,-35.989864,-38.95385,-39.827515,-46.328033,-39.010574,-39.57884,-40.585644,-41.167183,-40.01613,-30.542559,-11.842773,-4.1507416,-4.067482,-11.738293,-2.667633,-3.0863838,-6.4096413,-5.100313,-8.781033,-8.070761,-4.723316,-7.9411373,-7.709488,-3.82543,-7.872196,-7.526659,-6.0234528,-9.473511,-6.004162,-8.349487,-12.36898,-8.227781,-10.774746,-6.7173615,-6.523653,-6.1047573,-5.205797,-8.103588,-6.079523,-5.5533257,-7.321186,-4.8342953,-5.5775375,-5.742195,-4.4470634,-7.1993637,-6.396927,-5.8184547,-7.6824436,-6.187479,-7.816517,-7.371792,-6.338457,-10.202026,-6.9707737,-6.5869637,-7.843649,-6.581539,-7.2339497,-7.126114,-6.6243896,-7.4787464,-6.6135426,-6.6975155,-7.410412,-6.9269295,-7.7562733,-7.8410873,-7.460579,-7.2197475,-7.031822,-6.9702473,-6.706215,-6.821995,-7.7552986,-7.083191,-6.8317795,-7.7562084,-7.8483696,-7.5538635,-8.369394,-9.2256565,-9.360594,-9.101149,-9.734295,-9.927563,-9.700085,-9.950764,-9.684378,-9.26857,-8.877636,-8.816101,-8.990505,-8.81786,-9.0559845,-9.722334,-9.396215,-9.805805,-10.696812,-11.597191,-12.165453,-12.819426,-13.201612,-13.191053,-13.021996,-13.787947,-14.130619,-13.77536,-13.840099,-14.021379,-13.580444,-13.909317,-14.252392,-14.233591,-14.214235,-14.197241,-14.37513,-14.705345,-14.801962,-15.236048,-15.757103,-15.712307,-16.587349,-17.572727,-17.932682,-18.667011,-19.547445,-19.671307,-19.963629,-20.108477,-20.359327,-20.350266,-20.588818,-20.724033,-20.628538,-20.705856,-21.120167,-21.383581,-21.671371,-21.837297,-22.359602,-22.902792,-22.97393,-23.559303,-24.055592,-24.187986,-24.818817,-25.334553,-25.740408,-26.359928,-26.964554,-28.06049,-28.435982,-28.982473,-29.927206,-30.290699,-30.8565,-31.707937,-31.713501,-31.891756,-31.636324,-31.668985,-32.02036,-31.572882,-31.55144,-31.889456,-31.87749,-32.386852,-32.387493,-32.849594,-33.591217,-33.479675,-34.32715,-35.140957,-35.234035,-36.489887,-37.49467,-38.130363,-39.4842,-39.845085,-40.98827,-42.412804,-42.503315,-43.65097,-43.492058,-42.770027,-42.66572,-42.119553,-42.45317,-42.568813,-42.984016,-43.76877,-43.637688,-43.84877,-44.47747,-44.4625,-45.299965,-45.971962,-46.611904,-48.264603,-48.548134,-48.91278,-49.775864,-50.51995,-53.673164,-55.909523,-55.999443,-59.22261,-59.214928,-63.84537,-62.756958,-60.948135,-61.635956,-58.481155,-58.348713,-56.08836,-56.550972,-58.437828,-56.813923,-59.23481,-60.36612,-59.49697,-64.47797,-70.17975,-66.58269,-66.57139,-69.47689,-70.48053,-67.41207,-67.902985,-65.66968,-65.295265,-66.66501,-62.73199,-62.069736,-65.25241,-64.47802,-67.095215,-66.05255,-65.096695,-68.69281,-65.228226,-65.60156,-68.51658,-67.07576,-69.17961,-70.16104,-72.478615,-74.52502,-71.43971,-79.78517,-75.774315,-76.74696,-77.411835,-71.3508,-72.69147,-72.38371,-68.89482,-70.258484,-68.38601,-67.8701,-69.063965,-67.51526,-68.984924,-69.45764,-69.48264,-72.44304,-71.189926,-72.16851,-74.189514,-73.07303,-76.15596,-76.38931,-75.53673,-78.91049,-80.0,-80.0,-80.0,-80.0,-80.0,-80.0,-79.40839,-78.53358,-75.67339,-75.23485,-74.49083,-73.09987,-73.828896,-73.41998,-73.61688,-75.05994,-74.92153,-76.30081,-77.633575,-77.344376,-78.9138,-79.40839,-79.50679,-80.0,-80.0,-80.0,-79.7316,-78.93179,-80.0,-80.0,-79.46381,-79.28995,-78.87593,-79.42815,-79.606026,-79.323105,-79.59515,-79.141205,-79.34261,-79.69507,-79.411415,-79.90343,-80.0,-80.0,-80.0,-80.0,-80.0,-80.0,-80.0,-80.0,-80.0,-80.0,-80.0,-80.0,-80.0,-80.0,-80.0,-80.0
-16.02822,-13.155228,-10.696243,-11.717703,-23.020744,-19.105608,-18.328428,-15.843899,-20.436398,-22.153833,-23.726933,-27.345085,-27.596933,-28.31147,-25.221066,-26.264095,-27.591753,-29.448719,-22.699905,-21.086264,-24.004763,-22.071728,-21.370796,-24.60807,-31.114658,-27.938618,-31.01065,-32.122795,-38.985485,-29.849655,-29.283705,-27.836391,-29.314629,-30.739134,-43.936073,-38.289658,-35.113205,-33.177288,-35.478752,-37.393616,-37.099762,-49.021145,-33.300766,-31.860624,-40.968918,-37.54091,-40.772583,-39.997284,-37.942,-32.01798,-31.82184,-36.038193,-36.349903,-41.724525,-41.16867,-39.76705,-37.01659,-34.30106,-34.748367,-41.22312,-40.866272,-44.810646,-42.80084,-42.79081,-42.057926,-44.21524,-38.199913,-39.8087,-41.829617,-43.79536,-38.802216,-48.497265,-39.551785,-40.10156,-50.14116,-42.437943,-38.857567,-39.238155,-46.505623,-45.484028,-43.901268,-45.23769,-45.96008,-44.722282,-44.900944,-47.936146,-42.650528,-48.2448,-45.822525,-32.288006,-20.200527,-13.979404,-13.393219,-11.567026,-8.031574,-16.046991,-8.597828,-10.407818,-16.12172,-11.102684,-13.919939,-14.730625,-10.976463,-11.787151,-11.649172,-12.235413,-12.752459,-11.405474,-12.3786125,-17.154566,-12.519566,-12.521294,-16.306599,-11.46726,-11.701004,-11.69245,-10.795378,-13.884945,-11.342337,-10.886883,-11.972155,-10.709883,-11.505589,-11.069302,-10.666439,-11.869431,-11.58703,-11.50499,-12.143089,-11.671377,-11.483479,-12.459967,-11.56629,-12.11198,-12.59355,-12.173178,-12.454903,-12.017904,-12.672752,-12.55324,-11.991325,-12.271507,-12.835592,-12.411804,-12.332619,-12.445642,-12.160019,-12.95969,-12.16017,-12.748476,-12.495285,-11.605074,-12.56097,-12.063696,-12.626228,-12.643902,-12.048899,-12.64855,-12.350031,-12.777258,-13.583818,-14.037382,-13.772007,-14.487873,-14.33972,-14.179947,-15.811493,-14.651028,-15.01729,-15.176104,-13.368124,-14.284306,-14.295172,-13.975872,-14.822102,-14.611422,-14.370686,-15.041138,-15.962826,-16.302786,-17.588188,-17.364143,-17.819614,-18.206547,-17.798397,-18.746532,-19.068335,-18.719265,-18.926367,-18.584467,-18.601133,-19.245108,-19.643053,-19.242992,-19.855373,-19.367966,-19.553278,-20.141258,-20.186954,-20.691381,-20.75956,-20.716057,-21.574593,-22.21907,-22.765873,-24.042538,-24.254932,-24.288383,-25.146465,-25.014154,-25.321646,-25.961397,-25.851305,-25.928715,-25.838684,-25.77443,-26.197334,-26.378035,-27.109884,-27.24082,-27.239872,-28.15459,-28.116587,-28.888027,-29.339344,-29.737053,-29.928793,-30.462801,-30.986004,-31.124754,-32.674866,-32.732616,-33.816067,-34.141808,-34.474403,-35.778988,-36.0362,-36.781403,-36.331223,-37.06643,-36.495678,-36.94128,-36.88107,-36.81045,-37.044094,-36.792103,-37.635033,-37.20677,-38.271202,-38.59142,-38.558407,-39.532383,-39.645668,-40.60811,-40.580616,-42.09997,-42.41603,-43.440334,-45.262463,-44.13113,-46.463657,-47.327126,-46.401226,-48.23674,-48.807377,-46.839058,-48.43823,-47.332672,-46.24516,-49.264626,-47.46129,-48.17499,-51.3978,-48.018497,-50.63976,-50.46176,-49.311768,-53.440514,-52.5076,-52.056355,-56.21288,-52.565434,-54.78674,-56.62238,-57.145058,-61.166237,-61.159187,-61.588055,-63.264004,-69.46546,-62.1977,-68.47511,-64.884926,-63.076157,-65.4993,-58.78006,-60.72599,-65.27429,-62.483627,-66.09024,-63.191883,-64.51012,-74.32875,-70.529724,-78.78444,-66.68756,-68.52385,-74.74892,-80.0,-70.1868,-66.57158,-75.583595,-69.54821,-68.7954,-69.019196,-65.69449,-74.501175,-70.374725,-70.99457,-77.36241,-67.206894,-74.10635,-71.69884,-69.099396,-75.33716,-70.668045,-73.739456,-80.0,-72.93862,-71.01834,-80.0,-78.01926,-75.959274,-80.0,-72.90002,-80.0,-75.997086,-73.90361,-78.415955,-71.43529,-74.233185,-73.385574,-73.040855,-74.2688,-74.76343,-74.30848,-77.833466,-77.4457,-75.43103,-80.0,-77.296906,-80.0,-80.0,-78.58635,-80.0,-80.0,-80.0,-80.0,-80.0,-80.0,-80.0,-80.0,-80.0,-80.0,-79.94412,-80.0,-80.0,-79.014114,-79.8681,-78.46074,-80.0,-80.0,-80.0,-80.0,-80.0,-80.0,-80.0,-80.0,-80.0,-80.0,-80.0,-80.0,-80.0,-80.0,-80.0,-80.0,-80.0,-80.0,-80.0,-80.0,-80.0,-80.0,-80.0,-80.0,-80.0,-80.0,-80.0,-80.0,-80.0,-80.0,-80.0,-80.0,-80.0,-80.0,-80.0,-80.0,-80.0,-80.0,-80.0,-80.0,-80.0,-80.0,-80.0
-16.892021,-14.956938,-11.622555,-12.487558,-22.348412,-20.061968,-21.058723,-17.998055,-22.265263,-27.020935,-29.038319,-34.291267,-31.820665,-31.292982,-29.613081,-28.554932,-29.419615,-31.474106,-24.511711,-24.317816,-26.409992,-23.894066,-24.859173,-26.495565,-35.106026,-31.344925,-33.896427,-35.6221,-33.955353,-31.48824,-32.74363,-29.546026,-32.201134,-33.303513,-44.662163,-39.13417,-35.830536,-33.622425,-37.151783,-35.74395,-36.76233,-49.051506,-34.369255,-33.36519,-39.891144,-39.472633,-42.916965,-40.387695,-40.682625,-33.51331,-33.43035,-39.253048,-39.173397,-42.673153,-44.440914,-44.244984,-38.816105,-37.084064,-36.622494,-44.19255,-46.16144,-42.90545,-41.453262,-44.23143,-43.867077,-45.27458,-39.481224,-41.485985,-42.41504,-43.106506,-39.487953,-48.85772,-42.884182,-42.781757,-47.998055,-43.903458,-40.303383,-40.15048,-46.417786,-47.36093,-47.223763,-44.582546,-43.150745,-44.91564,-47.37937,-49.26454,-43.524776,-45.776165,-46.26348,-32.00337,-23.693516,-18.456459,-17.196178,-12.988934,-9.883675,-14.565277,-10.69525,-12.547474,-17.406185,-13.469942,-16.457312,-17.38224,-13.305323,-15.107319,-14.116991,-14.821169,-15.747623,-13.712358,-13.95908,-18.012983,-14.750299,-14.34321,-17.430664,-13.680197,-14.408306,-14.481483,-13.361736,-15.993731,-13.6238365,-13.6658535,-14.527752,-13.365166,-14.207972,-13.669035,-13.606785,-14.41847,-14.061075,-14.106058,-14.684797,-14.475939,-13.862278,-15.134281,-14.181379,-14.467054,-15.278635,-14.761879,-14.93783,-14.640427,-15.447716,-15.320141,-14.742022,-14.791306,-15.718899,-15.266502,-15.021297,-15.262817,-14.644339,-15.644018,-14.7154045,-15.540096,-15.290323,-14.130793,-15.40959,-14.7416725,-15.3150425,-15.423595,-14.686708,-15.338846,-14.926083,-15.539267,-16.2734,-16.664442,-16.314764,-17.241123,-16.996912,-16.647621,-18.708908,-17.251709,-17.79802,-18.049036,-15.835577,-17.07431,-17.05386,-16.704262,-17.624481,-17.228107,-17.088587,-17.730356,-18.710175,-18.903225,-20.377274,-19.976574,-20.460663,-20.927267,-20.400948,-21.447796,-21.729748,-21.373709,-21.637512,-21.186829,-21.30951,-21.99936,-22.421764,-21.905617,-22.693317,-22.096886,-22.291119,-22.9388,-22.949022,-23.497227,-23.468834,-23.408218,-24.26764,-24.865162,-25.42038,-26.82832,-26.926743,-26.872087,-27.89762,-27.687712,-28.004715,-28.79501,-28.604229,-28.685848,-28.569431,-28.478848,-28.908438,-29.044346,-29.90801,-30.004274,-29.916042,-30.816486,-30.716417,-31.631311,-32.067352,-32.5583,-32.63791,-33.190414,-33.735287,-33.71293,-35.47335,-35.264286,-36.578255,-36.806183,-37.0387,-38.404133,-38.57088,-39.435413,-38.837868,-39.796303,-39.07914,-39.668655,-39.52186,-39.511818,-39.80094,-39.330574,-40.404068,-39.73121,-41.11221,-41.365868,-41.09601,-42.330933,-42.260536,-43.388435,-43.20838,-44.79107,-44.93312,-45.98655,-47.908733,-46.398438,-49.213196,-49.97023,-48.680443,-50.678574,-51.489265,-49.289436,-51.243565,-49.89869,-48.519417,-52.22056,-49.98814,-50.674644,-54.042084,-50.040287,-53.49715,-53.33495,-51.629387,-56.23934,-55.26349,-54.47573,-58.1111,-54.239876,-56.37223,-58.5915,-59.098427,-60.412273,-61.361988,-62.95891,-64.53139,-65.30594,-60.103523,-62.952835,-65.07475,-64.12181,-66.30387,-59.955276,-60.390076,-64.77096,-64.51548,-64.82124,-63.01328,-64.230354,-74.748215,-72.209595,-79.27701,-66.47774,-64.88132,-70.92218,-80.0,-69.77847,-65.34265,-66.87656,-67.78977,-68.47812,-68.45442,-65.17662,-70.55545,-70.01579,-70.32861,-70.51788,-67.01771,-73.21416,-72.94382,-69.32646,-69.7453,-68.80994,-73.73511,-77.9662,-72.09737,-69.68,-74.19165,-76.50502,-74.120605,-72.772354,-71.26567,-76.63747,-77.91814,-75.92349,-78.04996,-72.0775,-74.42648,-74.694565,-75.2813,-75.55896,-75.78036,-75.39589,-79.13849,-78.66184,-75.32106,-77.60779,-77.75214,-80.0,-80.0,-77.62761,-80.0,-79.47754,-80.0,-80.0,-79.618866,-80.0,-80.0,-80.0,-80.0,-80.0,-80.0,-80.0,-80.0,-80.0,-80.0,-80.0,-80.0,-80.0,-80.0,-80.0,-80.0,-80.0,-80.0,-80.0,-80.0,-80.0,-80.0,-80.0,-80.0,-80.0,-80.0,-80.0,-80.0,-80.0,-80.0,-80.0,-80.0,-80.0,-80.0,-80.0,-80.0,-80.0,-80.0,-80.0,-80.0,-80.0,-80.0,-80.0,-80.0,-80.0,-80.0,-80.0,-80.0,-80.0,-80.0,-80.0,-80.0,-80.0,-80.0
-17.367136,-22.886286,-12.845345,-14.105822,-18.177763,-19.540188,-27.502222,-19.156088,-27.232944,-30.155403,-32.40716,-31.528011,-35.48961,-38.5321,-32.12367,-36.33795,-29.432869,-27.580603,-31.77626,-30.348993,-29.721394,-29.355282,-33.573925,-32.642384,-32.74966,-31.524555,-34.398964,-34.24049,-29.77864,-34.188168,-37.27894,-35.76561,-43.68361,-39.9239,-44.548153,-40.912037,-37.107975,-34.08919,-41.14771,-33.672863,-35.842937,-48.119064,-35.835793,-36.475452,-37.577118,-40.510384,-46.195187,-40.478596,-47.3764,-35.798897,-38.56173,-59.365627,-45.607998,-44.484543,-44.27309,-44.72752,-45.440117,-44.528564,-41.867306,-50.621834,-46.53441,-39.15965,-39.847797,-43.643875,-45.956615,-47.381645,-41.314693,-46.877483,-42.53351,-40.3444,-40.527306,-46.66312,-49.32614,-50.94333,-45.56712,-44.229538,-44.352894,-40.531155,-45.64541,-46.366318,-57.295708,-42.835957,-40.283867,-45.048786,-53.56253,-48.84915,-44.651634,-42.942356,-45.7285,-31.21212,-33.315933,-31.642715,-23.56969,-16.422148,-12.796341,-10.549522,-18.36673,-16.977722,-17.531574,-25.764622,-17.402023,-23.119564,-23.48363,-24.641068,-27.262966,-27.416462,-27.820457,-28.019592,-15.281918,-16.788177,-32.608574,-17.905806,-18.12487,-19.35447,-29.788713,-30.324892,-21.412685,-19.715946,-19.142307,-39.217354,-26.22945,-21.91974,-23.457718,-23.314457,-31.228779,-25.7739,-21.846405,-22.405537,-26.982487,-37.988678,-24.168722,-29.180965,-24.687672,-35.960693,-25.64878,-23.194054,-24.658298,-24.34077,-33.111145,-32.171486,-31.014622,-24.720432,-28.573929,-42.69114,-33.58597,-45.78011,-25.204815,-30.014713,-26.127752,-33.105457,-36.34506,-24.902042,-31.751396,-27.470602,-35.894905,-30.882553,-25.964458,-35.35093,-28.686968,-45.90911,-29.886425,-30.63129,-28.986933,-33.38891,-42.83874,-27.347025,-34.237694,-30.686453,-45.632343,-36.172554,-25.618145,-36.492016,-36.32035,-35.172897,-31.631989,-29.922894,-45.330864,-31.105452,-37.11675,-32.27727,-42.080193,-36.155678,-39.14826,-44.926605,-33.29431,-41.463367,-36.697422,-35.733265,-39.311836,-36.162548,-40.524742,-39.453285,-42.7019,-36.070957,-47.97341,-40.26159,-42.010124,-47.95775,-40.212708,-57.974457,-43.65861,-40.391537,-41.758606,-43.692833,-41.314133,-51.53591,-51.78454,-40.07534,-52.96205,-44.386276,-44.718372,-55.895668,-48.318104,-56.025543,-45.92592,-45.62346,-46.82336,-43.652603,-55.00324,-46.98571,-47.53437,-42.75705,-41.218483,-47.867558,-47.594055,-59.52735,-49.46145,-52.56636,-53.307083,-46.0183,-50.010223,-46.04203,-53.989082,-49.58717,-49.78793,-47.935448,-47.40634,-52.447464,-49.135384,-58.003963,-50.592598,-55.33243,-53.882774,-53.60549,-54.46004,-49.281662,-52.72982,-49.667675,-56.127674,-54.09149,-50.766777,-53.36403,-52.314625,-61.045288,-53.465416,-55.404793,-54.312317,-54.59926,-56.675903,-53.329758,-63.579754,-63.895885,-56.455284,-59.598713,-63.782486,-60.218876,-65.35835,-59.251526,-56.417603,-63.196625,-61.590256,-61.69314,-57.648552,-54.882805,-65.79703,-68.96506,-59.772514,-61.45697,-66.04385,-65.542755,-59.25818,-57.49257,-58.527733,-61.35963,-64.06974,-58.75622,-60.68052,-65.49568,-66.15195,-62.065483,-57.90172,-59.349133,-64.729744,-64.994644,-65.79405,-61.744526,-59.268917,-63.03015,-67.967,-62.571274,-62.240356,-63.036858,-72.6461,-76.97634,-75.87456,-65.90311,-61.980858,-67.833084,-76.55577,-68.796844,-63.683296,-62.860188,-65.65408,-67.05367,-66.64314,-64.210815,-66.98341,-68.98476,-68.79001,-66.441765,-66.55829,-70.7395,-73.64124,-69.358505,-66.0907,-66.68337,-73.07915,-74.812454,-70.88198,-67.9874,-70.03012,-74.56456,-72.08208,-68.68074,-69.279785,-72.912224,-80.0,-79.952545,-76.07773,-72.515686,-73.438965,-76.32806,-80.0,-76.735214,-76.34289,-76.2814,-80.0,-79.22453,-74.57767,-74.14494,-77.62712,-80.0,-79.27829,-76.05104,-75.99472,-76.981964,-80.0,-80.0,-76.9211,-77.23889,-80.0,-80.0,-80.0,-79.41553,-80.0,-80.0,-80.0,-80.0,-80.0,-80.0,-80.0,-80.0,-80.0,-80.0,-80.0,-80.0,-80.0,-80.0,-80.0,-80.0,-80.0,-80.0,-80.0,-80.0,-80.0,-80.0,-80.0,-80.0,-80.0,-80.0,-80.0,-80.0,-80.0,-80.0,-80.0,-80.0,-80.0,-80.0,-80.0,-80.0,-80.0,-80.0,-80.0,-80.0,-80.0,-80.0,-80.0,-80.0,-80.0,-80.0,-80.0,-80.0,-80.0
-16.324951,-14.753153,-17.569843,-25.45683,-21.119873,-20.687069,-14.991867,-19.207418,-35.048565,-22.703207,-22.50216,-20.376976,-26.720661,-27.528725,-28.971533,-30.768412,-26.53523,-35.291542,-31.455217,-31.959019,-32.84215,-36.183147,-31.914677,-32.001495,-36.784946,-38.70982,-34.46002,-33.08378,-28.879293,-31.116138,-52.727646,-34.922146,-33.872643,-38.697388,-47.653038,-38.83873,-37.11678,-34.76271,-41.2456,-36.28928,-34.125435,-38.955925,-38.877823,-43.468834,-33.03857,-39.456413,-40.16644,-38.888786,-46.397766,-35.20053,-34.993248,-41.231308,-42.510635,-47.00377,-40.343765,-43.05209,-38.93293,-38.464348,-37.092224,-43.433796,-56.595634,-34.068996,-32.032787,-37.231678,-58.817245,-44.293182,-46.18843,-37.823082,-39.61855,-42.570988,-44.22457,-45.9151,-45.300076,-46.04859,-45.653538,-47.36658,-42.239532,-39.936745,-47.03671,-48.809135,-46.20098,-37.81349,-39.592335,-64.52399,-47.221718,-45.239826,-42.06844,-41.423954,-53.487114,-30.196266,-22.499758,-23.562635,-18.33914,-18.097118,-17.551067,-11.272417,-14.188467,-15.643736,-14.878996,-17.45029,-15.232267,-17.140766,-19.024803,-21.261509,-30.62228,-31.481955,-24.267944,-18.544369,-15.156122,-16.80081,-19.982822,-18.679173,-19.114193,-23.158604,-22.992748,-25.663828,-25.567724,-21.838755,-21.380762,-20.283222,-21.601748,-28.117237,-27.380766,-28.009327,-23.1198,-22.500809,-21.684153,-20.479763,-24.704556,-32.341698,-24.836277,-29.557587,-32.15587,-27.100794,-32.033424,-20.841986,-19.887535,-30.371878,-29.419006,-34.480705,-28.800924,-22.308083,-25.731304,-43.51973,-39.217716,-34.388115,-26.691402,-26.124855,-31.825346,-26.942154,-26.358395,-32.105576,-27.30754,-34.23947,-29.133743,-25.31417,-27.2767,-29.328245,-33.042927,-45.62768,-30.34189,-28.88628,-32.012768,-28.89236,-30.753078,-37.749027,-30.976068,-44.107887,-31.082714,-28.274225,-31.997147,-29.880507,-34.07471,-40.75413,-28.583261,-30.767513,-36.32731,-31.182213,-32.59357,-40.32897,-33.46287,-49.97229,-35.78401,-35.19098,-42.871826,-31.629555,-34.887264,-37.430336,-33.24413,-41.01648,-40.289864,-38.063118,-41.70012,-39.988365,-44.75628,-45.45096,-39.41237,-42.496773,-48.710884,-42.895977,-58.234184,-40.42412,-38.907955,-47.68432,-43.00016,-53.322372,-48.199757,-41.62213,-50.57532,-44.644676,-40.598423,-44.086155,-54.265568,-53.337112,-50.20379,-39.8272,-39.643032,-56.884987,-43.243,-46.69332,-48.405582,-39.113564,-40.911118,-48.05591,-45.99439,-57.42369,-50.850822,-48.941742,-59.32971,-46.465294,-46.51229,-50.441803,-44.389587,-49.867477,-51.405518,-46.844345,-48.332886,-45.67408,-50.065735,-56.84642,-49.165207,-55.301693,-55.064484,-54.35378,-56.437695,-45.814,-45.905422,-58.020107,-50.43454,-54.182716,-49.866684,-44.269745,-47.013046,-57.12572,-54.669975,-54.38643,-48.374767,-49.441288,-71.80734,-52.421936,-53.95585,-63.795067,-57.5422,-60.18714,-65.83309,-75.76594,-72.0184,-60.789734,-59.03271,-69.03235,-64.96153,-68.69211,-61.14676,-52.546318,-56.086708,-65.455124,-63.667046,-69.57379,-60.79962,-57.482803,-63.178738,-60.668655,-60.340652,-57.353188,-54.745583,-57.28306,-63.621464,-66.74996,-69.4133,-59.089928,-55.388195,-56.911034,-58.45818,-60.20115,-66.705055,-63.456497,-60.48461,-60.49691,-58.78812,-59.981144,-77.80409,-61.873184,-65.71121,-70.59375,-73.78106,-64.70221,-60.13665,-63.337414,-74.19,-68.57129,-68.85212,-61.19844,-60.570168,-67.02484,-64.22944,-63.381405,-70.38373,-65.38213,-64.48178,-67.93036,-67.96518,-70.43588,-72.60315,-65.14524,-65.24898,-67.272026,-65.32019,-68.53781,-77.19422,-67.08807,-76.473335,-68.48736,-65.52533,-70.11342,-71.60133,-70.07367,-80.0,-78.67228,-76.914566,-76.24498,-69.98505,-72.56125,-77.56499,-79.29791,-80.0,-76.03157,-75.01088,-77.28313,-76.43509,-72.93631,-74.7023,-80.0,-78.03441,-75.782036,-79.55534,-74.18887,-74.54709,-80.0,-75.66086,-75.17091,-80.0,-76.42929,-77.237724,-80.0,-75.518936,-78.93208,-80.0,-77.71428,-80.0,-80.0,-79.05385,-80.0,-80.0,-79.14986,-80.0,-80.0,-80.0,-80.0,-80.0,-80.0,-80.0,-80.0,-80.0,-80.0,-80.0,-80.0,-80.0,-80.0,-80.0,-80.0,-80.0,-80.0,-80.0,-80.0,-80.0,-80.0,-80.0,-80.0,-80.0,-80.0,-80.0,-80.0,-80.0,-80.0,-80.0,-80.0,-80.0,-80.0,-80.0,-80.0,-80.0,-80.0,-80.0
-16.845123,-17.163471,-18.956242,-21.953644,-21.864994,-17.923046,-18.413925,-21.768261,-24.013292,-21.010813,-18.211386,-21.189651,-26.502745,-26.38332,-25.906654,-25.204908,-28.02319,-38.637653,-35.004055,-37.102688,-43.987164,-41.573532,-34.07846,-38.80601,-39.516388,-42.84047,-39.889725,-39.38017,-34.824654,-36.603634,-37.528053,-35.93886,-39.541668,-39.762966,-35.180187,-35.306255,-33.232304,-36.846962,-49.772095,-43.62291,-36.04295,-45.540333,-46.56416,-35.15531,-32.120243,-35.938324,-37.484856,-40.127205,-45.1277,-38.403564,-40.206234,-36.39557,-41.36122,-43.42962,-39.065414,-51.278954,-44.003384,-35.344284,-37.36961,-37.940655,-37.101482,-35.37103,-34.846222,-38.25389,-42.620956,-42.545967,-42.900204,-40.379723,-43.156273,-48.286816,-50.473022,-46.95559,-41.840263,-40.56321,-50.94481,-50.012634,-40.85626,-39.84987,-41.813675,-42.685608,-41.299107,-39.617153,-42.182693,-53.46145,-44.567745,-42.57847,-42.005165,-42.151924,-46.211346,-34.34273,-22.038092,-23.170048,-23.080357,-18.102406,-18.079212,-17.93109,-21.489923,-22.335207,-19.926126,-19.19371,-20.499569,-23.783401,-24.581734,-27.753803,-40.454292,-30.666677,-32.20583,-23.380508,-22.7771,-25.144495,-29.690737,-25.699791,-27.778385,-33.14265,-27.539024,-36.57774,-35.150864,-32.867138,-30.795847,-26.275326,-27.14909,-36.04306,-35.71088,-34.57989,-28.246851,-29.319077,-32.79725,-28.399866,-27.378712,-29.742718,-27.331814,-29.20705,-32.914787,-32.305664,-31.17503,-25.634937,-24.78146,-29.77766,-31.360596,-29.786411,-28.732443,-26.423212,-27.688934,-35.197,-36.91791,-35.261158,-30.659184,-33.129913,-42.233303,-32.6453,-31.651463,-38.64375,-34.03873,-39.318096,-36.022167,-29.235788,-32.66137,-38.404957,-34.126694,-35.006996,-32.030502,-34.217907,-36.4934,-30.611877,-33.527073,-37.121532,-34.668633,-34.338707,-33.151024,-34.01785,-38.655,-36.503918,-33.660835,-32.902042,-31.711317,-33.897327,-38.607285,-32.587055,-32.723198,-34.650375,-34.72404,-38.624184,-37.569717,-36.752182,-36.43925,-34.650272,-38.733047,-45.15333,-37.925358,-37.416313,-36.858746,-38.94039,-45.208286,-43.587044,-42.040867,-40.839256,-40.484715,-45.516453,-49.462532,-46.50638,-45.365036,-42.672806,-41.89449,-42.25849,-43.548317,-43.227104,-43.3474,-42.903053,-43.130722,-43.92749,-41.167717,-43.219734,-48.51719,-47.30581,-45.850693,-43.8258,-42.51581,-44.80049,-42.344284,-44.618267,-47.2562,-41.5241,-44.49202,-48.60271,-45.290638,-48.232555,-48.28433,-52.29958,-54.081787,-48.863426,-51.648293,-52.081398,-47.508232,-52.50686,-54.132023,-52.230083,-58.02819,-52.500717,-52.455177,-51.550995,-51.20829,-55.90653,-55.49655,-55.311275,-53.717728,-49.4122,-49.153244,-55.637737,-55.5567,-55.570694,-53.043953,-47.46035,-47.80689,-54.140236,-57.072823,-59.27587,-51.267952,-50.082596,-54.44422,-54.315506,-58.14246,-63.631157,-59.756546,-63.73725,-61.967834,-64.26371,-73.24886,-62.238583,-58.5045,-64.438576,-64.01338,-62.88398,-60.000465,-56.217834,-56.05374,-62.399456,-64.51564,-62.175922,-59.444626,-57.843754,-64.222755,-66.12335,-66.72766,-61.99273,-59.42109,-60.343082,-70.15044,-72.98085,-79.154205,-63.49166,-61.09099,-67.14197,-65.45302,-66.11041,-68.03664,-63.31808,-66.72676,-66.53627,-65.745865,-63.29364,-65.79878,-65.423676,-68.0164,-79.61169,-72.832184,-69.66431,-66.116714,-65.958145,-69.71594,-72.03589,-75.1454,-66.75746,-66.25757,-69.14859,-67.61592,-67.34482,-72.898315,-73.98865,-69.31656,-77.40523,-76.17677,-73.701385,-76.47826,-70.132675,-71.61218,-75.754745,-69.60614,-69.71802,-69.384415,-70.05676,-75.37779,-70.99826,-69.51428,-72.633484,-74.64276,-74.91321,-78.77762,-79.51625,-79.13745,-78.08531,-75.9082,-79.87773,-80.0,-80.0,-80.0,-80.0,-80.0,-80.0,-80.0,-80.0,-80.0,-80.0,-80.0,-80.0,-80.0,-79.162704,-77.80119,-80.0,-78.67273,-78.89778,-80.0,-78.92638,-79.03911,-80.0,-78.59774,-79.873474,-80.0,-79.68419,-80.0,-80.0,-80.0,-80.0,-80.0,-80.0,-80.0,-80.0,-80.0,-80.0,-80.0,-80.0,-80.0,-80.0,-80.0,-80.0,-80.0,-80.0,-80.0,-80.0,-80.0,-80.0,-80.0,-80.0,-80.0,-80.0,-80.0,-80.0,-80.0,-80.0,-80.0,-80.0,-80.0,-80.0,-80.0,-80.0,-80.0,-80.0,-80.0,-80.0,-80.0,-80.0,-80.0,-80.0,-80.0
-16.003605,-16.969746,-16.735653,-20.967762,-21.02979,-18.876732,-19.85458,-22.74709,-25.666496,-22.41587,-18.308117,-21.717663,-26.779316,-28.027565,-26.435093,-25.845966,-26.80171,-37.706192,-36.750065,-35.320812,-34.93269,-32.62332,-28.26953,-31.44085,-36.607822,-40.238335,-41.215633,-35.73786,-35.846355,-38.430614,-38.74009,-37.845512,-35.489086,-33.217186,-35.920692,-32.970257,-34.38178,-32.657864,-37.45214,-39.454723,-37.121513,-38.214485,-39.052025,-32.910297,-33.110844,-36.8482,-39.20501,-38.529957,-40.93115,-39.941612,-41.722504,-34.459568,-38.564426,-40.780785,-37.706158,-37.6199,-36.531155,-32.62524,-37.858402,-37.152004,-37.54422,-37.04221,-36.806698,-39.883804,-42.034622,-43.179283,-44.385002,-42.163265,-45.433094,-42.544006,-39.883945,-41.71122,-38.320564,-38.331635,-49.233383,-46.518913,-42.50093,-40.761173,-43.4364,-42.70932,-40.648735,-41.64719,-41.298225,-48.000317,-43.856205,-43.54247,-43.39158,-44.037384,-45.73405,-34.47443,-21.70151,-21.059032,-21.691418,-19.821934,-19.756691,-20.266861,-20.999762,-21.770664,-22.205471,-20.997276,-23.08394,-25.552677,-25.976921,-29.20211,-32.45497,-30.0917,-29.66668,-25.532843,-26.52312,-29.363995,-34.994274,-28.022886,-30.25615,-31.264175,-28.395742,-46.36673,-38.010445,-31.958359,-32.161484,-27.264212,-29.258251,-40.123547,-36.649982,-33.46068,-30.961601,-31.938665,-39.533264,-32.11139,-27.898205,-31.527897,-28.450054,-30.60048,-33.983063,-33.828644,-31.801756,-28.038647,-27.194384,-30.628899,-32.424503,-29.485281,-29.94268,-28.889439,-28.85231,-36.807777,-36.350037,-35.466137,-32.909145,-33.684074,-40.547276,-34.54022,-33.91912,-39.95394,-36.5548,-38.48437,-37.568966,-31.236929,-35.165318,-41.270382,-35.73336,-36.45176,-33.69874,-36.226635,-38.18761,-31.7716,-35.558746,-37.923347,-36.73646,-34.4282,-35.06001,-36.984158,-38.66444,-38.860367,-34.78461,-33.55139,-33.902443,-35.861904,-40.390907,-33.89771,-34.285725,-36.128353,-35.427658,-40.224,-38.59815,-38.604473,-36.5156,-36.77939,-39.907986,-46.915092,-39.399117,-38.875492,-37.850044,-40.35927,-47.556923,-44.84347,-43.72013,-41.83613,-42.036343,-47.248184,-50.167164,-47.954277,-44.474857,-44.52246,-43.88318,-42.985504,-45.53476,-43.073887,-44.20001,-44.40332,-43.884567,-45.27512,-42.191055,-43.037334,-49.077103,-46.663654,-46.774822,-46.1,-43.56124,-46.30211,-42.2653,-44.666943,-48.6612,-42.185574,-46.24165,-47.288155,-45.702465,-49.906635,-47.527256,-52.04384,-51.990807,-50.940586,-53.0606,-52.261013,-48.530495,-54.635326,-56.26666,-52.453117,-54.398724,-54.198765,-53.685184,-51.051575,-52.045692,-56.8945,-54.342216,-57.105545,-54.405197,-51.65369,-51.03646,-55.089832,-57.90754,-53.69558,-54.420727,-48.538918,-49.18459,-55.84176,-57.628014,-60.37142,-52.55932,-51.230186,-55.965603,-55.716667,-60.204678,-63.149963,-58.050995,-61.76918,-59.39959,-62.25943,-64.80045,-60.279633,-58.873722,-64.22336,-63.917877,-62.923805,-61.605705,-58.470127,-57.426582,-62.285454,-66.13176,-62.0131,-60.700058,-59.086426,-62.382927,-64.86041,-62.44288,-62.559303,-60.055084,-59.349743,-67.92737,-73.81462,-69.28293,-61.879925,-62.767853,-73.365585,-68.39493,-68.96684,-69.20455,-63.361782,-66.83705,-67.11093,-67.43875,-65.3029,-66.37479,-67.749084,-68.45021,-73.71289,-72.6402,-69.64384,-67.651535,-66.47839,-65.963356,-70.44208,-74.29892,-68.71605,-68.34854,-66.93454,-69.95849,-69.021645,-71.97918,-73.223755,-70.275894,-78.16939,-75.64459,-73.421524,-78.91371,-72.433426,-73.65366,-79.1039,-71.94987,-71.71272,-69.702194,-71.57071,-77.09671,-72.29083,-71.9799,-73.98535,-75.411026,-77.55769,-79.603355,-80.0,-80.0,-79.443535,-78.66835,-80.0,-80.0,-80.0,-80.0,-80.0,-80.0,-80.0,-80.0,-80.0,-80.0,-80.0,-80.0,-80.0,-80.0,-80.0,-79.89342,-80.0,-80.0,-80.0,-80.0,-80.0,-80.0,-80.0,-80.0,-80.0,-80.0,-80.0,-80.0,-80.0,-80.0,-80.0,-80.0,-80.0,-80.0,-80.0,-80.0,-80.0,-80.0,-80.0,-80.0,-80.0,-80.0,-80.0,-80.0,-80.0,-80.0,-80.0,-80.0,-80.0,-80.0,-80.0,-80.0,-80.0,-80.0,-80.0,-80.0,-80.0,-80.0,-80.0,-80.0,-80.0,-80.0,-80.0,-80.0,-80.0,-80.0,-80.0,-80.0,-80.0,-80.0,-80.0,-80.0
-14.485319,-15.98156,-14.050541,-19.531834,-19.49696,-21.631542,-22.279982,-24.044405,-44.00759,-27.726416,-18.574095,-22.352669,-27.034874,-35.908134,-27.683529,-27.669954,-24.824398,-35.75364,-40.59298,-32.49462,-30.269875,-28.224337,-24.325102,-27.123299,-33.486332,-37.13847,-41.762054,-32.05141,-35.43154,-40.374653,-44.13221,-47.93123,-31.75967,-29.166304,-38.385338,-30.399685,-38.39766,-29.10386,-32.844856,-35.529808,-39.022205,-33.910496,-34.67828,-30.459282,-35.633698,-39.52531,-51.02553,-36.270107,-37.46534,-42.983047,-42.942146,-32.1885,-35.672363,-38.024536,-35.8003,-32.993397,-32.26842,-29.821632,-38.510395,-36.011837,-38.98522,-42.789036,-43.664234,-45.501305,-41.280037,-44.57562,-51.292572,-47.505478,-56.306236,-38.476562,-35.375244,-37.91069,-35.13992,-35.86152,-46.421024,-43.169296,-50.62043,-42.75147,-54.36996,-42.905396,-39.67299,-53.042892,-39.500168,-44.238293,-42.710308,-46.326187,-47.760376,-54.29729,-45.06812,-33.51064,-20.90936,-18.536282,-19.163692,-27.696733,-26.40039,-22.363552,-18.386467,-19.322895,-27.373669,-27.689978,-31.196613,-26.017502,-26.587893,-29.143698,-27.915756,-29.00349,-26.022434,-30.151373,-36.212006,-37.0344,-37.27787,-29.443665,-29.395374,-27.193096,-28.471117,-50.870277,-36.15461,-27.541458,-29.42392,-26.765514,-32.3086,-55.07058,-34.502853,-30.70565,-44.824852,-34.91068,-36.41593,-37.84942,-28.026947,-47.63926,-30.222635,-35.16922,-36.30992,-35.07503,-33.032627,-35.41985,-34.308582,-32.52925,-34.262947,-29.024338,-33.238937,-43.56698,-31.050512,-49.23685,-35.372993,-35.397793,-41.000088,-32.03108,-36.342216,-36.46418,-38.40862,-39.607094,-39.247562,-36.283924,-37.336185,-36.396545,-41.5698,-40.273613,-41.075348,-44.58583,-39.01311,-39.129837,-40.737705,-34.068,-43.600773,-39.6592,-43.024117,-34.859543,-42.693935,-58.751915,-36.66788,-41.101833,-37.76677,-35.530403,-44.349102,-42.13891,-46.100964,-37.03063,-40.006153,-43.85696,-36.39802,-53.28899,-40.378716,-46.29928,-36.83472,-46.01767,-41.12953,-46.20231,-40.944435,-45.580875,-40.896175,-44.41536,-62.745358,-46.46769,-54.087074,-45.082523,-46.91691,-51.608322,-51.275986,-50.26544,-43.29634,-51.003403,-50.751564,-45.112637,-63.399902,-43.007378,-46.786987,-48.73953,-46.24752,-49.686638,-44.40635,-42.52163,-50.641026,-45.730568,-49.628548,-54.521965,-44.917282,-55.81389,-41.9257,-44.675247,-53.71897,-42.70561,-50.06955,-45.309643,-46.33839,-70.28079,-46.320156,-50.78556,-49.6139,-61.3127,-54.05358,-52.00032,-49.70084,-65.56502,-66.96001,-51.182266,-50.174385,-54.315117,-55.92314,-50.301968,-53.13736,-58.962612,-52.517097,-64.87335,-56.112534,-61.142025,-56.289196,-54.144806,-63.53237,-51.22735,-56.76107,-49.837936,-53.0294,-67.3614,-57.91304,-60.760647,-54.74594,-53.94007,-66.41203,-59.02965,-65.39548,-62.127663,-55.63118,-59.0505,-56.69455,-59.996788,-60.508247,-57.75188,-59.38211,-63.9038,-63.554977,-63.141663,-68.869255,-67.874725,-61.685154,-62.063114,-71.77609,-61.879826,-64.73853,-62.376656,-59.962543,-62.27942,-58.594513,-62.068092,-59.66053,-57.385994,-64.66284,-72.936066,-64.69278,-59.265488,-63.98861,-74.65326,-72.693665,-78.177795,-71.71174,-63.14969,-65.10426,-65.98878,-67.40975,-71.734344,-68.202576,-80.0,-68.51195,-69.36806,-72.117035,-68.23731,-68.232285,-66.624825,-62.70053,-67.96536,-71.784134,-71.07327,-71.08505,-64.20297,-80.0,-72.03223,-70.15873,-69.96619,-70.40693,-75.07943,-72.650345,-72.153854,-80.0,-77.95125,-75.1971,-80.0,-80.0,-80.0,-70.647766,-74.68648,-80.0,-74.712555,-80.0,-76.6563,-75.9575,-80.0,-80.0,-80.0,-80.0,-80.0,-80.0,-80.0,-80.0,-80.0,-80.0,-80.0,-80.0,-80.0,-80.0,-80.0,-80.0,-80.0,-80.0,-80.0,-80.0,-80.0,-80.0,-80.0,-80.0,-80.0,-80.0,-80.0,-80.0,-80.0,-80.0,-80.0,-80.0,-80.0,-80.0,-80.0,-80.0,-80.0,-80.0,-80.0,-80.0,-80.0,-80.0,-80.0,-80.0,-80.0,-80.0,-80.0,-80.0,-80.0,-80.0,-80.0,-80.0,-80.0,-80.0,-80.0,-80.0,-80.0,-80.0,-80.0,-80.0,-80.0,-80.0,-80.0,-80.0,-80.0,-80.0,-80.0,-80.0,-80.0,-80.0,-80.0,-80.0,-80.0,-80.0,-80.0,-80.0,-80.0,-80.0
-12.722418,-8.1656,-9.424969,-11.490726,-15.655567,-18.822655,-16.099436,-17.398106,-20.148312,-23.644733,-19.371643,-18.426807,-20.869072,-21.491571,-22.4921,-22.480164,-22.000004,-24.641329,-27.307894,-24.756443,-22.012733,-20.435865,-19.219185,-20.860378,-23.963356,-26.889963,-28.741207,-30.609358,-32.30116,-38.288593,-47.837193,-35.746246,-26.99635,-23.473408,-23.178905,-22.79616,-23.195505,-22.287676,-22.74847,-25.415043,-26.348465,-25.669788,-28.502213,-31.5628,-35.055172,-42.044605,-39.566597,-33.32869,-30.720936,-33.738483,-32.733566,-28.56557,-29.305912,-37.240746,-38.618977,-27.99655,-25.334179,-27.484602,-32.90522,-38.292572,-42.55682,-41.13986,-37.57198,-37.102932,-41.12629,-45.86876,-47.884716,-57.854004,-45.439407,-33.816734,-30.051773,-31.580833,-33.42888,-37.064392,-36.93457,-46.979767,-46.605953,-40.515694,-41.747623,-56.482086,-42.060867,-36.169987,-35.535122,-39.520523,-66.731384,-42.13955,-39.897114,-41.571827,-42.093246,-31.433275,-21.706223,-22.25223,-15.4302025,-17.452988,-18.963303,-16.750832,-12.953772,-13.831297,-20.047129,-21.944263,-19.218342,-19.557907,-24.184383,-25.29547,-28.477451,-35.130524,-28.361998,-23.53015,-25.907598,-28.863186,-27.710001,-24.820953,-25.077301,-25.064896,-24.317467,-26.943565,-24.751724,-21.768417,-21.75589,-25.236628,-30.980127,-40.874,-34.777752,-29.782452,-28.319366,-27.0355,-25.608978,-23.442879,-23.000397,-25.008148,-26.677532,-28.030098,-26.947512,-32.27132,-36.213467,-33.875877,-33.978886,-33.591408,-32.42055,-33.229073,-45.090717,-31.360752,-30.116375,-35.834957,-44.388687,-34.704025,-34.76761,-31.719149,-29.792315,-34.23914,-38.270676,-40.476513,-41.250656,-35.95093,-33.622326,-42.33776,-50.520603,-45.885914,-44.37145,-39.728207,-42.71891,-45.429,-37.69557,-35.64538,-39.461693,-42.708153,-38.898136,-38.71209,-51.298523,-45.502113,-40.910748,-36.361557,-36.189835,-39.151154,-50.11999,-49.010193,-41.968803,-39.424713,-43.08056,-47.449318,-37.53465,-36.83621,-39.290436,-39.52389,-39.998344,-41.000298,-40.73176,-38.90863,-38.785294,-38.020424,-41.344566,-43.92533,-42.02319,-41.513195,-43.480762,-50.04232,-46.166138,-48.29144,-54.604866,-47.69596,-47.15809,-55.932358,-52.91127,-53.375076,-49.549377,-43.943996,-42.119526,-46.01463,-55.99962,-45.725227,-42.371323,-41.09896,-41.774776,-46.6523,-51.81584,-45.935665,-45.42328,-43.375763,-46.252197,-54.623444,-46.81868,-42.99827,-42.40799,-46.01837,-55.161747,-47.63426,-44.826447,-43.93801,-46.401398,-49.75284,-48.951588,-47.342293,-50.38578,-57.863785,-55.921932,-48.12036,-44.675884,-45.529434,-47.209084,-48.312973,-56.16811,-54.654007,-48.660194,-48.699562,-52.422386,-58.48812,-56.08127,-56.048615,-59.839027,-50.09713,-48.690075,-49.735233,-51.817,-56.36991,-52.07338,-52.684097,-55.005344,-62.694206,-60.715923,-61.836166,-73.502014,-59.06898,-54.008522,-52.58859,-57.844566,-80.0,-59.421017,-59.267838,-70.69043,-61.07905,-60.383934,-75.920395,-71.98078,-68.842476,-75.02998,-63.32402,-61.320526,-67.776436,-72.87564,-64.39024,-54.610367,-54.50986,-63.322353,-62.4533,-58.275124,-57.500557,-67.98433,-65.42296,-59.05163,-57.351196,-60.245842,-66.42673,-68.51607,-67.952286,-64.68838,-63.391182,-72.63461,-64.43913,-63.07279,-66.30664,-68.936554,-68.82463,-67.34152,-67.487625,-80.0,-65.09096,-65.16419,-68.582596,-64.735855,-62.891426,-66.793976,-80.0,-63.956757,-61.220108,-62.89699,-66.090836,-65.366394,-64.06593,-72.03952,-73.51788,-67.940445,-69.27483,-78.01484,-74.130905,-74.993286,-79.678406,-76.58099,-72.7964,-70.26976,-74.36395,-80.0,-75.00716,-74.730644,-80.0,-77.09952,-74.89241,-79.18846,-80.0,-79.387085,-77.57715,-79.303894,-80.0,-80.0,-78.2536,-80.0,-80.0,-80.0,-80.0,-80.0,-80.0,-80.0,-80.0,-80.0,-80.0,-80.0,-80.0,-80.0,-80.0,-80.0,-80.0,-80.0,-80.0,-80.0,-80.0,-80.0,-80.0,-80.0,-80.0,-80.0,-80.0,-80.0,-80.0,-80.0,-80.0,-80.0,-80.0,-80.0,-80.0,-80.0,-80.0,-80.0,-80.0,-80.0,-80.0,-80.0,-80.0,-80.0,-80.0,-80.0,-80.0,-80.0,-80.0,-80.0,-80.0,-80.0,-80.0,-80.0,-80.0,-80.0,-80.0,-80.0,-80.0,-80.0,-80.0,-80.0,-80.0,-80.0,-80.0,-80.0,-80.0,-80.0,-80.0,-80.0
-14.846493,-10.419762,-16.598543,-16.65635,-16.83068,-22.489838,-19.395548,-22.100151,-21.22929,-21.327948,-27.629236,-24.289448,-26.196127,-27.316532,-24.413183,-26.719002,-28.705654,-27.550034,-35.829914,-25.765718,-27.98979,-25.0566,-25.050446,-26.691175,-27.654213,-30.013714,-32.906258,-36.632225,-38.657043,-36.389153,-44.938583,-34.76513,-29.085102,-30.6811,-24.492832,-25.711002,-28.313883,-26.360039,-25.907633,-28.961319,-27.703176,-28.659143,-33.808258,-39.928688,-36.088802,-42.297783,-42.58127,-37.16501,-35.916443,-32.203236,-33.706455,-34.642387,-32.2003,-40.11224,-39.666233,-31.34002,-30.122902,-33.239517,-40.878963,-48.23746,-41.96398,-41.273617,-41.170303,-40.36264,-43.064163,-48.6245,-46.335922,-65.67912,-43.96643,-35.008568,-33.263702,-40.64128,-38.167286,-43.647797,-38.045345,-40.078304,-40.232735,-38.8442,-44.97319,-50.711166,-44.489445,-39.81672,-38.520573,-45.987244,-48.0917,-42.420296,-40.694748,-42.676205,-50.115467,-30.730455,-24.131851,-23.098276,-16.821396,-18.501648,-22.643692,-23.47781,-17.50776,-16.471386,-24.595211,-25.045069,-20.555767,-23.342787,-33.719692,-32.55424,-32.64416,-37.275368,-37.988556,-25.614267,-23.24141,-29.437593,-34.459,-29.511526,-32.282803,-32.98453,-30.36359,-28.345253,-28.185678,-26.133743,-27.319138,-33.602398,-32.90625,-36.547302,-39.545948,-36.305325,-31.25873,-29.256636,-27.444845,-26.328678,-26.552223,-28.72357,-29.513979,-29.20232,-30.204578,-33.05663,-38.659332,-41.490597,-43.355072,-39.785595,-41.636356,-38.66259,-37.269978,-32.895798,-34.177475,-39.446,-43.60313,-37.417233,-44.4417,-37.896893,-35.77481,-35.139145,-43.49003,-42.45777,-46.87375,-41.88818,-38.01303,-40.544567,-46.475113,-45.587025,-47.805813,-41.517952,-41.36888,-44.38275,-46.59976,-39.26098,-45.858673,-49.969753,-44.15974,-44.064323,-42.03112,-43.629906,-40.46477,-40.10399,-44.624794,-41.858044,-51.60195,-48.39947,-42.917984,-44.80553,-46.163548,-40.781906,-40.319023,-44.419075,-42.71236,-48.01393,-44.414005,-45.735466,-45.416065,-45.316147,-43.670403,-44.900787,-41.03393,-47.93741,-45.34091,-43.840317,-45.46632,-46.589947,-45.60923,-46.918644,-51.716846,-50.77572,-51.567146,-56.13176,-62.470604,-59.29614,-56.551052,-50.974075,-47.414875,-48.501705,-54.39032,-49.90618,-50.227383,-47.788532,-47.55917,-47.937366,-50.003468,-53.92504,-52.227077,-50.350456,-50.786255,-56.606262,-55.073715,-48.76982,-49.440742,-49.8835,-55.643463,-52.539764,-51.688866,-50.478348,-50.434177,-54.15119,-52.215572,-52.652603,-53.8806,-63.737823,-56.84632,-53.70275,-48.377518,-50.0383,-53.217293,-53.531414,-57.050907,-56.80121,-52.18984,-51.32814,-54.309387,-58.432526,-57.546272,-55.721466,-56.146683,-55.81721,-54.365562,-59.425854,-54.355118,-55.40136,-53.237915,-56.738216,-61.933548,-60.764786,-60.26118,-64.8723,-64.40085,-65.45303,-59.553596,-56.176395,-65.74373,-65.8981,-66.49933,-67.14893,-68.73775,-61.688004,-62.084038,-68.56682,-68.66372,-70.76583,-65.108826,-61.31601,-63.5111,-70.34882,-63.55333,-58.410316,-55.62197,-59.06688,-62.730427,-63.853783,-65.79651,-60.03884,-68.76297,-68.82211,-63.218033,-64.65219,-64.31241,-72.53554,-68.99359,-76.407715,-67.826096,-70.18834,-66.877014,-70.97241,-67.75639,-70.59259,-70.91885,-76.15936,-71.05713,-74.481,-67.68549,-66.51241,-73.04951,-75.84834,-68.68234,-67.878075,-71.030815,-69.11368,-65.462456,-65.67639,-66.963715,-63.69816,-65.29152,-70.11929,-69.58989,-72.09277,-74.31076,-72.26027,-72.512024,-75.51599,-80.0,-74.656,-75.55731,-76.906624,-72.89804,-76.8237,-80.0,-77.02986,-77.64964,-79.36156,-78.05031,-78.210526,-80.0,-78.509705,-80.0,-80.0,-78.6163,-80.0,-80.0,-80.0,-78.63983,-80.0,-80.0,-80.0,-80.0,-80.0,-80.0,-80.0,-80.0,-80.0,-80.0,-80.0,-80.0,-80.0,-80.0,-80.0,-80.0,-80.0,-80.0,-80.0,-80.0,-80.0,-80.0,-80.0,-80.0,-80.0,-80.0,-80.0,-80.0,-80.0,-80.0,-80.0,-80.0,-80.0,-80.0,-80.0,-80.0,-80.0,-80.0,-80.0,-80.0,-80.0,-80.0,-80.0,-80.0,-80.0,-80.0,-80.0,-80.0,-80.0,-80.0,-80.0,-80.0,-80.0,-80.0,-80.0,-80.0,-80.0,-80.0,-80.0,-80.0,-80.0,-80.0,-80.0,-80.0,-80.0,-80.0,-80.0,-80.0
-15.773842,-11.728052,-18.914684,-19.288277,-18.334087,-23.346548,-20.494003,-24.008104,-22.769201,-21.95817,-28.596262,-27.27055,-29.148207,-30.498144,-25.986252,-28.594587,-31.971798,-29.52491,-35.183388,-26.075115,-28.578438,-26.794243,-28.134869,-29.61576,-29.49853,-31.106863,-34.457138,-39.857758,-37.426167,-34.87016,-44.305847,-35.20286,-30.411592,-32.90466,-25.560944,-27.651161,-31.182463,-28.784317,-27.884708,-31.09261,-29.248251,-30.775814,-35.949875,-42.931347,-37.545143,-41.716328,-42.348007,-39.39081,-38.453224,-33.01232,-34.821823,-37.16163,-33.73467,-40.999466,-40.502773,-33.322094,-32.82214,-36.24755,-45.163296,-47.37387,-42.411194,-42.942028,-43.245007,-42.186348,-44.29715,-47.66499,-45.263393,-50.350037,-44.2466,-36.52006,-34.988377,-43.90307,-39.73433,-42.927265,-39.17404,-40.01553,-40.671417,-39.176704,-45.063576,-50.739494,-46.353462,-42.013283,-40.333508,-47.479557,-47.289173,-43.466316,-42.379723,-43.33285,-51.178413,-30.869583,-24.825653,-23.683865,-17.17907,-19.834236,-23.582544,-25.818275,-19.797087,-17.896286,-26.790045,-25.935696,-22.29554,-24.384773,-36.545643,-33.703144,-33.497955,-37.858074,-36.02043,-26.009502,-23.773235,-29.275139,-33.61891,-32.061806,-36.33016,-37.126373,-33.64722,-29.702385,-30.344385,-28.575787,-30.294884,-38.108322,-32.948948,-34.27155,-38.2705,-39.86605,-32.884335,-31.21425,-29.177734,-28.322105,-28.831367,-30.48876,-30.699303,-30.56813,-31.752651,-34.768333,-40.587975,-45.927906,-47.3898,-42.17027,-43.210426,-41.25111,-37.99975,-33.831997,-36.570797,-39.88437,-42.42467,-38.261543,-45.602196,-41.33624,-39.08655,-36.302395,-40.13949,-39.057713,-42.153465,-43.870552,-39.159683,-40.528645,-47.155426,-47.069324,-49.366875,-41.932816,-40.334053,-43.946854,-47.857506,-39.47443,-44.929306,-47.670616,-45.359062,-45.911316,-43.112274,-41.695156,-39.6135,-42.042633,-45.31539,-42.581093,-51.764076,-50.018177,-43.757973,-46.910065,-45.383156,-39.745815,-41.560444,-48.97622,-44.75859,-50.59317,-46.443596,-47.663563,-47.16728,-48.090286,-45.372414,-46.859283,-41.90498,-46.318256,-45.35064,-45.609245,-46.96708,-48.016487,-45.68394,-48.474266,-50.786156,-51.505127,-53.174316,-54.282307,-62.72753,-54.96737,-54.70027,-52.82937,-50.201935,-49.632225,-53.680954,-52.10087,-53.871517,-50.925346,-50.67594,-49.31701,-51.314087,-58.526764,-56.00245,-54.051174,-51.747948,-56.991936,-56.837852,-50.993393,-52.754715,-51.183453,-57.116863,-54.761448,-55.209198,-53.629173,-52.413746,-55.61143,-52.17963,-53.50573,-54.154694,-57.36226,-58.48768,-56.73786,-50.201225,-52.058083,-56.010178,-56.316216,-57.709282,-58.56469,-54.432713,-53.235268,-56.065933,-59.936314,-59.24418,-56.417583,-55.123077,-58.07814,-57.3064,-63.72127,-54.96212,-56.542706,-53.57077,-58.455353,-62.86261,-57.97175,-59.43779,-65.77525,-65.070206,-65.79593,-59.817505,-58.268543,-65.24147,-65.5685,-70.33409,-71.43889,-69.13968,-62.648598,-63.087963,-67.18826,-66.27051,-69.64928,-62.13717,-60.957638,-65.35426,-68.47972,-61.945236,-59.250862,-56.448708,-61.23127,-63.08654,-63.47832,-63.595795,-60.283127,-68.89633,-70.31317,-65.415955,-68.67474,-66.543625,-70.553955,-66.81287,-65.84487,-65.9536,-71.242836,-66.69673,-73.033325,-69.79173,-72.038506,-71.87636,-74.15799,-68.98546,-72.5773,-67.72339,-67.956894,-74.95503,-76.57222,-68.73208,-69.12485,-72.33644,-70.240585,-66.68302,-68.212975,-69.34189,-63.907497,-65.29395,-72.32319,-70.63254,-72.80934,-77.40242,-74.339645,-72.489136,-77.32349,-80.0,-74.58956,-75.212654,-78.27113,-74.78064,-78.20241,-80.0,-78.49791,-79.787766,-80.0,-79.78085,-79.76465,-80.0,-79.433044,-80.0,-80.0,-79.55946,-80.0,-80.0,-80.0,-79.520615,-80.0,-80.0,-80.0,-80.0,-80.0,-80.0,-80.0,-80.0,-80.0,-80.0,-80.0,-80.0,-80.0,-80.0,-80.0,-80.0,-80.0,-80.0,-80.0,-80.0,-80.0,-80.0,-80.0,-80.0,-80.0,-80.0,-80.0,-80.0,-80.0,-80.0,-80.0,-80.0,-80.0,-80.0,-80.0,-80.0,-80.0,-80.0,-80.0,-80.0,-80.0,-80.0,-80.0,-80.0,-80.0,-80.0,-80.0,-80.0,-80.0,-80.0,-80.0,-80.0,-80.0,-80.0,-80.0,-80.0,-80.0,-80.0,-80.0,-80.0,-80.0,-80.0,-80.0,-80.0,-80.0,-80.0,-80.0,-80.0
-17.169474,-14.7109375,-18.124537,-26.313126,-24.363056,-23.485888,-21.598267,-26.564182,-29.463554,-24.105764,-25.162254,-34.110653,-46.622593,-44.12115,-31.457455,-31.907593,-35.818954,-38.121048,-30.971998,-26.184385,-26.664656,-28.71854,-37.393013,-35.92113,-33.7873,-32.337822,-36.283096,-49.894882,-33.956726,-32.622623,-43.238014,-36.265762,-33.68064,-31.898926,-28.115444,-35.488827,-52.611973,-42.706284,-35.331905,-39.58841,-35.470066,-44.081093,-38.363037,-40.84108,-43.253212,-40.35486,-40.833164,-48.137566,-44.04869,-35.777584,-37.887367,-39.35215,-37.271305,-41.765434,-42.205338,-40.099037,-48.22737,-44.70161,-46.993313,-42.31181,-43.396538,-57.74528,-50.389572,-47.322067,-47.18466,-45.390377,-43.473377,-45.178318,-44.943924,-42.619614,-39.35052,-40.654015,-40.856167,-39.637413,-42.20675,-40.37735,-42.65591,-40.07276,-43.943207,-51.276474,-54.77819,-51.439804,-46.06508,-46.328552,-46.291046,-46.629272,-53.338676,-44.369507,-48.01275,-31.026712,-25.313581,-24.607033,-17.271849,-24.32203,-23.918272,-25.906048,-25.622831,-21.101843,-31.660755,-26.555508,-32.49753,-24.91425,-32.309498,-31.319225,-33.277634,-38.19534,-31.068213,-25.92117,-25.58822,-28.522997,-30.194933,-41.607964,-43.68159,-38.71123,-45.40954,-33.973354,-40.40161,-38.514946,-40.76722,-38.498806,-32.208076,-31.480328,-35.260586,-49.690014,-36.98654,-44.771194,-37.159126,-37.506,-43.717728,-34.149494,-32.523056,-35.189903,-34.83827,-47.060932,-50.645546,-52.270733,-43.8809,-43.522575,-39.057396,-46.2052,-41.679634,-35.643856,-48.710354,-39.178223,-40.443398,-39.00481,-40.89568,-60.258,-57.12531,-39.713963,-36.0954,-35.335003,-37.72043,-44.466908,-39.44435,-40.518333,-49.954674,-55.661232,-52.266068,-42.009743,-38.571854,-43.003063,-43.93239,-38.38417,-41.600853,-43.516613,-44.950615,-47.06311,-50.792587,-39.074394,-37.984875,-47.016403,-41.601944,-42.989895,-51.393257,-68.41882,-45.527214,-48.987648,-43.211117,-38.271797,-43.67012,-58.291058,-52.23646,-47.893444,-50.36767,-50.254845,-49.045708,-50.42634,-46.75173,-45.924515,-44.45937,-43.260666,-44.072075,-52.640438,-51.631023,-65.03891,-45.65718,-66.83591,-49.280567,-51.711334,-54.888412,-51.586052,-58.00997,-50.579468,-50.76189,-51.521828,-59.068405,-51.538662,-52.376842,-58.39217,-54.190895,-54.030304,-61.944412,-53.916615,-58.92446,-61.809086,-65.53871,-59.68821,-51.48139,-56.9233,-53.87377,-52.709316,-55.219604,-52.43003,-63.975395,-58.69651,-60.035976,-57.57937,-56.959724,-56.805187,-50.854492,-52.434288,-53.21771,-52.649467,-67.521805,-69.509125,-54.30669,-55.679253,-60.005924,-66.117874,-58.850548,-66.078156,-67.01256,-61.699295,-64.35333,-68.457,-67.76283,-58.199047,-53.544334,-60.06452,-65.2748,-59.58452,-55.16533,-61.26211,-53.684147,-61.21596,-60.570747,-54.7601,-57.84625,-66.47499,-68.47276,-63.363113,-57.813545,-65.75763,-61.416153,-65.48306,-76.41228,-73.89377,-70.319855,-65.14484,-65.06995,-65.30187,-63.36413,-67.38107,-58.957325,-60.27151,-74.3832,-65.50278,-59.83824,-63.46455,-58.132206,-65.803024,-63.79521,-62.196854,-59.39115,-59.699276,-68.67482,-72.8947,-71.814896,-74.32951,-73.947845,-66.82254,-63.85134,-60.728046,-62.890305,-69.193375,-66.70474,-72.8319,-73.088715,-73.318184,-73.47802,-70.06683,-65.71008,-68.6236,-68.58089,-72.956604,-72.56656,-73.82622,-67.25715,-69.08609,-73.21442,-79.644196,-69.90907,-80.0,-80.0,-64.57416,-65.00448,-73.37159,-75.388504,-75.07947,-80.0,-80.0,-72.86899,-80.0,-78.84473,-74.82173,-74.42256,-79.47446,-80.0,-80.0,-80.0,-80.0,-80.0,-80.0,-80.0,-80.0,-80.0,-80.0,-80.0,-80.0,-80.0,-80.0,-80.0,-80.0,-80.0,-80.0,-80.0,-80.0,-80.0,-80.0,-80.0,-80.0,-80.0,-80.0,-80.0,-80.0,-80.0,-80.0,-80.0,-80.0,-80.0,-80.0,-80.0,-80.0,-80.0,-80.0,-80.0,-80.0,-80.0,-80.0,-80.0,-80.0,-80.0,-80.0,-80.0,-80.0,-80.0,-80.0,-80.0,-80.0,-80.0,-80.0,-80.0,-80.0,-80.0,-80.0,-80.0,-80.0,-80.0,-80.0,-80.0,-80.0,-80.0,-80.0,-80.0,-80.0,-80.0,-80.0,-80.0,-80.0,-80.0,-80.0,-80.0,-80.0,-80.0,-80.0,-80.0,-80.0,-80.0,-80.0,-80.0,-80.0,-80.0
-20.645164,-22.230156,-22.75888,-23.95785,-27.470833,-24.09557,-21.031063,-24.956924,-31.45062,-24.268955,-25.867249,-32.509182,-32.493877,-33.679832,-29.815258,-35.993267,-34.02129,-35.845013,-35.248543,-29.276283,-27.523762,-29.807259,-33.288074,-35.953888,-33.319134,-33.29475,-30.490364,-32.15428,-31.789558,-31.336418,-37.05542,-45.3248,-42.35472,-34.72822,-32.59149,-35.233677,-46.34667,-47.416252,-39.094906,-34.762306,-39.694466,-57.212257,-45.577396,-48.52791,-54.388947,-56.17027,-44.363937,-53.296104,-42.72964,-45.144733,-45.305386,-45.12081,-43.344185,-68.59537,-53.207912,-47.58835,-45.25569,-50.368355,-41.96572,-45.06605,-45.91445,-42.162132,-43.32359,-48.996643,-62.94689,-57.883934,-45.127434,-47.460594,-51.084778,-51.54013,-50.120796,-50.92408,-45.26613,-45.231045,-54.320633,-54.523388,-51.24035,-44.80552,-44.18034,-47.25819,-49.557228,-47.790237,-65.93375,-53.177814,-51.353474,-48.682102,-52.408184,-47.940933,-47.84548,-28.903072,-19.858883,-20.052326,-25.777718,-17.627476,-17.201393,-19.012142,-20.747955,-25.032927,-28.834658,-23.862055,-24.618317,-22.89577,-22.467873,-29.440086,-31.45047,-26.755514,-41.778133,-30.619286,-32.37116,-37.30223,-28.4634,-36.70593,-53.720528,-45.793804,-34.751057,-39.306107,-31.720978,-29.80405,-30.444273,-30.583717,-28.30918,-46.11649,-29.146503,-29.01478,-27.880047,-27.636795,-31.59055,-31.91234,-33.348255,-43.588074,-28.231731,-27.48648,-30.77039,-34.691048,-34.658504,-34.80225,-36.96599,-49.443325,-35.491615,-33.848476,-36.644306,-31.552807,-36.067043,-46.420067,-34.100353,-37.27143,-39.529602,-35.166817,-34.356003,-37.653595,-37.752705,-33.72277,-37.969303,-50.454967,-37.170494,-42.218384,-58.26519,-45.68917,-42.53528,-45.62471,-41.33281,-51.8608,-52.360077,-35.85827,-35.87552,-43.70419,-39.666016,-41.932823,-48.88989,-43.011555,-36.52993,-38.968975,-38.97413,-48.917046,-48.06937,-43.61458,-43.240044,-49.457146,-40.614826,-42.59059,-45.602554,-46.29474,-51.081886,-51.766983,-53.641182,-48.418114,-53.808987,-54.2461,-44.011463,-39.47031,-47.400944,-42.155632,-44.79264,-56.317368,-48.07837,-43.87037,-44.743515,-46.724243,-50.801613,-53.24376,-44.63961,-46.132065,-52.46901,-44.46818,-41.64668,-46.4666,-47.356075,-44.639046,-47.419323,-51.997902,-49.939384,-61.862106,-56.986443,-61.892067,-54.4826,-52.58304,-49.80475,-47.74373,-46.72103,-48.63003,-47.803776,-50.583633,-62.77769,-52.16475,-49.56408,-51.086594,-53.838085,-48.438393,-49.886826,-51.310394,-45.816196,-48.60893,-58.893677,-50.215355,-52.889664,-52.427902,-57.59205,-59.12349,-62.462765,-54.130417,-52.12893,-55.874184,-64.48971,-60.25009,-59.338207,-65.463806,-67.6554,-62.53768,-56.138603,-53.73419,-55.267437,-53.64949,-61.250053,-54.626335,-50.92468,-53.063713,-53.195274,-54.569527,-67.618,-59.233345,-56.566486,-53.808834,-53.07347,-57.94094,-56.709984,-63.162056,-71.043625,-64.117035,-63.400394,-61.295437,-57.960186,-57.97285,-60.87835,-76.26875,-57.295033,-56.744045,-63.845436,-66.8564,-58.475677,-61.28047,-60.282665,-58.848816,-69.763535,-67.27495,-64.425835,-64.38811,-61.800552,-65.51614,-69.32559,-75.35239,-68.9554,-64.29213,-67.33653,-55.73166,-56.88414,-66.84688,-65.21822,-67.577934,-69.978386,-62.94056,-63.966362,-62.90284,-63.817802,-69.58607,-71.00221,-68.478195,-66.078125,-71.11279,-67.953094,-72.08424,-72.85855,-77.94852,-72.81395,-71.28424,-71.39534,-65.62585,-62.996162,-70.41093,-76.98294,-80.0,-71.52345,-69.518616,-69.015526,-71.56578,-72.70032,-80.0,-71.02135,-70.11425,-71.60504,-70.69831,-73.79953,-75.506195,-80.0,-80.0,-80.0,-77.78962,-75.54088,-80.0,-80.0,-80.0,-80.0,-80.0,-80.0,-80.0,-80.0,-78.95293,-75.32181,-79.807434,-80.0,-80.0,-80.0,-80.0,-78.46376,-79.937195,-80.0,-80.0,-80.0,-80.0,-80.0,-80.0,-80.0,-80.0,-80.0,-80.0,-80.0,-80.0,-80.0,-80.0,-80.0,-80.0,-80.0,-80.0,-80.0,-80.0,-80.0,-80.0,-80.0,-80.0,-80.0,-80.0,-80.0,-80.0,-80.0,-80.0,-80.0,-80.0,-80.0,-80.0,-80.0,-80.0,-80.0,-80.0,-80.0,-80.0,-80.0,-80.0,-80.0,-80.0,-80.0,-80.0,-80.0,-80.0,-80.0,-80.0,-80.0,-80.0,-80.0,-80.0,-80.0,-80.0,-80.0,-80.0,-80.0
-23.578312,-21.565039,-23.801933,-24.50578,-36.5007,-32.72047,-25.66418,-28.798613,-28.91394,-25.429739,-25.802395,-28.332443,-26.89257,-37.205784,-30.470533,-30.294796,-33.61558,-32.907913,-33.4919,-32.189274,-36.633812,-37.86842,-35.471878,-35.321785,-37.07438,-37.757404,-35.17345,-34.123928,-39.10823,-36.323597,-39.430378,-43.307987,-47.2725,-41.12879,-39.048183,-41.002693,-45.39491,-51.470272,-40.542694,-43.459343,-40.35286,-46.816193,-46.51661,-52.430958,-52.806152,-51.752945,-48.58615,-49.153454,-50.880623,-49.916546,-52.786827,-51.152885,-46.773605,-54.75618,-45.706436,-43.676853,-45.681442,-43.31871,-46.32576,-49.152283,-44.73947,-41.60606,-50.021675,-53.457275,-55.436966,-49.40129,-49.65721,-56.434143,-51.36399,-47.61088,-48.04825,-48.493042,-53.62593,-48.205215,-48.89457,-53.004562,-50.841896,-46.08511,-51.179924,-45.92305,-46.572563,-42.513565,-46.719482,-51.36925,-50.10746,-48.84499,-49.185936,-46.838833,-44.68204,-28.85683,-17.060205,-13.916388,-17.12651,-19.691425,-21.201302,-21.271442,-25.318838,-24.998451,-22.782219,-28.322498,-23.490013,-26.364729,-23.888477,-21.83456,-23.51585,-29.450441,-29.675518,-27.729553,-30.759708,-27.494171,-37.175106,-30.584816,-34.014168,-34.609627,-37.116478,-42.350143,-32.3793,-29.495045,-30.990566,-26.91295,-33.254536,-30.501698,-26.636868,-30.224161,-26.572172,-29.672108,-33.78928,-32.901085,-31.556908,-31.592361,-32.633045,-32.117718,-32.509438,-40.32624,-32.23367,-31.975449,-39.78896,-41.6852,-34.314556,-35.109962,-33.044636,-31.219223,-34.67604,-39.52756,-38.452274,-35.147068,-39.629845,-36.55708,-30.551506,-31.580694,-34.336525,-40.234806,-40.033455,-38.345623,-41.57019,-42.425674,-43.8542,-38.427586,-35.906338,-39.131413,-39.991554,-46.904217,-44.786514,-38.55619,-36.471405,-42.80621,-41.867287,-43.783108,-54.683285,-50.905632,-38.83878,-35.13544,-39.98358,-51.724747,-47.282608,-42.85501,-45.680115,-52.94833,-43.36218,-41.439148,-42.26201,-43.80564,-54.25944,-49.383274,-44.74022,-46.41684,-53.01716,-53.49718,-44.402805,-39.326324,-40.205517,-44.593662,-49.256634,-45.781548,-46.99086,-47.771008,-48.483795,-52.20967,-47.570076,-49.418785,-47.850914,-44.406754,-51.7321,-46.197937,-43.31618,-43.273155,-41.239033,-46.122093,-50.66602,-48.859753,-52.22628,-53.25477,-52.866295,-51.70092,-51.137066,-57.440098,-46.900623,-46.626675,-53.799572,-45.363503,-48.46006,-55.868332,-52.122425,-55.517754,-49.76616,-46.83453,-55.714317,-48.408775,-47.679417,-56.25152,-47.297447,-47.962822,-53.505745,-53.292694,-59.623787,-52.491676,-50.41671,-53.885864,-63.269825,-54.831997,-48.85768,-52.723206,-59.717136,-58.10002,-56.864147,-62.824615,-57.190002,-58.232162,-57.17127,-60.53412,-51.656708,-50.88416,-60.308792,-58.23597,-53.404552,-58.60151,-55.851734,-55.622932,-64.73079,-67.51346,-55.878223,-51.63588,-57.568726,-56.37583,-59.128517,-63.430576,-62.57032,-69.98891,-58.76902,-61.179424,-59.258743,-59.398483,-64.61893,-63.6857,-61.704205,-58.839405,-58.70858,-64.65193,-60.108658,-56.551712,-63.1348,-58.549976,-68.566055,-68.51047,-66.68132,-67.02721,-63.6973,-60.034615,-62.36152,-66.35092,-65.10969,-60.49469,-59.584152,-59.266308,-57.911987,-59.65778,-68.15776,-64.454834,-62.76232,-67.684685,-61.511246,-60.382637,-69.978546,-75.24356,-64.6192,-61.61869,-66.23808,-65.33061,-65.32262,-69.56865,-72.60959,-77.512924,-77.71068,-74.47241,-78.07555,-70.012665,-69.45131,-66.954796,-73.530205,-76.3344,-71.68376,-70.14723,-69.97331,-76.162506,-72.197754,-78.80777,-72.50369,-71.316284,-71.18799,-72.36098,-72.427475,-73.977356,-80.0,-80.0,-80.0,-76.424866,-77.64003,-77.69633,-80.0,-80.0,-79.186935,-80.0,-80.0,-80.0,-80.0,-77.111115,-76.922,-78.44163,-80.0,-80.0,-80.0,-80.0,-78.847336,-80.0,-80.0,-80.0,-80.0,-80.0,-80.0,-80.0,-80.0,-80.0,-80.0,-80.0,-80.0,-80.0,-80.0,-80.0,-80.0,-80.0,-80.0,-80.0,-80.0,-80.0,-80.0,-80.0,-80.0,-80.0,-80.0,-80.0,-80.0,-80.0,-80.0,-80.0,-80.0,-80.0,-80.0,-80.0,-80.0,-80.0,-80.0,-80.0,-80.0,-80.0,-80.0,-80.0,-80.0,-80.0,-80.0,-80.0,-80.0,-80.0,-80.0,-80.0,-80.0,-80.0,-80.0,-80.0,-80.0,-80.0,-80.0,-80.0,-80.0
-23.327366,-19.87639,-24.954578,-24.286728,-33.042362,-32.693375,-28.290907,-28.01305,-27.987928,-26.807518,-26.39265,-24.299843,-25.548761,-33.17464,-29.184278,-31.27979,-33.20778,-31.55406,-29.849045,-31.288198,-49.10097,-42.849537,-33.409576,-31.881506,-32.32534,-36.691578,-33.78789,-33.814037,-41.191975,-39.12273,-41.051945,-39.570053,-40.718307,-39.349026,-36.81416,-40.071934,-41.75632,-42.83279,-38.640926,-47.982872,-40.671677,-46.075375,-47.55644,-46.061672,-45.079124,-50.805805,-48.36709,-49.97985,-56.671375,-47.30033,-47.10617,-47.83555,-44.945152,-48.66196,-42.77818,-41.232964,-45.266533,-42.806995,-46.22438,-47.329407,-43.656055,-41.265396,-48.581436,-51.13848,-51.487106,-44.87313,-48.912525,-55.716515,-52.141605,-46.69529,-45.73935,-49.602417,-51.75122,-44.623016,-47.3329,-54.120945,-51.42524,-46.725586,-45.040695,-45.50949,-45.664085,-42.050873,-42.71339,-44.803528,-50.21994,-48.79043,-47.875195,-46.860687,-43.952145,-29.111214,-16.63438,-12.781101,-14.320278,-18.545433,-21.568794,-21.792208,-22.867016,-20.081352,-20.024113,-24.304455,-21.348278,-22.802538,-22.956757,-21.410275,-22.17915,-27.291265,-26.181608,-23.811026,-26.092648,-26.028217,-30.729973,-27.552029,-27.93515,-29.179352,-35.195667,-42.066452,-30.491472,-28.7714,-30.981096,-26.753706,-30.943342,-27.778181,-25.959349,-30.69066,-26.11922,-29.446413,-34.07184,-34.259308,-31.33494,-31.222538,-34.590282,-34.503895,-33.894512,-38.90531,-32.124958,-32.055134,-39.980133,-40.368065,-34.4666,-36.30832,-33.17403,-31.973299,-35.292675,-38.14847,-40.072323,-35.035156,-39.371597,-36.526947,-30.149574,-31.649343,-34.467327,-42.19046,-39.85602,-37.734833,-42.31472,-41.87256,-41.524292,-37.631176,-34.42917,-36.919792,-39.771313,-45.211464,-45.518887,-40.406345,-37.056404,-40.2238,-42.486027,-43.810482,-47.39711,-50.91799,-40.11569,-35.07376,-39.004494,-49.61799,-44.68272,-43.12578,-46.697144,-50.570103,-45.295425,-41.17976,-40.748764,-43.595688,-54.574543,-48.243576,-43.737755,-45.948524,-52.757973,-52.11356,-45.284195,-39.682945,-40.869953,-44.57098,-46.236115,-44.015068,-47.455994,-50.024315,-50.32288,-52.650284,-47.345123,-49.49938,-48.580734,-44.181305,-49.437332,-45.47982,-44.30249,-43.561886,-40.77252,-44.290447,-48.610302,-49.04998,-53.58508,-54.05064,-50.812912,-50.218292,-50.30843,-55.66027,-46.493347,-45.15985,-50.28989,-45.4892,-48.54779,-57.6639,-51.60944,-52.09548,-48.415066,-45.468018,-50.720226,-47.91818,-47.68792,-54.83272,-48.175606,-48.183304,-54.213844,-55.154858,-59.57331,-52.233505,-49.27068,-51.05544,-57.729668,-52.739548,-48.19056,-52.91113,-60.72203,-58.054382,-57.717155,-55.64694,-53.03127,-53.936043,-53.40219,-55.166298,-50.738533,-49.612793,-57.064053,-58.18805,-54.893867,-61.172024,-57.56849,-55.296185,-62.34407,-74.93654,-55.852028,-51.73947,-56.844963,-55.00112,-58.103638,-62.11389,-59.41014,-61.54592,-57.612774,-60.310154,-58.793755,-59.2568,-64.83163,-63.33696,-64.238365,-60.56629,-58.776184,-60.350353,-57.213047,-54.683266,-58.698612,-57.956886,-65.002556,-64.363266,-63.14664,-65.95511,-65.27406,-59.915092,-59.792477,-64.127426,-65.24242,-60.002823,-59.58725,-61.521317,-59.275646,-59.256336,-63.884357,-63.615738,-61.967712,-67.375854,-61.12449,-59.668644,-68.34433,-72.20062,-62.66928,-60.219513,-65.63216,-64.12749,-63.41912,-67.33823,-73.338554,-76.11896,-76.52666,-73.87291,-74.67426,-70.81574,-70.56247,-65.828476,-72.56916,-75.7065,-72.400635,-71.47719,-70.37738,-74.4389,-70.88933,-76.778564,-72.95964,-72.832825,-72.17558,-73.61357,-72.96568,-73.30728,-80.0,-78.89363,-80.0,-75.81912,-79.15001,-77.3087,-80.0,-80.0,-78.08382,-78.876114,-80.0,-80.0,-80.0,-76.990036,-78.479385,-79.26398,-80.0,-80.0,-80.0,-79.417145,-79.15341,-80.0,-80.0,-80.0,-80.0,-80.0,-80.0,-80.0,-80.0,-80.0,-80.0,-80.0,-80.0,-80.0,-80.0,-80.0,-80.0,-80.0,-80.0,-80.0,-80.0,-80.0,-80.0,-80.0,-80.0,-80.0,-80.0,-80.0,-80.0,-80.0,-80.0,-80.0,-80.0,-80.0,-80.0,-80.0,-80.0,-80.0,-80.0,-80.0,-80.0,-80.0,-80.0,-80.0,-80.0,-80.0,-80.0,-80.0,-80.0,-80.0,-80.0,-80.0,-80.0,-80.0,-80.0,-80.0,-80.0,-80.0,-80.0,-80.0,-80.0
-21.391201,-17.086775,-29.182205,-23.326717,-27.310776,-27.325594,-36.92812,-25.08685,-26.373045,-33.475212,-28.157911,-20.134052,-23.548573,-28.56818,-26.619438,-46.301712,-32.143135,-29.367468,-25.788448,-28.578997,-43.450073,-40.609932,-29.903551,-27.863192,-27.49924,-33.29774,-30.101063,-32.188107,-38.008354,-46.888054,-47.226814,-35.475,-35.470455,-34.84822,-32.1511,-36.20977,-37.660072,-37.417004,-35.37458,-43.264137,-41.002625,-45.28044,-51.020866,-40.911808,-39.90127,-49.337837,-45.840343,-56.58497,-55.09707,-42.981342,-41.654636,-43.006676,-41.340363,-43.866707,-39.28691,-38.00634,-43.970158,-42.403954,-43.753754,-43.562283,-41.632812,-40.372868,-44.07058,-47.019314,-47.411224,-40.555,-45.738564,-50.052155,-54.614754,-45.240063,-42.52335,-61.14492,-46.373283,-40.23317,-45.041534,-63.003662,-53.366997,-47.7696,-39.62371,-44.6428,-44.128155,-41.634346,-38.65319,-39.826416,-50.68481,-48.32116,-45.76842,-47.004654,-42.748646,-29.574942,-16.00465,-11.113245,-10.931187,-15.827625,-19.959362,-21.740026,-18.662441,-15.460773,-16.625748,-19.58186,-18.196774,-18.357605,-20.636612,-21.261822,-20.27691,-23.63082,-22.375519,-19.663073,-21.610113,-23.98825,-25.03863,-23.966496,-23.147816,-24.561481,-31.755003,-40.035217,-27.353975,-27.130264,-30.479275,-26.950142,-26.70626,-24.49488,-24.77037,-31.175137,-25.165918,-27.93165,-33.465195,-41.138195,-31.002434,-31.39094,-37.058792,-39.294876,-39.036434,-34.84857,-32.233185,-32.853798,-38.8218,-38.48877,-35.037056,-40.573654,-34.336742,-34.812332,-38.015114,-36.153175,-41.10325,-35.067726,-38.470715,-35.641083,-29.718864,-32.991497,-35.594105,-40.179337,-38.41055,-37.269848,-41.02245,-40.39355,-38.56629,-36.614044,-32.292774,-33.976933,-39.339874,-42.74415,-52.496643,-49.345463,-38.36586,-36.722702,-42.757366,-42.838463,-42.00334,-46.130276,-43.149544,-35.599663,-36.723644,-45.969154,-41.16125,-43.947353,-48.170406,-46.632774,-56.85302,-40.61056,-38.396782,-43.438873,-53.433464,-46.291237,-42.3949,-45.094326,-52.100403,-49.65748,-48.283775,-40.537937,-46.671165,-43.225815,-41.8278,-41.608,-49.212837,-58.260944,-54.007454,-50.008522,-47.28291,-50.521957,-48.326633,-43.82557,-46.13057,-43.3451,-46.53006,-45.30056,-40.417004,-41.07356,-44.904526,-50.345734,-57.244747,-62.872192,-47.933304,-48.162193,-48.946835,-51.695442,-45.922314,-42.6554,-45.163536,-46.561558,-48.238693,-57.500565,-51.353527,-47.71721,-45.85686,-43.362133,-45.980076,-46.606285,-48.09733,-51.035908,-50.06019,-48.786396,-59.87973,-61.808357,-55.622437,-51.343544,-47.630543,-47.585728,-52.90562,-49.433586,-47.119125,-54.200783,-74.21459,-58.284176,-63.25142,-50.569115,-48.880737,-49.660538,-49.124874,-49.851505,-49.249817,-47.518505,-53.164585,-56.202175,-59.216553,-63.090504,-63.990173,-53.96647,-59.114445,-75.99565,-55.734848,-52.452568,-53.70324,-52.654453,-55.415997,-59.58264,-55.778526,-56.058167,-55.82747,-58.41108,-57.153484,-58.134426,-63.15215,-63.580276,-73.64506,-70.83005,-59.981415,-56.02042,-53.28518,-52.01464,-54.04053,-56.52867,-60.954453,-59.926804,-58.85569,-63.157745,-72.7287,-60.489414,-56.556526,-61.222992,-66.47186,-59.3615,-60.83837,-77.95303,-66.12488,-59.14334,-59.266335,-62.21197,-60.95201,-64.47882,-60.52755,-58.413795,-63.98957,-67.5314,-59.977192,-58.195442,-64.07706,-62.338287,-60.59729,-64.21454,-75.95881,-73.60886,-72.88739,-71.390305,-69.66989,-69.64314,-67.67102,-63.99869,-70.99474,-74.88434,-74.63718,-78.996185,-70.81245,-70.58328,-68.48631,-73.98665,-73.2406,-80.0,-76.96135,-77.6252,-75.23123,-71.98242,-78.22511,-75.16377,-74.82141,-74.581955,-80.0,-76.89838,-78.68948,-80.0,-76.34935,-75.64523,-79.59053,-77.13532,-75.371765,-76.931694,-80.0,-80.0,-80.0,-80.0,-80.0,-78.05356,-79.581924,-80.0,-79.26193,-80.0,-80.0,-80.0,-80.0,-80.0,-80.0,-80.0,-80.0,-80.0,-80.0,-80.0,-80.0,-80.0,-80.0,-80.0,-80.0,-80.0,-80.0,-80.0,-80.0,-80.0,-80.0,-80.0,-80.0,-80.0,-80.0,-80.0,-80.0,-80.0,-80.0,-80.0,-80.0,-80.0,-80.0,-80.0,-80.0,-80.0,-80.0,-80.0,-80.0,-80.0,-80.0,-80.0,-80.0,-80.0,-80.0,-80.0,-80.0,-80.0,-80.0,-80.0,-80.0,-80.0,-80.0,-80.0,-80.0,-80.0,-80.0
-18.183756,-11.570194,-14.926937,-31.630983,-35.756504,-21.007744,-19.976719,-26.86621,-24.284008,-28.348158,-21.437704,-21.651852,-24.708103,-21.020508,-24.653873,-29.59166,-23.29269,-29.57536,-20.470207,-27.705395,-25.651258,-24.365328,-31.55624,-24.74832,-40.20651,-26.041962,-40.918568,-27.393135,-38.313957,-33.059208,-37.352306,-31.707508,-30.542793,-28.14913,-29.686314,-32.644466,-37.334846,-29.651218,-35.2164,-38.869244,-36.719715,-33.83198,-32.588787,-31.753971,-35.83457,-40.31264,-45.419968,-37.88677,-41.50223,-42.777176,-34.74351,-36.76776,-37.45396,-53.831192,-40.106686,-33.65674,-33.798862,-45.322968,-46.25464,-35.403667,-40.154205,-39.459488,-37.53195,-47.55849,-38.64972,-45.87285,-37.77061,-42.991444,-45.400696,-41.345764,-56.239418,-37.827686,-36.817245,-43.997116,-36.113823,-39.762283,-41.03161,-36.387657,-45.53864,-33.764256,-44.852486,-43.279152,-39.238815,-40.772324,-38.68522,-35.13218,-41.124184,-47.898705,-46.08378,-29.823517,-19.237925,-19.921917,-14.162241,-18.120567,-19.890745,-30.246666,-18.2088,-16.794167,-19.163244,-31.48853,-18.788061,-19.605717,-26.641895,-39.745743,-26.145508,-25.786386,-24.058712,-19.25742,-25.999605,-29.234686,-25.94532,-27.930363,-26.308823,-23.44135,-25.577282,-31.826305,-24.732866,-23.504393,-32.084293,-37.02502,-25.444908,-23.981041,-32.57654,-29.5836,-26.526512,-26.821966,-37.21586,-34.03183,-32.445194,-39.126644,-34.561096,-34.34203,-34.77906,-32.28907,-56.83892,-37.317726,-66.58714,-45.996506,-39.39187,-43.59027,-33.03772,-35.899,-36.940845,-35.847538,-41.886562,-41.62812,-37.1533,-37.26138,-33.821323,-39.587223,-37.8047,-42.20247,-39.896137,-47.486164,-44.94487,-38.987312,-44.41499,-43.456554,-36.08659,-38.48504,-60.501312,-44.593964,-52.63572,-47.29639,-43.732594,-45.922184,-38.484364,-37.698036,-41.739777,-45.385624,-47.135666,-38.798256,-40.341057,-44.831284,-39.142323,-37.94713,-40.334347,-43.439487,-45.630653,-44.65664,-42.666412,-50.59274,-47.332977,-52.818996,-47.65033,-43.85323,-46.553864,-47.681973,-47.555134,-44.90403,-47.65859,-46.822197,-50.213715,-43.51748,-49.30088,-61.016647,-67.405075,-50.670235,-49.627167,-55.23388,-46.293438,-46.315033,-56.270493,-43.01512,-43.267067,-45.79195,-50.62542,-42.550842,-49.64842,-48.300354,-46.070103,-48.60341,-50.19574,-51.811615,-49.5364,-48.337433,-48.653816,-45.143707,-47.268593,-56.60462,-48.028847,-54.664806,-51.41613,-50.760197,-56.92109,-45.622486,-44.729866,-50.745697,-58.642136,-49.97764,-70.74431,-54.06144,-55.34682,-64.99874,-54.517616,-63.210194,-54.060684,-51.140175,-49.49297,-52.73051,-49.16384,-54.720955,-62.827198,-56.398037,-52.541664,-48.68272,-50.97097,-58.19165,-49.745316,-51.260277,-63.739952,-50.223873,-49.659653,-56.901672,-64.09106,-59.8172,-59.454853,-54.00863,-56.11438,-60.917305,-56.237232,-72.36127,-54.358,-51.316154,-55.389107,-66.76076,-56.4019,-57.69633,-64.66469,-57.93902,-56.94852,-57.436775,-66.15997,-65.42863,-66.36667,-74.4497,-64.457184,-57.97274,-55.174057,-56.396545,-60.10367,-63.27251,-62.179855,-58.08402,-59.75686,-68.98808,-74.45099,-64.88376,-59.632065,-59.535114,-63.094757,-68.387344,-68.98176,-66.08292,-72.2036,-62.97623,-60.03283,-73.22983,-63.338936,-68.36507,-65.51139,-63.222054,-62.52849,-63.0048,-63.642998,-61.96382,-62.049603,-63.550976,-67.509155,-66.82237,-70.93114,-71.849144,-75.34003,-74.60506,-71.12015,-76.041214,-64.10885,-64.907616,-69.96954,-80.0,-73.74953,-76.83301,-77.22647,-69.87547,-68.18172,-72.71666,-77.749954,-80.0,-80.0,-77.98188,-74.5199,-75.55817,-74.181625,-76.58609,-77.299576,-75.99396,-78.26701,-80.0,-79.62544,-78.68112,-79.607796,-79.92214,-78.75699,-77.76819,-77.76814,-80.0,-80.0,-80.0,-80.0,-80.0,-80.0,-80.0,-80.0,-80.0,-80.0,-80.0,-80.0,-80.0,-80.0,-80.0,-80.0,-80.0,-80.0,-80.0,-80.0,-80.0,-80.0,-80.0,-80.0,-80.0,-80.0,-80.0,-80.0,-80.0,-80.0,-80.0,-80.0,-80.0,-80.0,-80.0,-80.0,-80.0,-80.0,-80.0,-80.0,-80.0,-80.0,-80.0,-80.0,-80.0,-80.0,-80.0,-80.0,-80.0,-80.0,-80.0,-80.0,-80.0,-80.0,-80.0,-80.0,-80.0,-80.0,-80.0,-80.0,-80.0,-80.0,-80.0,-80.0,-80.0,-80.0,-80.0,-80.0
-18.29927,-10.649696,-11.796774,-18.240215,-18.664738,-15.5642185,-15.334299,-19.785187,-17.785671,-15.811878,-17.326023,-20.989605,-16.089464,-14.491524,-15.488707,-16.2484,-15.242964,-17.381006,-14.889864,-15.113703,-15.464354,-15.637993,-17.55592,-17.494316,-18.51116,-19.031006,-20.456394,-20.077543,-20.86953,-20.639996,-21.853123,-21.579987,-21.429775,-21.446718,-23.383953,-24.416145,-23.15633,-22.758068,-24.497051,-25.623821,-24.570513,-24.359999,-25.890951,-30.081005,-39.26267,-32.46283,-31.374832,-30.092607,-31.798672,-32.189766,-32.339577,-40.460037,-34.696346,-37.831615,-44.021107,-34.323574,-32.130207,-37.412853,-38.233795,-32.294743,-32.81564,-40.249973,-35.259506,-32.246098,-31.314537,-32.796833,-30.978989,-30.810207,-31.786863,-31.515425,-31.484465,-29.360178,-29.103676,-30.14334,-28.074318,-28.004822,-27.717941,-27.192648,-27.34611,-26.984486,-29.575846,-31.958632,-31.869219,-32.814323,-31.574926,-28.987694,-30.284801,-31.985895,-33.226746,-26.380152,-19.406603,-18.731815,-20.397028,-26.10852,-24.304626,-24.399033,-24.027515,-24.11198,-26.89874,-26.62078,-22.588955,-25.837225,-33.777046,-35.605255,-34.03549,-31.655449,-27.70328,-23.220179,-28.978117,-31.287594,-31.299875,-34.84724,-34.224216,-28.263973,-27.613098,-31.643015,-28.858585,-26.577091,-30.258263,-37.6154,-28.105042,-28.128532,-33.98597,-35.65169,-30.823004,-30.482,-41.49502,-39.571106,-39.742733,-36.10471,-34.756798,-37.020737,-36.44547,-35.99862,-38.42251,-37.31942,-40.55251,-42.85634,-40.232048,-38.411095,-34.50931,-40.504875,-38.77611,-38.91871,-48.099083,-41.602158,-34.986446,-33.414177,-37.66992,-39.46782,-34.447334,-35.82594,-42.68927,-47.600346,-45.41751,-40.120872,-45.938583,-43.921585,-42.873814,-45.257492,-45.474518,-46.752266,-55.1681,-49.736298,-47.324287,-49.835297,-44.206196,-40.241493,-47.24873,-52.415695,-44.48506,-41.800602,-47.208103,-42.047997,-41.90309,-41.84041,-42.522274,-49.681656,-48.80638,-48.225365,-45.586395,-45.129444,-47.34829,-54.762566,-50.883495,-45.901447,-47.98819,-47.53623,-52.75952,-47.82803,-54.68688,-49.695,-50.498077,-48.977894,-49.106667,-53.86386,-61.645493,-54.246315,-49.821316,-50.15393,-53.567318,-48.700115,-45.513626,-46.700653,-49.71016,-45.917656,-48.72331,-50.18826,-48.194614,-45.652695,-44.360565,-50.52673,-58.004158,-50.89242,-45.646603,-45.119453,-45.485287,-50.78823,-47.363667,-51.757187,-53.42169,-48.751328,-52.716675,-56.357666,-52.229797,-47.288662,-50.02514,-53.28634,-51.83236,-54.69886,-57.66101,-59.20711,-59.222603,-55.8901,-54.915348,-57.987938,-62.16339,-58.41062,-54.49149,-54.04775,-50.453266,-54.28177,-70.10153,-57.61223,-54.863464,-53.638184,-56.4972,-62.838688,-54.673843,-56.31125,-62.01112,-55.949585,-55.49712,-59.2655,-62.79058,-63.42505,-63.1151,-58.909416,-57.511597,-63.015617,-58.004025,-60.646286,-61.538895,-56.18402,-55.988792,-68.63765,-61.270073,-60.951496,-64.51079,-66.15428,-63.39271,-63.713936,-63.536743,-64.094376,-70.01726,-80.0,-69.9718,-65.72749,-62.899574,-63.60264,-67.78923,-67.149414,-67.12942,-60.836628,-62.75808,-72.15611,-74.16695,-71.23657,-66.64617,-65.23597,-70.60635,-74.60806,-76.50098,-70.41476,-68.49849,-70.18917,-63.70122,-65.57315,-69.025375,-69.88571,-71.0311,-69.63027,-68.33221,-68.322235,-68.62378,-66.740105,-68.22289,-69.10744,-71.471436,-71.5217,-78.88748,-73.74312,-77.7759,-77.75691,-71.799866,-70.24155,-68.41212,-71.57103,-75.81383,-77.12656,-74.7365,-80.0,-80.0,-74.91594,-72.80855,-79.98767,-80.0,-80.0,-80.0,-80.0,-80.0,-80.0,-80.0,-80.0,-80.0,-80.0,-80.0,-80.0,-80.0,-80.0,-80.0,-80.0,-80.0,-80.0,-80.0,-80.0,-80.0,-80.0,-80.0,-80.0,-80.0,-80.0,-80.0,-80.0,-80.0,-80.0,-80.0,-80.0,-80.0,-80.0,-80.0,-80.0,-80.0,-80.0,-80.0,-80.0,-80.0,-80.0,-80.0,-80.0,-80.0,-80.0,-80.0,-80.0,-80.0,-80.0,-80.0,-80.0,-80.0,-80.0,-80.0,-80.0,-80.0,-80.0,-80.0,-80.0,-80.0,-80.0,-80.0,-80.0,-80.0,-80.0,-80.0,-80.0,-80.0,-80.0,-80.0,-80.0,-80.0,-80.0,-80.0,-80.0,-80.0,-80.0,-80.0,-80.0,-80.0,-80.0,-80.0,-80.0,-80.0,-80.0,-80.0
-18.245878,-10.789038,-11.6731415,-16.790133,-17.04659,-14.832821,-15.2139015,-18.65127,-16.567446,-14.687733,-16.15317,-19.217974,-15.179916,-13.909943,-14.761181,-15.015875,-14.060802,-15.287012,-14.258497,-14.468342,-14.693857,-14.916727,-16.38319,-16.520708,-17.225277,-18.107924,-19.458786,-19.435896,-19.538536,-19.22879,-20.20208,-20.498102,-21.060646,-21.150145,-22.105366,-22.736094,-22.184729,-22.168793,-23.465881,-24.185795,-23.296314,-23.566784,-25.713802,-29.994402,-35.721455,-31.230532,-29.984482,-29.556448,-30.74943,-31.397753,-31.820887,-36.488632,-33.96909,-36.358585,-41.526318,-34.47353,-32.36336,-36.555283,-36.656006,-32.02261,-32.12617,-37.40011,-33.83993,-31.015934,-30.527376,-31.323404,-29.97897,-29.828663,-30.753078,-30.578392,-30.28551,-28.47631,-28.15939,-28.725285,-27.379677,-27.193073,-26.828573,-26.228828,-26.28038,-26.26392,-28.271801,-30.568035,-31.114433,-31.880112,-30.631283,-28.618551,-29.335,-30.670324,-31.849043,-26.126047,-18.286057,-17.32471,-24.074463,-36.845005,-26.169346,-25.06552,-27.553722,-31.255194,-34.62774,-26.0284,-24.69353,-29.746061,-36.61648,-36.341953,-41.471695,-35.557972,-29.047363,-25.4594,-30.32579,-31.736147,-33.894287,-40.12556,-42.492874,-30.853014,-29.042582,-32.767113,-31.42485,-28.341772,-29.375309,-33.54369,-29.28531,-30.772215,-33.240017,-35.974846,-32.935158,-32.323494,-41.81154,-41.974964,-42.28778,-36.47515,-35.423428,-38.45125,-37.385742,-38.224827,-38.194477,-38.06515,-39.445824,-43.008694,-40.437202,-38.51451,-34.918488,-41.257248,-39.455242,-39.88513,-47.502705,-40.308907,-34.811707,-33.375355,-38.089054,-38.699097,-34.454117,-35.286354,-43.976727,-46.956776,-43.687843,-39.94809,-43.975983,-43.02527,-47.38932,-50.86936,-45.59819,-47.670116,-55.64505,-51.227592,-47.65348,-50.875984,-46.966946,-41.2315,-50.412537,-57.372078,-44.932865,-42.887302,-48.370403,-42.66918,-43.13415,-43.53516,-43.680973,-54.53921,-50.213974,-46.72605,-45.733765,-45.54226,-46.754276,-54.91137,-52.40561,-47.123558,-49.357277,-47.576164,-48.129314,-47.962906,-59.871937,-51.202965,-49.775635,-51.504387,-48.024193,-52.313828,-60.05063,-54.778564,-50.911285,-50.267494,-56.87579,-48.835007,-45.317154,-47.844025,-51.543404,-46.636223,-48.172104,-57.226593,-48.722603,-45.260426,-44.7725,-51.083515,-59.328346,-49.68392,-45.826603,-45.40663,-45.409363,-48.852814,-47.00281,-50.423576,-52.574852,-48.37246,-53.51792,-58.00438,-51.945923,-48.35558,-51.42547,-52.340324,-51.713943,-57.629433,-57.871128,-59.820694,-59.207867,-55.54139,-55.978863,-56.678738,-62.552193,-61.60682,-56.25206,-53.07376,-50.49091,-54.31909,-72.75524,-58.169147,-56.234673,-56.54412,-59.28991,-64.2887,-57.301064,-59.590397,-62.822464,-60.026665,-59.61692,-60.93171,-63.68534,-65.712555,-65.21991,-61.366657,-57.706947,-61.00547,-59.11631,-60.8211,-65.96446,-58.179054,-56.434746,-65.35487,-63.30332,-63.082428,-63.738037,-69.89357,-67.501816,-67.743256,-63.46438,-63.445038,-68.92996,-74.53053,-71.59641,-75.294815,-72.795944,-70.51718,-71.01567,-66.96517,-67.06354,-62.009544,-63.227104,-69.96675,-72.38716,-75.12383,-73.283714,-69.09682,-77.958435,-77.01182,-77.41492,-71.23143,-68.45526,-75.77244,-65.30065,-65.80412,-72.734116,-69.24631,-71.50424,-74.516754,-69.77687,-69.11698,-71.0887,-69.03992,-70.091705,-71.721176,-73.22413,-72.4258,-80.0,-74.839066,-78.10975,-78.60421,-72.203766,-70.64186,-70.87962,-77.222946,-79.81854,-76.410065,-75.367294,-80.0,-80.0,-77.0836,-75.448074,-80.0,-80.0,-80.0,-80.0,-80.0,-80.0,-80.0,-80.0,-80.0,-80.0,-80.0,-80.0,-80.0,-80.0,-80.0,-80.0,-80.0,-80.0,-80.0,-80.0,-80.0,-80.0,-80.0,-80.0,-80.0,-80.0,-80.0,-80.0,-80.0,-80.0,-80.0,-80.0,-80.0,-80.0,-80.0,-80.0,-80.0,-80.0,-80.0,-80.0,-80.0,-80.0,-80.0,-80.0,-80.0,-80.0,-80.0,-80.0,-80.0,-80.0,-80.0,-80.0,-80.0,-80.0,-80.0,-80.0,-80.0,-80.0,-80.0,-80.0,-80.0,-80.0,-80.0,-80.0,-80.0,-80.0,-80.0,-80.0,-80.0,-80.0,-80.0,-80.0,-80.0,-80.0,-80.0,-80.0,-80.0,-80.0,-80.0,-80.0,-80.0,-80.0,-80.0,-80.0,-80.0,-80.0,-80.0,-80.0
-17.822721,-11.623541,-12.387211,-14.804104,-14.810404,-14.027843,-16.378033,-17.068436,-14.784691,-13.319468,-14.247551,-16.016209,-14.178907,-13.648842,-14.268982,-13.435236,-12.434374,-12.357182,-13.741323,-14.358429,-14.127939,-14.417904,-14.933977,-15.289721,-15.590263,-16.976118,-18.4504,-19.068443,-17.80204,-17.29769,-17.905462,-19.162102,-21.791615,-21.928478,-20.199446,-20.274319,-21.192936,-21.921257,-22.261154,-22.218988,-21.6145,-22.90686,-27.028656,-30.31329,-30.691982,-29.49738,-28.111866,-29.561832,-29.470692,-30.787636,-31.042229,-31.272526,-32.76026,-34.356377,-36.815758,-34.338524,-34.101463,-35.642357,-34.339718,-32.170353,-31.621412,-33.111652,-31.311743,-29.462439,-29.755392,-29.293219,-28.657532,-28.777252,-29.60497,-29.564814,-28.831516,-27.530394,-27.024815,-26.800886,-26.913082,-26.566248,-26.029934,-25.125195,-25.101559,-25.624655,-26.572186,-28.65419,-30.431099,-30.783743,-29.45887,-29.031052,-28.325161,-28.953701,-29.984537,-26.428604,-15.709087,-14.645639,-23.968674,-33.915234,-26.801453,-53.979958,-29.528933,-33.612198,-31.799515,-25.525906,-29.58093,-30.505802,-32.324303,-53.99319,-37.050285,-39.944965,-29.505556,-30.875599,-32.29167,-31.402111,-34.172474,-40.32382,-38.376907,-33.6559,-35.0188,-46.021996,-42.87721,-33.539055,-27.652447,-28.666134,-31.035728,-51.242477,-30.804735,-31.659224,-35.212234,-35.407417,-39.141296,-41.061073,-37.51662,-40.06746,-38.14623,-41.84454,-39.66058,-46.118744,-39.931,-41.70052,-38.19292,-45.08745,-40.35798,-41.088745,-35.002872,-38.869713,-40.162724,-39.985847,-42.616653,-37.54788,-35.004597,-34.69979,-35.971985,-36.752964,-35.833015,-35.139717,-46.040165,-45.16228,-40.326027,-38.672543,-40.184322,-40.691307,-46.385033,-55.481533,-49.888565,-48.98964,-54.925304,-56.149178,-45.623077,-49.941353,-46.404152,-42.259224,-52.536728,-55.810867,-48.95453,-43.546165,-43.633865,-49.144684,-44.94745,-44.90732,-46.341034,-76.12331,-52.025856,-42.696987,-43.941933,-51.359413,-45.08809,-53.865326,-54.74314,-50.630516,-57.77339,-47.588604,-42.49478,-46.14479,-58.826237,-54.59489,-47.78223,-51.175663,-45.59344,-50.00415,-57.599632,-53.135002,-59.272835,-52.878292,-52.547688,-47.42814,-46.97632,-47.545494,-47.833294,-49.849854,-47.182926,-54.480843,-52.326332,-44.896973,-47.67552,-51.229816,-53.469936,-47.231182,-48.428432,-48.43931,-46.33772,-43.774773,-45.797035,-48.31303,-48.09411,-48.715244,-55.545948,-55.525322,-52.43117,-51.527283,-49.08342,-49.200817,-53.345207,-66.37463,-63.046288,-56.660065,-56.43543,-56.3571,-62.78765,-54.64057,-56.305206,-57.2212,-55.13285,-50.355175,-49.62335,-54.48703,-68.07805,-59.075584,-60.283916,-61.179993,-59.591866,-63.137657,-59.736744,-70.96913,-71.263954,-78.21881,-68.864655,-69.74331,-73.1992,-78.751526,-71.204216,-62.949722,-57.18805,-57.045506,-62.420753,-65.413895,-62.841034,-58.0106,-57.470795,-60.681488,-63.25705,-78.17445,-61.795197,-63.540123,-67.541794,-68.67593,-64.21353,-62.079346,-65.1832,-68.56761,-69.22924,-76.327576,-78.28116,-74.700356,-65.71582,-63.983574,-63.41951,-63.5293,-62.026802,-65.61759,-69.11459,-75.01183,-80.0,-76.21213,-77.25899,-74.3407,-71.831894,-69.27197,-69.71227,-74.18837,-66.83008,-70.24786,-77.68731,-66.926285,-67.82515,-80.0,-66.70392,-65.96446,-72.35498,-70.36238,-66.87801,-71.32207,-74.68115,-70.15808,-76.67825,-77.71973,-77.11485,-78.21187,-72.984406,-76.48956,-76.43918,-80.0,-80.0,-75.66373,-76.87918,-80.0,-80.0,-76.97422,-80.0,-80.0,-80.0,-80.0,-79.49324,-79.436935,-80.0,-80.0,-80.0,-80.0,-80.0,-80.0,-80.0,-80.0,-80.0,-80.0,-80.0,-80.0,-80.0,-80.0,-80.0,-80.0,-80.0,-80.0,-80.0,-80.0,-80.0,-80.0,-80.0,-80.0,-80.0,-80.0,-80.0,-80.0,-80.0,-80.0,-80.0,-80.0,-80.0,-80.0,-80.0,-80.0,-80.0,-80.0,-80.0,-80.0,-80.0,-80.0,-80.0,-80.0,-80.0,-80.0,-80.0,-80.0,-80.0,-80.0,-80.0,-80.0,-80.0,-80.0,-80.0,-80.0,-80.0,-80.0,-80.0,-80.0,-80.0,-80.0,-80.0,-80.0,-80.0,-80.0,-80.0,-80.0,-80.0,-80.0,-80.0,-80.0,-80.0,-80.0,-80.0,-80.0,-80.0,-80.0,-80.0,-80.0,-80.0,-80.0,-80.0
-19.941486,-19.84032,-25.821583,-35.5917,-26.664534,-23.778,-28.270035,-29.32138,-25.039251,-23.511646,-21.673536,-34.87205,-23.892403,-26.83574,-31.309258,-26.022255,-22.709,-21.2219,-27.982506,-31.405579,-27.973076,-28.631918,-28.174526,-27.749044,-27.2333,-28.956694,-32.42183,-38.33514,-28.909182,-26.720522,-29.650587,-28.857111,-39.556496,-38.292175,-29.5579,-30.761013,-34.00188,-36.603554,-35.692383,-34.595413,-31.878033,-33.61319,-39.81954,-48.475994,-37.61839,-40.140003,-36.018448,-52.617844,-39.653008,-44.72228,-40.013954,-36.94671,-43.165752,-44.628822,-47.587914,-42.424026,-43.90388,-48.63909,-48.169376,-42.680916,-42.7035,-45.669632,-38.517067,-39.25698,-45.707767,-40.488415,-40.32048,-40.620476,-43.957558,-42.632324,-43.564323,-39.28174,-39.39488,-39.23853,-41.435894,-40.605595,-41.263077,-36.7444,-37.907177,-37.942024,-38.022022,-40.217255,-44.115574,-48.716602,-40.773552,-47.144413,-40.018177,-41.003048,-40.153187,-31.811226,-17.181438,-14.821947,-24.080454,-32.669506,-29.895086,-27.32243,-28.024076,-35.731976,-39.835564,-27.523216,-26.473642,-27.16475,-27.288021,-32.394012,-37.141346,-40.83423,-33.6193,-37.773502,-31.945026,-27.959484,-31.321495,-38.161884,-47.51822,-41.051052,-57.34668,-38.382797,-41.43477,-34.334873,-36.042336,-34.12831,-50.69246,-33.160995,-31.590076,-40.33271,-47.507233,-45.333744,-39.956783,-33.17884,-32.17663,-39.27547,-46.051537,-44.918076,-41.39971,-37.8271,-38.394394,-40.95304,-39.960182,-43.109886,-41.77996,-43.46096,-39.42484,-40.533016,-40.238697,-52.406513,-55.71714,-40.194633,-52.044025,-43.13597,-52.62889,-44.549244,-46.943764,-39.734943,-42.472485,-50.890404,-47.126396,-45.283333,-53.721035,-40.85602,-40.773895,-45.229668,-48.12002,-46.23366,-44.32631,-46.89054,-50.817806,-51.568863,-51.287163,-43.477436,-43.686783,-47.025307,-47.051453,-60.026077,-50.041374,-50.766968,-44.113037,-40.690674,-44.97306,-59.401325,-49.400143,-44.244286,-43.354706,-45.092873,-47.44888,-56.770126,-72.180664,-55.813614,-60.475555,-48.129044,-42.46983,-44.47702,-53.722694,-61.033394,-52.583412,-43.6759,-43.05081,-50.465996,-56.425083,-51.389122,-52.49517,-54.09391,-56.900375,-52.247093,-55.850533,-54.30856,-47.997833,-50.303467,-46.991364,-52.829777,-54.05539,-50.6119,-57.045876,-48.4532,-47.224052,-50.661705,-62.63895,-57.707325,-52.006203,-48.348133,-51.61483,-56.98464,-49.807556,-54.93695,-63.708885,-67.727104,-63.033302,-72.82385,-57.014133,-52.352543,-61.237656,-68.666626,-60.752396,-54.703316,-66.96167,-57.77838,-55.551895,-56.500034,-64.78345,-56.928253,-77.18941,-55.596375,-57.874184,-59.992073,-65.35813,-59.745354,-60.937874,-62.302475,-62.154896,-75.48367,-62.1168,-61.668888,-58.960804,-58.59797,-58.585022,-62.82693,-70.207016,-73.372086,-76.94411,-67.33237,-62.991833,-63.97052,-69.87751,-78.7854,-68.61479,-62.513054,-71.75249,-64.94769,-64.59327,-63.14569,-64.30266,-68.88649,-68.38219,-77.00571,-70.49008,-70.88226,-68.088394,-66.55757,-62.874542,-65.62009,-72.06862,-69.41737,-65.3209,-80.0,-68.043655,-80.0,-68.465576,-69.31465,-80.0,-71.746124,-73.66661,-77.89021,-80.0,-74.29265,-70.42725,-80.0,-68.05201,-72.238754,-68.20753,-72.0323,-72.11572,-66.477455,-66.30325,-68.46942,-66.33226,-67.103676,-74.35875,-79.356384,-70.250916,-72.501144,-73.87521,-68.75725,-71.97011,-73.96531,-79.30228,-80.0,-77.83119,-80.0,-80.0,-80.0,-80.0,-80.0,-80.0,-80.0,-80.0,-80.0,-80.0,-80.0,-80.0,-80.0,-80.0,-80.0,-80.0,-80.0,-80.0,-80.0,-80.0,-80.0,-80.0,-80.0,-80.0,-80.0,-80.0,-80.0,-80.0,-80.0,-80.0,-80.0,-80.0,-80.0,-80.0,-80.0,-80.0,-80.0,-80.0,-80.0,-80.0,-80.0,-80.0,-80.0,-80.0,-80.0,-80.0,-80.0,-80.0,-80.0,-80.0,-80.0,-80.0,-80.0,-80.0,-80.0,-80.0,-80.0,-80.0,-80.0,-80.0,-80.0,-80.0,-80.0,-80.0,-80.0,-80.0,-80.0,-80.0,-80.0,-80.0,-80.0,-80.0,-80.0,-80.0,-80.0,-80.0,-80.0,-80.0,-80.0,-80.0,-80.0,-80.0,-80.0,-80.0,-80.0,-80.0,-80.0,-80.0,-80.0,-80.0,-80.0,-80.0,-80.0,-80.0,-80.0,-80.0,-80.0,-80.0
-22.98473,-21.769838,-28.113792,-31.487211,-32.571564,-29.688818,-33.423386,-31.016188,-30.32478,-29.578608,-28.346493,-31.518211,-31.324774,-33.324688,-37.329914,-33.208313,-29.553482,-28.240095,-34.658314,-38.29889,-35.19791,-34.971886,-35.323647,-34.234184,-33.857784,-35.217514,-36.99351,-37.67759,-36.005093,-33.884773,-34.007126,-34.926754,-45.837822,-44.521637,-36.45959,-37.53644,-39.24315,-43.20439,-42.602882,-40.95131,-39.293842,-40.79181,-43.75995,-42.985886,-42.223537,-43.910927,-42.138203,-49.50101,-45.942955,-49.22957,-43.452595,-40.991894,-47.4651,-48.859188,-49.81689,-45.43463,-46.180035,-51.26077,-45.509792,-46.685677,-49.31911,-50.114,-44.939842,-46.251083,-50.00634,-47.150345,-44.395287,-44.954662,-51.389694,-50.053093,-48.38634,-45.853928,-45.851215,-45.40042,-46.874237,-47.889595,-47.867607,-43.421345,-43.512157,-43.868874,-44.03049,-46.811855,-50.567726,-49.444763,-47.249786,-52.031452,-47.221592,-47.569134,-46.945023,-33.870125,-21.077234,-18.751312,-23.331295,-33.529797,-36.232162,-29.49482,-31.056519,-38.52583,-41.553185,-31.624063,-30.44117,-30.526575,-30.03075,-33.76884,-44.023026,-43.70643,-35.350998,-37.06219,-35.950428,-31.224787,-33.29715,-37.758682,-48.09664,-42.761818,-40.787403,-42.67489,-47.220116,-37.440495,-37.726624,-37.659958,-39.22418,-33.77325,-33.93481,-42.117027,-43.23358,-46.64682,-41.677483,-34.5564,-34.355835,-37.622448,-42.163486,-47.805225,-48.35537,-42.26553,-38.85985,-41.996292,-44.513313,-45.509987,-43.44491,-46.094566,-45.566338,-39.008705,-38.66117,-41.015373,-42.49769,-41.698772,-44.16047,-45.225227,-46.900356,-48.835876,-48.905582,-45.526016,-49.28197,-51.03492,-49.84858,-47.84494,-46.113686,-43.18662,-43.508904,-46.74385,-52.739925,-44.573177,-43.781944,-47.809105,-55.391666,-52.60013,-53.684532,-48.812447,-47.113598,-45.327686,-48.203735,-57.1028,-56.27227,-52.28428,-48.491318,-44.524605,-46.265392,-52.429592,-51.838905,-51.444836,-46.805233,-47.180996,-51.779205,-62.889977,-71.511314,-55.40545,-55.583183,-51.582012,-47.281418,-48.71102,-55.070522,-64.241005,-55.60164,-46.88349,-45.713734,-52.332924,-61.663635,-54.8856,-53.453552,-54.44507,-54.48314,-57.2179,-60.025642,-52.488266,-50.191956,-51.353718,-51.534027,-54.525066,-61.09175,-55.714855,-53.039513,-50.501953,-51.739056,-56.192066,-61.714256,-55.926037,-54.50449,-55.729496,-56.587257,-54.678265,-55.4674,-61.97216,-65.4863,-65.823746,-62.3844,-62.70637,-62.099247,-57.64693,-61.702457,-63.93321,-60.17341,-57.483963,-58.504448,-58.663624,-57.608368,-59.365097,-65.111206,-60.667526,-59.757378,-60.919777,-64.68536,-65.13812,-64.922516,-61.366573,-67.26455,-68.15715,-64.109604,-69.533875,-67.633865,-60.766144,-58.782665,-58.353565,-58.09079,-60.219913,-64.72535,-72.13864,-80.0,-74.06418,-69.56026,-71.17348,-72.71098,-75.78662,-69.67274,-66.78087,-70.54483,-71.30937,-70.24617,-66.41599,-69.59494,-76.05481,-73.84377,-75.49542,-73.63219,-74.02767,-72.715096,-70.3944,-64.45964,-66.53169,-75.64279,-71.91121,-66.25816,-69.78157,-70.85179,-73.399506,-75.09291,-72.41407,-77.77089,-75.831436,-75.9937,-78.79527,-80.0,-77.28668,-72.76866,-72.04584,-69.26308,-70.522095,-73.66058,-72.484985,-74.74187,-71.71521,-71.21735,-72.14348,-72.38794,-72.946396,-75.95906,-80.0,-74.898315,-77.32602,-77.73901,-72.15419,-72.49219,-74.60655,-80.0,-80.0,-80.0,-80.0,-80.0,-80.0,-80.0,-80.0,-80.0,-80.0,-80.0,-80.0,-80.0,-80.0,-80.0,-80.0,-80.0,-80.0,-80.0,-80.0,-80.0,-80.0,-80.0,-80.0,-80.0,-80.0,-80.0,-80.0,-80.0,-80.0,-80.0,-80.0,-80.0,-80.0,-80.0,-80.0,-80.0,-80.0,-80.0,-80.0,-80.0,-80.0,-80.0,-80.0,-80.0,-80.0,-80.0,-80.0,-80.0,-80.0,-80.0,-80.0,-80.0,-80.0,-80.0,-80.0,-80.0,-80.0,-80.0,-80.0,-80.0,-80.0,-80.0,-80.0,-80.0,-80.0,-80.0,-80.0,-80.0,-80.0,-80.0,-80.0,-80.0,-80.0,-80.0,-80.0,-80.0,-80.0,-80.0,-80.0,-80.0,-80.0,-80.0,-80.0,-80.0,-80.0,-80.0,-80.0,-80.0,-80.0,-80.0,-80.0,-80.0,-80.0,-80.0,-80.0,-80.0,-80.0,-80.0,-80.0,-80.0
-24.159216,-21.551098,-27.551863,-31.86498,-37.606224,-34.222878,-35.12442,-31.807005,-34.212738,-35.18056,-36.07052,-31.41675,-42.425533,-39.800545,-42.472126,-45.01761,-38.19573,-36.751072,-40.62563,-46.969986,-46.052612,-40.166153,-45.38085,-40.865456,-41.26423,-38.64653,-36.707027,-37.317604,-44.410957,-41.38051,-35.65289,-39.247444,-46.90325,-46.292107,-44.495586,-46.053642,-42.856297,-47.75762,-48.629547,-45.529438,-49.355446,-45.973186,-44.142807,-42.655083,-45.26934,-46.22491,-47.74632,-48.638878,-51.02262,-51.834305,-45.29013,-42.790535,-47.098057,-50.68062,-51.448654,-47.184074,-46.897102,-49.371128,-44.242622,-47.382004,-53.401855,-52.65574,-50.73397,-55.72821,-52.983078,-53.352196,-46.46412,-47.34961,-60.422623,-66.57301,-51.8817,-51.771584,-49.507927,-50.070786,-51.285824,-61.617836,-55.460052,-51.16779,-48.155884,-49.09748,-49.451538,-51.09276,-52.24699,-50.440704,-53.41623,-55.088017,-59.732334,-54.93464,-55.251183,-34.92341,-23.484755,-21.410698,-23.369638,-33.16351,-39.453144,-30.440823,-33.10689,-38.925903,-39.13737,-34.399334,-33.04201,-32.65466,-31.84384,-34.323906,-44.436726,-43.843918,-35.79463,-37.62935,-38.684036,-33.04204,-34.586193,-37.330193,-44.83357,-43.788525,-38.904877,-42.18388,-44.243813,-38.65146,-36.70608,-39.06006,-39.04053,-34.298397,-35.532093,-41.530556,-43.575775,-44.98727,-42.96614,-35.54577,-35.76713,-38.160557,-40.17885,-46.629288,-54.22078,-44.401474,-39.694374,-43.003784,-47.668053,-47.112087,-44.139965,-47.842953,-47.488,-39.480446,-38.597496,-40.48047,-41.19682,-42.698593,-44.392265,-45.95157,-46.70302,-50.4984,-49.313972,-49.37511,-53.463615,-49.20854,-47.46278,-48.951298,-45.538597,-44.615425,-45.36875,-47.762665,-52.069176,-44.32676,-44.549328,-48.45424,-55.157887,-52.527714,-55.36328,-52.8946,-49.08438,-45.856308,-47.17517,-55.78731,-56.697006,-53.35164,-51.533047,-46.686195,-47.458214,-51.877525,-53.364365,-56.831818,-48.079887,-48.786255,-54.36019,-62.46906,-60.845413,-54.215523,-53.98672,-53.433372,-50.822746,-51.618156,-55.78834,-65.960754,-57.455776,-48.87117,-47.32847,-53.640404,-62.98139,-55.55663,-54.647133,-55.464222,-54.37159,-60.542976,-60.828064,-52.82255,-51.73333,-52.236588,-54.397934,-55.157692,-66.948814,-58.85601,-53.298603,-51.881016,-54.86485,-60.650692,-62.02053,-56.104767,-55.364185,-71.94738,-59.86905,-54.790916,-59.568687,-71.4619,-66.51845,-65.49826,-61.744553,-61.594875,-64.68708,-61.280365,-62.37204,-62.41935,-60.504753,-58.954643,-58.52478,-59.601692,-59.077377,-61.175156,-65.25682,-62.267925,-59.319527,-65.01831,-68.974976,-68.10852,-63.58378,-62.345615,-72.77045,-71.00287,-64.818085,-68.67725,-70.92372,-61.203724,-59.48935,-59.06373,-58.870667,-60.356533,-64.56599,-70.959625,-76.85235,-76.504166,-76.72104,-80.0,-74.31023,-75.949295,-70.30272,-69.69753,-70.33884,-76.07474,-73.345276,-67.78697,-70.49388,-79.352036,-78.26401,-75.530334,-73.45151,-73.774765,-75.562775,-71.93007,-65.55763,-67.32042,-77.38682,-72.520874,-66.821014,-68.88299,-72.55069,-71.81702,-79.40344,-73.618225,-77.43204,-77.72792,-77.352264,-79.21715,-80.0,-78.6606,-74.10657,-71.98772,-70.29607,-70.853195,-76.69153,-72.9386,-76.38937,-75.80029,-74.863304,-74.57134,-77.31465,-77.67485,-76.79283,-80.0,-77.68173,-80.0,-79.63681,-74.33583,-73.5681,-75.332985,-80.0,-80.0,-80.0,-80.0,-80.0,-80.0,-80.0,-80.0,-80.0,-80.0,-80.0,-80.0,-80.0,-80.0,-80.0,-80.0,-80.0,-80.0,-80.0,-80.0,-80.0,-80.0,-80.0,-80.0,-80.0,-80.0,-80.0,-80.0,-80.0,-80.0,-80.0,-80.0,-80.0,-80.0,-80.0,-80.0,-80.0,-80.0,-80.0,-80.0,-80.0,-80.0,-80.0,-80.0,-80.0,-80.0,-80.0,-80.0,-80.0,-80.0,-80.0,-80.0,-80.0,-80.0,-80.0,-80.0,-80.0,-80.0,-80.0,-80.0,-80.0,-80.0,-80.0,-80.0,-80.0,-80.0,-80.0,-80.0,-80.0,-80.0,-80.0,-80.0,-80.0,-80.0,-80.0,-80.0,-80.0,-80.0,-80.0,-80.0,-80.0,-80.0,-80.0,-80.0,-80.0,-80.0,-80.0,-80.0,-80.0,-80.0,-80.0,-80.0,-80.0,-80.0,-80.0,-80.0,-80.0,-80.0,-80.0,-80.0,-80.0
-24.417543,-19.297836,-24.456436,-44.083027,-41.703197,-34.66807,-31.980127,-33.24731,-38.870213,-41.933464,-40.720863,-33.341404,-35.488525,-41.01464,-44.90513,-45.792667,-41.666687,-34.144547,-37.812603,-48.07899,-42.693283,-38.678936,-42.754543,-43.196022,-45.008522,-34.727966,-32.218124,-36.45987,-40.51071,-36.13803,-34.216663,-37.642536,-41.38599,-41.190044,-43.01579,-56.015087,-45.375477,-43.648026,-44.18642,-42.68096,-42.57102,-39.85739,-40.98627,-44.07803,-50.55866,-51.90789,-52.145103,-47.287533,-49.679615,-53.71115,-48.06624,-42.74835,-42.76743,-50.122593,-64.820724,-51.813736,-46.85115,-44.743618,-41.870564,-44.627697,-48.83401,-54.54166,-50.125206,-56.66195,-68.894806,-51.089375,-47.56153,-48.9837,-53.459095,-60.400772,-63.309574,-49.81708,-45.15217,-48.697826,-65.605576,-61.64011,-64.89188,-55.840935,-57.548065,-55.47915,-55.62714,-46.76399,-46.73051,-57.838623,-53.407036,-57.09677,-63.376827,-62.632687,-58.795776,-37.17999,-29.114902,-38.231834,-24.143925,-31.35751,-35.101463,-31.692778,-49.52739,-37.16438,-34.408905,-47.243324,-42.14825,-40.59316,-41.240364,-35.080776,-38.024353,-41.441933,-35.53742,-42.832886,-60.3304,-36.679283,-39.653393,-36.126427,-39.79286,-46.94552,-36.19846,-37.755676,-37.96562,-38.91174,-33.313084,-38.987396,-43.090557,-36.17867,-43.980755,-38.715458,-54.21406,-41.007507,-49.847584,-39.51586,-41.46647,-45.911045,-36.84579,-42.478165,-49.39437,-44.261482,-45.153484,-48.718636,-57.138336,-54.920963,-45.1026,-56.84253,-42.632927,-45.30144,-39.52984,-41.70444,-39.647587,-46.315178,-62.995476,-46.276997,-49.117336,-49.287666,-48.625843,-48.31346,-48.282127,-45.387825,-42.475033,-50.115555,-46.13459,-49.538704,-57.792778,-51.546867,-47.264973,-44.460632,-53.982727,-50.585518,-50.709076,-51.346855,-66.46024,-59.56041,-53.295383,-53.513634,-44.01315,-53.37601,-50.997208,-57.6961,-65.63347,-49.831062,-55.75393,-52.477596,-59.048843,-50.678703,-47.73928,-69.66101,-57.434723,-56.600895,-54.152016,-51.3946,-51.351967,-56.246487,-74.075424,-65.97696,-57.5186,-68.988235,-63.74661,-55.65056,-52.700207,-59.751865,-59.196453,-53.46797,-69.68126,-68.805115,-55.63346,-63.88471,-58.007034,-57.188454,-60.535873,-56.161865,-58.171402,-55.75258,-61.687187,-59.670303,-60.241272,-57.987755,-64.8487,-68.41594,-64.70805,-58.818596,-55.487602,-68.22159,-62.787304,-57.510136,-60.557102,-70.787735,-69.4996,-65.44467,-60.109238,-60.447765,-63.515274,-63.33683,-65.735,-59.913742,-62.897408,-61.8994,-64.83078,-64.919785,-67.35758,-68.38097,-65.48791,-62.406425,-61.43529,-72.54784,-63.84527,-67.90772,-60.539482,-65.360306,-72.36424,-67.68799,-65.30794,-67.91847,-69.80788,-65.13072,-65.294205,-65.1932,-68.43295,-63.598953,-67.180084,-68.40494,-69.88414,-70.779594,-80.0,-75.20369,-78.273476,-79.89406,-72.05056,-80.0,-70.36125,-73.50859,-71.15129,-68.321335,-66.21593,-72.92246,-80.0,-76.95942,-70.27931,-70.49928,-78.310326,-71.53119,-69.99268,-70.67644,-78.83882,-71.740295,-68.36783,-68.57889,-78.08554,-69.47226,-74.96947,-73.86467,-77.513306,-77.94861,-80.0,-80.0,-80.0,-80.0,-77.82877,-76.88607,-75.57832,-75.00427,-75.17943,-74.61747,-80.0,-80.0,-80.0,-80.0,-77.891525,-80.0,-78.72475,-80.0,-79.75484,-80.0,-80.0,-80.0,-80.0,-78.81035,-80.0,-80.0,-80.0,-80.0,-77.45081,-78.72637,-80.0,-80.0,-80.0,-80.0,-80.0,-80.0,-80.0,-80.0,-80.0,-80.0,-80.0,-80.0,-80.0,-80.0,-80.0,-80.0,-80.0,-80.0,-80.0,-80.0,-80.0,-80.0,-80.0,-80.0,-80.0,-80.0,-80.0,-80.0,-80.0,-80.0,-80.0,-80.0,-80.0,-80.0,-80.0,-80.0,-80.0,-80.0,-80.0,-80.0,-80.0,-80.0,-80.0,-80.0,-80.0,-80.0,-80.0,-80.0,-80.0,-80.0,-80.0,-80.0,-80.0,-80.0,-80.0,-80.0,-80.0,-80.0,-80.0,-80.0,-80.0,-80.0,-80.0,-80.0,-80.0,-80.0,-80.0,-80.0,-80.0,-80.0,-80.0,-80.0,-80.0,-80.0,-80.0,-80.0,-80.0,-80.0,-80.0,-80.0,-80.0,-80.0,-80.0,-80.0,-80.0,-80.0,-80.0,-80.0,-80.0,-80.0,-80.0,-80.0,-80.0,-80.0,-80.0
-24.98132,-20.495047,-28.618935,-38.03915,-36.706635,-34.551506,-35.09728,-39.519196,-36.297665,-42.870068,-41.688477,-34.38309,-34.345375,-36.27776,-36.271896,-37.527153,-36.363663,-35.135986,-34.952396,-36.40351,-35.544765,-38.213768,-38.92418,-40.61571,-52.036606,-40.184513,-35.116364,-47.840916,-43.182312,-36.071083,-36.757565,-50.362843,-44.635094,-45.32985,-46.616478,-69.45972,-48.41163,-49.333267,-50.81848,-46.911877,-41.905743,-42.851585,-48.35563,-49.563435,-52.551582,-57.225765,-51.12686,-44.993874,-48.182392,-52.5642,-54.565437,-48.776363,-47.054535,-57.422188,-61.874306,-51.173687,-55.017296,-46.453022,-45.685333,-57.02684,-55.90236,-48.917843,-48.747753,-60.39833,-60.716007,-55.197895,-57.770588,-57.258553,-58.185127,-62.961872,-61.11667,-54.321404,-48.081886,-50.713234,-71.5686,-67.37625,-57.596214,-53.79303,-70.84338,-56.25506,-57.11236,-49.561646,-46.371433,-49.6116,-58.081036,-62.437233,-60.964222,-71.19583,-72.78264,-40.00084,-40.077858,-30.831621,-25.42514,-27.064968,-30.339779,-31.249662,-40.81968,-44.800915,-33.846416,-34.843872,-43.021626,-37.59904,-31.265512,-29.495417,-32.70225,-46.194424,-33.53868,-35.218807,-42.31699,-43.071556,-32.299393,-32.255856,-37.99833,-48.427494,-39.583096,-31.911015,-31.988754,-36.787193,-31.377499,-31.975204,-39.884186,-35.764107,-33.865665,-34.62846,-37.037,-36.000668,-36.337765,-41.066128,-42.37206,-37.843742,-39.113342,-47.704582,-46.75223,-42.306458,-44.475098,-40.002422,-42.138382,-43.30069,-39.25626,-38.266235,-37.977043,-38.376076,-36.67227,-36.081097,-35.896378,-39.00464,-38.82238,-41.569763,-42.770298,-41.598137,-41.496666,-41.964996,-50.736263,-46.831314,-43.488556,-44.962875,-44.376953,-45.986607,-55.042274,-51.622353,-49.48393,-41.871334,-42.863613,-43.28159,-43.92701,-47.742386,-54.89583,-50.560955,-47.860863,-43.58566,-39.459213,-39.376038,-40.23224,-42.04515,-42.651314,-42.115135,-43.48561,-46.128933,-52.893997,-46.976494,-44.84365,-50.396713,-57.05015,-53.075005,-52.774303,-58.60047,-47.474693,-47.542007,-48.81926,-49.232563,-50.36705,-55.991947,-60.90152,-57.081734,-56.727158,-60.006935,-51.35639,-48.943886,-51.1659,-51.18615,-50.01436,-51.370964,-51.924824,-52.16706,-53.922962,-53.92148,-51.29576,-52.15557,-52.359047,-54.30042,-60.19482,-63.363907,-57.889713,-54.959553,-55.505806,-58.141796,-51.748547,-53.5059,-59.799324,-56.641243,-57.700287,-62.26596,-58.2462,-58.59218,-56.314857,-58.59648,-62.47341,-60.002823,-60.607834,-73.75203,-59.575317,-55.86077,-56.586834,-56.172195,-55.821342,-55.80005,-55.218567,-60.413723,-62.014336,-57.4245,-57.96583,-62.025146,-59.058952,-62.20848,-65.01469,-62.59173,-68.07321,-68.70175,-65.8289,-64.01248,-61.659294,-64.06483,-67.72603,-74.014465,-80.0,-77.63289,-71.14523,-66.457214,-66.38753,-64.57396,-65.67994,-64.93628,-63.857376,-63.631138,-64.03833,-65.29332,-66.53263,-66.85655,-63.55458,-66.66513,-71.620255,-69.54879,-64.82048,-64.99877,-68.5011,-72.18021,-70.13909,-71.69905,-77.22623,-77.17593,-79.048996,-71.13199,-70.27774,-70.17117,-72.98584,-71.96148,-69.588974,-70.20241,-72.86792,-80.0,-80.0,-80.0,-80.0,-74.55351,-73.304535,-73.41278,-74.776276,-79.91826,-80.0,-80.0,-80.0,-79.174866,-80.0,-80.0,-79.2319,-75.70515,-77.82791,-80.0,-77.63435,-79.56839,-79.925705,-80.0,-80.0,-80.0,-80.0,-80.0,-80.0,-76.897446,-80.0,-80.0,-80.0,-80.0,-80.0,-80.0,-80.0,-80.0,-80.0,-80.0,-80.0,-80.0,-80.0,-80.0,-80.0,-80.0,-80.0,-80.0,-80.0,-80.0,-80.0,-80.0,-80.0,-80.0,-80.0,-80.0,-80.0,-80.0,-80.0,-80.0,-80.0,-80.0,-80.0,-80.0,-80.0,-80.0,-80.0,-80.0,-80.0,-80.0,-80.0,-80.0,-80.0,-80.0,-80.0,-80.0,-80.0,-80.0,-80.0,-80.0,-80.0,-80.0,-80.0,-80.0,-80.0,-80.0,-80.0,-80.0,-80.0,-80.0,-80.0,-80.0,-80.0,-80.0,-80.0,-80.0,-80.0,-80.0,-80.0,-80.0,-80.0,-80.0,-80.0,-80.0,-80.0,-80.0,-80.0,-80.0,-80.0,-80.0,-80.0,-80.0,-80.0,-80.0,-80.0,-80.0,-80.0,-80.0,-80.0,-80.0,-80.0,-80.0,-80.0,-80.0,-80.0
-26.322464,-23.580997,-29.757044,-33.1443,-34.43465,-40.20578,-37.44693,-38.527008,-35.98854,-44.181217,-45.57551,-38.707943,-40.572823,-42.729553,-38.12719,-39.14457,-39.41658,-41.47706,-39.680233,-39.32601,-39.138954,-41.478676,-42.461063,-39.43772,-42.715553,-39.053158,-37.827164,-47.595196,-49.72904,-40.73232,-39.750957,-45.204727,-47.230396,-46.34269,-46.843727,-51.799934,-48.44172,-53.653053,-56.667526,-52.031574,-46.752785,-49.14804,-53.090897,-53.63227,-54.137825,-60.926796,-54.824455,-48.011467,-47.191925,-50.50665,-53.06301,-51.304382,-50.120895,-57.85136,-53.43216,-49.31167,-50.649822,-48.664745,-50.10635,-58.295532,-58.23217,-51.26543,-51.288734,-56.353046,-60.136894,-61.08395,-62.898964,-58.88565,-56.436737,-55.3885,-57.753773,-58.301407,-53.556526,-53.1442,-61.110783,-68.24844,-57.98049,-54.319756,-56.379242,-55.63485,-55.26932,-54.757214,-49.392044,-52.463074,-62.134415,-61.322876,-57.61251,-64.944275,-73.30455,-42.685837,-41.73964,-32.863106,-27.916815,-29.893831,-33.98468,-31.327938,-40.020718,-41.839394,-33.956833,-36.676003,-40.900955,-34.76265,-30.616821,-31.28635,-33.23355,-35.41042,-34.19752,-38.622272,-39.406185,-38.345116,-34.032024,-34.315907,-40.938023,-42.507504,-38.891926,-34.82296,-35.169876,-35.22231,-32.633213,-33.458828,-36.70801,-36.31029,-33.92756,-36.330353,-38.870167,-38.82195,-37.11138,-41.4148,-41.893974,-42.416122,-44.20976,-49.17497,-49.93465,-45.247517,-40.597137,-38.434345,-39.61422,-40.49113,-39.91005,-41.073624,-39.776844,-39.16772,-38.262196,-37.50357,-36.929615,-37.461494,-39.826572,-43.461655,-42.34115,-46.45128,-43.8654,-43.52339,-50.682693,-47.016888,-48.054886,-47.484657,-46.451107,-49.140533,-45.877167,-46.36082,-45.912823,-43.372097,-43.512566,-44.290028,-43.97243,-46.100544,-51.397194,-52.80819,-51.5592,-45.751343,-41.796185,-41.0461,-42.178467,-43.104225,-42.243896,-42.35475,-45.609287,-48.59964,-52.318584,-47.59581,-45.711006,-52.433,-56.65152,-51.442093,-55.757782,-54.355507,-48.6792,-49.450043,-51.196182,-47.515755,-48.490673,-56.309284,-61.070953,-57.950096,-58.955894,-55.060387,-51.23202,-52.789536,-51.26705,-50.087025,-50.07994,-54.217476,-52.2135,-53.753983,-59.282578,-58.34751,-54.91074,-57.55105,-54.581963,-54.326134,-60.33744,-62.69159,-56.940224,-55.912796,-56.72746,-55.59707,-52.78032,-54.128098,-57.685772,-56.959255,-59.420265,-66.24313,-57.47444,-55.66841,-57.447098,-59.849762,-64.95274,-64.052765,-63.627735,-66.3171,-60.14776,-58.39231,-57.506634,-54.67356,-54.264324,-55.418472,-56.430656,-58.970974,-60.361694,-59.815125,-58.72677,-59.22781,-61.509724,-66.583984,-63.080715,-65.791016,-69.17737,-66.43405,-66.74573,-65.9507,-64.61957,-63.600662,-68.88109,-79.09613,-77.93291,-80.0,-73.65045,-70.68881,-65.60286,-61.19406,-61.620148,-63.691696,-65.45436,-65.81132,-63.62747,-62.970764,-68.420616,-69.78558,-68.03209,-67.85111,-75.44413,-72.508224,-68.16201,-65.78519,-69.44125,-76.75281,-69.77803,-72.90814,-78.05289,-78.520935,-80.0,-76.12596,-75.78511,-75.97264,-73.699554,-71.93906,-74.74904,-71.730804,-71.083145,-75.48363,-80.0,-80.0,-80.0,-76.06398,-73.776596,-76.97113,-79.47522,-80.0,-80.0,-80.0,-80.0,-78.953026,-80.0,-77.80301,-76.623,-79.6523,-79.49619,-76.63126,-78.81699,-78.18027,-78.23894,-80.0,-80.0,-80.0,-80.0,-80.0,-80.0,-80.0,-80.0,-80.0,-80.0,-80.0,-80.0,-80.0,-80.0,-80.0,-80.0,-80.0,-80.0,-80.0,-80.0,-80.0,-80.0,-80.0,-80.0,-80.0,-80.0,-80.0,-80.0,-80.0,-80.0,-80.0,-80.0,-80.0,-80.0,-80.0,-80.0,-80.0,-80.0,-80.0,-80.0,-80.0,-80.0,-80.0,-80.0,-80.0,-80.0,-80.0,-80.0,-80.0,-80.0,-80.0,-80.0,-80.0,-80.0,-80.0,-80.0,-80.0,-80.0,-80.0,-80.0,-80.0,-80.0,-80.0,-80.0,-80.0,-80.0,-80.0,-80.0,-80.0,-80.0,-80.0,-80.0,-80.0,-80.0,-80.0,-80.0,-80.0,-80.0,-80.0,-80.0,-80.0,-80.0,-80.0,-80.0,-80.0,-80.0,-80.0,-80.0,-80.0,-80.0,-80.0,-80.0,-80.0,-80.0,-80.0,-80.0,-80.0,-80.0,-80.0,-80.0,-80.0,-80.0
-26.594957,-25.20691,-30.599428,-31.020157,-32.857475,-40.990788,-38.43461,-38.421436,-35.647274,-43.21092,-45.75946,-41.3933,-49.44451,-50.6391,-39.11383,-40.38226,-41.368294,-50.499157,-43.657814,-41.291397,-41.59097,-42.619995,-44.716473,-39.30139,-41.973885,-38.921715,-39.334522,-48.155853,-57.712093,-44.486984,-41.477932,-45.11631,-47.89968,-46.55033,-47.23986,-51.34648,-48.382336,-56.466736,-62.892616,-54.945778,-49.502068,-56.3143,-56.134266,-54.261353,-54.60282,-60.225647,-56.574173,-49.787354,-47.375023,-50.772415,-53.056664,-52.89232,-51.393234,-58.537685,-52.344193,-49.057674,-50.386806,-50.121613,-53.411087,-59.22487,-56.135956,-52.156605,-52.989048,-55.724873,-60.64309,-66.46236,-65.75691,-59.698814,-56.543205,-54.07291,-56.52938,-60.848648,-59.143147,-54.697815,-59.736614,-68.89699,-57.76567,-54.66153,-55.73292,-55.571747,-55.510105,-57.986183,-51.2584,-54.38409,-64.762695,-61.1828,-57.20038,-61.84751,-66.52484,-43.31272,-36.353165,-32.882942,-28.680428,-30.641682,-36.051704,-31.432014,-37.384396,-36.50465,-33.566753,-38.06304,-40.96507,-33.59135,-30.915438,-32.659027,-34.03755,-34.859222,-34.66206,-40.684326,-38.83529,-37.16947,-35.32026,-34.801403,-40.776524,-40.392097,-39.29545,-36.825005,-37.416267,-35.5716,-33.671917,-34.66405,-36.848083,-37.20931,-34.449673,-37.003223,-39.523148,-40.06253,-37.147144,-41.92107,-41.84073,-45.82388,-47.90013,-48.318794,-51.9144,-46.867775,-39.92769,-38.789875,-39.264446,-40.5658,-40.514862,-42.985374,-41.096504,-40.10395,-39.506214,-38.69703,-37.89088,-37.776516,-40.590107,-44.67363,-42.70363,-49.11383,-44.44934,-44.088272,-50.914593,-47.603268,-50.137543,-47.17807,-47.089005,-50.372223,-44.623177,-45.633812,-45.90669,-44.587563,-44.327457,-45.372257,-44.583702,-46.1205,-51.173203,-53.61934,-52.887108,-47.29596,-43.229576,-42.39103,-43.585423,-44.081444,-42.858288,-42.72947,-47.10627,-49.867493,-52.657333,-48.45011,-46.45168,-52.4945,-55.5679,-50.969078,-55.9516,-53.36595,-49.715355,-50.434734,-52.77769,-47.499527,-48.08748,-57.016617,-61.75381,-58.75372,-59.16369,-53.4656,-51.504913,-55.62848,-51.72033,-50.485374,-50.384884,-55.066334,-52.504128,-54.71976,-64.62248,-61.28128,-57.49311,-62.437157,-55.917656,-54.61587,-61.137226,-62.084053,-57.275093,-56.67546,-57.702293,-55.8126,-53.648994,-54.867233,-57.819565,-57.797615,-59.784294,-68.26799,-57.53489,-55.586235,-58.382977,-60.880768,-65.58734,-67.076675,-65.283875,-66.0276,-60.851242,-60.073112,-58.366543,-54.949493,-54.374683,-56.07808,-57.41196,-59.275227,-60.663742,-61.530365,-59.584858,-59.26886,-63.100235,-69.35655,-62.640747,-66.78223,-69.73207,-66.32991,-67.722,-67.014694,-66.43416,-64.05238,-69.18222,-77.69963,-74.99515,-80.0,-74.152756,-72.55119,-64.74275,-60.72538,-61.480392,-63.833797,-66.647964,-67.38237,-64.018486,-62.898483,-68.2616,-69.94081,-71.15314,-68.83266,-76.671326,-74.031204,-70.53537,-66.40985,-69.18077,-78.49022,-70.10106,-72.04477,-75.61685,-79.30234,-80.0,-79.76573,-80.0,-80.0,-74.420044,-72.51448,-78.264854,-72.480736,-71.13026,-74.37004,-79.071915,-78.09967,-80.0,-76.73668,-74.31688,-79.165924,-80.0,-80.0,-80.0,-80.0,-80.0,-78.91609,-80.0,-77.46153,-76.0963,-80.0,-79.94824,-75.779785,-79.74368,-78.2417,-78.159904,-80.0,-80.0,-80.0,-80.0,-80.0,-80.0,-80.0,-80.0,-80.0,-80.0,-80.0,-80.0,-80.0,-80.0,-80.0,-80.0,-80.0,-80.0,-80.0,-80.0,-80.0,-80.0,-80.0,-80.0,-80.0,-80.0,-80.0,-80.0,-80.0,-80.0,-80.0,-80.0,-80.0,-80.0,-80.0,-80.0,-80.0,-80.0,-80.0,-80.0,-80.0,-80.0,-80.0,-80.0,-80.0,-80.0,-80.0,-80.0,-80.0,-80.0,-80.0,-80.0,-80.0,-80.0,-80.0,-80.0,-80.0,-80.0,-80.0,-80.0,-80.0,-80.0,-80.0,-80.0,-80.0,-80.0,-80.0,-80.0,-80.0,-80.0,-80.0,-80.0,-80.0,-80.0,-80.0,-80.0,-80.0,-80.0,-80.0,-80.0,-80.0,-80.0,-80.0,-80.0,-80.0,-80.0,-80.0,-80.0,-80.0,-80.0,-80.0,-80.0,-80.0,-80.0,-80.0,-80.0,-80.0,-80.0,-80.0,-80.0,-80.0,-80.0
-25.97264,-26.679596,-34.77365,-27.340908,-29.637808,-34.69836,-38.918835,-39.309204,-34.6676,-39.52893,-41.345524,-41.690617,-52.72476,-45.3348,-41.435307,-49.5059,-47.00569,-48.847065,-54.7321,-50.160492,-48.34659,-41.119156,-48.726234,-40.226524,-43.230087,-39.820633,-42.05192,-55.31019,-51.513077,-50.908333,-44.452797,-53.281578,-46.417534,-46.191708,-49.717834,-56.98893,-48.218025,-57.569756,-62.87127,-51.758114,-47.12287,-51.979935,-55.2497,-50.141914,-54.37118,-55.131176,-55.86908,-53.113426,-50.714558,-60.27703,-55.429058,-58.334557,-50.961296,-64.185776,-51.648323,-49.99804,-53.786964,-56.720497,-58.09611,-63.965107,-50.755196,-52.139313,-61.286057,-56.032566,-68.61856,-63.38673,-62.433025,-61.443657,-60.691254,-52.464302,-54.377495,-63.108,-67.55518,-60.639824,-58.195805,-71.86182,-56.56138,-55.965027,-58.406853,-56.234642,-62.722473,-55.07571,-55.785767,-63.495895,-66.99608,-62.00709,-58.397224,-57.077126,-59.597206,-41.524998,-29.65229,-30.47949,-27.74967,-28.929237,-37.274376,-32.05675,-32.46552,-30.18244,-32.041706,-50.73242,-45.351418,-31.419004,-34.796394,-45.92563,-42.023964,-38.075333,-36.57632,-43.76621,-38.822906,-35.50737,-44.37281,-33.730255,-36.994976,-36.832024,-45.117096,-48.34717,-57.037388,-45.26927,-40.97493,-45.215946,-47.64331,-51.464577,-39.0365,-37.578156,-39.657146,-40.320866,-36.416473,-45.181282,-42.371548,-48.89592,-46.845535,-44.712917,-56.28956,-49.161396,-39.94218,-48.87368,-40.213093,-46.9795,-43.815468,-53.221672,-50.15561,-50.280582,-49.611923,-50.288857,-45.420593,-45.788193,-44.362022,-49.57043,-46.76962,-46.50528,-43.133945,-44.416687,-52.643238,-52.700356,-47.313343,-43.59755,-46.59123,-49.49877,-43.38306,-45.923195,-52.457,-55.34022,-51.43871,-73.548874,-51.043785,-48.9892,-54.094467,-53.48703,-50.798103,-58.928272,-47.913254,-62.758926,-53.500134,-51.826492,-54.539368,-44.976974,-56.985924,-51.770206,-56.87092,-57.334652,-50.578575,-50.187172,-52.624687,-50.555225,-52.7007,-52.18501,-57.595684,-52.512764,-60.31414,-50.12803,-48.19288,-63.988777,-69.2802,-63.895817,-56.96941,-50.765244,-53.73076,-71.21898,-55.194603,-58.538925,-52.449234,-53.63234,-53.95751,-58.107704,-78.28232,-62.21412,-69.48988,-63.71519,-60.074333,-56.643097,-80.0,-60.485706,-62.8083,-60.6845,-63.6777,-66.449524,-58.914894,-60.357002,-63.418846,-73.75551,-58.87664,-67.489,-59.26367,-59.425957,-64.25583,-67.98065,-64.22403,-77.871056,-67.38913,-71.896454,-65.96439,-67.86412,-64.2795,-61.52283,-58.1313,-74.34056,-63.623318,-66.35574,-68.89362,-80.0,-66.879974,-64.88522,-69.64679,-69.75368,-62.60813,-64.98334,-71.13968,-68.93115,-77.69644,-69.689285,-70.83915,-69.80046,-69.00914,-71.185104,-70.3857,-73.051285,-72.329414,-70.29886,-62.503212,-61.573803,-66.242714,-67.27757,-74.36572,-80.0,-68.441864,-65.90932,-65.60922,-66.69086,-72.88517,-75.29793,-74.02673,-75.43377,-80.0,-69.4358,-67.2621,-75.003914,-73.4467,-68.60021,-70.48753,-80.0,-80.0,-79.36708,-80.0,-80.0,-79.03601,-78.55217,-76.21889,-74.07086,-74.57285,-73.80257,-72.49515,-71.861786,-75.90405,-77.83409,-77.53807,-80.0,-74.96617,-77.453674,-76.44087,-80.0,-78.21286,-79.1939,-80.0,-78.456924,-76.11392,-80.0,-79.49492,-75.15839,-80.0,-80.0,-80.0,-77.69185,-76.83609,-80.0,-80.0,-80.0,-80.0,-80.0,-80.0,-80.0,-80.0,-80.0,-80.0,-80.0,-80.0,-80.0,-80.0,-80.0,-80.0,-80.0,-80.0,-80.0,-80.0,-80.0,-80.0,-80.0,-80.0,-80.0,-80.0,-80.0,-80.0,-80.0,-80.0,-80.0,-80.0,-80.0,-80.0,-80.0,-80.0,-80.0,-80.0,-80.0,-80.0,-80.0,-80.0,-80.0,-80.0,-80.0,-80.0,-80.0,-80.0,-80.0,-80.0,-80.0,-80.0,-80.0,-80.0,-80.0,-80.0,-80.0,-80.0,-80.0,-80.0,-80.0,-80.0,-80.0,-80.0,-80.0,-80.0,-80.0,-80.0,-80.0,-80.0,-80.0,-80.0,-80.0,-80.0,-80.0,-80.0,-80.0,-80.0,-80.0,-80.0,-80.0,-80.0,-80.0,-80.0,-80.0,-80.0,-80.0,-80.0,-80.0,-80.0,-80.0,-80.0,-80.0,-80.0,-80.0,-80.0,-80.0,-80.0,-80.0,-80.0
-26.231775,-24.829079,-33.389515,-31.897787,-31.289074,-44.740204,-36.95699,-35.71427,-36.874912,-47.692093,-37.16662,-38.6418,-50.390564,-43.50716,-46.148647,-56.920166,-42.850796,-45.85534,-47.53711,-46.945904,-39.734207,-41.054626,-45.882233,-45.977844,-48.487633,-44.94448,-47.935425,-60.031006,-55.820076,-51.024094,-45.471256,-49.29279,-61.534706,-53.210854,-61.76942,-48.53489,-45.477547,-48.49066,-48.415993,-47.34307,-46.735855,-45.01763,-49.056,-58.222923,-48.724445,-54.40211,-51.67896,-51.072403,-68.497345,-54.260643,-54.449024,-62.1498,-49.802658,-52.68901,-56.66449,-60.879444,-66.788284,-63.108337,-69.17484,-54.594715,-52.512886,-50.053604,-50.05127,-55.495636,-52.26832,-51.020393,-54.904922,-59.05728,-70.536255,-55.00865,-53.12884,-59.88443,-63.03729,-64.140854,-63.294914,-59.225075,-52.3413,-57.83654,-67.64599,-61.260147,-56.635887,-52.267433,-57.025955,-67.58003,-77.00218,-66.124725,-69.888794,-62.541985,-67.18861,-41.248863,-25.527607,-22.075531,-24.93629,-31.797285,-34.36287,-30.54618,-33.82325,-26.573498,-35.221344,-36.313725,-30.37625,-29.325497,-41.800064,-38.819065,-39.34535,-58.399677,-41.54381,-44.886574,-43.596054,-39.140205,-34.6081,-33.689213,-34.838184,-37.243053,-46.640953,-47.24707,-44.447144,-48.345787,-43.114185,-48.341255,-49.578907,-48.097504,-46.08596,-37.701622,-35.346806,-35.835175,-38.212803,-38.632126,-43.113556,-46.13755,-41.8372,-39.75373,-41.20009,-39.594894,-40.99324,-43.623287,-38.805164,-37.4125,-40.27768,-49.133533,-48.48426,-45.391647,-54.705467,-48.99253,-45.081688,-50.563717,-48.92039,-43.983006,-50.30718,-47.838882,-45.806877,-51.439434,-44.033665,-49.09578,-57.35248,-42.820885,-45.510174,-47.091347,-59.230865,-45.34283,-45.184364,-47.117306,-56.965775,-53.826866,-50.211548,-48.58555,-46.728752,-52.869274,-50.460976,-46.32966,-46.870255,-50.045822,-55.534782,-50.16095,-46.385918,-47.49126,-50.762466,-48.81579,-49.15898,-50.942554,-59.39657,-51.306698,-63.35486,-57.37295,-48.561203,-47.00009,-49.48677,-50.646866,-51.196014,-47.315155,-49.059498,-62.097668,-59.68081,-55.549698,-51.59751,-47.517532,-49.424862,-55.55187,-55.71099,-54.61151,-52.039024,-51.261597,-60.34948,-64.53856,-62.02784,-60.759834,-61.9305,-62.583595,-70.199295,-60.730755,-57.49127,-57.14896,-56.681355,-58.545418,-67.395325,-65.887886,-69.683495,-62.005554,-58.662594,-56.611076,-55.621113,-59.324844,-58.05984,-64.05971,-71.34896,-61.395172,-57.415985,-58.19467,-60.50685,-72.870026,-70.13741,-68.767395,-60.8115,-64.51779,-63.642704,-62.420197,-62.63781,-63.600792,-68.23737,-72.4263,-71.09653,-70.053635,-67.72685,-67.270004,-68.49755,-64.16218,-68.341835,-66.766396,-77.87773,-65.72188,-62.668198,-68.718956,-71.19377,-73.66585,-68.79875,-75.0284,-80.0,-71.82402,-61.3098,-62.79511,-68.83772,-70.51987,-68.96428,-70.51627,-72.91411,-68.168945,-67.20572,-65.10195,-70.82532,-78.1409,-75.46336,-77.605484,-80.0,-69.43217,-68.318756,-80.0,-80.0,-71.11604,-72.91903,-73.25571,-77.41933,-80.0,-76.46385,-76.56174,-80.0,-80.0,-77.55994,-80.0,-77.19069,-73.84731,-69.7726,-69.31484,-70.25487,-72.15987,-77.933754,-75.532715,-70.9768,-69.766495,-70.2702,-73.27898,-79.38803,-80.0,-79.34892,-78.93843,-76.34645,-78.871765,-76.44066,-79.946976,-80.0,-80.0,-80.0,-80.0,-76.21306,-80.0,-80.0,-80.0,-79.88028,-80.0,-80.0,-80.0,-80.0,-80.0,-80.0,-80.0,-80.0,-80.0,-80.0,-80.0,-80.0,-80.0,-80.0,-80.0,-80.0,-80.0,-80.0,-80.0,-80.0,-80.0,-80.0,-80.0,-80.0,-80.0,-80.0,-80.0,-80.0,-80.0,-80.0,-80.0,-80.0,-80.0,-80.0,-80.0,-80.0,-80.0,-80.0,-80.0,-80.0,-80.0,-80.0,-80.0,-80.0,-80.0,-80.0,-80.0,-80.0,-80.0,-80.0,-80.0,-80.0,-80.0,-80.0,-80.0,-80.0,-80.0,-80.0,-80.0,-80.0,-80.0,-80.0,-80.0,-80.0,-80.0,-80.0,-80.0,-80.0,-80.0,-80.0,-80.0,-80.0,-80.0,-80.0,-80.0,-80.0,-80.0,-80.0,-80.0,-80.0,-80.0,-80.0,-80.0,-80.0,-80.0,-80.0,-80.0,-80.0,-80.0,-80.0,-80.0,-80.0,-80.0,-80.0,-80.0,-80.0
-26.90358,-25.94307,-37.90683,-33.808628,-31.811579,-39.93598,-39.986176,-40.962536,-36.276173,-38.93837,-40.286186,-42.09153,-36.950966,-38.90032,-40.650883,-39.114285,-42.081528,-48.94947,-45.931286,-43.12401,-40.50817,-43.058907,-51.671482,-51.158283,-51.25486,-47.950836,-49.14374,-59.409477,-54.04982,-45.35975,-45.015076,-51.916756,-51.04078,-49.12661,-58.457993,-49.154755,-46.438866,-48.64764,-46.480995,-51.242386,-50.701904,-49.329975,-45.22461,-46.17058,-49.40869,-60.020645,-54.34101,-50.08517,-59.93757,-54.24279,-49.172443,-49.56784,-51.1435,-55.635757,-61.783333,-62.83953,-61.264397,-53.707222,-51.9848,-54.875835,-57.95051,-53.745293,-49.387318,-49.059376,-48.0391,-48.292774,-49.56369,-50.935104,-53.894547,-53.98197,-56.768257,-64.89987,-67.717255,-57.5866,-53.614906,-52.444874,-53.58365,-57.707542,-61.336987,-60.287483,-53.76876,-54.71737,-59.297127,-65.54935,-64.07951,-67.841415,-64.85618,-59.484646,-63.51452,-42.291992,-25.398111,-22.513912,-28.145195,-35.604294,-30.831697,-33.444374,-28.053123,-26.725338,-31.844185,-31.440126,-30.072796,-31.426357,-32.83571,-34.239437,-38.760727,-44.28454,-42.168907,-45.31873,-43.442654,-44.011177,-38.469524,-36.657093,-40.42439,-37.97413,-42.593983,-52.706985,-41.433334,-39.089306,-40.21502,-42.590477,-50.569466,-45.433643,-46.142296,-39.320168,-40.082504,-40.1888,-43.903748,-42.392326,-44.78526,-49.444458,-45.962402,-41.966885,-41.99191,-40.848362,-40.36261,-45.13706,-39.13498,-40.623093,-41.14254,-49.364296,-49.65525,-47.469196,-45.000862,-45.20659,-48.731007,-50.856445,-48.36247,-45.66018,-56.42308,-47.244488,-46.336975,-50.230076,-45.205715,-43.06073,-46.612225,-43.43842,-41.171562,-43.054527,-47.225636,-45.26258,-44.67959,-48.544846,-50.84052,-49.095123,-48.53928,-48.445797,-49.326538,-53.27134,-50.69023,-49.617073,-49.026817,-50.19905,-56.852318,-49.48407,-49.336407,-51.41872,-56.708126,-51.78061,-48.645576,-50.87197,-53.474968,-55.225697,-55.940414,-57.457466,-49.335396,-46.741905,-52.33648,-55.776077,-51.696335,-49.112522,-49.913788,-63.828438,-56.70683,-56.06955,-55.826187,-49.84111,-51.39447,-57.66394,-61.16227,-58.58577,-55.395508,-55.815453,-59.48658,-63.418797,-67.80792,-64.28589,-59.496025,-60.866516,-69.22716,-65.78987,-59.70687,-59.410046,-58.04358,-59.031296,-68.98373,-70.77409,-71.498856,-63.932907,-61.69629,-57.777023,-57.900738,-60.71341,-58.72558,-62.148212,-72.949615,-62.52675,-59.043484,-58.03788,-58.279716,-63.194313,-65.11986,-63.83441,-63.308586,-64.61658,-67.96417,-67.22188,-64.220985,-63.76302,-71.49326,-74.66934,-70.124054,-65.59451,-68.14044,-70.45141,-72.61443,-66.50712,-65.28482,-64.54249,-65.54255,-62.43048,-61.35049,-66.502945,-70.93988,-69.91665,-72.148056,-79.314156,-80.0,-72.06018,-64.18548,-64.512245,-69.47209,-75.42481,-70.859146,-71.06647,-70.61539,-66.61835,-66.05015,-69.550156,-75.42778,-79.376465,-76.70607,-80.0,-79.19514,-72.50499,-72.10329,-75.145676,-74.87332,-72.54167,-77.25255,-73.26347,-78.488846,-80.0,-79.41083,-77.75421,-80.0,-80.0,-80.0,-79.471924,-74.69608,-72.304886,-75.48062,-73.670166,-73.76294,-74.56908,-76.71502,-75.133934,-74.79385,-73.199356,-72.80342,-76.84281,-80.0,-78.531235,-80.0,-80.0,-80.0,-78.52933,-80.0,-80.0,-80.0,-80.0,-80.0,-80.0,-79.09539,-80.0,-80.0,-80.0,-80.0,-80.0,-80.0,-80.0,-80.0,-80.0,-80.0,-80.0,-80.0,-80.0,-80.0,-80.0,-80.0,-80.0,-80.0,-80.0,-80.0,-80.0,-80.0,-80.0,-80.0,-80.0,-80.0,-80.0,-80.0,-80.0,-80.0,-80.0,-80.0,-80.0,-80.0,-80.0,-80.0,-80.0,-80.0,-80.0,-80.0,-80.0,-80.0,-80.0,-80.0,-80.0,-80.0,-80.0,-80.0,-80.0,-80.0,-80.0,-80.0,-80.0,-80.0,-80.0,-80.0,-80.0,-80.0,-80.0,-80.0,-80.0,-80.0,-80.0,-80.0,-80.0,-80.0,-80.0,-80.0,-80.0,-80.0,-80.0,-80.0,-80.0,-80.0,-80.0,-80.0,-80.0,-80.0,-80.0,-80.0,-80.0,-80.0,-80.0,-80.0,-80.0,-80.0,-80.0,-80.0,-80.0,-80.0,-80.0,-80.0,-80.0,-80.0,-80.0,-80.0,-80.0,-80.0,-80.0,-80.0
-26.860392,-25.880783,-39.874092,-34.37305,-31.043835,-38.0552,-40.594105,-42.620636,-35.916286,-38.291264,-42.036987,-42.691803,-34.836605,-35.21731,-36.465324,-36.183086,-40.316948,-47.278347,-45.622356,-41.958305,-41.10148,-44.29441,-53.820496,-53.69262,-51.63186,-49.102745,-48.912556,-58.723118,-51.521782,-44.229984,-44.66486,-52.27369,-48.406643,-46.690327,-50.155746,-47.468895,-47.235554,-49.24,-45.776993,-51.76413,-53.53561,-51.80966,-43.722282,-44.237392,-48.764805,-56.457523,-52.19034,-49.260315,-57.907852,-53.706192,-47.962524,-47.111076,-50.72821,-55.763588,-60.22489,-60.194412,-56.28244,-50.428513,-48.96469,-53.446022,-60.89281,-55.2102,-49.603912,-48.31052,-47.393417,-48.0275,-49.08454,-49.408024,-51.289925,-54.14989,-59.302612,-69.96422,-69.100784,-55.473488,-51.6858,-51.23079,-54.319878,-58.053703,-59.652252,-60.217896,-52.711708,-55.530827,-60.005615,-64.68619,-61.625797,-63.027054,-61.474888,-56.45231,-55.2735,-43.101173,-25.072472,-22.46649,-30.23162,-33.35562,-29.435785,-34.084675,-26.730646,-26.981087,-31.516905,-30.269398,-30.12098,-32.781227,-31.639954,-32.92931,-38.61273,-42.939995,-41.94461,-45.145294,-41.56155,-43.361458,-41.129154,-37.941063,-40.87081,-38.110836,-41.478867,-43.703278,-38.862568,-38.04623,-40.00104,-41.374763,-47.014668,-44.09676,-45.534798,-40.021225,-44.01834,-43.81236,-53.44439,-44.31448,-44.675793,-51.54575,-49.599995,-43.409866,-42.446697,-41.496128,-39.805264,-43.697334,-39.539825,-43.017807,-41.589058,-47.121918,-50.320175,-48.867393,-43.449566,-44.06652,-50.561234,-49.146866,-47.0607,-46.505722,-58.43103,-47.131405,-46.688366,-49.630608,-45.671852,-41.512257,-44.634956,-43.923058,-40.155197,-42.35439,-46.301556,-45.63018,-44.923023,-49.538303,-49.939274,-47.563156,-48.66688,-48.80302,-51.211517,-53.24533,-50.430466,-51.039543,-49.541435,-50.186607,-56.711716,-48.948006,-51.310562,-54.4745,-67.57742,-53.821983,-48.856262,-51.20391,-52.843323,-56.23803,-53.4109,-53.747734,-49.2889,-47.00021,-53.860855,-61.62001,-52.2369,-50.470047,-50.243713,-58.233566,-55.096176,-55.44867,-57.740944,-51.51918,-52.637592,-59.177456,-68.95039,-61.58367,-57.991043,-60.262196,-59.700928,-62.568306,-66.57065,-64.944595,-58.15632,-60.143265,-69.17282,-68.5224,-60.73312,-60.875435,-59.150696,-58.686363,-64.15306,-68.71872,-66.76342,-64.19431,-63.5322,-58.74682,-59.48324,-61.847336,-59.200756,-61.43449,-72.63867,-63.22094,-60.22218,-58.493965,-57.74047,-62.11535,-64.451935,-63.29592,-65.0555,-65.03324,-70.64882,-71.84766,-64.909164,-63.829235,-73.14579,-74.54483,-68.62723,-64.12684,-68.47016,-72.30391,-74.44932,-67.397644,-65.16615,-64.24008,-64.500595,-61.819748,-61.25567,-66.05502,-70.94595,-68.436676,-73.94966,-77.650986,-80.0,-71.51277,-66.161896,-65.711624,-69.871414,-79.68765,-71.96922,-71.63399,-70.62433,-66.33004,-65.91278,-73.594864,-79.10292,-80.0,-76.73779,-80.0,-78.87642,-74.50237,-75.27005,-74.67295,-73.088486,-73.09625,-80.0,-73.15027,-77.334595,-80.0,-78.60089,-77.788635,-80.0,-80.0,-80.0,-78.0551,-74.3949,-71.55442,-80.0,-77.75514,-76.506,-76.22996,-76.74243,-75.14687,-77.28839,-75.719894,-74.63216,-79.3109,-80.0,-77.571655,-80.0,-80.0,-80.0,-78.50963,-80.0,-80.0,-80.0,-80.0,-80.0,-80.0,-80.0,-80.0,-80.0,-80.0,-80.0,-80.0,-80.0,-80.0,-80.0,-80.0,-80.0,-80.0,-80.0,-80.0,-80.0,-80.0,-80.0,-80.0,-80.0,-80.0,-80.0,-80.0,-80.0,-80.0,-80.0,-80.0,-80.0,-80.0,-80.0,-80.0,-80.0,-80.0,-80.0,-80.0,-80.0,-80.0,-80.0,-80.0,-80.0,-80.0,-80.0,-80.0,-80.0,-80.0,-80.0,-80.0,-80.0,-80.0,-80.0,-80.0,-80.0,-80.0,-80.0,-80.0,-80.0,-80.0,-80.0,-80.0,-80.0,-80.0,-80.0,-80.0,-80.0,-80.0,-80.0,-80.0,-80.0,-80.0,-80.0,-80.0,-80.0,-80.0,-80.0,-80.0,-80.0,-80.0,-80.0,-80.0,-80.0,-80.0,-80.0,-80.0,-80.0,-80.0,-80.0,-80.0,-80.0,-80.0,-80.0,-80.0,-80.0,-80.0,-80.0,-80.0,-80.0,-80.0,-80.0,-80.0,-80.0,-80.0,-80.0
-25.769653,-23.94282,-34.90373,-33.252464,-27.773611,-34.60457,-36.9712,-35.66162,-35.32835,-44.551285,-42.19291,-38.237362,-31.58129,-29.292933,-30.213104,-31.479195,-35.89821,-40.908836,-46.977657,-40.32705,-44.863167,-48.242332,-45.908306,-47.377018,-48.02542,-46.994804,-46.284927,-56.753616,-46.36183,-43.499058,-43.92355,-48.88686,-44.036095,-42.09858,-42.312717,-42.525314,-53.70352,-62.01677,-44.96724,-46.421776,-53.845284,-48.45427,-40.977943,-41.398132,-45.64241,-48.146156,-45.76361,-47.133644,-54.61095,-51.638565,-46.71772,-43.112404,-47.446747,-51.39595,-52.456497,-53.77306,-49.549057,-45.14898,-44.133133,-49.055115,-54.0785,-51.817284,-55.43639,-50.842392,-49.17755,-52.397045,-55.053444,-47.534973,-47.09067,-61.30298,-60.92517,-69.2104,-63.13418,-51.79133,-48.72579,-50.424988,-57.136627,-63.287163,-56.97944,-62.553265,-51.027534,-53.914017,-58.489235,-63.235703,-57.641136,-55.682404,-55.855125,-50.96822,-47.4497,-48.890114,-23.983557,-21.791132,-32.406975,-26.254768,-26.898571,-30.809597,-25.166393,-29.336576,-36.435337,-29.051155,-31.81524,-37.82047,-31.426456,-31.045664,-39.323612,-42.428402,-40.17805,-43.884106,-36.71661,-36.047226,-41.334915,-36.463806,-33.00725,-37.816692,-40.15668,-35.234364,-33.90365,-38.91876,-46.115456,-40.260468,-40.357292,-41.386215,-43.15369,-40.653004,-42.08173,-44.911263,-60.97647,-41.889393,-41.720974,-52.846043,-59.645687,-48.73654,-44.35943,-43.26788,-38.33893,-38.551525,-43.028652,-52.03017,-43.12504,-41.694855,-52.688446,-55.439487,-41.67834,-42.521038,-48.31942,-44.33443,-43.381065,-48.05535,-49.874275,-48.132977,-48.609344,-48.606144,-46.24922,-39.201546,-41.615547,-47.00981,-39.4334,-43.46754,-48.899574,-51.007328,-50.34144,-55.30235,-50.83135,-44.99512,-64.11294,-54.38086,-65.15875,-52.75348,-49.110405,-48.877106,-47.58636,-50.28784,-54.19543,-47.62292,-55.447243,-57.374786,-62.47089,-59.034775,-53.60372,-55.750355,-56.53394,-51.464912,-49.04597,-47.2003,-47.9982,-51.24932,-54.20901,-63.35292,-57.001274,-73.91931,-50.863113,-50.662323,-51.795006,-52.552002,-53.568493,-65.618454,-57.11305,-70.71685,-80.0,-63.07305,-70.46044,-67.9693,-67.089355,-60.461487,-58.30435,-60.438255,-55.336956,-59.04352,-71.68259,-62.725536,-61.069466,-65.956085,-74.75865,-56.6754,-56.826347,-61.013115,-59.42578,-61.88076,-64.97665,-68.91958,-67.9037,-80.0,-61.916878,-60.555542,-69.28366,-66.17247,-68.79619,-68.103264,-58.20202,-62.80597,-66.76581,-67.28874,-73.697495,-70.20082,-67.76024,-72.480576,-65.58835,-64.44351,-72.01138,-70.74034,-64.77031,-61.676865,-70.62126,-72.71683,-70.49118,-66.45079,-77.79556,-66.85068,-65.92825,-62.946507,-64.26024,-67.198006,-72.12915,-65.72912,-73.032715,-70.47185,-74.52025,-69.12917,-71.782196,-73.00061,-71.86897,-77.21944,-75.04976,-76.5645,-80.0,-67.76822,-67.98091,-77.212524,-77.45201,-80.0,-74.921326,-78.13104,-80.0,-77.250694,-80.0,-80.0,-70.605515,-73.42062,-77.66153,-72.93231,-72.878746,-74.65564,-73.041885,-76.07329,-80.0,-79.12785,-80.0,-76.982666,-77.60454,-70.18001,-74.99856,-80.0,-80.0,-80.0,-80.0,-76.76996,-76.88867,-80.0,-80.0,-80.0,-80.0,-76.55531,-80.0,-80.0,-79.23898,-79.69637,-80.0,-80.0,-80.0,-80.0,-80.0,-80.0,-80.0,-80.0,-80.0,-78.36888,-80.0,-80.0,-80.0,-80.0,-80.0,-80.0,-80.0,-80.0,-80.0,-80.0,-80.0,-80.0,-80.0,-80.0,-80.0,-80.0,-80.0,-80.0,-80.0,-80.0,-80.0,-80.0,-80.0,-80.0,-80.0,-80.0,-80.0,-80.0,-80.0,-80.0,-80.0,-80.0,-80.0,-80.0,-80.0,-80.0,-80.0,-80.0,-80.0,-80.0,-80.0,-80.0,-80.0,-80.0,-80.0,-80.0,-80.0,-80.0,-80.0,-80.0,-80.0,-80.0,-80.0,-80.0,-80.0,-80.0,-80.0,-80.0,-80.0,-80.0,-80.0,-80.0,-80.0,-80.0,-80.0,-80.0,-80.0,-80.0,-80.0,-80.0,-80.0,-80.0,-80.0,-80.0,-80.0,-80.0,-80.0,-80.0,-80.0,-80.0,-80.0,-80.0,-80.0,-80.0,-80.0,-80.0,-80.0,-80.0,-80.0,-80.0,-80.0,-80.0,-80.0,-80.0,-80.0,-80.0,-80.0
-26.912289,-24.178406,-30.327526,-31.586676,-27.006233,-31.19465,-37.368664,-43.749756,-41.9775,-42.172836,-40.96218,-47.190075,-36.21556,-31.37896,-37.006363,-35.81391,-38.372356,-52.30813,-38.844063,-37.26679,-41.48977,-52.21239,-50.026085,-43.326035,-42.404926,-42.834553,-45.003937,-50.165424,-48.791843,-56.647667,-47.913055,-47.493034,-49.793568,-50.43386,-43.184967,-42.510983,-48.614304,-49.562157,-46.798283,-49.015602,-61.12516,-48.174732,-43.43212,-49.132153,-55.02392,-46.586937,-44.990364,-55.195072,-55.250046,-53.067932,-56.270203,-45.650986,-46.26006,-48.783497,-57.00717,-60.499226,-52.06259,-48.52919,-48.32673,-48.2615,-50.765057,-61.01349,-61.707455,-53.591106,-52.264565,-55.31004,-57.24347,-52.53512,-49.248653,-52.725323,-56.029694,-60.594826,-56.0513,-53.604557,-57.19715,-59.715958,-65.52655,-60.472473,-64.12697,-56.508595,-53.012493,-52.077133,-58.257805,-63.395493,-57.724453,-54.37618,-60.95738,-51.80661,-46.405815,-38.412487,-25.04913,-23.447474,-26.728083,-29.51942,-30.423006,-31.686222,-29.095173,-28.663828,-42.459892,-36.4504,-31.943554,-37.429672,-39.956455,-37.174973,-41.925163,-42.056095,-42.62927,-43.246876,-36.35113,-38.030922,-42.60206,-36.400692,-35.502445,-35.576595,-35.539864,-33.21914,-33.87863,-46.01634,-49.433876,-47.124092,-46.88422,-45.902126,-50.872047,-47.333977,-43.978867,-43.539654,-45.145226,-40.463318,-42.19749,-53.895905,-46.621716,-45.554764,-46.159958,-43.880665,-48.765278,-45.087387,-53.94406,-59.90763,-44.804535,-44.1982,-49.202175,-46.687557,-42.408627,-49.618652,-47.54774,-47.58996,-52.716408,-47.72023,-47.832485,-47.487568,-48.73863,-46.740974,-50.569546,-44.308113,-41.437744,-43.0084,-45.956722,-51.257263,-51.62255,-50.87062,-49.597538,-49.8353,-45.4803,-46.135845,-50.386246,-60.79518,-53.27678,-54.737656,-57.64961,-51.51627,-48.424164,-47.961395,-50.98578,-51.438072,-51.65698,-61.715416,-70.89075,-61.569424,-78.70369,-57.757,-56.167587,-48.654285,-47.036716,-54.12783,-58.791046,-63.169415,-65.29879,-56.7665,-56.170166,-55.505493,-56.528442,-51.51351,-58.149315,-57.10116,-53.169228,-56.202026,-57.838966,-57.702164,-57.273663,-59.44681,-66.862625,-66.86853,-63.220356,-57.54615,-55.75994,-54.657177,-56.071354,-64.19945,-67.60553,-56.980793,-55.915787,-62.919186,-61.670357,-57.643173,-60.507027,-59.688015,-59.24252,-58.91702,-67.18761,-70.93675,-66.6073,-68.145966,-63.879684,-62.69387,-65.123985,-65.84863,-68.244514,-63.062492,-65.557556,-71.01525,-74.44306,-71.4613,-69.29053,-80.0,-68.247086,-65.9856,-71.04632,-66.26195,-80.0,-68.66327,-67.715904,-63.817535,-64.39383,-65.8029,-63.734306,-68.4588,-77.721146,-76.37367,-80.0,-72.73161,-80.0,-72.67229,-70.67258,-65.01287,-65.795364,-68.842834,-73.254555,-72.56142,-68.87959,-73.61105,-75.06058,-72.91916,-73.66548,-73.88634,-70.44177,-72.70422,-77.769196,-74.827065,-72.63805,-72.75575,-71.75617,-72.60007,-70.39791,-70.77074,-76.287025,-77.70935,-78.29782,-75.85527,-79.98906,-80.0,-80.0,-74.69771,-71.444336,-74.06429,-80.0,-76.670685,-74.36345,-76.16809,-73.93189,-72.06113,-74.11049,-77.14657,-80.0,-80.0,-76.31673,-74.89899,-77.44466,-80.0,-79.73065,-80.0,-80.0,-80.0,-80.0,-80.0,-80.0,-80.0,-80.0,-80.0,-80.0,-80.0,-80.0,-80.0,-80.0,-80.0,-80.0,-78.00774,-80.0,-80.0,-80.0,-80.0,-80.0,-80.0,-80.0,-80.0,-80.0,-80.0,-80.0,-80.0,-80.0,-80.0,-80.0,-80.0,-80.0,-80.0,-80.0,-80.0,-80.0,-80.0,-80.0,-80.0,-80.0,-80.0,-80.0,-80.0,-80.0,-80.0,-80.0,-80.0,-80.0,-80.0,-80.0,-80.0,-80.0,-80.0,-80.0,-80.0,-80.0,-80.0,-80.0,-80.0,-80.0,-80.0,-80.0,-80.0,-80.0,-80.0,-80.0,-80.0,-80.0,-80.0,-80.0,-80.0,-80.0,-80.0,-80.0,-80.0,-80.0,-80.0,-80.0,-80.0,-80.0,-80.0,-80.0,-80.0,-80.0,-80.0,-80.0,-80.0,-80.0,-80.0,-80.0,-80.0,-80.0,-80.0,-80.0,-80.0,-80.0,-80.0,-80.0,-80.0,-80.0,-80.0,-80.0,-80.0,-80.0,-80.0,-80.0,-80.0,-80.0,-80.0,-80.0,-80.0,-80.0
-28.286064,-26.027168,-35.26952,-29.785091,-29.854717,-34.960728,-42.423496,-42.272575,-42.98096,-42.8739,-42.22508,-48.808086,-40.035725,-35.476326,-39.296043,-39.267334,-43.814415,-42.779778,-39.45428,-40.140484,-42.599926,-57.115524,-49.564007,-45.18457,-46.370876,-47.20044,-45.59488,-48.798824,-51.6604,-52.324066,-49.56636,-52.22867,-54.952126,-52.24531,-44.707726,-46.08794,-52.04061,-49.260483,-49.645332,-52.528282,-55.562744,-50.224815,-46.28828,-54.566498,-52.85885,-51.33236,-44.9664,-50.64012,-56.36915,-51.965385,-50.306202,-49.957626,-51.190437,-53.052986,-55.429882,-59.56331,-53.551754,-53.45504,-53.283546,-52.79152,-55.888344,-56.34191,-55.861214,-59.081444,-50.843964,-52.108944,-61.613976,-56.53936,-52.75309,-56.971104,-54.255066,-55.22989,-57.328106,-58.616318,-57.804565,-59.386288,-61.14054,-63.675613,-65.93713,-59.427128,-57.295425,-55.07448,-62.793648,-67.422134,-62.62369,-57.804863,-58.514313,-51.49267,-51.384155,-41.507927,-27.26064,-26.920795,-31.665745,-34.011765,-35.342377,-35.27734,-31.503353,-29.107101,-36.302834,-40.62166,-36.114914,-35.215202,-39.931767,-42.240242,-47.179474,-47.031258,-41.891644,-40.492767,-38.829918,-42.863045,-43.050144,-39.04325,-41.040955,-39.375626,-40.5097,-37.592728,-36.78585,-40.340115,-45.157387,-50.935143,-49.94876,-47.03522,-44.656326,-47.584126,-44.870625,-46.776924,-47.919033,-44.47857,-41.551308,-44.061844,-43.54433,-48.18934,-51.00755,-47.854073,-52.16636,-48.89444,-50.35517,-49.729477,-47.764107,-48.818207,-49.961372,-44.791016,-44.416115,-50.528294,-52.303047,-50.19391,-51.03247,-49.049606,-46.537872,-47.372005,-52.36423,-47.89926,-51.66018,-49.841,-44.302544,-47.56931,-51.47794,-48.7211,-48.803032,-55.967884,-49.743767,-47.788593,-49.11711,-50.01916,-52.38727,-54.22781,-50.475727,-51.58635,-57.365723,-56.937546,-53.323357,-50.139526,-54.50743,-55.567562,-54.642963,-62.98495,-66.59136,-65.304794,-58.91822,-57.188038,-60.465073,-50.161415,-49.39557,-58.75895,-62.329365,-62.005898,-58.669285,-58.388824,-60.346184,-56.594597,-59.67251,-56.004204,-56.484653,-58.632294,-56.37941,-56.502056,-63.128475,-56.142,-54.94558,-58.250946,-60.232143,-61.991135,-57.86374,-60.14608,-59.539932,-58.886925,-59.08354,-68.82884,-66.72873,-56.574406,-55.96324,-65.10257,-63.38246,-59.33692,-64.95044,-63.839653,-64.49414,-60.38201,-66.44451,-67.80376,-63.47156,-65.43997,-68.17634,-66.15663,-62.64982,-65.90747,-68.44748,-66.70865,-68.57912,-72.5793,-68.2831,-67.599724,-67.63195,-73.65627,-72.02211,-66.06629,-68.977486,-65.71698,-69.462234,-71.10687,-72.58797,-66.91066,-68.78406,-68.56561,-64.69859,-67.77523,-75.8735,-78.647,-80.0,-74.13248,-71.942474,-73.46242,-70.95236,-67.644936,-70.20756,-71.885574,-78.45094,-74.19301,-68.52532,-74.44458,-76.86487,-73.32785,-76.05852,-77.54596,-70.373985,-73.59105,-79.19388,-78.60878,-72.210236,-72.36427,-73.71283,-78.02994,-69.716965,-69.35467,-75.503204,-77.397446,-77.56857,-76.29593,-80.0,-80.0,-80.0,-78.8659,-74.95819,-77.36253,-80.0,-77.77436,-76.27486,-80.0,-77.98084,-75.8884,-79.56526,-77.40129,-78.645134,-79.21782,-79.745575,-78.16165,-79.9411,-80.0,-79.44876,-80.0,-80.0,-80.0,-80.0,-80.0,-80.0,-80.0,-80.0,-80.0,-80.0,-80.0,-80.0,-80.0,-80.0,-80.0,-80.0,-80.0,-80.0,-80.0,-80.0,-80.0,-80.0,-80.0,-80.0,-80.0,-80.0,-80.0,-80.0,-80.0,-80.0,-80.0,-80.0,-80.0,-80.0,-80.0,-80.0,-80.0,-80.0,-80.0,-80.0,-80.0,-80.0,-80.0,-80.0,-80.0,-80.0,-80.0,-80.0,-80.0,-80.0,-80.0,-80.0,-80.0,-80.0,-80.0,-80.0,-80.0,-80.0,-80.0,-80.0,-80.0,-80.0,-80.0,-80.0,-80.0,-80.0,-80.0,-80.0,-80.0,-80.0,-80.0,-80.0,-80.0,-80.0,-80.0,-80.0,-80.0,-80.0,-80.0,-80.0,-80.0,-80.0,-80.0,-80.0,-80.0,-80.0,-80.0,-80.0,-80.0,-80.0,-80.0,-80.0,-80.0,-80.0,-80.0,-80.0,-80.0,-80.0,-80.0,-80.0,-80.0,-80.0,-80.0,-80.0,-80.0,-80.0,-80.0,-80.0,-80.0,-80.0,-80.0,-80.0,-80.0,-80.0
-28.78767,-26.480783,-36.10743,-29.456465,-32.10497,-38.67518,-46.1576,-39.91137,-41.308968,-42.278942,-42.8005,-49.993374,-43.779068,-39.87646,-40.800045,-41.60469,-49.695488,-41.00963,-39.70438,-42.365044,-43.199757,-53.638245,-47.926098,-45.6071,-48.493103,-49.277596,-45.144897,-47.09646,-51.68612,-51.33654,-50.223377,-52.51277,-53.142868,-49.899284,-45.031464,-48.850914,-55.0566,-49.18377,-51.293526,-53.471222,-51.9637,-50.047142,-48.0216,-60.584435,-51.271046,-51.48214,-44.38278,-48.883118,-55.45163,-50.9673,-49.142303,-54.99787,-58.298443,-57.28254,-54.424335,-57.2119,-53.683544,-58.69551,-59.450745,-57.346058,-60.3382,-54.30334,-53.724777,-61.015976,-50.21553,-50.6763,-63.00135,-59.849873,-55.877552,-60.85157,-53.590134,-54.48395,-57.81093,-63.67326,-58.02793,-58.50843,-58.496265,-63.77897,-63.422638,-60.170868,-61.21949,-57.22522,-65.83558,-66.16257,-66.17963,-60.14101,-57.489723,-51.268433,-57.923244,-43.35091,-28.575401,-29.55828,-37.477818,-38.68943,-42.70651,-38.145737,-33.029305,-29.338419,-34.960274,-45.265488,-40.181355,-34.429817,-39.23586,-48.104877,-50.61576,-48.99949,-41.128433,-39.554058,-40.053383,-46.719555,-41.55979,-40.530685,-61.238617,-42.84726,-47.786026,-42.787632,-38.978546,-38.836403,-43.821625,-54.15316,-49.884464,-46.425034,-43.637733,-47.68184,-44.75446,-47.250977,-48.852867,-47.348484,-41.125305,-43.14108,-42.55785,-49.02692,-56.9412,-50.692757,-52.8983,-50.782562,-47.680542,-47.699158,-50.036213,-54.646446,-49.874805,-44.356552,-45.895668,-50.22311,-54.532707,-50.417553,-50.150013,-50.079952,-46.27693,-47.22353,-53.632587,-48.31282,-51.72565,-56.295235,-45.96669,-52.270073,-62.195496,-47.88263,-47.54969,-57.73075,-50.03926,-47.41206,-52.233757,-53.789043,-53.86536,-53.424152,-49.5691,-50.59546,-57.545906,-66.23981,-58.65869,-51.33804,-57.682663,-57.7049,-56.091248,-61.725334,-62.02296,-63.53841,-56.616684,-56.551426,-65.343094,-50.71921,-50.75585,-64.628685,-64.69524,-60.194656,-57.202713,-59.530285,-62.896767,-56.241493,-58.84027,-60.30013,-55.43829,-58.96431,-58.70516,-56.62623,-66.898544,-55.815117,-54.326187,-58.15574,-58.77549,-58.8209,-56.123833,-61.136726,-62.43342,-62.32278,-60.92176,-73.937416,-66.64661,-56.368004,-55.87545,-66.50849,-63.990486,-60.03437,-68.382965,-68.4243,-71.64068,-60.987125,-65.88875,-67.03139,-62.45917,-64.72644,-72.31494,-67.79045,-62.05137,-66.13512,-68.84237,-70.08969,-70.63057,-70.21657,-66.42558,-67.03317,-66.22072,-70.16155,-72.05893,-66.020874,-68.244446,-65.19888,-67.69196,-72.91458,-77.2762,-69.20784,-73.74331,-70.558975,-65.43121,-67.37677,-73.53865,-79.09562,-80.0,-73.58531,-70.67737,-74.01341,-71.02304,-69.6297,-75.29405,-73.88202,-80.0,-74.06258,-68.063095,-74.069626,-78.160995,-73.60875,-77.85457,-78.82767,-70.248886,-74.158676,-79.418495,-79.11392,-72.21042,-72.507935,-75.16383,-80.0,-69.26361,-68.96202,-75.56231,-76.99272,-76.14503,-76.43761,-80.0,-80.0,-80.0,-80.0,-78.19762,-80.0,-80.0,-77.80759,-76.82315,-80.0,-80.0,-79.36982,-80.0,-77.70575,-77.42525,-78.74888,-80.0,-80.0,-80.0,-80.0,-79.10504,-80.0,-80.0,-80.0,-80.0,-80.0,-80.0,-80.0,-80.0,-80.0,-80.0,-80.0,-80.0,-80.0,-80.0,-80.0,-80.0,-80.0,-80.0,-80.0,-80.0,-80.0,-80.0,-80.0,-80.0,-80.0,-80.0,-80.0,-80.0,-80.0,-80.0,-80.0,-80.0,-80.0,-80.0,-80.0,-80.0,-80.0,-80.0,-80.0,-80.0,-80.0,-80.0,-80.0,-80.0,-80.0,-80.0,-80.0,-80.0,-80.0,-80.0,-80.0,-80.0,-80.0,-80.0,-80.0,-80.0,-80.0,-80.0,-80.0,-80.0,-80.0,-80.0,-80.0,-80.0,-80.0,-80.0,-80.0,-80.0,-80.0,-80.0,-80.0,-80.0,-80.0,-80.0,-80.0,-80.0,-80.0,-80.0,-80.0,-80.0,-80.0,-80.0,-80.0,-80.0,-80.0,-80.0,-80.0,-80.0,-80.0,-80.0,-80.0,-80.0,-80.0,-80.0,-80.0,-80.0,-80.0,-80.0,-80.0,-80.0,-80.0,-80.0,-80.0,-80.0,-80.0,-80.0,-80.0,-80.0,-80.0,-80.0,-80.0,-80.0,-80.0,-80.0
-28.379341,-24.06894,-27.544334,-33.71457,-40.186226,-60.73928,-38.28987,-34.25862,-35.343674,-38.6481,-43.563583,-60.454422,-51.468456,-49.00002,-43.789497,-39.729347,-40.678646,-38.858852,-40.683517,-48.103912,-45.2408,-44.469627,-42.976257,-43.03991,-43.267437,-42.633385,-42.139862,-42.548084,-45.99231,-52.05073,-49.621666,-44.121025,-43.939667,-42.786175,-43.052666,-48.20885,-62.069458,-50.665985,-50.183132,-47.79452,-45.545166,-45.36544,-47.38153,-51.627922,-47.4376,-43.03766,-41.85572,-45.612225,-50.555725,-48.20085,-49.65235,-80.0,-57.089268,-56.0319,-52.117214,-51.37156,-50.98771,-52.725258,-54.5985,-53.851936,-52.512093,-50.265335,-49.71006,-51.595085,-49.74955,-47.92078,-55.78578,-57.51558,-62.121643,-58.275993,-53.481,-62.06406,-57.7028,-56.868916,-58.755722,-55.320145,-53.169426,-57.63163,-56.189545,-55.61965,-58.395565,-58.749027,-59.566616,-58.06346,-58.83605,-58.456406,-55.972214,-51.364212,-53.527573,-41.62209,-29.923716,-29.269196,-32.22349,-36.101692,-44.124313,-38.08761,-34.764984,-30.96042,-34.21006,-62.356514,-39.642624,-34.12364,-36.287292,-41.649593,-41.947006,-40.68954,-38.877686,-38.882324,-38.757874,-39.900925,-36.250423,-39.83241,-51.898712,-44.920406,-46.02467,-52.11947,-42.86067,-36.975544,-42.11262,-53.59475,-43.760334,-42.161865,-46.01004,-48.746307,-42.461823,-41.515285,-45.18534,-43.45793,-40.543266,-56.89893,-41.926743,-45.519756,-53.140244,-46.984303,-47.179825,-45.747597,-42.149437,-44.612915,-54.260902,-56.40643,-48.024734,-47.027126,-57.136856,-47.17087,-46.88369,-45.52643,-48.53945,-65.977936,-49.425163,-47.35148,-48.145805,-48.206566,-49.765354,-46.81493,-44.82794,-48.855484,-52.96311,-47.642746,-45.26436,-49.09572,-55.028015,-51.801697,-53.761425,-57.959267,-65.56436,-63.19774,-49.175385,-50.013645,-64.09622,-58.2115,-53.050514,-51.810066,-64.81419,-51.899128,-53.27438,-56.114635,-54.697823,-55.48716,-53.009514,-54.633087,-70.9466,-50.11066,-51.236076,-66.315315,-62.314667,-55.317635,-55.89718,-66.86208,-57.515835,-52.724686,-51.86676,-56.487118,-53.04685,-56.998474,-59.129303,-57.746716,-58.18357,-58.979095,-55.732025,-64.977615,-57.52656,-52.819683,-53.17605,-58.25035,-60.40796,-58.455795,-59.749756,-70.93472,-71.06627,-56.89273,-55.988556,-69.41819,-62.82164,-59.51691,-63.101982,-80.0,-64.500275,-60.92163,-64.68209,-68.30519,-61.717266,-65.867935,-70.19467,-63.524323,-64.056076,-70.31317,-76.685486,-76.66496,-70.866165,-63.22319,-63.294712,-75.60944,-62.569187,-63.99107,-64.95598,-66.38101,-68.106316,-63.849525,-65.78003,-80.0,-71.049934,-71.01041,-75.36978,-73.82038,-72.28127,-67.07326,-68.05435,-75.47266,-73.858536,-69.1021,-72.163284,-78.1223,-71.694824,-76.4371,-77.6281,-73.47946,-74.27873,-70.22395,-66.667725,-70.914825,-80.0,-76.09774,-80.0,-73.26733,-70.42154,-77.59905,-77.27591,-72.38353,-75.40691,-79.09672,-80.0,-73.166824,-68.57118,-70.649216,-80.0,-75.83983,-71.8174,-77.11804,-79.69133,-77.11813,-79.56702,-80.0,-80.0,-80.0,-80.0,-75.666016,-74.61275,-78.754105,-80.0,-80.0,-80.0,-80.0,-77.722664,-80.0,-80.0,-80.0,-80.0,-80.0,-78.26023,-80.0,-78.85779,-80.0,-80.0,-80.0,-80.0,-80.0,-80.0,-80.0,-80.0,-80.0,-80.0,-80.0,-80.0,-80.0,-80.0,-80.0,-80.0,-80.0,-80.0,-80.0,-80.0,-80.0,-80.0,-80.0,-80.0,-80.0,-80.0,-80.0,-80.0,-80.0,-80.0,-80.0,-80.0,-80.0,-80.0,-80.0,-80.0,-80.0,-80.0,-80.0,-80.0,-80.0,-80.0,-80.0,-80.0,-80.0,-80.0,-80.0,-80.0,-80.0,-80.0,-80.0,-80.0,-80.0,-80.0,-80.0,-80.0,-80.0,-80.0,-80.0,-80.0,-80.0,-80.0,-80.0,-80.0,-80.0,-80.0,-80.0,-80.0,-80.0,-80.0,-80.0,-80.0,-80.0,-80.0,-80.0,-80.0,-80.0,-80.0,-80.0,-80.0,-80.0,-80.0,-80.0,-80.0,-80.0,-80.0,-80.0,-80.0,-80.0,-80.0,-80.0,-80.0,-80.0,-80.0,-80.0,-80.0,-80.0,-80.0,-80.0,-80.0,-80.0,-80.0,-80.0,-80.0,-80.0,-80.0,-80.0,-80.0,-80.0,-80.0,-80.0,-80.0
-29.823475,-24.529348,-31.372396,-41.392372,-50.520123,-47.681343,-41.92025,-35.202618,-38.86178,-48.75092,-47.621914,-50.11561,-47.18288,-52.982254,-57.554577,-44.75397,-45.20154,-50.12082,-40.84554,-42.649258,-49.238274,-44.997562,-52.781277,-47.698677,-42.732758,-44.70797,-48.20365,-46.515568,-52.954086,-49.181526,-50.598896,-44.108505,-41.00015,-47.263226,-48.919647,-47.141563,-52.708664,-51.749153,-59.53917,-50.145733,-46.637573,-49.418407,-55.104855,-57.8154,-48.484562,-44.82997,-48.326344,-52.211555,-59.528828,-58.77761,-50.737247,-55.35623,-51.805794,-49.648575,-58.311104,-54.528564,-59.452198,-60.7031,-56.56741,-54.387985,-58.498695,-51.352104,-60.502354,-54.028687,-62.211487,-49.316578,-50.74557,-55.44833,-61.73635,-57.14752,-56.631737,-62.531395,-58.95628,-60.845276,-76.449326,-64.41922,-56.16118,-53.49797,-56.385563,-59.264946,-61.039562,-60.11272,-54.66236,-58.644814,-59.51127,-59.086792,-56.12768,-58.927277,-59.147896,-40.193096,-35.170166,-39.22637,-42.324593,-34.155796,-37.541508,-49.31855,-46.677055,-41.382774,-38.43354,-43.570282,-41.174202,-44.041267,-38.844776,-42.509933,-42.986473,-47.86663,-42.237305,-48.950413,-42.607132,-51.515694,-39.367203,-39.258347,-42.11424,-43.853874,-64.315414,-50.819847,-47.850784,-43.828926,-42.728676,-44.406284,-46.54769,-51.296097,-50.419987,-59.283573,-46.684326,-42.985977,-53.766563,-45.26296,-45.2526,-42.077858,-42.750095,-67.83238,-47.515923,-45.00101,-43.960754,-45.307983,-47.212746,-47.538784,-73.166336,-48.907017,-50.733047,-53.215927,-51.76383,-56.200798,-52.297028,-46.56343,-53.111267,-56.033577,-51.585014,-72.68248,-47.896793,-50.866684,-54.501003,-50.97567,-48.345448,-48.74264,-51.477737,-56.196457,-48.774757,-56.957207,-59.607918,-59.724434,-60.26979,-53.525486,-56.886593,-58.358967,-51.423607,-51.41135,-56.567844,-54.90184,-54.370705,-53.276314,-51.217815,-53.96748,-57.341537,-53.65836,-56.129257,-61.185425,-59.188446,-57.514847,-56.91626,-52.896812,-54.08648,-70.2501,-59.652916,-62.14523,-58.32378,-55.220703,-55.18734,-55.005203,-55.855827,-53.624474,-55.165085,-60.291912,-68.91872,-72.84419,-63.902138,-68.88364,-63.79928,-61.12497,-60.76056,-58.428795,-58.40851,-63.14606,-59.199066,-57.736656,-61.528168,-68.96782,-68.315155,-65.19459,-60.26911,-64.531525,-71.623535,-64.53065,-69.368,-72.254105,-63.6101,-65.89169,-75.50963,-70.1503,-68.948204,-65.90834,-64.87615,-68.08325,-80.0,-67.34866,-75.729225,-71.56228,-71.295,-67.588684,-63.664696,-65.045784,-66.159164,-69.49948,-70.91326,-71.63156,-76.70201,-72.38211,-70.363464,-77.76175,-72.675735,-75.72016,-80.0,-80.0,-80.0,-76.288666,-70.0479,-74.14201,-75.2182,-70.29434,-74.806366,-80.0,-74.43321,-79.91235,-79.9756,-74.960236,-75.45456,-80.0,-70.57176,-71.960495,-80.0,-79.756714,-76.1253,-74.30296,-75.60449,-80.0,-80.0,-75.925705,-77.36786,-79.38628,-77.413055,-80.0,-73.71001,-77.09776,-80.0,-79.144485,-76.242035,-79.365295,-80.0,-77.78023,-80.0,-79.93384,-80.0,-80.0,-80.0,-79.93239,-78.114426,-79.821556,-80.0,-80.0,-80.0,-80.0,-80.0,-80.0,-80.0,-80.0,-80.0,-80.0,-80.0,-80.0,-80.0,-80.0,-80.0,-80.0,-80.0,-80.0,-80.0,-80.0,-80.0,-80.0,-80.0,-80.0,-80.0,-80.0,-80.0,-80.0,-80.0,-80.0,-80.0,-80.0,-80.0,-80.0,-80.0,-80.0,-80.0,-80.0,-80.0,-80.0,-80.0,-80.0,-80.0,-80.0,-80.0,-80.0,-80.0,-80.0,-80.0,-80.0,-80.0,-80.0,-80.0,-80.0,-80.0,-80.0,-80.0,-80.0,-80.0,-80.0,-80.0,-80.0,-80.0,-80.0,-80.0,-80.0,-80.0,-80.0,-80.0,-80.0,-80.0,-80.0,-80.0,-80.0,-80.0,-80.0,-80.0,-80.0,-80.0,-80.0,-80.0,-80.0,-80.0,-80.0,-80.0,-80.0,-80.0,-80.0,-80.0,-80.0,-80.0,-80.0,-80.0,-80.0,-80.0,-80.0,-80.0,-80.0,-80.0,-80.0,-80.0,-80.0,-80.0,-80.0,-80.0,-80.0,-80.0,-80.0,-80.0,-80.0,-80.0,-80.0,-80.0,-80.0,-80.0,-80.0,-80.0,-80.0,-80.0,-80.0,-80.0,-80.0,-80.0,-80.0,-80.0
-30.619377,-25.952072,-33.133926,-43.35762,-44.398483,-47.11319,-44.91659,-38.302742,-40.716125,-50.773457,-52.391293,-52.923416,-45.626976,-46.824787,-54.125145,-48.743164,-47.89112,-52.538063,-42.473656,-43.72044,-46.48043,-45.256695,-51.29183,-51.5121,-45.89936,-45.00318,-48.086594,-49.980312,-55.445293,-51.57973,-53.476788,-47.311897,-44.21763,-45.70337,-49.61299,-50.878174,-56.09211,-53.523552,-52.500565,-53.130913,-50.388306,-50.43657,-56.01274,-53.153534,-50.411537,-48.579483,-52.63072,-53.081726,-55.428204,-52.81197,-52.19201,-59.947395,-54.394943,-49.683468,-53.363197,-55.01764,-59.94668,-64.25448,-58.77169,-55.64531,-55.582172,-52.81507,-58.281067,-57.389923,-55.35106,-52.234642,-54.11706,-59.2946,-62.45394,-57.853027,-59.223225,-66.70651,-61.03847,-61.180748,-71.013565,-64.65474,-60.63848,-55.71527,-60.149097,-63.96797,-63.930622,-58.027256,-56.42411,-62.547897,-63.508606,-64.07403,-60.450294,-62.10074,-62.735607,-40.836212,-34.82947,-38.62638,-37.592712,-35.03744,-37.07498,-49.938065,-45.07393,-43.116463,-43.26085,-47.59288,-44.867462,-45.13304,-41.321037,-46.833065,-46.06892,-46.630005,-42.985733,-43.870716,-44.8539,-48.089195,-43.097153,-42.93901,-43.074154,-44.245514,-47.95139,-52.082764,-52.78454,-47.596504,-46.70035,-44.913277,-49.17858,-53.69636,-52.329304,-49.959137,-44.477444,-45.05169,-53.632957,-49.01616,-49.740734,-42.348324,-42.423603,-52.058792,-50.601482,-49.150993,-47.703926,-49.51522,-52.200104,-51.00113,-50.19278,-46.58257,-49.13001,-52.3155,-53.018414,-60.529804,-54.644203,-50.286682,-51.114914,-54.92089,-55.57712,-53.678585,-48.730408,-53.14239,-52.546413,-54.10662,-52.705566,-52.997116,-53.63654,-51.02861,-50.843575,-58.073975,-56.902878,-62.645878,-57.990997,-54.303123,-59.18907,-59.70392,-54.344162,-54.957497,-58.189617,-58.806465,-59.12007,-57.868828,-53.066963,-55.72255,-59.529976,-57.130646,-61.096123,-63.17339,-60.555157,-62.048203,-59.61424,-57.38266,-56.967552,-62.28019,-58.465767,-61.68296,-59.32286,-56.786003,-59.832607,-59.300484,-60.672237,-57.38507,-59.57213,-64.050476,-72.25786,-71.374275,-65.99054,-66.701065,-67.29431,-64.49718,-64.109825,-61.7202,-62.52709,-67.48878,-61.5531,-61.729847,-64.17784,-70.212524,-68.18103,-66.91476,-64.059654,-68.52156,-74.64013,-68.2518,-68.64673,-70.16343,-66.55796,-66.44664,-71.05209,-68.74434,-72.87343,-69.22896,-67.21596,-72.81284,-72.292786,-66.36096,-67.891235,-70.1981,-75.85336,-70.701675,-66.12392,-69.47503,-70.508125,-74.17064,-74.73125,-73.788895,-78.08716,-76.1261,-74.68464,-79.42136,-73.30478,-75.0358,-80.0,-77.56089,-80.0,-77.17714,-72.37117,-79.05823,-79.487686,-72.3534,-73.14662,-74.69856,-74.41658,-76.3723,-80.0,-77.31194,-79.12081,-80.0,-73.62279,-75.57475,-80.0,-80.0,-78.48457,-77.86482,-80.0,-80.0,-80.0,-80.0,-78.89633,-76.65277,-79.8272,-80.0,-76.5112,-78.96631,-80.0,-80.0,-79.98415,-80.0,-80.0,-79.693665,-80.0,-80.0,-80.0,-80.0,-80.0,-80.0,-80.0,-80.0,-80.0,-80.0,-80.0,-80.0,-80.0,-80.0,-80.0,-80.0,-80.0,-80.0,-80.0,-80.0,-80.0,-80.0,-80.0,-80.0,-80.0,-80.0,-80.0,-80.0,-80.0,-80.0,-80.0,-80.0,-80.0,-80.0,-80.0,-80.0,-80.0,-80.0,-80.0,-80.0,-80.0,-80.0,-80.0,-80.0,-80.0,-80.0,-80.0,-80.0,-80.0,-80.0,-80.0,-80.0,-80.0,-80.0,-80.0,-80.0,-80.0,-80.0,-80.0,-80.0,-80.0,-80.0,-80.0,-80.0,-80.0,-80.0,-80.0,-80.0,-80.0,-80.0,-80.0,-80.0,-80.0,-80.0,-80.0,-80.0,-80.0,-80.0,-80.0,-80.0,-80.0,-80.0,-80.0,-80.0,-80.0,-80.0,-80.0,-80.0,-80.0,-80.0,-80.0,-80.0,-80.0,-80.0,-80.0,-80.0,-80.0,-80.0,-80.0,-80.0,-80.0,-80.0,-80.0,-80.0,-80.0,-80.0,-80.0,-80.0,-80.0,-80.0,-80.0,-80.0,-80.0,-80.0,-80.0,-80.0,-80.0,-80.0,-80.0,-80.0,-80.0,-80.0,-80.0,-80.0,-80.0,-80.0,-80.0,-80.0,-80.0,-80.0,-80.0,-80.0,-80.0
-30.808643,-26.57615,-34.23615,-43.41991,-42.895695,-43.01902,-43.454662,-40.54649,-42.11358,-50.58614,-63.037888,-52.80301,-43.525063,-45.582664,-49.452312,-48.255516,-47.84304,-53.752617,-43.238724,-44.321045,-45.66557,-45.104546,-49.33686,-55.643135,-48.40012,-45.010544,-46.57537,-53.329575,-56.79686,-52.40873,-55.41735,-50.37079,-47.247784,-44.995766,-49.730797,-55.211823,-58.804268,-54.17009,-51.34337,-54.536713,-53.62928,-51.102356,-56.2713,-51.61714,-51.261543,-52.136665,-58.450752,-53.323254,-54.191498,-51.2816,-52.146477,-63.6986,-56.068535,-49.669724,-52.28425,-55.023445,-59.508545,-64.41069,-59.94478,-56.365364,-54.75888,-53.264236,-57.61976,-60.024956,-53.669968,-53.89821,-56.50643,-62.30239,-62.32177,-58.4479,-60.30243,-69.16172,-61.738132,-61.54247,-67.49113,-64.924835,-65.955215,-57.364746,-64.172615,-69.09274,-64.495514,-57.538803,-57.334785,-67.527466,-67.321014,-80.0,-66.9578,-64.99566,-66.17366,-40.74652,-33.241566,-34.806816,-36.372738,-35.21538,-37.03557,-44.468243,-41.067753,-42.242786,-51.016373,-51.329826,-48.982117,-44.40348,-42.65925,-53.77358,-48.785805,-45.6847,-43.381157,-42.743523,-46.464058,-47.248714,-47.06743,-46.281273,-43.71513,-44.342033,-46.00244,-50.20018,-54.482327,-49.867737,-49.854656,-45.39504,-51.100437,-55.10756,-53.20539,-47.401928,-43.752903,-46.504654,-53.527466,-53.34421,-56.15571,-42.27745,-42.209007,-50.411617,-53.29535,-54.151596,-51.66448,-53.653854,-57.301926,-52.309322,-48.780834,-45.201077,-47.95075,-51.915264,-52.522804,-60.556927,-55.60412,-54.157173,-50.237404,-54.702705,-60.451405,-51.704994,-48.578735,-53.284912,-51.070442,-56.894302,-57.30687,-57.540115,-54.61168,-49.47584,-52.40706,-57.68849,-55.330948,-62.856266,-56.4562,-54.92462,-59.998817,-59.89801,-57.109764,-58.99298,-59.419224,-63.687557,-67.390564,-65.29114,-54.00801,-56.98905,-60.961845,-60.87641,-78.265594,-64.01931,-61.260464,-67.70426,-61.77092,-64.96311,-59.307262,-60.670654,-57.55363,-61.638924,-59.85431,-57.76701,-68.49477,-65.79677,-67.93395,-61.941566,-66.559586,-67.959175,-74.91774,-70.05086,-66.72252,-65.888405,-68.85295,-68.07414,-66.97789,-64.53526,-67.88628,-72.32916,-62.609394,-65.886,-66.12428,-69.336555,-66.647995,-67.10137,-68.347565,-71.96352,-73.83682,-72.3436,-67.97206,-68.83485,-68.79747,-66.565056,-70.03797,-68.08981,-76.91324,-72.27751,-69.07435,-80.0,-70.42416,-65.94496,-66.42827,-69.68518,-79.254425,-72.00725,-67.9655,-77.04393,-77.62491,-80.0,-78.09307,-75.33922,-78.308014,-79.93677,-80.0,-79.14145,-73.7206,-73.82451,-75.73294,-73.45297,-77.00864,-75.07344,-73.703766,-80.0,-80.0,-73.21652,-72.71866,-72.69209,-74.56104,-74.89557,-80.0,-79.11981,-80.0,-79.28598,-76.473175,-79.70836,-78.88121,-79.35404,-79.73141,-80.0,-80.0,-80.0,-80.0,-80.0,-79.58733,-75.54059,-80.0,-80.0,-79.05861,-80.0,-80.0,-80.0,-80.0,-80.0,-80.0,-80.0,-79.77022,-80.0,-80.0,-80.0,-80.0,-80.0,-80.0,-80.0,-80.0,-80.0,-80.0,-80.0,-80.0,-80.0,-80.0,-80.0,-80.0,-80.0,-80.0,-80.0,-80.0,-80.0,-80.0,-80.0,-80.0,-80.0,-80.0,-80.0,-80.0,-80.0,-80.0,-80.0,-80.0,-80.0,-80.0,-80.0,-80.0,-80.0,-80.0,-80.0,-80.0,-80.0,-80.0,-80.0,-80.0,-80.0,-80.0,-80.0,-80.0,-80.0,-80.0,-80.0,-80.0,-80.0,-80.0,-80.0,-80.0,-80.0,-80.0,-80.0,-80.0,-80.0,-80.0,-80.0,-80.0,-80.0,-80.0,-80.0,-80.0,-80.0,-80.0,-80.0,-80.0,-80.0,-80.0,-80.0,-80.0,-80.0,-80.0,-80.0,-80.0,-80.0,-80.0,-80.0,-80.0,-80.0,-80.0,-80.0,-80.0,-80.0,-80.0,-80.0,-80.0,-80.0,-80.0,-80.0,-80.0,-80.0,-80.0,-80.0,-80.0,-80.0,-80.0,-80.0,-80.0,-80.0,-80.0,-80.0,-80.0,-80.0,-80.0,-80.0,-80.0,-80.0,-80.0,-80.0,-80.0,-80.0,-80.0,-80.0,-80.0,-80.0,-80.0,-80.0,-80.0,-80.0,-80.0,-80.0,-80.0,-80.0,-80.0,-80.0,-80.0
-30.0211,-25.800358,-35.69033,-38.06387,-42.40138,-34.47837,-34.74656,-37.398438,-49.7839,-44.56814,-60.35139,-45.436905,-37.58931,-48.97892,-41.016434,-38.862556,-40.777996,-50.560295,-42.23676,-46.418655,-48.534683,-43.957096,-43.66698,-53.46753,-45.936665,-45.19529,-40.798927,-52.361023,-53.815422,-47.850777,-52.63292,-52.72467,-48.644436,-45.128418,-48.857452,-57.556297,-55.21842,-51.52764,-63.53083,-49.247807,-48.656765,-55.58426,-55.477898,-49.704037,-48.958763,-48.17967,-54.45997,-52.590424,-54.150635,-50.418625,-47.75197,-54.54287,-54.184418,-51.267532,-56.99939,-54.18447,-56.006073,-55.999744,-57.8598,-58.258537,-58.15428,-51.00006,-61.383347,-56.32383,-52.166546,-49.6809,-51.87392,-56.141636,-59.668274,-74.670975,-55.753,-60.863205,-57.96917,-71.56694,-60.368286,-71.748764,-58.61271,-60.52698,-62.296207,-59.959152,-57.86974,-70.630646,-56.57744,-72.92247,-61.702488,-71.12706,-66.2119,-65.69825,-63.729744,-38.58625,-27.505447,-26.459951,-37.539677,-33.89871,-44.05641,-35.02934,-32.824375,-35.525646,-42.051178,-45.349785,-49.84545,-38.875393,-39.70562,-64.14485,-49.36976,-43.217873,-45.497776,-46.454483,-48.214127,-53.051796,-45.51413,-42.267555,-48.651398,-44.990692,-44.446445,-42.68599,-43.93778,-42.932606,-43.20445,-61.730556,-50.747345,-53.090157,-51.16598,-42.570843,-46.027702,-48.94473,-54.890667,-54.753468,-50.39212,-41.7864,-43.19173,-51.944,-53.53913,-50.062817,-49.775543,-46.960682,-46.68472,-45.17821,-68.59892,-41.991833,-44.835964,-53.35811,-47.278675,-50.840515,-51.70298,-52.06706,-49.813934,-67.10674,-59.103897,-50.076904,-45.472527,-47.379364,-47.107063,-57.263153,-50.085,-51.102524,-51.70008,-47.8415,-57.762367,-53.013107,-51.65536,-55.671715,-52.565025,-66.56572,-55.747665,-56.769646,-72.24977,-80.0,-71.31035,-66.2164,-59.95883,-59.68871,-52.832355,-62.57834,-61.17079,-66.1586,-71.519684,-61.356827,-61.76789,-60.22328,-63.11107,-63.88699,-59.456673,-60.34413,-55.187515,-68.30867,-61.592545,-60.042305,-64.89924,-66.62689,-58.85761,-69.18953,-65.35925,-65.4756,-71.519226,-66.16695,-63.056297,-66.69736,-61.95113,-76.6295,-64.50037,-62.46943,-66.28403,-65.57185,-59.05809,-61.18816,-65.75734,-63.278908,-60.84179,-62.73952,-67.90995,-65.67117,-65.53447,-72.028404,-66.09395,-65.61658,-67.12498,-66.4478,-74.960815,-68.317825,-72.63971,-71.48576,-74.241776,-73.85652,-68.83339,-67.60838,-67.789185,-71.733826,-70.084625,-66.00694,-69.37555,-80.0,-80.0,-80.0,-72.89212,-77.78906,-75.16142,-77.15996,-79.042625,-73.64365,-77.9202,-69.42865,-66.732925,-65.85367,-67.339615,-67.59602,-71.77257,-80.0,-71.50998,-70.27165,-80.0,-70.00002,-80.0,-72.38968,-74.15561,-80.0,-73.162094,-72.686966,-80.0,-80.0,-76.49423,-75.038025,-77.04636,-80.0,-80.0,-77.26448,-80.0,-80.0,-78.66061,-74.504814,-80.0,-80.0,-80.0,-80.0,-80.0,-80.0,-80.0,-80.0,-80.0,-80.0,-80.0,-80.0,-80.0,-80.0,-78.35121,-78.02386,-80.0,-80.0,-80.0,-80.0,-80.0,-80.0,-80.0,-80.0,-80.0,-80.0,-80.0,-80.0,-80.0,-80.0,-80.0,-80.0,-80.0,-80.0,-80.0,-80.0,-80.0,-80.0,-80.0,-80.0,-80.0,-80.0,-80.0,-80.0,-80.0,-80.0,-80.0,-80.0,-80.0,-80.0,-80.0,-80.0,-80.0,-80.0,-80.0,-80.0,-80.0,-80.0,-80.0,-80.0,-80.0,-80.0,-80.0,-80.0,-80.0,-80.0,-80.0,-80.0,-80.0,-80.0,-80.0,-80.0,-80.0,-80.0,-80.0,-80.0,-80.0,-80.0,-80.0,-80.0,-80.0,-80.0,-80.0,-80.0,-80.0,-80.0,-80.0,-80.0,-80.0,-80.0,-80.0,-80.0,-80.0,-80.0,-80.0,-80.0,-80.0,-80.0,-80.0,-80.0,-80.0,-80.0,-80.0,-80.0,-80.0,-80.0,-80.0,-80.0,-80.0,-80.0,-80.0,-80.0,-80.0,-80.0,-80.0,-80.0,-80.0,-80.0,-80.0,-80.0,-80.0,-80.0,-80.0,-80.0,-80.0,-80.0,-80.0,-80.0,-80.0,-80.0,-80.0,-80.0,-80.0,-80.0,-80.0,-80.0,-80.0,-80.0,-80.0,-80.0,-80.0,-80.0,-80.0
-33.41638,-27.911377,-30.749123,-37.114697,-32.83726,-28.851957,-31.354467,-34.76813,-34.891537,-34.99848,-38.703796,-36.763737,-33.997726,-34.630486,-33.776073,-34.040363,-40.297848,-45.94564,-39.57463,-40.610115,-58.47651,-47.721382,-38.294685,-37.794174,-39.21273,-38.535408,-36.847603,-39.781322,-44.41127,-45.369904,-45.68534,-43.82378,-46.534515,-50.45546,-47.057716,-59.852066,-54.417168,-50.59395,-46.788074,-45.594776,-51.130352,-62.931686,-52.023678,-45.614468,-43.494728,-44.619545,-48.42152,-50.19822,-51.194878,-50.14962,-48.490814,-50.9821,-56.954277,-66.96921,-54.543686,-50.466293,-49.64055,-50.740524,-53.91481,-55.33837,-55.683846,-50.49678,-49.343605,-49.75895,-47.275314,-45.16989,-45.880856,-48.426765,-50.95748,-51.597393,-49.315685,-49.52331,-51.838665,-55.097954,-57.197285,-59.99344,-58.62592,-63.56154,-61.216442,-57.325195,-57.128304,-53.75132,-51.831024,-53.064606,-54.50947,-61.352795,-75.849724,-69.4765,-62.811806,-38.64044,-26.869926,-24.696495,-28.03153,-31.18254,-34.660046,-32.86636,-34.77352,-35.85958,-36.132786,-43.74285,-44.752224,-39.16465,-39.240616,-43.214653,-53.48906,-48.120686,-44.164005,-43.61018,-43.690166,-49.23698,-42.348568,-42.15326,-42.808468,-45.372177,-49.677917,-45.152103,-44.951015,-44.299362,-43.81962,-45.086216,-46.89541,-48.233482,-43.13874,-41.91073,-46.219406,-48.908394,-51.123802,-55.14214,-51.630795,-45.4908,-54.416702,-52.28733,-54.394745,-50.32383,-44.882977,-42.471542,-40.537045,-40.73381,-42.77962,-43.62466,-44.341553,-46.121315,-47.554283,-53.661568,-54.646378,-49.464233,-52.6923,-55.77713,-55.929504,-61.463802,-48.580727,-44.120094,-45.20828,-48.966385,-46.575897,-47.582443,-52.17982,-54.25287,-50.497772,-53.04507,-57.590744,-52.332264,-56.14029,-55.02442,-56.549973,-59.093582,-69.6293,-70.33815,-74.19266,-63.294632,-57.14992,-52.24336,-51.35195,-56.151436,-64.539474,-66.67062,-64.18777,-63.573524,-70.28614,-62.470127,-63.435585,-69.69365,-58.529953,-56.447754,-58.84401,-58.177513,-66.94028,-62.895416,-59.213203,-58.23322,-57.521828,-59.45364,-62.157738,-63.53775,-67.39639,-70.98718,-62.319633,-60.280807,-60.499683,-64.270035,-69.86554,-69.89014,-70.62686,-66.627205,-60.075783,-63.851448,-80.0,-78.69854,-63.858864,-62.49412,-62.34374,-60.825207,-62.173447,-64.64214,-80.0,-66.732895,-63.66405,-64.48605,-69.55232,-80.0,-69.28639,-66.75905,-68.01198,-68.33467,-72.285385,-75.571915,-72.76953,-72.382034,-66.561226,-65.290436,-69.98366,-80.0,-80.0,-77.42382,-70.74104,-69.05772,-70.9259,-78.8172,-71.699524,-72.22244,-76.51395,-71.53528,-68.60765,-67.556274,-68.58379,-70.447105,-71.89029,-70.60309,-67.82426,-69.56543,-71.64285,-73.99965,-75.04998,-73.11124,-71.16764,-71.5836,-72.22931,-72.3468,-73.27196,-78.909225,-74.62265,-71.994995,-72.85274,-73.89901,-75.99415,-79.49089,-80.0,-80.0,-77.61388,-77.31328,-80.0,-80.0,-80.0,-80.0,-80.0,-80.0,-80.0,-80.0,-80.0,-80.0,-80.0,-80.0,-80.0,-80.0,-80.0,-76.99466,-78.25047,-78.31319,-80.0,-80.0,-80.0,-80.0,-80.0,-80.0,-80.0,-80.0,-80.0,-80.0,-80.0,-80.0,-80.0,-80.0,-80.0,-80.0,-80.0,-80.0,-80.0,-80.0,-80.0,-80.0,-80.0,-80.0,-80.0,-80.0,-80.0,-80.0,-80.0,-80.0,-80.0,-80.0,-80.0,-80.0,-80.0,-80.0,-80.0,-80.0,-80.0,-80.0,-80.0,-80.0,-80.0,-80.0,-80.0,-80.0,-80.0,-80.0,-80.0,-80.0,-80.0,-80.0,-80.0,-80.0,-80.0,-80.0,-80.0,-80.0,-80.0,-80.0,-80.0,-80.0,-80.0,-80.0,-80.0,-80.0,-80.0,-80.0,-80.0,-80.0,-80.0,-80.0,-80.0,-80.0,-80.0,-80.0,-80.0,-80.0,-80.0,-80.0,-80.0,-80.0,-80.0,-80.0,-80.0,-80.0,-80.0,-80.0,-80.0,-80.0,-80.0,-80.0,-80.0,-80.0,-80.0,-80.0,-80.0,-80.0,-80.0,-80.0,-80.0,-80.0,-80.0,-80.0,-80.0,-80.0,-80.0,-80.0,-80.0,-80.0,-80.0,-80.0,-80.0,-80.0,-80.0,-80.0,-80.0,-80.0,-80.0,-80.0,-80.0,-80.0,-80.0,-80.0,-80.0
-36.14518,-31.394096,-29.292688,-35.911507,-31.4706,-29.802107,-33.226795,-37.194492,-32.698994,-34.84759,-38.788097,-38.91129,-35.751083,-35.98061,-35.25751,-35.335278,-42.147964,-43.6099,-37.94208,-38.971783,-46.560596,-43.49749,-38.54073,-37.944023,-40.708107,-41.286232,-38.236755,-40.346123,-45.43431,-47.680927,-42.179726,-42.140297,-46.5206,-47.15078,-44.706596,-47.534523,-49.392723,-49.005806,-46.72943,-46.882393,-51.768715,-61.20849,-51.35601,-48.107662,-45.860054,-47.444527,-50.763065,-53.62315,-52.53392,-53.287674,-52.066063,-53.07582,-60.66568,-60.163544,-54.730095,-51.357994,-52.94331,-52.350784,-55.237385,-56.950127,-54.24971,-53.527092,-50.38066,-52.476105,-49.977615,-47.658287,-48.50927,-50.183533,-54.291576,-51.30841,-49.907516,-51.257633,-53.417877,-54.335926,-58.197,-62.08926,-59.02029,-65.17041,-58.945007,-58.517185,-59.6333,-53.580513,-52.96096,-53.55222,-54.430992,-59.15207,-65.376465,-62.057602,-59.989365,-39.298798,-27.829866,-28.076088,-29.39179,-33.548866,-37.454796,-33.967926,-37.57431,-38.946575,-37.30499,-41.060585,-41.697773,-42.147434,-41.660168,-41.36477,-47.271103,-51.031837,-45.286835,-45.805176,-46.19253,-45.090134,-40.674572,-44.494576,-43.31087,-45.883087,-48.072227,-48.595963,-48.25801,-48.755936,-47.545013,-45.67326,-45.642963,-50.954163,-42.00373,-44.17445,-46.836906,-47.177406,-55.322174,-57.104385,-53.119396,-47.3897,-52.73898,-55.414944,-55.170578,-50.728935,-47.46955,-45.23706,-43.60285,-42.52408,-44.55025,-47.97451,-47.553867,-49.11496,-50.237877,-58.024513,-56.155823,-50.206913,-56.294968,-54.61267,-58.216366,-64.67566,-51.129333,-47.565987,-47.5175,-49.19721,-48.680557,-50.541275,-55.93573,-58.385788,-51.293655,-51.87684,-53.899063,-52.501083,-57.19884,-55.294846,-60.33124,-61.03153,-64.824875,-63.341034,-60.601578,-61.03531,-60.46335,-53.957718,-53.419403,-57.0442,-60.777042,-60.595165,-66.260025,-65.63762,-70.77104,-63.65043,-62.45867,-72.46933,-59.841408,-58.268982,-61.88038,-58.289402,-61.806194,-65.674164,-61.4551,-60.372208,-60.798702,-60.339928,-66.130684,-66.2558,-69.37665,-71.614426,-65.55687,-61.800644,-64.4653,-61.60676,-67.64758,-71.94209,-70.34951,-66.147514,-62.35923,-67.42465,-72.38103,-70.57301,-65.49107,-66.625885,-65.25164,-63.495464,-64.51129,-67.82362,-68.045395,-67.60176,-67.711876,-65.20262,-68.22183,-74.56035,-72.25459,-67.88357,-68.47316,-70.128235,-70.478516,-78.37465,-75.69026,-72.054794,-70.3629,-67.71361,-71.24123,-79.50035,-80.0,-76.02933,-73.0428,-71.58085,-70.08851,-72.48479,-73.967316,-73.44002,-79.14357,-74.69409,-72.8605,-71.24066,-72.807205,-73.2874,-74.63734,-68.79355,-70.57731,-72.98647,-74.61994,-78.19934,-79.116516,-76.27246,-73.82259,-73.439224,-74.43793,-74.81218,-73.1831,-79.52988,-74.9831,-74.034195,-75.917725,-73.24698,-77.938675,-80.0,-80.0,-80.0,-80.0,-80.0,-80.0,-80.0,-80.0,-80.0,-80.0,-80.0,-80.0,-80.0,-80.0,-80.0,-80.0,-80.0,-80.0,-80.0,-80.0,-79.31453,-80.0,-78.82998,-80.0,-80.0,-80.0,-80.0,-80.0,-80.0,-80.0,-80.0,-80.0,-80.0,-80.0,-80.0,-80.0,-80.0,-80.0,-80.0,-80.0,-80.0,-80.0,-80.0,-80.0,-80.0,-80.0,-80.0,-80.0,-80.0,-80.0,-80.0,-80.0,-80.0,-80.0,-80.0,-80.0,-80.0,-80.0,-80.0,-80.0,-80.0,-80.0,-80.0,-80.0,-80.0,-80.0,-80.0,-80.0,-80.0,-80.0,-80.0,-80.0,-80.0,-80.0,-80.0,-80.0,-80.0,-80.0,-80.0,-80.0,-80.0,-80.0,-80.0,-80.0,-80.0,-80.0,-80.0,-80.0,-80.0,-80.0,-80.0,-80.0,-80.0,-80.0,-80.0,-80.0,-80.0,-80.0,-80.0,-80.0,-80.0,-80.0,-80.0,-80.0,-80.0,-80.0,-80.0,-80.0,-80.0,-80.0,-80.0,-80.0,-80.0,-80.0,-80.0,-80.0,-80.0,-80.0,-80.0,-80.0,-80.0,-80.0,-80.0,-80.0,-80.0,-80.0,-80.0,-80.0,-80.0,-80.0,-80.0,-80.0,-80.0,-80.0,-80.0,-80.0,-80.0,-80.0,-80.0,-80.0,-80.0,-80.0,-80.0,-80.0,-80.0,-80.0,-80.0,-80.0
-38.58342,-35.70163,-28.47353,-34.092247,-30.754124,-30.510574,-34.641438,-38.529842,-31.764105,-34.781326,-38.88821,-40.808067,-37.178555,-37.04897,-36.44657,-36.286476,-43.206337,-42.50293,-37.212288,-38.186638,-44.229294,-42.151237,-38.715004,-38.106422,-41.74349,-43.99183,-39.30479,-40.761124,-46.030624,-48.94399,-40.900436,-41.403923,-46.554977,-45.98202,-43.649437,-45.55564,-47.932556,-48.408268,-46.723175,-47.869194,-52.146423,-59.676113,-50.93263,-50.59188,-48.088715,-50.58712,-53.025764,-58.178352,-53.51603,-56.914566,-57.191456,-54.933468,-64.59646,-58.301437,-54.871784,-51.960037,-56.97769,-53.49504,-56.129204,-58.080658,-53.529037,-56.89379,-51.051388,-55.201836,-52.77543,-50.149483,-51.260525,-51.61097,-58.434624,-51.143387,-50.349773,-52.691956,-54.70514,-54.01201,-58.63295,-63.623688,-59.022697,-65.123886,-57.98908,-59.23346,-61.074623,-53.50143,-53.826077,-53.92588,-54.43376,-58.160378,-63.613358,-60.26709,-58.79567,-39.3122,-28.19625,-32.075115,-30.295357,-35.84344,-40.287643,-34.76184,-39.97332,-42.476547,-38.039642,-39.28381,-40.48977,-44.69802,-43.158127,-40.66747,-45.183605,-50.929665,-46.093994,-47.760635,-48.606865,-43.902534,-39.738853,-45.1559,-43.385536,-46.125504,-47.228672,-51.95851,-51.98438,-61.561516,-53.39721,-46.074535,-45.025986,-51.23239,-41.139572,-45.299995,-46.633385,-46.18405,-59.85999,-57.87631,-54.054295,-48.989555,-51.728905,-58.921585,-55.73338,-50.219864,-49.527782,-47.997322,-47.240982,-44.006165,-45.99855,-59.71286,-51.564995,-52.398727,-52.792328,-71.17584,-56.73559,-50.34356,-58.829567,-53.871895,-60.252445,-68.3511,-53.449543,-52.29963,-49.63519,-49.415657,-50.522816,-53.953133,-61.719513,-66.400055,-51.636955,-51.285675,-52.5583,-52.068764,-57.04738,-55.444786,-66.39081,-62.38861,-61.761078,-60.61874,-58.60847,-59.584743,-62.205822,-55.26853,-55.192436,-57.58724,-59.403442,-58.49144,-66.23692,-66.99489,-70.98076,-64.46901,-61.756096,-70.68956,-60.62295,-59.70064,-64.41787,-58.301704,-60.40889,-67.55296,-63.232723,-62.322514,-65.04785,-60.834106,-70.6447,-68.67475,-70.51785,-71.499054,-69.6224,-62.658173,-67.67552,-60.21406,-66.143814,-71.37499,-69.58165,-65.99931,-64.39791,-72.10281,-70.4675,-68.458244,-66.61163,-75.709335,-68.29518,-66.26007,-66.56026,-71.02762,-65.92897,-68.00145,-74.927505,-65.63905,-67.699936,-72.15067,-74.93445,-68.717514,-68.644905,-71.2408,-69.26846,-80.0,-79.03488,-71.88591,-76.14264,-69.92944,-72.21932,-77.313156,-80.0,-75.20723,-75.138054,-74.10271,-69.68404,-70.813,-76.05994,-74.289764,-80.0,-78.569305,-80.0,-76.528496,-80.0,-76.27469,-75.81587,-67.82431,-73.36493,-77.74312,-77.87623,-80.0,-80.0,-79.803795,-76.47131,-74.95529,-76.10045,-76.26631,-73.198746,-78.82678,-74.50986,-75.52522,-79.134766,-72.85025,-79.35803,-80.0,-80.0,-80.0,-80.0,-80.0,-80.0,-80.0,-80.0,-80.0,-80.0,-80.0,-79.84474,-80.0,-80.0,-80.0,-80.0,-80.0,-80.0,-80.0,-80.0,-80.0,-80.0,-79.08564,-80.0,-80.0,-80.0,-80.0,-80.0,-80.0,-80.0,-80.0,-80.0,-80.0,-80.0,-80.0,-80.0,-80.0,-80.0,-80.0,-80.0,-80.0,-80.0,-80.0,-80.0,-80.0,-80.0,-80.0,-80.0,-80.0,-80.0,-80.0,-80.0,-80.0,-80.0,-80.0,-80.0,-80.0,-80.0,-80.0,-80.0,-80.0,-80.0,-80.0,-80.0,-80.0,-80.0,-80.0,-80.0,-80.0,-80.0,-80.0,-80.0,-80.0,-80.0,-80.0,-80.0,-80.0,-80.0,-80.0,-80.0,-80.0,-80.0,-80.0,-80.0,-80.0,-80.0,-80.0,-80.0,-80.0,-80.0,-80.0,-80.0,-80.0,-80.0,-80.0,-80.0,-80.0,-80.0,-80.0,-80.0,-80.0,-80.0,-80.0,-80.0,-80.0,-80.0,-80.0,-80.0,-80.0,-80.0,-80.0,-80.0,-80.0,-80.0,-80.0,-80.0,-80.0,-80.0,-80.0,-80.0,-80.0,-80.0,-80.0,-80.0,-80.0,-80.0,-80.0,-80.0,-80.0,-80.0,-80.0,-80.0,-80.0,-80.0,-80.0,-80.0,-80.0,-80.0,-80.0,-80.0,-80.0,-80.0,-80.0,-80.0,-80.0,-80.0,-80.0,-80.0
-35.95212,-31.812302,-28.270348,-27.561016,-31.783691,-42.72966,-35.70688,-32.95154,-33.60978,-39.863922,-46.701378,-45.792557,-43.762962,-62.78144,-52.12841,-42.259705,-40.331116,-41.942554,-40.13688,-39.69292,-40.761723,-44.245667,-44.87386,-49.54329,-43.584507,-43.763622,-47.70124,-50.67241,-47.59489,-43.785835,-41.754097,-44.64653,-53.394714,-48.50767,-43.895634,-45.667778,-49.974308,-60.122498,-52.432243,-58.193092,-55.78454,-54.71263,-52.370655,-60.21838,-53.576984,-72.874985,-72.02316,-58.79993,-58.890503,-56.92225,-57.588715,-62.223568,-56.611927,-56.77407,-61.231407,-57.341343,-55.95955,-55.11014,-58.57666,-59.356697,-54.961483,-57.224495,-54.373604,-56.520107,-57.162327,-63.043705,-72.069016,-57.912506,-57.518436,-54.946674,-61.99079,-62.187317,-69.54399,-61.059364,-57.815647,-62.244404,-58.21096,-58.590984,-59.840153,-60.30642,-55.40485,-58.45652,-69.67377,-65.92944,-61.54622,-58.851322,-68.011246,-60.23827,-58.69583,-36.80443,-26.924858,-28.562584,-32.128036,-49.92543,-40.649036,-41.645515,-36.078255,-43.14282,-39.905823,-34.39567,-40.992172,-39.565502,-38.2689,-49.3927,-41.46158,-41.351646,-52.6127,-52.341816,-52.26544,-55.529984,-38.917744,-38.0573,-42.60128,-48.25693,-47.41818,-45.118134,-48.258667,-50.771275,-54.317158,-52.823116,-47.442184,-42.43215,-39.070335,-39.882683,-42.812218,-44.88709,-49.13262,-52.68871,-54.076958,-55.659973,-50.069748,-57.698685,-65.415596,-45.540257,-46.09677,-48.153336,-53.15458,-51.62812,-52.669342,-53.72618,-56.072914,-52.84808,-52.299595,-73.18389,-53.138622,-48.39772,-49.69579,-53.305786,-62.851486,-66.42543,-53.165424,-55.401466,-53.925346,-63.37805,-55.745132,-63.159817,-59.628433,-60.671383,-51.751644,-53.56144,-52.917664,-48.598003,-51.858948,-59.54904,-65.83086,-61.32743,-54.256588,-54.48471,-58.87052,-55.8186,-53.384605,-58.348625,-59.485867,-60.487885,-59.430805,-54.59424,-58.539772,-64.35034,-72.725845,-68.836044,-60.755512,-60.224823,-60.91949,-62.739285,-58.740845,-60.87752,-65.07834,-61.62429,-62.290016,-73.85794,-72.38562,-62.54471,-61.35563,-66.05989,-67.098434,-68.1906,-73.34828,-61.256195,-57.45768,-57.548866,-62.011993,-62.87026,-65.54564,-80.0,-67.22882,-68.26558,-69.12567,-65.493484,-67.26184,-80.0,-68.103294,-72.16759,-67.593704,-66.506,-64.41183,-68.137985,-69.442856,-69.40105,-77.17736,-68.64165,-70.546005,-77.677216,-69.887314,-69.405075,-66.23273,-74.80682,-80.0,-76.317825,-72.19313,-71.63855,-80.0,-74.84753,-75.44621,-74.659546,-78.97133,-80.0,-73.8712,-71.331116,-80.0,-78.5858,-76.57434,-80.0,-80.0,-73.38072,-74.7437,-77.76709,-68.300476,-67.116165,-74.47798,-80.0,-78.54458,-79.13724,-80.0,-77.8732,-78.837326,-79.719986,-74.40806,-70.888626,-80.0,-72.85121,-70.1415,-74.518326,-76.681274,-74.75104,-79.00458,-80.0,-80.0,-80.0,-80.0,-80.0,-80.0,-80.0,-80.0,-80.0,-80.0,-80.0,-78.57391,-80.0,-80.0,-80.0,-80.0,-80.0,-80.0,-80.0,-80.0,-80.0,-80.0,-80.0,-80.0,-80.0,-80.0,-80.0,-80.0,-80.0,-80.0,-80.0,-80.0,-80.0,-80.0,-80.0,-80.0,-80.0,-80.0,-80.0,-80.0,-80.0,-80.0,-80.0,-80.0,-80.0,-80.0,-80.0,-80.0,-80.0,-80.0,-80.0,-80.0,-80.0,-80.0,-80.0,-80.0,-80.0,-80.0,-80.0,-80.0,-80.0,-80.0,-80.0,-80.0,-80.0,-80.0,-80.0,-80.0,-80.0,-80.0,-80.0,-80.0,-80.0,-80.0,-80.0,-80.0,-80.0,-80.0,-80.0,-80.0,-80.0,-80.0,-80.0,-80.0,-80.0,-80.0,-80.0,-80.0,-80.0,-80.0,-80.0,-80.0,-80.0,-80.0,-80.0,-80.0,-80.0,-80.0,-80.0,-80.0,-80.0,-80.0,-80.0,-80.0,-80.0,-80.0,-80.0,-80.0,-80.0,-80.0,-80.0,-80.0,-80.0,-80.0,-80.0,-80.0,-80.0,-80.0,-80.0,-80.0,-80.0,-80.0,-80.0,-80.0,-80.0,-80.0,-80.0,-80.0,-80.0,-80.0,-80.0,-80.0,-80.0,-80.0,-80.0,-80.0,-80.0,-80.0,-80.0,-80.0,-80.0,-80.0,-80.0,-80.0,-80.0,-80.0,-80.0,-80.0
-33.136425,-30.469559,-39.707733,-32.218735,-47.450428,-42.068848,-47.35577,-41.786964,-48.51704,-42.802704,-43.595985,-48.046,-43.97644,-50.92077,-53.300472,-43.17449,-44.610023,-47.40948,-59.314808,-56.199837,-52.33571,-60.5847,-53.510513,-47.727924,-46.126785,-51.192303,-51.19387,-57.217316,-56.45694,-52.701736,-53.54073,-54.94181,-54.254086,-52.650238,-58.9404,-54.86911,-56.991028,-52.371227,-57.703827,-60.67735,-56.527435,-53.274017,-57.980972,-55.422398,-53.73145,-55.636463,-54.11021,-53.786766,-62.273045,-61.506714,-64.61674,-58.243458,-55.6204,-64.728455,-59.147102,-64.38193,-58.974667,-60.867374,-63.67269,-62.737434,-63.53251,-57.420685,-62.967743,-62.998096,-65.93947,-76.63019,-80.0,-62.42404,-66.32826,-63.950417,-62.5796,-62.759438,-63.794376,-62.23685,-64.76544,-68.89761,-60.143265,-64.27461,-63.38762,-68.48772,-65.01607,-60.22341,-70.26866,-69.212906,-64.901794,-68.528946,-72.95706,-67.45982,-68.121506,-38.47008,-28.11451,-27.320961,-30.857704,-35.413544,-39.86243,-46.285194,-41.125732,-44.931152,-40.84117,-37.39023,-41.126427,-39.14361,-40.03112,-46.893295,-42.782875,-41.17621,-47.80316,-48.431324,-49.25719,-46.847195,-43.69957,-43.400608,-50.407352,-48.833546,-46.918106,-51.447044,-55.494377,-51.514473,-56.369602,-54.971153,-50.222454,-59.059708,-44.275444,-45.898098,-52.08819,-56.514763,-54.57577,-56.46313,-51.847687,-50.421432,-48.63466,-51.1923,-50.28299,-46.54099,-47.151134,-50.561172,-54.830704,-59.724655,-65.0012,-60.061546,-61.186367,-51.073532,-51.94953,-56.505398,-54.685074,-56.491173,-54.833763,-67.89018,-56.68746,-59.376095,-55.445396,-53.136307,-57.315777,-54.02984,-57.309883,-62.14823,-66.73489,-62.56503,-57.1774,-61.061356,-58.944565,-52.85815,-56.76431,-70.0258,-62.646675,-58.698708,-56.94445,-58.406708,-63.467777,-59.56553,-56.229813,-55.98222,-62.627575,-63.92318,-62.862617,-58.260273,-60.07622,-66.656876,-80.0,-80.0,-66.12854,-63.231728,-70.667625,-80.0,-66.80521,-64.76961,-66.03577,-62.40796,-67.41356,-69.06723,-66.92014,-69.3692,-63.96186,-62.286915,-62.514404,-64.803444,-72.09311,-61.655624,-57.20495,-61.15557,-77.19968,-65.44372,-69.10816,-78.03465,-70.927185,-70.66518,-77.06178,-74.37416,-69.396835,-73.51752,-68.845764,-68.62415,-70.048386,-66.739426,-73.10957,-78.358765,-80.0,-75.362656,-73.56456,-70.10392,-69.45605,-69.55099,-67.57376,-66.10001,-67.67879,-71.969284,-80.0,-77.89087,-71.89156,-73.33317,-79.10882,-79.93876,-80.0,-80.0,-80.0,-80.0,-79.47488,-77.15015,-80.0,-80.0,-77.46388,-79.19835,-79.034744,-74.13107,-77.12981,-79.6093,-73.432526,-71.47096,-78.65733,-80.0,-80.0,-77.8743,-77.6269,-78.3268,-79.04888,-80.0,-78.153275,-73.38047,-73.86015,-74.382576,-74.27237,-80.0,-80.0,-80.0,-80.0,-80.0,-80.0,-80.0,-80.0,-80.0,-80.0,-80.0,-80.0,-80.0,-80.0,-80.0,-80.0,-80.0,-80.0,-80.0,-80.0,-80.0,-80.0,-80.0,-80.0,-80.0,-80.0,-80.0,-80.0,-80.0,-80.0,-80.0,-80.0,-80.0,-80.0,-80.0,-80.0,-80.0,-80.0,-80.0,-80.0,-80.0,-80.0,-80.0,-80.0,-80.0,-80.0,-80.0,-80.0,-80.0,-80.0,-80.0,-80.0,-80.0,-80.0,-80.0,-80.0,-80.0,-80.0,-80.0,-80.0,-80.0,-80.0,-80.0,-80.0,-80.0,-80.0,-80.0,-80.0,-80.0,-80.0,-80.0,-80.0,-80.0,-80.0,-80.0,-80.0,-80.0,-80.0,-80.0,-80.0,-80.0,-80.0,-80.0,-80.0,-80.0,-80.0,-80.0,-80.0,-80.0,-80.0,-80.0,-80.0,-80.0,-80.0,-80.0,-80.0,-80.0,-80.0,-80.0,-80.0,-80.0,-80.0,-80.0,-80.0,-80.0,-80.0,-80.0,-80.0,-80.0,-80.0,-80.0,-80.0,-80.0,-80.0,-80.0,-80.0,-80.0,-80.0,-80.0,-80.0,-80.0,-80.0,-80.0,-80.0,-80.0,-80.0,-80.0,-80.0,-80.0,-80.0,-80.0,-80.0,-80.0,-80.0,-80.0,-80.0,-80.0,-80.0,-80.0,-80.0,-80.0,-80.0,-80.0,-80.0,-80.0,-80.0,-80.0,-80.0,-80.0,-80.0,-80.0,-80.0
-32.838894,-29.22549,-31.195791,-32.081806,-40.517,-43.83822,-50.268917,-45.524277,-50.719467,-44.78197,-42.955585,-46.633255,-42.517597,-44.20224,-46.83188,-44.403366,-43.46958,-46.810165,-51.284912,-52.01828,-51.639076,-55.766968,-51.64081,-47.523422,-48.043224,-54.345467,-52.266285,-54.735474,-57.97008,-51.81287,-52.86552,-55.91711,-55.010525,-55.27341,-58.823997,-56.320934,-53.212456,-52.81537,-60.983475,-63.492817,-56.2464,-52.926376,-53.438183,-54.04989,-55.56414,-58.31633,-51.500736,-52.049194,-58.512474,-58.687927,-60.640396,-58.03275,-52.36157,-53.3134,-56.749855,-64.32499,-60.835476,-63.74266,-65.80327,-62.03114,-59.442574,-56.448795,-58.996643,-63.744415,-68.64917,-66.464096,-64.766945,-63.779938,-67.53046,-67.58833,-64.75244,-64.832565,-61.85678,-60.66353,-64.61415,-61.96457,-58.467003,-59.457565,-60.998764,-62.904133,-63.53511,-58.908905,-61.09146,-64.124916,-67.2621,-71.24331,-76.420746,-70.910706,-70.76023,-39.1247,-29.060766,-30.84597,-32.445442,-35.27421,-40.83575,-47.84073,-43.46061,-42.46351,-39.833523,-40.514732,-41.22279,-38.92322,-43.56098,-49.093403,-43.269394,-42.26777,-51.753952,-49.705055,-51.784657,-47.64965,-47.44865,-47.075897,-50.05156,-46.969124,-49.138565,-48.948772,-48.77707,-53.81494,-58.77604,-50.918457,-48.750767,-50.15812,-47.626522,-49.767685,-55.51867,-57.59167,-54.13341,-53.432583,-52.12514,-52.05133,-50.740364,-52.838387,-53.069534,-48.117966,-51.169403,-53.85604,-58.567085,-61.331245,-61.65637,-59.714226,-54.055405,-54.23237,-53.832783,-56.35831,-58.562157,-58.33162,-54.52729,-55.183548,-56.99601,-62.402214,-58.1351,-55.440514,-60.903164,-54.09778,-56.153336,-59.376484,-65.57033,-63.402122,-60.64469,-63.844494,-62.18739,-55.425568,-60.03253,-63.783783,-64.32149,-60.010254,-57.95527,-59.26731,-58.574554,-63.188946,-59.371742,-58.59229,-61.272717,-63.042194,-64.18406,-61.12058,-64.052216,-67.82254,-80.0,-78.87463,-67.86565,-67.153366,-69.62308,-76.547165,-69.93721,-67.087265,-69.786316,-64.378914,-68.86066,-69.82364,-68.69323,-69.633224,-64.83607,-65.34229,-64.5666,-64.917854,-72.58493,-64.15412,-59.667244,-63.918373,-69.549164,-68.1892,-71.690025,-74.28453,-73.84825,-73.087906,-78.989,-72.205475,-70.30682,-75.425606,-69.64427,-71.92122,-74.0478,-69.48284,-73.8504,-80.0,-80.0,-75.55821,-77.1089,-71.220535,-73.46329,-71.21115,-70.12225,-69.01555,-71.44299,-72.96237,-80.0,-76.560104,-74.118256,-76.577225,-77.75412,-79.248436,-80.0,-80.0,-80.0,-80.0,-80.0,-79.26172,-80.0,-80.0,-79.65637,-80.0,-80.0,-75.96991,-79.75002,-80.0,-77.43793,-74.35811,-78.28389,-80.0,-80.0,-80.0,-79.88867,-78.795044,-80.0,-78.311386,-78.3206,-77.31908,-74.70953,-78.00946,-77.80878,-79.28917,-80.0,-80.0,-80.0,-80.0,-80.0,-80.0,-80.0,-80.0,-80.0,-80.0,-80.0,-80.0,-80.0,-80.0,-80.0,-80.0,-80.0,-80.0,-80.0,-80.0,-80.0,-80.0,-80.0,-80.0,-80.0,-80.0,-80.0,-80.0,-80.0,-80.0,-80.0,-80.0,-80.0,-80.0,-80.0,-80.0,-80.0,-80.0,-80.0,-80.0,-80.0,-80.0,-80.0,-80.0,-80.0,-80.0,-80.0,-80.0,-80.0,-80.0,-80.0,-80.0,-80.0,-80.0,-80.0,-80.0,-80.0,-80.0,-80.0,-80.0,-80.0,-80.0,-80.0,-80.0,-80.0,-80.0,-80.0,-80.0,-80.0,-80.0,-80.0,-80.0,-80.0,-80.0,-80.0,-80.0,-80.0,-80.0,-80.0,-80.0,-80.0,-80.0,-80.0,-80.0,-80.0,-80.0,-80.0,-80.0,-80.0,-80.0,-80.0,-80.0,-80.0,-80.0,-80.0,-80.0,-80.0,-80.0,-80.0,-80.0,-80.0,-80.0,-80.0,-80.0,-80.0,-80.0,-80.0,-80.0,-80.0,-80.0,-80.0,-80.0,-80.0,-80.0,-80.0,-80.0,-80.0,-80.0,-80.0,-80.0,-80.0,-80.0,-80.0,-80.0,-80.0,-80.0,-80.0,-80.0,-80.0,-80.0,-80.0,-80.0,-80.0,-80.0,-80.0,-80.0,-80.0,-80.0,-80.0,-80.0,-80.0,-80.0,-80.0,-80.0,-80.0,-80.0,-80.0,-80.0,-80.0,-80.0,-80.0
-32.45047,-28.425951,-29.165094,-31.837112,-38.49314,-45.452194,-54.530235,-55.263012,-53.158104,-46.74398,-42.481438,-45.564346,-41.644203,-42.28698,-44.936813,-45.419838,-42.756935,-46.331764,-49.297527,-50.010956,-50.785988,-53.946648,-50.69584,-47.33883,-49.87643,-59.54839,-52.96243,-53.201607,-57.615864,-50.80333,-52.071304,-56.582054,-55.43478,-58.63034,-58.393707,-57.523445,-51.53668,-52.916546,-66.620926,-66.656784,-55.94292,-52.682976,-51.6818,-53.265408,-57.29749,-60.99609,-50.20227,-51.03713,-57.061295,-57.149956,-58.637985,-57.61091,-50.814762,-50.996864,-55.485374,-64.08118,-62.40753,-66.54059,-66.88269,-60.980747,-57.439365,-55.643806,-57.436337,-64.056274,-70.30249,-63.68017,-62.206825,-64.81506,-68.284256,-73.500854,-66.62994,-66.80149,-60.874466,-59.74365,-63.732742,-59.9675,-57.529083,-57.788567,-59.86276,-61.035072,-62.460953,-58.076927,-58.99232,-62.346786,-69.88539,-74.28269,-80.0,-77.58682,-74.04471,-39.403923,-29.532135,-37.152775,-33.903908,-35.07724,-41.600395,-48.950275,-45.944653,-41.083675,-39.166847,-44.928097,-40.888298,-38.711864,-49.944786,-49.96545,-43.338734,-42.869278,-57.42826,-50.168636,-52.000107,-47.517334,-56.288666,-56.026722,-49.801765,-45.939777,-49.850266,-46.899986,-46.26377,-53.703087,-57.76728,-49.12913,-47.913857,-48.03366,-53.432907,-61.640877,-61.78515,-57.3721,-52.577152,-51.447693,-52.048225,-53.134346,-52.744507,-54.199306,-56.059837,-49.26556,-65.654205,-59.16497,-67.43779,-62.393555,-58.43274,-57.0777,-51.910034,-59.084984,-55.611454,-56.19575,-69.56216,-59.15117,-53.86919,-52.79117,-56.78679,-65.63226,-61.01397,-58.07071,-68.610085,-53.893463,-54.57841,-57.04631,-62.780354,-63.10757,-66.80087,-67.018005,-67.663284,-58.463726,-64.458046,-61.742367,-65.78844,-61.001274,-58.286827,-59.352394,-56.79486,-68.14518,-64.10019,-61.714355,-60.109055,-61.831604,-64.85966,-65.19818,-77.77986,-68.31853,-79.125595,-75.67462,-69.52025,-78.70301,-68.49995,-73.78157,-75.015015,-69.75043,-77.71657,-66.25838,-69.82814,-70.10053,-70.36602,-69.66819,-65.321304,-69.678085,-66.659134,-64.83107,-72.48656,-67.22449,-62.578537,-67.540115,-67.564804,-71.56473,-73.79529,-72.467804,-77.749176,-75.12757,-77.30563,-71.13544,-70.615906,-75.70532,-70.20593,-77.66846,-80.0,-73.19172,-74.120895,-80.0,-78.69518,-75.00618,-80.0,-72.02069,-80.0,-72.69499,-73.299515,-73.279434,-80.0,-73.45569,-78.9597,-75.83605,-76.16768,-80.0,-76.40463,-78.61093,-80.0,-80.0,-80.0,-79.40042,-80.0,-80.0,-80.0,-80.0,-80.0,-80.0,-80.0,-77.790794,-80.0,-80.0,-80.0,-78.20128,-77.89143,-80.0,-80.0,-80.0,-80.0,-78.76964,-80.0,-77.09329,-78.2527,-80.0,-75.151474,-80.0,-80.0,-78.62508,-80.0,-80.0,-80.0,-80.0,-80.0,-80.0,-80.0,-80.0,-80.0,-80.0,-80.0,-80.0,-80.0,-80.0,-80.0,-80.0,-80.0,-80.0,-80.0,-80.0,-80.0,-80.0,-80.0,-80.0,-80.0,-80.0,-80.0,-80.0,-80.0,-80.0,-80.0,-80.0,-80.0,-80.0,-80.0,-80.0,-80.0,-80.0,-80.0,-80.0,-80.0,-80.0,-80.0,-80.0,-80.0,-80.0,-80.0,-80.0,-80.0,-80.0,-80.0,-80.0,-80.0,-80.0,-80.0,-80.0,-80.0,-80.0,-80.0,-80.0,-80.0,-80.0,-80.0,-80.0,-80.0,-80.0,-80.0,-80.0,-80.0,-80.0,-80.0,-80.0,-80.0,-80.0,-80.0,-80.0,-80.0,-80.0,-80.0,-80.0,-80.0,-80.0,-80.0,-80.0,-80.0,-80.0,-80.0,-80.0,-80.0,-80.0,-80.0,-80.0,-80.0,-80.0,-80.0,-80.0,-80.0,-80.0,-80.0,-80.0,-80.0,-80.0,-80.0,-80.0,-80.0,-80.0,-80.0,-80.0,-80.0,-80.0,-80.0,-80.0,-80.0,-80.0,-80.0,-80.0,-80.0,-80.0,-80.0,-80.0,-80.0,-80.0,-80.0,-80.0,-80.0,-80.0,-80.0,-80.0,-80.0,-80.0,-80.0,-80.0,-80.0,-80.0,-80.0,-80.0,-80.0,-80.0,-80.0,-80.0,-80.0,-80.0,-80.0,-80.0,-80.0,-80.0,-80.0,-80.0,-80.0,-80.0,-80.0
-31.782217,-29.458307,-32.55585,-32.38439,-38.003983,-47.078003,-67.203766,-59.99562,-63.911507,-49.200027,-45.255684,-42.568386,-43.181812,-44.73353,-47.21707,-55.142784,-45.542526,-47.95653,-53.541977,-45.140957,-46.598602,-52.582886,-57.722218,-53.37622,-51.244904,-70.541,-52.715107,-49.085808,-48.05136,-46.0689,-48.368435,-58.45912,-56.04615,-64.52255,-55.225426,-59.89539,-49.541763,-51.954643,-65.65282,-60.0645,-57.46235,-63.371796,-50.74227,-57.660614,-60.00602,-53.996143,-50.34855,-51.460213,-63.524666,-53.99884,-53.515194,-55.35871,-49.120747,-49.371727,-54.951874,-63.341953,-59.90222,-57.88303,-58.533016,-55.29385,-52.471436,-53.726227,-59.293167,-62.303925,-60.25835,-57.29542,-58.397797,-65.28978,-66.399445,-62.53199,-61.714577,-65.0112,-66.30083,-61.202515,-57.224735,-60.164383,-59.840122,-61.352413,-64.39572,-60.900063,-59.75502,-59.01056,-60.80996,-62.936516,-70.18599,-68.7148,-76.74101,-76.22668,-74.20567,-38.5704,-27.346273,-29.048767,-45.52455,-37.463276,-61.06277,-46.065617,-44.330013,-38.775208,-41.308285,-38.941475,-37.219406,-43.18858,-41.962723,-40.727272,-41.18819,-40.443115,-43.46834,-44.522835,-40.67611,-41.177437,-48.280632,-67.426025,-59.974777,-47.267887,-40.187183,-39.61575,-40.19484,-42.57428,-45.64566,-46.238632,-51.445465,-48.47824,-49.206398,-56.20962,-57.117287,-49.502094,-44.12271,-45.1384,-50.1129,-48.86081,-50.575672,-53.53794,-49.064995,-46.512512,-51.348972,-53.56734,-60.277172,-58.222366,-48.539127,-46.383083,-49.480965,-55.354523,-56.913605,-60.981384,-60.096016,-51.571526,-49.512882,-50.456936,-52.851437,-56.68776,-54.884827,-66.17119,-65.779236,-52.29946,-47.28476,-48.99759,-52.457672,-55.846737,-59.851547,-61.02235,-67.41278,-57.199814,-55.777477,-59.639244,-66.98924,-61.710945,-53.752464,-54.023895,-56.566246,-56.372196,-59.88815,-59.981316,-55.827206,-55.695133,-60.40776,-75.40405,-65.58472,-63.817406,-65.22548,-65.50769,-78.08358,-67.61354,-63.43844,-67.986694,-80.0,-78.85285,-67.53401,-66.29199,-66.88997,-67.646225,-74.85945,-70.518684,-64.693115,-65.22485,-69.42047,-65.18817,-68.25787,-77.45361,-65.10267,-67.36983,-70.38224,-68.12961,-65.60762,-68.58299,-73.93717,-68.130745,-65.35211,-75.55585,-66.80756,-66.28697,-76.23511,-77.02777,-76.58906,-80.0,-71.77753,-80.0,-80.0,-69.052124,-68.18927,-73.55907,-74.18367,-75.47394,-80.0,-80.0,-76.36655,-70.90987,-76.34806,-80.0,-71.83467,-70.80354,-70.69499,-77.23757,-80.0,-76.94881,-74.56448,-80.0,-79.487656,-74.065254,-78.43143,-80.0,-80.0,-79.979904,-77.1621,-80.0,-79.042595,-80.0,-80.0,-75.04787,-78.243195,-76.967476,-80.0,-80.0,-80.0,-75.515045,-71.85002,-76.00331,-78.12457,-73.68617,-74.087715,-80.0,-80.0,-80.0,-80.0,-80.0,-80.0,-80.0,-78.62457,-80.0,-80.0,-77.554665,-80.0,-80.0,-80.0,-80.0,-80.0,-80.0,-78.903534,-80.0,-80.0,-80.0,-80.0,-80.0,-79.363144,-80.0,-80.0,-80.0,-80.0,-80.0,-80.0,-80.0,-80.0,-80.0,-80.0,-80.0,-80.0,-80.0,-80.0,-80.0,-80.0,-80.0,-80.0,-80.0,-80.0,-80.0,-80.0,-80.0,-80.0,-80.0,-80.0,-80.0,-80.0,-80.0,-80.0,-80.0,-80.0,-80.0,-80.0,-80.0,-80.0,-80.0,-80.0,-80.0,-80.0,-80.0,-80.0,-80.0,-80.0,-80.0,-80.0,-80.0,-80.0,-80.0,-80.0,-80.0,-80.0,-80.0,-80.0,-80.0,-80.0,-80.0,-80.0,-80.0,-80.0,-80.0,-80.0,-80.0,-80.0,-80.0,-80.0,-80.0,-80.0,-80.0,-80.0,-80.0,-80.0,-80.0,-80.0,-80.0,-80.0,-80.0,-80.0,-80.0,-80.0,-80.0,-80.0,-80.0,-80.0,-80.0,-80.0,-80.0,-80.0,-80.0,-80.0,-80.0,-80.0,-80.0,-80.0,-80.0,-80.0,-80.0,-80.0,-80.0,-80.0,-80.0,-80.0,-80.0,-80.0,-80.0,-80.0,-80.0,-80.0,-80.0,-80.0,-80.0,-80.0,-80.0,-80.0,-80.0,-80.0,-80.0,-80.0,-80.0,-80.0,-80.0,-80.0,-80.0,-80.0,-80.0,-80.0,-80.0,-80.0,-80.0,-80.0
-34.90217,-37.526558,-51.085777,-44.28044,-44.841377,-53.09489,-57.49607,-51.929504,-49.90796,-46.69862,-62.422077,-53.23251,-52.029266,-54.78232,-63.498436,-49.2377,-58.90355,-50.57973,-50.17496,-53.937218,-53.59159,-63.092407,-64.026825,-62.166122,-57.037952,-60.06981,-60.972237,-54.196407,-52.774353,-53.789646,-53.96172,-54.77674,-61.733257,-59.545296,-55.547546,-56.551056,-52.52268,-54.43776,-71.43356,-78.38605,-59.592117,-58.271362,-56.863476,-56.95191,-63.944206,-60.426994,-64.87585,-57.514187,-66.01236,-55.655396,-54.50779,-57.739056,-58.449265,-57.47119,-68.60692,-64.33844,-64.02871,-66.95637,-58.379936,-59.035057,-60.16181,-64.990265,-67.30412,-70.56495,-67.67491,-60.739002,-65.16868,-69.086105,-62.189415,-60.209915,-60.74553,-64.30348,-70.20222,-69.12216,-63.21396,-66.38486,-65.963615,-66.967896,-73.75937,-72.85272,-71.75815,-74.903625,-78.56212,-73.87593,-66.62366,-68.319626,-72.58432,-76.38457,-70.44359,-40.76274,-28.571829,-26.083176,-31.993816,-39.436703,-47.338043,-46.774475,-48.169914,-44.95149,-51.30334,-42.519604,-39.891235,-44.89692,-39.99683,-36.867737,-45.275436,-42.69563,-43.624046,-40.041664,-38.44379,-45.627953,-45.03187,-47.71608,-48.574043,-45.046036,-40.318653,-45.29442,-48.53344,-41.855495,-45.07263,-53.908478,-47.13288,-50.49256,-51.50477,-48.61992,-56.30426,-50.479515,-43.33985,-48.72701,-54.647476,-46.54158,-45.513664,-55.091183,-45.355545,-44.02623,-55.010742,-49.059563,-50.663597,-49.930645,-44.996323,-46.97737,-57.886047,-65.16065,-59.05314,-66.37898,-76.121025,-51.54737,-50.305145,-53.35594,-48.99209,-54.506287,-55.678867,-55.915062,-56.36057,-51.87973,-51.300755,-54.214394,-54.948883,-57.394417,-65.90714,-57.31856,-56.88514,-54.437634,-57.226295,-63.837944,-79.134705,-65.93169,-54.460243,-60.56107,-63.447147,-64.767654,-59.907692,-80.0,-62.565487,-59.831207,-64.92905,-64.72004,-61.34567,-67.976105,-57.697914,-60.987465,-69.92343,-71.514755,-60.081802,-62.993866,-72.87096,-74.05493,-64.93883,-62.620472,-63.64518,-63.159386,-75.963684,-80.0,-70.863434,-69.20204,-77.306305,-70.63188,-63.405983,-65.53864,-72.85608,-69.47801,-72.134445,-70.03222,-64.66124,-68.62359,-68.54578,-64.57724,-68.00494,-65.4669,-63.46039,-67.36377,-80.0,-80.0,-70.41073,-69.3589,-69.11952,-74.01306,-75.26021,-67.774,-67.746796,-80.0,-80.0,-72.03078,-73.40033,-78.55118,-72.01605,-65.64194,-66.402985,-69.740524,-69.59346,-74.10788,-75.59886,-70.861435,-75.26889,-76.26743,-73.47043,-80.0,-78.33208,-72.54523,-74.648636,-78.764465,-78.52948,-74.949974,-79.368805,-80.0,-73.541306,-70.84041,-72.06215,-75.43921,-80.0,-79.12268,-80.0,-78.93399,-76.11522,-80.0,-73.617584,-73.75227,-75.474075,-75.520744,-78.61813,-79.03099,-80.0,-80.0,-80.0,-80.0,-80.0,-80.0,-79.72455,-80.0,-80.0,-80.0,-80.0,-80.0,-80.0,-80.0,-80.0,-80.0,-80.0,-80.0,-80.0,-80.0,-80.0,-80.0,-80.0,-80.0,-80.0,-80.0,-80.0,-80.0,-80.0,-80.0,-80.0,-80.0,-80.0,-80.0,-80.0,-80.0,-80.0,-80.0,-80.0,-80.0,-80.0,-80.0,-80.0,-80.0,-80.0,-80.0,-80.0,-80.0,-80.0,-80.0,-80.0,-80.0,-80.0,-80.0,-80.0,-80.0,-80.0,-80.0,-80.0,-80.0,-80.0,-80.0,-80.0,-80.0,-80.0,-80.0,-80.0,-80.0,-80.0,-80.0,-80.0,-80.0,-80.0,-80.0,-80.0,-80.0,-80.0,-80.0,-80.0,-80.0,-80.0,-80.0,-80.0,-80.0,-80.0,-80.0,-80.0,-80.0,-80.0,-80.0,-80.0,-80.0,-80.0,-80.0,-80.0,-80.0,-80.0,-80.0,-80.0,-80.0,-80.0,-80.0,-80.0,-80.0,-80.0,-80.0,-80.0,-80.0,-80.0,-80.0,-80.0,-80.0,-80.0,-80.0,-80.0,-80.0,-80.0,-80.0,-80.0,-80.0,-80.0,-80.0,-80.0,-80.0,-80.0,-80.0,-80.0,-80.0,-80.0,-80.0,-80.0,-80.0,-80.0,-80.0,-80.0,-80.0,-80.0,-80.0,-80.0,-80.0,-80.0,-80.0,-80.0,-80.0,-80.0,-80.0,-80.0,-80.0,-80.0,-80.0,-80.0,-80.0,-80.0
-35.18885,-36.23181,-51.997513,-46.294266,-43.667267,-50.31678,-59.952595,-51.935444,-45.981514,-47.083504,-51.076675,-50.09773,-45.48043,-49.117218,-61.824863,-49.745804,-51.968796,-51.662872,-51.18117,-55.016357,-54.327328,-58.815216,-59.123787,-65.45765,-56.220005,-59.299686,-59.805626,-54.496914,-55.009396,-56.37227,-57.01155,-57.97207,-62.866547,-59.879627,-56.195995,-59.44065,-54.647064,-55.972496,-63.539352,-62.195175,-57.13076,-60.057785,-58.600163,-60.023643,-62.03777,-60.35679,-62.23002,-58.443817,-59.605114,-55.953506,-57.064953,-60.924294,-60.44706,-59.214066,-65.93416,-63.13206,-64.170715,-65.128174,-61.096016,-62.57154,-63.322987,-66.59949,-67.167816,-71.00133,-64.35007,-63.095226,-66.133156,-64.710526,-63.2158,-63.223465,-61.61595,-67.33986,-66.29828,-69.48796,-65.89189,-68.295525,-68.54787,-65.84565,-69.893524,-67.54939,-70.18742,-75.63077,-77.1935,-70.9163,-69.17345,-69.73724,-73.1908,-78.9654,-69.68105,-41.535522,-30.386175,-26.79211,-28.70728,-37.758373,-49.648067,-44.47905,-44.2147,-48.274742,-50.860657,-44.27166,-43.12212,-44.34491,-42.33494,-35.693546,-38.15615,-44.36326,-46.239044,-42.770782,-39.14324,-44.28707,-43.83717,-43.049633,-43.201584,-41.43969,-42.41645,-48.401527,-49.18975,-44.15264,-45.932293,-46.16371,-44.378384,-46.95164,-48.31533,-48.160427,-56.244663,-50.957718,-44.414597,-47.24104,-55.807632,-48.562862,-44.788662,-47.235214,-45.33924,-43.699413,-47.09486,-49.834656,-51.717926,-48.2696,-46.339096,-49.15777,-59.857315,-67.42127,-60.83724,-58.08674,-58.030155,-53.111645,-49.424767,-49.942474,-50.09813,-55.955917,-56.202213,-53.241974,-54.056904,-54.161186,-54.191357,-57.6152,-58.480606,-58.54624,-59.542458,-56.641266,-60.210884,-53.991703,-57.81564,-63.243904,-68.20908,-62.642246,-54.362354,-57.42434,-62.401123,-64.3512,-61.31047,-67.07813,-66.11609,-62.505608,-67.528336,-65.80849,-58.55851,-56.879448,-55.756577,-59.589493,-65.535706,-62.73256,-58.69594,-62.47439,-72.72713,-66.02556,-62.45166,-61.27139,-62.35646,-62.66843,-66.13977,-69.85579,-71.024704,-71.65837,-70.3963,-70.279396,-61.85804,-63.7824,-70.38284,-71.08452,-67.738754,-68.604095,-67.19753,-66.9413,-66.11229,-64.65759,-70.75937,-66.89728,-63.810604,-68.14311,-74.763885,-74.46355,-68.372955,-66.27876,-68.10304,-77.34288,-73.34393,-70.30978,-68.37483,-73.98735,-75.15305,-70.661545,-69.50882,-69.539,-68.38042,-66.078445,-66.79114,-71.07906,-72.07044,-72.74186,-73.1612,-71.76508,-71.996864,-71.14888,-73.15582,-80.0,-77.771225,-74.9087,-75.70664,-80.0,-76.892715,-74.874954,-76.1532,-77.11344,-71.16252,-70.487076,-72.82447,-77.38876,-80.0,-80.0,-80.0,-77.013336,-75.26241,-79.82164,-75.164474,-76.660126,-78.42374,-77.97026,-80.0,-77.761795,-80.0,-80.0,-80.0,-80.0,-80.0,-80.0,-80.0,-80.0,-80.0,-80.0,-80.0,-80.0,-80.0,-80.0,-80.0,-80.0,-80.0,-80.0,-80.0,-80.0,-80.0,-80.0,-80.0,-80.0,-80.0,-80.0,-80.0,-80.0,-80.0,-80.0,-80.0,-80.0,-80.0,-80.0,-80.0,-80.0,-80.0,-80.0,-80.0,-80.0,-80.0,-80.0,-80.0,-80.0,-80.0,-80.0,-80.0,-80.0,-80.0,-80.0,-80.0,-80.0,-80.0,-80.0,-80.0,-80.0,-80.0,-80.0,-80.0,-80.0,-80.0,-80.0,-80.0,-80.0,-80.0,-80.0,-80.0,-80.0,-80.0,-80.0,-80.0,-80.0,-80.0,-80.0,-80.0,-80.0,-80.0,-80.0,-80.0,-80.0,-80.0,-80.0,-80.0,-80.0,-80.0,-80.0,-80.0,-80.0,-80.0,-80.0,-80.0,-80.0,-80.0,-80.0,-80.0,-80.0,-80.0,-80.0,-80.0,-80.0,-80.0,-80.0,-80.0,-80.0,-80.0,-80.0,-80.0,-80.0,-80.0,-80.0,-80.0,-80.0,-80.0,-80.0,-80.0,-80.0,-80.0,-80.0,-80.0,-80.0,-80.0,-80.0,-80.0,-80.0,-80.0,-80.0,-80.0,-80.0,-80.0,-80.0,-80.0,-80.0,-80.0,-80.0,-80.0,-80.0,-80.0,-80.0,-80.0,-80.0,-80.0,-80.0,-80.0,-80.0,-80.0,-80.0,-80.0,-80.0,-80.0,-80.0,-80.0,-80.0,-80.0
-35.21427,-35.073254,-50.029545,-48.560474,-42.804092,-48.50005,-61.691917,-51.57002,-44.142544,-47.26904,-48.481243,-47.99027,-43.07863,-46.819206,-59.64387,-49.939556,-49.63793,-52.6181,-52.002068,-55.945,-54.9013,-56.74041,-56.861946,-71.35716,-55.44615,-58.320374,-58.751587,-54.61994,-57.677948,-60.044987,-63.325066,-65.813965,-63.815994,-59.766575,-56.651535,-64.899826,-57.447716,-57.59271,-61.13818,-59.50741,-55.65815,-61.895607,-60.334892,-66.67233,-60.837795,-60.05329,-60.737164,-59.1978,-57.326492,-56.094418,-61.234474,-68.49183,-62.90222,-61.219887,-64.49511,-62.220707,-64.18672,-63.90982,-65.942535,-79.503235,-71.17851,-68.04907,-66.51132,-70.50661,-62.569046,-66.41203,-66.69629,-62.68747,-64.09518,-69.7413,-62.272842,-72.74336,-64.45917,-69.39898,-70.20984,-70.45079,-72.70885,-64.897095,-67.654274,-65.49371,-68.956825,-75.280495,-75.550354,-69.261505,-73.34564,-71.07552,-72.788925,-79.69301,-68.793625,-42.079567,-32.521225,-27.305603,-26.985153,-36.57525,-52.83018,-43.042866,-42.304337,-57.71657,-50.439117,-46.310974,-51.572174,-43.77454,-45.584602,-34.789288,-35.823765,-46.12139,-50.627934,-47.487877,-39.621876,-43.354603,-42.8512,-41.135635,-41.11874,-39.72392,-45.15162,-55.739227,-49.633934,-47.426594,-46.574615,-43.841232,-42.892246,-45.167595,-46.60713,-47.69209,-56.077797,-51.273994,-45.37797,-46.184097,-56.848465,-51.1251,-44.163265,-44.909954,-45.228878,-43.338448,-44.756958,-50.41487,-52.64663,-47.192276,-47.67726,-52.170853,-62.210335,-70.63483,-62.904083,-55.662037,-55.2895,-54.770622,-48.668934,-48.29122,-51.07106,-57.414726,-56.12004,-51.712746,-52.68193,-57.20938,-59.878212,-69.13487,-73.95355,-59.51989,-57.35275,-55.949913,-67.989746,-53.522324,-58.09341,-62.442265,-65.636246,-60.932762,-54.146988,-55.81247,-61.591145,-63.736607,-62.701447,-64.31539,-80.0,-67.07214,-71.59724,-66.747635,-56.99804,-54.343075,-54.541916,-58.629074,-63.663628,-60.304005,-57.692657,-61.98001,-71.593155,-63.43734,-61.050583,-60.306854,-61.42653,-62.174217,-63.577217,-67.05316,-70.9147,-75.33678,-67.90559,-69.51861,-60.781353,-62.585052,-68.90706,-72.35125,-65.621735,-67.37774,-71.190414,-65.84946,-64.75183,-64.502205,-75.1698,-68.33447,-63.98185,-68.756836,-72.18846,-72.040634,-67.11467,-64.689026,-67.29994,-80.0,-71.779526,-74.05386,-68.83245,-71.59338,-72.45658,-69.697044,-67.72976,-67.07274,-66.66356,-66.34526,-67.018005,-72.41966,-75.99183,-71.74312,-71.77318,-72.537384,-70.36336,-69.09308,-72.79079,-80.0,-77.23738,-78.460754,-76.63522,-80.0,-75.75816,-74.70863,-74.48092,-74.733315,-69.76834,-70.11984,-73.42015,-79.8156,-80.0,-80.0,-80.0,-75.770294,-74.5605,-77.40529,-76.83336,-80.0,-80.0,-80.0,-80.0,-76.83258,-79.01125,-80.0,-80.0,-80.0,-80.0,-80.0,-80.0,-80.0,-80.0,-80.0,-80.0,-80.0,-80.0,-80.0,-80.0,-80.0,-80.0,-80.0,-80.0,-80.0,-80.0,-80.0,-80.0,-80.0,-80.0,-80.0,-80.0,-80.0,-80.0,-80.0,-80.0,-80.0,-80.0,-80.0,-80.0,-80.0,-80.0,-80.0,-80.0,-80.0,-80.0,-80.0,-80.0,-80.0,-80.0,-80.0,-80.0,-80.0,-80.0,-80.0,-80.0,-80.0,-80.0,-80.0,-80.0,-80.0,-80.0,-80.0,-80.0,-80.0,-80.0,-80.0,-80.0,-80.0,-80.0,-80.0,-80.0,-80.0,-80.0,-80.0,-80.0,-80.0,-80.0,-80.0,-80.0,-80.0,-80.0,-80.0,-80.0,-80.0,-80.0,-80.0,-80.0,-80.0,-80.0,-80.0,-80.0,-80.0,-80.0,-80.0,-80.0,-80.0,-80.0,-80.0,-80.0,-80.0,-80.0,-80.0,-80.0,-80.0,-80.0,-80.0,-80.0,-80.0,-80.0,-80.0,-80.0,-80.0,-80.0,-80.0,-80.0,-80.0,-80.0,-80.0,-80.0,-80.0,-80.0,-80.0,-80.0,-80.0,-80.0,-80.0,-80.0,-80.0,-80.0,-80.0,-80.0,-80.0,-80.0,-80.0,-80.0,-80.0,-80.0,-80.0,-80.0,-80.0,-80.0,-80.0,-80.0,-80.0,-80.0,-80.0,-80.0,-80.0,-80.0,-80.0,-80.0,-80.0,-80.0,-80.0,-80.0,-80.0,-80.0
-32.235508,-28.686731,-34.564407,-41.00658,-46.644974,-40.892937,-47.072826,-44.97786,-43.074448,-48.342575,-45.331127,-38.593437,-37.19746,-40.87759,-47.362896,-45.751587,-46.544327,-54.10891,-50.760494,-55.632355,-62.75299,-50.719296,-49.70378,-55.065586,-52.11389,-50.56703,-53.0905,-57.31753,-48.525017,-49.85766,-53.53469,-57.2769,-60.96796,-52.803772,-58.880424,-57.321846,-56.21139,-58.952507,-58.54305,-56.501633,-53.18032,-55.14113,-53.486496,-58.146942,-63.339928,-55.94979,-60.319412,-59.770294,-54.126698,-63.22986,-61.464798,-58.65736,-59.912693,-64.02222,-79.16705,-62.399307,-80.0,-62.416866,-66.81964,-64.4351,-71.586876,-60.51645,-57.78646,-59.627968,-58.262123,-60.841785,-59.9309,-58.165344,-65.25497,-67.10666,-61.006092,-59.60487,-63.1101,-62.3713,-61.979073,-64.71581,-68.13568,-61.262505,-58.63723,-66.83155,-63.593197,-63.7032,-65.022026,-65.75122,-77.105804,-67.47688,-61.54576,-63.442192,-62.206707,-40.707756,-33.954582,-28.828403,-24.25348,-33.858776,-47.386757,-39.800823,-38.54416,-47.717316,-60.945866,-52.279827,-45.35958,-42.234653,-39.799393,-34.318577,-33.350334,-42.440342,-50.160446,-41.468174,-39.10932,-50.453716,-39.198536,-52.11766,-41.015358,-43.535755,-43.99507,-56.344257,-49.933414,-46.193768,-45.19489,-45.51367,-46.753124,-42.510925,-43.441967,-49.222275,-60.08602,-64.12345,-49.540627,-45.510098,-56.89186,-50.70185,-46.70981,-47.290848,-74.1372,-47.406563,-46.21227,-51.38716,-55.41873,-54.32992,-52.250076,-59.36487,-57.916893,-73.23696,-63.59153,-53.30077,-51.125893,-55.11467,-47.692593,-57.66352,-51.443245,-56.96473,-47.479645,-49.745773,-52.57048,-50.859436,-56.660904,-64.01303,-58.03202,-56.647873,-59.13632,-52.60724,-53.05905,-54.111694,-53.988,-55.615704,-62.773533,-58.758377,-55.520073,-57.48349,-63.551903,-58.135094,-62.65885,-59.184654,-77.58797,-63.32827,-64.31619,-66.32833,-55.209526,-53.507107,-56.922146,-65.37988,-69.86334,-59.36125,-57.51109,-65.139175,-60.006516,-56.68206,-64.96226,-61.99179,-63.76782,-63.17106,-59.5293,-61.50774,-67.04222,-70.4953,-61.17103,-61.27288,-60.65617,-60.667263,-66.461174,-63.08197,-59.271996,-60.91819,-67.05107,-71.274445,-80.0,-61.32296,-64.890656,-68.52461,-67.17087,-73.90289,-66.97581,-69.66623,-68.73919,-67.15157,-68.336655,-63.41827,-63.655846,-65.862305,-75.857864,-71.79005,-70.187706,-72.58844,-71.86723,-64.90593,-71.67659,-72.988754,-76.09691,-79.45099,-80.0,-71.23236,-75.099884,-80.0,-73.99574,-68.23541,-74.96081,-75.81871,-78.73294,-80.0,-78.77543,-75.478745,-74.454636,-80.0,-73.18203,-73.97687,-70.17305,-77.40763,-78.76633,-80.0,-80.0,-77.877975,-77.93193,-74.97452,-76.79707,-80.0,-80.0,-80.0,-80.0,-80.0,-74.310646,-78.175934,-80.0,-80.0,-80.0,-80.0,-80.0,-80.0,-80.0,-80.0,-80.0,-80.0,-80.0,-80.0,-80.0,-80.0,-80.0,-80.0,-80.0,-80.0,-80.0,-80.0,-80.0,-80.0,-80.0,-80.0,-80.0,-80.0,-80.0,-80.0,-80.0,-80.0,-80.0,-80.0,-80.0,-80.0,-80.0,-80.0,-80.0,-80.0,-80.0,-80.0,-80.0,-80.0,-80.0,-80.0,-80.0,-80.0,-80.0,-80.0,-80.0,-80.0,-80.0,-80.0,-80.0,-80.0,-80.0,-80.0,-80.0,-80.0,-80.0,-80.0,-80.0,-80.0,-80.0,-80.0,-80.0,-80.0,-80.0,-80.0,-80.0,-80.0,-80.0,-80.0,-80.0,-80.0,-80.0,-80.0,-80.0,-80.0,-80.0,-80.0,-80.0,-80.0,-80.0,-80.0,-80.0,-80.0,-80.0,-80.0,-80.0,-80.0,-80.0,-80.0,-80.0,-80.0,-80.0,-80.0,-80.0,-80.0,-80.0,-80.0,-80.0,-80.0,-80.0,-80.0,-80.0,-80.0,-80.0,-80.0,-80.0,-80.0,-80.0,-80.0,-80.0,-80.0,-80.0,-80.0,-80.0,-80.0,-80.0,-80.0,-80.0,-80.0,-80.0,-80.0,-80.0,-80.0,-80.0,-80.0,-80.0,-80.0,-80.0,-80.0,-80.0,-80.0,-80.0,-80.0,-80.0,-80.0,-80.0,-80.0,-80.0,-80.0,-80.0,-80.0,-80.0,-80.0,-80.0,-80.0,-80.0,-80.0,-80.0,-80.0,-80.0
-32.55854,-27.916317,-31.71261,-38.312572,-43.548702,-46.63726,-41.943523,-47.611126,-53.66967,-46.675682,-48.691948,-41.095592,-42.546806,-47.23953,-51.50295,-50.484314,-49.669106,-50.531895,-53.00895,-60.91035,-52.183605,-46.326477,-48.913784,-60.867317,-61.20196,-56.614773,-53.295174,-51.70205,-51.39048,-51.815086,-55.1463,-52.95713,-51.844856,-54.8003,-54.96774,-54.41457,-55.21668,-53.23094,-54.851135,-54.242794,-53.11372,-56.293804,-50.56531,-51.45768,-54.06675,-57.41337,-61.578026,-53.360405,-55.288345,-66.53536,-67.61195,-59.576065,-59.867386,-62.325478,-59.58686,-61.715126,-80.0,-61.119537,-61.51442,-64.8522,-58.881996,-56.94998,-56.336975,-56.710373,-65.33147,-71.88297,-68.381134,-63.18377,-63.21353,-66.81581,-75.82306,-60.399174,-66.20554,-66.95756,-62.102837,-62.91224,-80.0,-63.504154,-59.67335,-63.807724,-63.15728,-66.9131,-70.11014,-67.88422,-76.300964,-67.886795,-60.437008,-58.528,-66.508224,-44.464924,-31.471922,-25.295294,-27.3942,-39.54094,-48.253887,-45.200188,-40.675808,-42.952446,-49.623745,-47.823997,-46.015347,-46.77712,-44.77574,-46.10793,-39.811905,-39.710487,-41.85617,-42.690025,-41.12019,-42.64364,-42.151527,-40.1987,-42.17131,-47.43476,-44.42181,-48.07382,-51.323147,-45.497948,-44.6267,-50.67936,-53.920944,-57.62091,-49.617676,-73.39039,-57.35578,-70.0392,-54.211956,-50.440876,-52.07821,-51.357754,-52.944912,-53.20229,-49.341164,-57.375336,-54.120163,-55.34466,-56.34986,-55.51891,-51.74278,-52.31308,-55.707985,-61.974133,-58.30552,-69.321556,-54.900764,-53.310234,-53.521736,-50.518787,-49.83381,-50.63256,-48.483997,-47.983536,-48.936913,-49.053925,-53.779755,-58.991714,-56.593636,-59.40045,-59.99021,-56.18016,-59.88957,-68.779236,-70.70874,-58.642067,-58.37973,-59.508003,-79.05861,-62.08507,-58.705658,-55.04861,-54.753788,-55.872486,-59.536095,-65.50627,-67.707275,-64.41177,-62.567986,-64.13506,-80.0,-63.336914,-64.523636,-58.79303,-57.995476,-61.34227,-58.342735,-57.661514,-62.99881,-65.25843,-65.89653,-63.412,-67.498985,-69.017914,-64.45522,-63.10888,-60.711487,-67.63959,-68.27052,-66.06238,-77.96185,-71.377365,-63.00299,-61.074223,-64.90405,-68.007805,-65.16974,-62.712246,-62.796646,-65.886154,-77.99015,-70.19551,-65.38992,-66.76488,-69.241325,-71.80484,-70.201065,-64.13815,-62.496613,-64.311295,-69.67388,-79.01083,-80.0,-76.64424,-74.17138,-73.43348,-72.81651,-76.16829,-78.03348,-77.83722,-77.062,-73.704414,-78.117355,-80.0,-80.0,-75.6091,-73.59953,-72.99481,-74.01228,-77.41906,-74.44853,-74.3913,-75.347404,-74.76505,-80.0,-80.0,-78.62074,-78.20654,-80.0,-78.28149,-75.61386,-75.98613,-80.0,-80.0,-80.0,-80.0,-80.0,-80.0,-80.0,-80.0,-77.50954,-80.0,-80.0,-80.0,-80.0,-80.0,-80.0,-80.0,-80.0,-80.0,-80.0,-80.0,-80.0,-80.0,-80.0,-80.0,-80.0,-80.0,-80.0,-80.0,-80.0,-80.0,-80.0,-80.0,-80.0,-80.0,-80.0,-80.0,-80.0,-80.0,-80.0,-80.0,-80.0,-80.0,-80.0,-80.0,-80.0,-80.0,-80.0,-80.0,-80.0,-80.0,-80.0,-80.0,-80.0,-80.0,-80.0,-80.0,-80.0,-80.0,-80.0,-80.0,-80.0,-80.0,-80.0,-80.0,-80.0,-80.0,-80.0,-80.0,-80.0,-80.0,-80.0,-80.0,-80.0,-80.0,-80.0,-80.0,-80.0,-80.0,-80.0,-80.0,-80.0,-80.0,-80.0,-80.0,-80.0,-80.0,-80.0,-80.0,-80.0,-80.0,-80.0,-80.0,-80.0,-80.0,-80.0,-80.0,-80.0,-80.0,-80.0,-80.0,-80.0,-80.0,-80.0,-80.0,-80.0,-80.0,-80.0,-80.0,-80.0,-80.0,-80.0,-80.0,-80.0,-80.0,-80.0,-80.0,-80.0,-80.0,-80.0,-80.0,-80.0,-80.0,-80.0,-80.0,-80.0,-80.0,-80.0,-80.0,-80.0,-80.0,-80.0,-80.0,-80.0,-80.0,-80.0,-80.0,-80.0,-80.0,-80.0,-80.0,-80.0,-80.0,-80.0,-80.0,-80.0,-80.0,-80.0,-80.0,-80.0,-80.0,-80.0,-80.0,-80.0,-80.0,-80.0,-80.0,-80.0,-80.0,-80.0,-80.0,-80.0,-80.0,-80.0
-32.152122,-28.13256,-34.545776,-37.550346,-40.9308,-44.49571,-41.236385,-48.253,-55.37461,-47.35727,-49.60551,-42.73491,-44.4385,-50.010365,-52.46528,-47.631905,-48.020042,-48.674522,-50.39909,-59.505947,-50.728264,-46.00277,-45.496414,-49.004578,-52.768066,-56.139317,-52.03041,-50.97628,-54.15276,-54.079758,-56.396564,-52.995735,-52.836346,-56.912994,-55.160225,-55.31295,-58.257103,-53.889008,-55.01467,-56.463264,-52.338585,-53.689045,-53.042885,-50.50856,-51.665173,-55.609585,-56.227543,-53.444122,-54.98722,-59.929523,-64.86989,-62.344814,-59.187103,-59.208584,-62.100784,-59.86805,-59.167004,-56.15871,-59.622734,-63.249397,-59.08916,-58.217384,-59.210075,-57.60362,-65.31418,-73.029755,-66.055374,-61.18067,-61.432076,-68.03778,-70.09281,-60.613167,-61.52601,-66.87081,-62.214417,-62.981667,-77.43327,-64.948296,-61.71469,-63.912727,-65.051895,-64.42401,-66.689545,-69.4317,-79.091095,-69.36453,-62.322083,-59.732063,-62.324562,-45.527245,-31.823912,-26.014994,-28.62085,-42.649483,-44.603493,-44.585953,-39.9623,-41.88002,-49.489014,-45.58307,-48.925694,-49.20254,-46.517128,-46.51209,-42.820328,-41.722332,-40.04561,-43.38569,-40.70073,-43.080647,-44.321663,-39.7958,-41.34028,-47.024887,-46.732487,-48.079926,-52.6852,-46.174255,-46.66542,-52.84815,-54.672546,-55.629974,-50.803772,-54.95285,-55.252922,-61.25611,-56.65239,-52.933437,-52.567986,-54.417606,-51.413074,-50.45715,-50.873787,-57.97014,-52.82669,-52.579067,-53.999508,-53.39293,-53.0085,-53.859596,-55.95559,-55.689644,-56.19447,-60.924564,-56.870148,-56.32546,-56.317505,-51.173725,-49.51969,-53.715786,-50.622673,-50.143066,-51.558983,-50.5995,-54.709534,-59.386215,-57.494324,-62.277157,-58.68338,-58.82168,-62.226204,-65.85837,-63.324493,-58.698532,-61.50501,-59.4599,-65.57236,-64.57095,-60.346718,-55.753227,-56.512882,-57.293564,-58.636963,-65.59735,-68.405014,-67.491806,-65.13094,-66.76036,-67.59334,-63.169884,-62.66041,-60.627472,-58.85766,-61.118267,-61.21946,-59.052555,-64.40667,-65.59607,-67.621544,-64.53926,-68.185326,-69.488464,-66.39425,-64.523834,-61.93933,-68.566574,-69.18889,-68.04024,-72.76096,-72.73847,-65.48561,-63.627686,-65.54453,-68.23496,-66.557526,-65.008804,-65.08201,-66.75279,-76.10405,-70.67172,-66.819824,-67.753876,-71.65369,-74.1815,-72.00673,-66.51457,-65.09033,-65.88101,-71.677124,-78.12825,-80.0,-76.09541,-76.23105,-76.00777,-75.53337,-78.399506,-77.66116,-77.04384,-77.35411,-75.53496,-78.96897,-79.929016,-80.0,-77.92137,-76.190994,-73.96805,-74.67167,-78.33475,-74.47316,-76.36898,-77.16488,-74.969864,-80.0,-80.0,-80.0,-80.0,-80.0,-80.0,-76.03479,-78.41998,-80.0,-80.0,-79.62527,-79.10088,-80.0,-80.0,-80.0,-80.0,-79.1496,-80.0,-80.0,-80.0,-80.0,-80.0,-80.0,-80.0,-80.0,-80.0,-80.0,-80.0,-80.0,-80.0,-80.0,-80.0,-80.0,-80.0,-80.0,-80.0,-80.0,-80.0,-80.0,-80.0,-80.0,-80.0,-80.0,-80.0,-80.0,-80.0,-80.0,-80.0,-80.0,-80.0,-80.0,-80.0,-80.0,-80.0,-80.0,-80.0,-80.0,-80.0,-80.0,-80.0,-80.0,-80.0,-80.0,-80.0,-80.0,-80.0,-80.0,-80.0,-80.0,-80.0,-80.0,-80.0,-80.0,-80.0,-80.0,-80.0,-80.0,-80.0,-80.0,-80.0,-80.0,-80.0,-80.0,-80.0,-80.0,-80.0,-80.0,-80.0,-80.0,-80.0,-80.0,-80.0,-80.0,-80.0,-80.0,-80.0,-80.0,-80.0,-80.0,-80.0,-80.0,-80.0,-80.0,-80.0,-80.0,-80.0,-80.0,-80.0,-80.0,-80.0,-80.0,-80.0,-80.0,-80.0,-80.0,-80.0,-80.0,-80.0,-80.0,-80.0,-80.0,-80.0,-80.0,-80.0,-80.0,-80.0,-80.0,-80.0,-80.0,-80.0,-80.0,-80.0,-80.0,-80.0,-80.0,-80.0,-80.0,-80.0,-80.0,-80.0,-80.0,-80.0,-80.0,-80.0,-80.0,-80.0,-80.0,-80.0,-80.0,-80.0,-80.0,-80.0,-80.0,-80.0,-80.0,-80.0,-80.0,-80.0,-80.0,-80.0,-80.0,-80.0,-80.0,-80.0,-80.0,-80.0,-80.0,-80.0,-80.0,-80.0,-80.0
-31.595758,-28.130157,-42.48016,-36.83993,-39.227474,-42.89649,-40.432335,-48.730858,-57.779373,-47.90938,-50.36705,-45.13419,-47.299713,-56.703182,-52.997025,-45.768063,-46.569588,-47.0654,-48.677525,-57.89261,-49.4581,-45.61491,-43.520515,-45.9944,-49.796898,-55.16893,-50.889626,-50.217896,-62.09273,-58.21695,-57.408493,-52.839287,-53.94664,-60.15988,-55.171085,-56.265846,-71.24729,-54.49578,-55.046494,-59.94803,-51.578873,-52.03025,-58.28798,-49.60109,-50.06788,-54.315254,-53.82843,-53.430344,-54.63254,-57.30204,-63.137474,-70.36252,-58.461197,-57.324883,-67.74868,-58.44683,-56.01148,-53.793335,-58.039173,-62.02299,-59.188576,-59.798576,-67.95511,-58.553314,-65.09803,-74.17057,-64.16205,-59.397217,-60.024925,-69.35562,-67.6776,-60.69424,-59.23774,-66.515274,-62.118786,-62.793182,-74.50868,-66.88477,-65.27457,-63.86461,-67.94696,-62.74875,-64.696625,-71.455505,-80.0,-71.37338,-65.372505,-61.220238,-60.162098,-46.636787,-32.075962,-26.729225,-30.072807,-57.322914,-42.617523,-43.763214,-39.11182,-40.84492,-48.927254,-43.91017,-56.83422,-53.78768,-48.638245,-46.729668,-55.582943,-45.133835,-38.692684,-43.785847,-40.12077,-43.381798,-48.240105,-39.327633,-40.575695,-46.568184,-51.404755,-47.983284,-54.247124,-46.79908,-50.15525,-56.849827,-55.449547,-54.184322,-52.253788,-51.91317,-53.735542,-58.460327,-61.979347,-58.563988,-52.98195,-67.346405,-50.168365,-48.7581,-52.998283,-58.505936,-51.75129,-50.82618,-52.45464,-51.92131,-54.603256,-56.013653,-56.076603,-53.18007,-54.670662,-58.2351,-60.162704,-68.314896,-63.837627,-51.73703,-49.09765,-66.34632,-54.553352,-54.16055,-58.146835,-52.75831,-55.66327,-59.56358,-58.395638,-71.20822,-57.548992,-65.33414,-67.013405,-64.096405,-60.568035,-58.55412,-75.33322,-59.210934,-62.627247,-70.21782,-62.743427,-56.440845,-59.179626,-59.165936,-57.82264,-65.46017,-69.09213,-80.0,-70.963104,-72.77867,-64.725105,-62.898285,-61.329834,-63.539192,-59.763954,-60.78471,-70.54478,-60.876244,-66.17211,-65.652054,-69.735916,-65.84854,-68.87177,-69.90223,-69.60007,-66.368576,-63.45121,-69.547516,-70.15282,-71.37768,-70.38185,-74.141266,-71.09578,-69.716324,-66.1525,-68.35347,-68.373604,-69.57561,-69.61012,-67.67409,-74.73489,-71.05494,-68.74505,-68.86279,-76.826256,-79.190125,-74.8427,-71.52902,-71.476295,-68.103905,-75.02742,-77.132904,-80.0,-75.39989,-79.72456,-80.0,-80.0,-80.0,-77.21071,-76.31825,-77.55707,-78.42262,-79.880325,-78.02435,-79.707825,-80.0,-80.0,-75.06172,-75.30203,-79.30046,-74.36978,-79.65201,-79.95964,-75.00481,-80.0,-80.0,-80.0,-80.0,-80.0,-80.0,-76.3284,-80.0,-80.0,-80.0,-78.63735,-76.35063,-79.686935,-80.0,-80.0,-80.0,-80.0,-80.0,-80.0,-80.0,-80.0,-80.0,-80.0,-80.0,-80.0,-80.0,-80.0,-80.0,-80.0,-80.0,-80.0,-80.0,-80.0,-80.0,-80.0,-80.0,-80.0,-80.0,-80.0,-80.0,-80.0,-80.0,-80.0,-80.0,-80.0,-80.0,-80.0,-80.0,-80.0,-80.0,-80.0,-80.0,-80.0,-80.0,-80.0,-80.0,-80.0,-80.0,-80.0,-80.0,-80.0,-80.0,-80.0,-80.0,-80.0,-80.0,-80.0,-80.0,-80.0,-80.0,-80.0,-80.0,-80.0,-80.0,-80.0,-80.0,-80.0,-80.0,-80.0,-80.0,-80.0,-80.0,-80.0,-80.0,-80.0,-80.0,-80.0,-80.0,-80.0,-80.0,-80.0,-80.0,-80.0,-80.0,-80.0,-80.0,-80.0,-80.0,-80.0,-80.0,-80.0,-80.0,-80.0,-80.0,-80.0,-80.0,-80.0,-80.0,-80.0,-80.0,-80.0,-80.0,-80.0,-80.0,-80.0,-80.0,-80.0,-80.0,-80.0,-80.0,-80.0,-80.0,-80.0,-80.0,-80.0,-80.0,-80.0,-80.0,-80.0,-80.0,-80.0,-80.0,-80.0,-80.0,-80.0,-80.0,-80.0,-80.0,-80.0,-80.0,-80.0,-80.0,-80.0,-80.0,-80.0,-80.0,-80.0,-80.0,-80.0,-80.0,-80.0,-80.0,-80.0,-80.0,-80.0,-80.0,-80.0,-80.0,-80.0,-80.0,-80.0,-80.0,-80.0,-80.0,-80.0,-80.0,-80.0,-80.0,-80.0,-80.0,-80.0
-30.04123,-26.083431,-32.473495,-44.815376,-40.00506,-40.38438,-38.17067,-46.22579,-55.080383,-46.06964,-45.812347,-61.977337,-43.127758,-45.26899,-45.13404,-43.37825,-42.326046,-41.878296,-48.342884,-50.268974,-47.015236,-51.501953,-43.475555,-43.005745,-44.361504,-47.86603,-49.181614,-50.17036,-65.83107,-52.41714,-49.49275,-51.631435,-59.98772,-52.01585,-54.499165,-60.038315,-60.53013,-57.154404,-57.40403,-50.64724,-53.582664,-56.294548,-52.22158,-49.593483,-52.666203,-74.374084,-53.774467,-60.912186,-65.16733,-55.25373,-64.9379,-74.46445,-58.429707,-57.414673,-64.38818,-57.49105,-52.853416,-52.31425,-53.499836,-66.36254,-64.152626,-65.28894,-58.842926,-62.89989,-63.65557,-69.662094,-57.93061,-52.888557,-58.442627,-65.668045,-70.62855,-62.8023,-58.674564,-63.005463,-60.521736,-59.72831,-67.56287,-73.08929,-71.66495,-64.70916,-64.26536,-62.482574,-63.92109,-68.78969,-76.65129,-77.678604,-71.886185,-80.0,-60.588943,-44.669594,-36.469536,-32.852764,-30.488367,-41.381798,-46.77623,-39.539234,-35.772278,-38.868423,-42.86415,-40.589504,-43.664536,-44.93776,-40.876312,-45.135162,-71.95454,-46.302376,-40.520515,-38.426773,-38.130642,-43.74082,-45.90427,-42.839245,-46.69203,-52.6422,-58.31808,-53.6903,-50.111633,-48.940536,-50.443085,-58.432007,-72.88455,-55.304405,-63.104675,-51.586483,-53.579597,-57.491848,-64.08724,-59.618263,-57.72737,-54.10665,-50.155193,-54.613018,-58.209595,-62.25691,-54.421814,-51.779484,-60.085815,-55.988327,-65.22006,-60.90844,-58.56739,-54.688087,-54.376335,-62.88456,-63.22072,-57.987537,-54.218773,-51.746128,-50.360664,-51.169563,-63.656925,-65.43474,-61.39833,-58.89487,-55.850872,-57.070488,-58.156303,-62.823498,-56.99791,-60.343075,-71.49655,-69.36783,-57.321777,-57.152008,-58.27847,-57.628284,-63.926506,-80.0,-72.699585,-61.417603,-62.2119,-62.89965,-63.08748,-63.19262,-75.738396,-67.361755,-65.07921,-64.35596,-75.196785,-66.27199,-70.98758,-73.75008,-64.45606,-62.978024,-66.22517,-66.564766,-64.89472,-61.811394,-62.260006,-68.62312,-80.0,-80.0,-74.000786,-68.61003,-69.68797,-71.80943,-72.09033,-76.65614,-70.07505,-67.79256,-76.458374,-76.329506,-71.97725,-73.030975,-73.87846,-71.493484,-72.80789,-73.86502,-78.34471,-74.02228,-80.0,-75.45772,-79.48373,-80.0,-80.0,-80.0,-78.13542,-76.546555,-74.48817,-73.17006,-72.35341,-72.944595,-77.304695,-80.0,-80.0,-80.0,-80.0,-80.0,-80.0,-80.0,-80.0,-77.126205,-74.180786,-80.0,-80.0,-80.0,-80.0,-80.0,-76.938995,-80.0,-80.0,-74.84451,-75.002174,-78.31414,-79.99195,-80.0,-80.0,-78.44256,-77.34122,-80.0,-80.0,-80.0,-76.874176,-75.35242,-78.063126,-80.0,-80.0,-80.0,-80.0,-80.0,-80.0,-80.0,-80.0,-80.0,-80.0,-80.0,-80.0,-80.0,-80.0,-80.0,-80.0,-80.0,-80.0,-80.0,-80.0,-80.0,-80.0,-80.0,-80.0,-80.0,-80.0,-80.0,-80.0,-80.0,-80.0,-80.0,-80.0,-80.0,-80.0,-80.0,-80.0,-80.0,-80.0,-80.0,-80.0,-80.0,-80.0,-80.0,-80.0,-80.0,-80.0,-80.0,-80.0,-80.0,-80.0,-80.0,-80.0,-80.0,-80.0,-80.0,-80.0,-80.0,-80.0,-80.0,-80.0,-80.0,-80.0,-80.0,-80.0,-80.0,-80.0,-80.0,-80.0,-80.0,-80.0,-80.0,-80.0,-80.0,-80.0,-80.0,-80.0,-80.0,-80.0,-80.0,-80.0,-80.0,-80.0,-80.0,-80.0,-80.0,-80.0,-80.0,-80.0,-80.0,-80.0,-80.0,-80.0,-80.0,-80.0,-80.0,-80.0,-80.0,-80.0,-80.0,-80.0,-80.0,-80.0,-80.0,-80.0,-80.0,-80.0,-80.0,-80.0,-80.0,-80.0,-80.0,-80.0,-80.0,-80.0,-80.0,-80.0,-80.0,-80.0,-80.0,-80.0,-80.0,-80.0,-80.0,-80.0,-80.0,-80.0,-80.0,-80.0,-80.0,-80.0,-80.0,-80.0,-80.0,-80.0,-80.0,-80.0,-80.0,-80.0,-80.0,-80.0,-80.0,-80.0,-80.0,-80.0,-80.0,-80.0,-80.0,-80.0,-80.0,-80.0,-80.0,-80.0,-80.0,-80.0,-80.0,-80.0,-80.0,-80.0
-32.35196,-27.940615,-32.90796,-42.531452,-44.51943,-43.935665,-42.673904,-46.34466,-51.265297,-56.442413,-50.7808,-52.01033,-43.640068,-43.02672,-51.79415,-50.994602,-47.973473,-52.25663,-46.647743,-45.72725,-44.283115,-47.14991,-57.836876,-52.281715,-55.744686,-52.387634,-58.700943,-58.360813,-51.997845,-50.325104,-69.14909,-51.297874,-51.854374,-59.70584,-63.17458,-61.632988,-55.765923,-55.35881,-55.782036,-51.699776,-53.86985,-56.084984,-50.881977,-55.246994,-66.481636,-56.594856,-56.79243,-61.472122,-57.03047,-59.989677,-64.75058,-65.55437,-64.14289,-59.05973,-64.960724,-61.195564,-62.33781,-77.3521,-54.587997,-60.179478,-66.138695,-60.17767,-58.823895,-67.10535,-66.92079,-64.98091,-56.89405,-54.038643,-57.199383,-58.35621,-58.138145,-63.139374,-60.262665,-64.576614,-63.08148,-61.282944,-66.64232,-77.01138,-72.76004,-69.91403,-63.805996,-74.09752,-78.37128,-66.216675,-67.938385,-78.59536,-73.75307,-68.02848,-64.67572,-49.7034,-39.909187,-34.741768,-36.132607,-46.51385,-52.01091,-42.713093,-40.000088,-46.78446,-46.460117,-43.887703,-45.732204,-49.924965,-41.963787,-42.927402,-54.08072,-50.427345,-51.924805,-50.996918,-44.000877,-47.87183,-51.724052,-50.544533,-65.10905,-61.982082,-58.676113,-64.40404,-64.66307,-56.480797,-62.984734,-55.97948,-65.09808,-58.244045,-53.74929,-55.656227,-64.56088,-71.33307,-61.878944,-59.791527,-66.72949,-59.718235,-54.877472,-63.35892,-70.83477,-64.28228,-63.764378,-56.697502,-59.35489,-63.03775,-61.067215,-56.027878,-58.884296,-67.01053,-62.017235,-58.002426,-67.48932,-61.90192,-59.753227,-60.334156,-57.769318,-54.05326,-61.328697,-78.40109,-64.70071,-67.74759,-62.584995,-59.250206,-60.45498,-63.489388,-59.89365,-62.1266,-68.23203,-68.50958,-60.388763,-66.055115,-66.54817,-62.20301,-67.2578,-72.73398,-69.819046,-65.815895,-74.264725,-66.25517,-75.45162,-70.512344,-70.364746,-68.30879,-70.69946,-69.58528,-67.25258,-69.26633,-75.76842,-75.5914,-71.32085,-68.852936,-80.0,-74.56732,-77.36651,-67.081985,-67.76503,-80.0,-79.947784,-80.0,-74.47679,-68.257126,-74.545364,-73.33947,-74.432755,-77.983444,-72.274536,-69.09961,-68.36891,-72.96887,-80.0,-79.954254,-77.51644,-78.08933,-77.385506,-80.0,-80.0,-78.02611,-75.97049,-76.36853,-80.0,-77.16766,-78.732475,-76.47583,-78.410034,-80.0,-73.757675,-75.242805,-77.98445,-78.315704,-80.0,-79.20383,-78.57897,-80.0,-80.0,-79.917435,-80.0,-80.0,-80.0,-80.0,-75.813385,-80.0,-80.0,-80.0,-80.0,-80.0,-80.0,-80.0,-80.0,-79.99754,-80.0,-80.0,-80.0,-80.0,-80.0,-80.0,-80.0,-80.0,-80.0,-80.0,-80.0,-80.0,-80.0,-80.0,-80.0,-80.0,-80.0,-80.0,-80.0,-80.0,-80.0,-80.0,-80.0,-80.0,-80.0,-80.0,-80.0,-80.0,-80.0,-80.0,-80.0,-80.0,-80.0,-80.0,-80.0,-80.0,-80.0,-80.0,-80.0,-80.0,-80.0,-80.0,-80.0,-80.0,-80.0,-80.0,-80.0,-80.0,-80.0,-80.0,-80.0,-80.0,-80.0,-80.0,-80.0,-80.0,-80.0,-80.0,-80.0,-80.0,-80.0,-80.0,-80.0,-80.0,-80.0,-80.0,-80.0,-80.0,-80.0,-80.0,-80.0,-80.0,-80.0,-80.0,-80.0,-80.0,-80.0,-80.0,-80.0,-80.0,-80.0,-80.0,-80.0,-80.0,-80.0,-80.0,-80.0,-80.0,-80.0,-80.0,-80.0,-80.0,-80.0,-80.0,-80.0,-80.0,-80.0,-80.0,-80.0,-80.0,-80.0,-80.0,-80.0,-80.0,-80.0,-80.0,-80.0,-80.0,-80.0,-80.0,-80.0,-80.0,-80.0,-80.0,-80.0,-80.0,-80.0,-80.0,-80.0,-80.0,-80.0,-80.0,-80.0,-80.0,-80.0,-80.0,-80.0,-80.0,-80.0,-80.0,-80.0,-80.0,-80.0,-80.0,-80.0,-80.0,-80.0,-80.0,-80.0,-80.0,-80.0,-80.0,-80.0,-80.0,-80.0,-80.0,-80.0,-80.0,-80.0,-80.0,-80.0,-80.0,-80.0,-80.0,-80.0,-80.0,-80.0,-80.0,-80.0,-80.0,-80.0,-80.0,-80.0,-80.0,-80.0,-80.0,-80.0,-80.0,-80.0,-80.0,-80.0
-33.79216,-30.357029,-35.724274,-43.40354,-48.270287,-41.812187,-43.154366,-43.660294,-43.967457,-49.089043,-49.461895,-50.02268,-44.93123,-45.09353,-45.062717,-42.4946,-42.894783,-46.035233,-45.013794,-48.73843,-43.200214,-48.621605,-53.17151,-51.061718,-53.27391,-50.08969,-51.053513,-56.08702,-52.456024,-49.61515,-54.68107,-52.68891,-53.511375,-59.40882,-55.605606,-52.935154,-55.653603,-55.281357,-54.72207,-54.221767,-51.11998,-53.712463,-50.483833,-59.465725,-53.910515,-55.637157,-54.63093,-51.79808,-53.38615,-61.3158,-64.50511,-63.65952,-61.69086,-57.268753,-59.823765,-62.00333,-63.54323,-61.363945,-53.614285,-55.299095,-59.23362,-55.94439,-60.03302,-70.326614,-65.746376,-65.90764,-57.097885,-56.96747,-61.919796,-59.455536,-57.523376,-57.9021,-60.13005,-68.097244,-62.205605,-65.71536,-62.57352,-68.172714,-76.712845,-72.046646,-65.21126,-68.6902,-68.831535,-64.12084,-71.43092,-69.742065,-66.704926,-68.460205,-67.52153,-49.45761,-37.2681,-32.55816,-36.31508,-45.097473,-41.66279,-39.13555,-40.65499,-44.463844,-44.53595,-43.36788,-43.47707,-50.48783,-44.31143,-42.762524,-49.016693,-46.831978,-48.717346,-53.135666,-46.452484,-48.330624,-54.265163,-49.46675,-57.423763,-61.785835,-57.040535,-55.556583,-54.708485,-54.68031,-58.880905,-55.8423,-56.889282,-54.587696,-52.49369,-55.529182,-60.767868,-57.637608,-57.153526,-61.26223,-64.57716,-63.90284,-55.817436,-60.478115,-73.8329,-61.577354,-56.700966,-56.668434,-62.44037,-56.72219,-55.695267,-54.66913,-61.894012,-65.15663,-62.7997,-57.15093,-60.9466,-61.380806,-62.042953,-58.76544,-56.25872,-56.782646,-65.44795,-64.202156,-61.312855,-63.479553,-66.09046,-61.756687,-63.672565,-62.993385,-62.33528,-66.16174,-63.256878,-61.68733,-61.694954,-70.85673,-64.93661,-63.848328,-69.81508,-68.02852,-65.75041,-66.83556,-71.02893,-66.817345,-76.39534,-71.10393,-73.99827,-69.215965,-72.590485,-73.74205,-67.58683,-69.0798,-75.34973,-75.17131,-74.08992,-71.84026,-71.1487,-72.98932,-77.70847,-68.6794,-68.22261,-79.87392,-80.0,-80.0,-74.525986,-69.64845,-70.92287,-75.992455,-78.55794,-79.85899,-75.2898,-73.49429,-68.75258,-70.14528,-74.80686,-74.879684,-75.14123,-78.000824,-77.829025,-77.14241,-79.426735,-80.0,-79.29881,-78.07016,-77.037674,-74.735245,-74.96973,-76.51604,-80.0,-78.48985,-76.57359,-77.15675,-77.96624,-75.88579,-76.53082,-75.13415,-77.53592,-80.0,-80.0,-79.16674,-80.0,-80.0,-80.0,-80.0,-77.40845,-80.0,-80.0,-80.0,-80.0,-80.0,-80.0,-80.0,-80.0,-80.0,-80.0,-80.0,-80.0,-80.0,-80.0,-80.0,-80.0,-80.0,-80.0,-80.0,-80.0,-80.0,-80.0,-80.0,-80.0,-80.0,-80.0,-80.0,-80.0,-80.0,-80.0,-80.0,-80.0,-80.0,-80.0,-80.0,-80.0,-80.0,-80.0,-80.0,-80.0,-80.0,-80.0,-80.0,-80.0,-80.0,-80.0,-80.0,-80.0,-80.0,-80.0,-80.0,-80.0,-80.0,-80.0,-80.0,-80.0,-80.0,-80.0,-80.0,-80.0,-80.0,-80.0,-80.0,-80.0,-80.0,-80.0,-80.0,-80.0,-80.0,-80.0,-80.0,-80.0,-80.0,-80.0,-80.0,-80.0,-80.0,-80.0,-80.0,-80.0,-80.0,-80.0,-80.0,-80.0,-80.0,-80.0,-80.0,-80.0,-80.0,-80.0,-80.0,-80.0,-80.0,-80.0,-80.0,-80.0,-80.0,-80.0,-80.0,-80.0,-80.0,-80.0,-80.0,-80.0,-80.0,-80.0,-80.0,-80.0,-80.0,-80.0,-80.0,-80.0,-80.0,-80.0,-80.0,-80.0,-80.0,-80.0,-80.0,-80.0,-80.0,-80.0,-80.0,-80.0,-80.0,-80.0,-80.0,-80.0,-80.0,-80.0,-80.0,-80.0,-80.0,-80.0,-80.0,-80.0,-80.0,-80.0,-80.0,-80.0,-80.0,-80.0,-80.0,-80.0,-80.0,-80.0,-80.0,-80.0,-80.0,-80.0,-80.0,-80.0,-80.0,-80.0,-80.0,-80.0,-80.0,-80.0,-80.0,-80.0,-80.0,-80.0,-80.0,-80.0,-80.0,-80.0,-80.0,-80.0,-80.0,-80.0,-80.0,-80.0,-80.0,-80.0,-80.0,-80.0,-80.0,-80.0,-80.0,-80.0
-35.43144,-33.599133,-40.17592,-45.26817,-52.615776,-41.505775,-42.08831,-40.315662,-40.727688,-48.684982,-49.327156,-47.75383,-46.250088,-47.375977,-42.636482,-39.185707,-41.081875,-45.512398,-43.608803,-48.31905,-43.16365,-46.115116,-48.675053,-50.08698,-54.254715,-48.7361,-48.43947,-55.414474,-53.88567,-50.228508,-53.494576,-54.805508,-54.966393,-57.013893,-51.531963,-50.153557,-54.197712,-54.34744,-53.154232,-54.395603,-49.924065,-49.605137,-48.27578,-52.70884,-51.425507,-52.18962,-51.568386,-50.54254,-53.288563,-57.757896,-57.81418,-57.482727,-57.11538,-56.683636,-60.36265,-61.326527,-61.85158,-61.08553,-52.90863,-53.306038,-54.91913,-55.10425,-62.345764,-66.07968,-61.586826,-61.6821,-58.91338,-60.94722,-76.15283,-61.242992,-58.922997,-57.745125,-59.664135,-64.73115,-62.701218,-63.80463,-59.9778,-65.63988,-76.86832,-74.97693,-66.387085,-67.620125,-65.0447,-61.598866,-67.08855,-66.3047,-65.04422,-66.91815,-68.90918,-50.31295,-37.045464,-32.158237,-36.81787,-43.339222,-40.150898,-38.74984,-42.73711,-43.465397,-43.731766,-44.60527,-43.298668,-49.2726,-45.430252,-43.815186,-49.61497,-45.516354,-45.76862,-52.105804,-49.559677,-50.01508,-52.38531,-48.314915,-54.983444,-61.211075,-56.34976,-55.663803,-53.21569,-54.13916,-58.470802,-56.56993,-55.403503,-54.997597,-52.721542,-57.2505,-57.582764,-56.488323,-56.3702,-61.24096,-61.610996,-64.20358,-57.215187,-58.495,-64.652534,-57.66102,-55.697464,-56.987774,-56.992363,-55.113174,-55.705433,-54.800606,-59.998196,-63.481064,-62.89764,-57.007553,-60.639633,-62.24318,-61.69652,-58.762123,-57.229294,-59.98602,-71.14339,-61.92572,-60.61521,-63.227932,-71.75604,-63.41169,-62.975574,-61.787064,-65.89578,-67.99736,-62.988617,-61.20807,-62.495342,-71.123566,-65.49825,-64.12028,-69.1315,-68.611755,-65.60174,-67.85807,-71.02983,-66.67508,-71.567566,-68.78612,-71.03525,-70.19449,-73.79361,-74.317825,-67.22608,-69.7057,-75.341324,-72.97624,-74.799255,-73.91947,-70.61011,-73.29342,-77.62984,-69.21524,-69.793274,-75.48674,-77.64082,-75.757324,-75.2653,-71.27318,-71.37503,-77.68085,-80.0,-80.0,-78.58769,-80.0,-69.94508,-68.50539,-71.64665,-72.40586,-71.78519,-76.394775,-77.340836,-76.332794,-77.05582,-80.0,-80.0,-80.0,-77.75225,-74.73602,-75.4662,-77.78912,-80.0,-77.47879,-79.81869,-79.08986,-77.74804,-75.76961,-75.32002,-75.25486,-78.44937,-80.0,-80.0,-80.0,-80.0,-80.0,-80.0,-80.0,-79.61951,-80.0,-80.0,-80.0,-80.0,-80.0,-80.0,-80.0,-80.0,-80.0,-80.0,-80.0,-80.0,-80.0,-80.0,-80.0,-80.0,-80.0,-80.0,-80.0,-80.0,-80.0,-80.0,-80.0,-80.0,-80.0,-80.0,-80.0,-80.0,-80.0,-80.0,-80.0,-80.0,-80.0,-80.0,-80.0,-80.0,-80.0,-80.0,-80.0,-80.0,-80.0,-80.0,-80.0,-80.0,-80.0,-80.0,-80.0,-80.0,-80.0,-80.0,-80.0,-80.0,-80.0,-80.0,-80.0,-80.0,-80.0,-80.0,-80.0,-80.0,-80.0,-80.0,-80.0,-80.0,-80.0,-80.0,-80.0,-80.0,-80.0,-80.0,-80.0,-80.0,-80.0,-80.0,-80.0,-80.0,-80.0,-80.0,-80.0,-80.0,-80.0,-80.0,-80.0,-80.0,-80.0,-80.0,-80.0,-80.0,-80.0,-80.0,-80.0,-80.0,-80.0,-80.0,-80.0,-80.0,-80.0,-80.0,-80.0,-80.0,-80.0,-80.0,-80.0,-80.0,-80.0,-80.0,-80.0,-80.0,-80.0,-80.0,-80.0,-80.0,-80.0,-80.0,-80.0,-80.0,-80.0,-80.0,-80.0,-80.0,-80.0,-80.0,-80.0,-80.0,-80.0,-80.0,-80.0,-80.0,-80.0,-80.0,-80.0,-80.0,-80.0,-80.0,-80.0,-80.0,-80.0,-80.0,-80.0,-80.0,-80.0,-80.0,-80.0,-80.0,-80.0,-80.0,-80.0,-80.0,-80.0,-80.0,-80.0,-80.0,-80.0,-80.0,-80.0,-80.0,-80.0,-80.0,-80.0,-80.0,-80.0,-80.0,-80.0,-80.0,-80.0,-80.0,-80.0,-80.0,-80.0,-80.0,-80.0,-80.0,-80.0,-80.0,-80.0,-80.0,-80.0,-80.0,-80.0,-80.0
-37.266766,-37.715393,-55.80655,-50.425503,-51.88728,-42.425644,-40.90027,-37.943863,-38.74327,-51.5448,-50.634354,-46.3061,-47.524364,-49.23399,-41.7837,-37.385098,-40.454063,-47.855556,-42.607243,-45.45677,-44.590446,-43.404305,-46.167328,-49.73628,-61.00625,-48.26587,-47.321262,-55.414314,-58.052116,-53.201538,-55.131508,-57.184235,-54.52653,-53.98641,-49.409725,-48.892105,-52.888496,-53.378643,-52.083214,-52.770332,-49.827858,-47.20885,-46.278328,-48.496033,-50.794113,-49.516914,-49.6608,-51.695427,-56.545082,-54.752075,-53.95851,-54.142857,-54.499725,-57.142624,-72.5536,-59.85808,-59.770542,-64.393745,-52.50733,-52.72072,-52.452606,-55.56678,-67.59225,-62.11609,-57.595657,-57.406517,-64.51135,-64.020966,-74.5566,-64.641266,-65.686554,-61.288185,-59.547096,-60.527122,-64.92995,-59.376915,-58.31,-64.79565,-72.55618,-73.78735,-65.815994,-67.1319,-62.503357,-59.887764,-63.06471,-64.34846,-65.13893,-64.95357,-67.85373,-53.05378,-39.03235,-33.1265,-38.03709,-42.20658,-40.81509,-40.817894,-52.218452,-43.538883,-43.967728,-50.948517,-45.035797,-47.80651,-44.24411,-46.968353,-58.71147,-44.945194,-43.869267,-49.965126,-53.134907,-55.14447,-49.26026,-47.769592,-53.038708,-59.93949,-55.783936,-60.549168,-53.719437,-54.770676,-60.175938,-58.76224,-55.424805,-59.84553,-54.64725,-64.80098,-55.66485,-58.21961,-57.73569,-59.133408,-59.11235,-60.15717,-59.620968,-57.56972,-59.714085,-55.316246,-56.530434,-56.858494,-52.765564,-55.23054,-60.781967,-56.88311,-56.701668,-62.586678,-62.569466,-57.76751,-63.986874,-66.0735,-59.752834,-60.535263,-64.21902,-61.943176,-68.21471,-61.038036,-61.865135,-66.1092,-78.61223,-62.98334,-59.65894,-60.431557,-70.13441,-64.59426,-65.98512,-64.235916,-63.01253,-66.60813,-68.79333,-63.13279,-66.77048,-77.6331,-68.61206,-68.86801,-70.00795,-66.255295,-68.300476,-66.33663,-66.787,-70.617744,-72.542496,-69.25765,-66.63777,-71.80107,-76.11896,-70.683044,-73.29512,-71.94851,-73.40776,-74.542244,-76.379486,-68.58815,-73.78853,-71.67267,-72.89624,-71.27026,-75.393074,-72.81154,-76.64075,-75.7267,-79.64751,-80.0,-79.36217,-80.0,-72.973526,-67.87291,-70.05641,-71.39057,-69.492134,-73.4854,-76.4108,-78.4099,-75.9557,-77.96188,-80.0,-80.0,-80.0,-77.30324,-80.0,-80.0,-80.0,-78.18383,-80.0,-80.0,-77.857254,-78.00392,-76.04577,-79.95572,-80.0,-80.0,-80.0,-80.0,-80.0,-80.0,-80.0,-80.0,-80.0,-80.0,-80.0,-80.0,-80.0,-80.0,-80.0,-80.0,-80.0,-80.0,-80.0,-79.94524,-80.0,-80.0,-80.0,-80.0,-80.0,-80.0,-80.0,-80.0,-80.0,-80.0,-80.0,-80.0,-80.0,-80.0,-80.0,-80.0,-80.0,-80.0,-80.0,-80.0,-80.0,-80.0,-80.0,-80.0,-80.0,-80.0,-80.0,-80.0,-80.0,-80.0,-80.0,-80.0,-80.0,-80.0,-80.0,-80.0,-80.0,-80.0,-80.0,-80.0,-80.0,-80.0,-80.0,-80.0,-80.0,-80.0,-80.0,-80.0,-80.0,-80.0,-80.0,-80.0,-80.0,-80.0,-80.0,-80.0,-80.0,-80.0,-80.0,-80.0,-80.0,-80.0,-80.0,-80.0,-80.0,-80.0,-80.0,-80.0,-80.0,-80.0,-80.0,-80.0,-80.0,-80.0,-80.0,-80.0,-80.0,-80.0,-80.0,-80.0,-80.0,-80.0,-80.0,-80.0,-80.0,-80.0,-80.0,-80.0,-80.0,-80.0,-80.0,-80.0,-80.0,-80.0,-80.0,-80.0,-80.0,-80.0,-80.0,-80.0,-80.0,-80.0,-80.0,-80.0,-80.0,-80.0,-80.0,-80.0,-80.0,-80.0,-80.0,-80.0,-80.0,-80.0,-80.0,-80.0,-80.0,-80.0,-80.0,-80.0,-80.0,-80.0,-80.0,-80.0,-80.0,-80.0,-80.0,-80.0,-80.0,-80.0,-80.0,-80.0,-80.0,-80.0,-80.0,-80.0,-80.0,-80.0,-80.0,-80.0,-80.0,-80.0,-80.0,-80.0,-80.0,-80.0,-80.0,-80.0,-80.0,-80.0,-80.0,-80.0,-80.0,-80.0,-80.0,-80.0,-80.0,-80.0,-80.0,-80.0,-80.0,-80.0,-80.0,-80.0,-80.0,-80.0,-80.0,-80.0,-80.0
-37.195847,-36.102528,-48.855545,-51.859825,-51.47685,-40.97369,-48.473633,-38.107517,-38.356182,-49.1852,-56.56507,-51.23454,-47.595966,-48.556503,-50.915356,-38.93685,-41.248585,-47.669777,-42.616383,-45.23954,-55.05699,-45.41358,-50.67275,-53.551083,-51.844597,-51.631172,-50.96482,-52.967735,-62.80433,-59.70755,-64.288055,-51.17452,-49.329475,-50.05892,-55.567398,-51.818947,-58.249958,-55.26606,-56.8808,-69.4034,-53.29089,-57.794067,-47.557766,-48.97506,-63.111443,-49.74552,-57.931156,-57.82515,-72.90105,-57.347393,-52.819157,-55.966564,-62.104652,-58.97123,-68.15142,-59.160606,-64.25322,-57.71533,-52.08113,-60.45845,-54.149124,-53.306,-61.444134,-61.289444,-52.93772,-52.92398,-56.397995,-59.833256,-69.88869,-63.57843,-59.33359,-61.211174,-68.207344,-58.16613,-63.57263,-57.37461,-58.456814,-73.19983,-68.4988,-64.885864,-60.613358,-62.29917,-60.42596,-62.7852,-62.45234,-65.01475,-70.41405,-64.68622,-80.0,-52.429077,-43.766716,-33.603863,-40.577415,-47.305367,-47.155758,-46.470947,-50.293182,-47.247707,-47.813805,-57.77263,-47.287514,-51.64161,-42.742878,-44.330376,-49.216812,-42.957363,-45.846325,-56.852318,-56.817417,-51.941032,-49.00188,-54.88388,-49.1483,-56.366196,-52.437424,-52.741936,-55.803856,-57.978386,-58.572895,-59.34742,-54.07601,-54.716423,-54.611305,-56.58229,-58.935467,-69.712555,-61.63228,-54.84126,-57.23449,-57.93911,-60.38244,-65.28424,-55.85646,-61.38443,-54.6752,-52.359444,-50.903236,-61.6141,-74.66499,-63.38629,-57.11828,-68.57599,-63.578476,-59.883957,-63.47294,-80.0,-63.425606,-64.00427,-64.91208,-61.35607,-61.978363,-60.09465,-75.85272,-70.87739,-76.64992,-64.6066,-58.10109,-59.394707,-63.059578,-62.8665,-67.1879,-69.047066,-73.644356,-65.3849,-65.69704,-64.00159,-70.08559,-69.654106,-69.99457,-68.67365,-61.895035,-67.98898,-70.91567,-66.751236,-64.17807,-66.89659,-67.63428,-63.749344,-67.72949,-74.71627,-80.0,-69.23466,-80.0,-67.52602,-70.45213,-69.233376,-71.88306,-69.23805,-69.83274,-67.48927,-67.41943,-70.09195,-69.3421,-70.28832,-71.573975,-70.80188,-74.04822,-79.35318,-78.56293,-80.0,-74.392105,-72.48424,-78.59087,-80.0,-71.07895,-68.55284,-76.43677,-80.0,-77.2637,-75.26781,-80.0,-77.59926,-80.0,-80.0,-80.0,-80.0,-80.0,-79.844604,-80.0,-80.0,-80.0,-80.0,-80.0,-80.0,-80.0,-80.0,-80.0,-80.0,-80.0,-80.0,-77.16999,-79.99833,-80.0,-80.0,-80.0,-80.0,-80.0,-78.75017,-80.0,-80.0,-80.0,-80.0,-80.0,-80.0,-80.0,-80.0,-80.0,-80.0,-80.0,-80.0,-80.0,-80.0,-80.0,-80.0,-80.0,-80.0,-80.0,-80.0,-80.0,-80.0,-80.0,-80.0,-80.0,-80.0,-80.0,-80.0,-80.0,-80.0,-80.0,-80.0,-80.0,-80.0,-80.0,-80.0,-80.0,-80.0,-80.0,-80.0,-80.0,-80.0,-80.0,-80.0,-80.0,-80.0,-80.0,-80.0,-80.0,-80.0,-80.0,-80.0,-80.0,-80.0,-80.0,-80.0,-80.0,-80.0,-80.0,-80.0,-80.0,-80.0,-80.0,-80.0,-80.0,-80.0,-80.0,-80.0,-80.0,-80.0,-80.0,-80.0,-80.0,-80.0,-80.0,-80.0,-80.0,-80.0,-80.0,-80.0,-80.0,-80.0,-80.0,-80.0,-80.0,-80.0,-80.0,-80.0,-80.0,-80.0,-80.0,-80.0,-80.0,-80.0,-80.0,-80.0,-80.0,-80.0,-80.0,-80.0,-80.0,-80.0,-80.0,-80.0,-80.0,-80.0,-80.0,-80.0,-80.0,-80.0,-80.0,-80.0,-80.0,-80.0,-80.0,-80.0,-80.0,-80.0,-80.0,-80.0,-80.0,-80.0,-80.0,-80.0,-80.0,-80.0,-80.0,-80.0,-80.0,-80.0,-80.0,-80.0,-80.0,-80.0,-80.0,-80.0,-80.0,-80.0,-80.0,-80.0,-80.0,-80.0,-80.0,-80.0,-80.0,-80.0,-80.0,-80.0,-80.0,-80.0,-80.0,-80.0,-80.0,-80.0,-80.0,-80.0,-80.0,-80.0,-80.0,-80.0,-80.0,-80.0,-80.0,-80.0,-80.0,-80.0,-80.0,-80.0,-80.0,-80.0,-80.0,-80.0,-80.0,-80.0,-80.0
-35.293945,-31.196749,-36.59354,-46.358376,-41.58568,-40.50742,-41.787872,-39.299046,-40.880577,-53.835358,-49.192795,-44.67297,-50.834023,-48.214535,-47.18019,-46.010967,-42.913544,-56.815365,-45.283447,-48.66919,-52.157192,-53.48531,-51.06875,-63.74568,-54.69672,-61.30321,-58.530178,-59.88556,-57.984863,-63.887012,-55.351738,-49.629185,-52.07058,-56.203453,-52.95882,-53.961605,-55.763405,-57.540703,-62.138504,-57.689247,-54.1248,-51.75622,-53.776405,-65.0598,-50.699753,-49.734493,-52.527054,-57.466026,-60.366547,-53.28187,-54.84176,-60.75692,-60.957893,-59.960205,-58.688564,-55.924164,-56.735596,-55.31157,-57.262287,-56.537003,-57.385605,-52.361217,-53.225952,-54.269497,-55.432304,-56.902542,-57.39381,-56.725986,-58.51979,-58.378952,-58.1428,-60.272167,-59.213524,-60.266808,-60.553833,-62.21707,-60.899853,-66.01271,-77.71361,-61.227196,-58.57054,-60.673534,-62.37834,-69.88492,-67.77951,-71.6867,-64.48992,-64.718956,-67.791,-51.472164,-37.922367,-31.126987,-34.00892,-44.936485,-52.185123,-50.41365,-53.461136,-64.01451,-52.140488,-51.628197,-43.426678,-41.39635,-49.056213,-40.760933,-40.441307,-47.8194,-50.508728,-51.70941,-47.534973,-45.47461,-45.765472,-49.94562,-54.10714,-47.95845,-49.220135,-61.158634,-50.579742,-50.355606,-53.494816,-52.751274,-52.232944,-68.16321,-54.541817,-68.50039,-55.39646,-56.87201,-54.594864,-55.214195,-65.04466,-54.042,-52.316154,-53.99306,-54.112297,-55.542336,-51.194016,-48.802654,-53.547382,-67.077515,-68.94919,-59.584023,-55.445995,-60.459236,-67.3564,-63.73816,-60.191486,-63.859806,-74.47572,-67.77135,-76.80275,-59.908703,-61.850647,-59.4239,-61.58868,-70.18736,-78.37462,-65.6965,-61.89152,-72.24815,-65.518906,-68.52284,-64.57932,-73.863495,-76.94832,-65.94034,-63.964027,-64.3234,-69.69719,-73.04396,-65.41882,-60.369686,-59.77198,-63.86342,-72.55975,-80.0,-71.82619,-65.60087,-75.39938,-64.11821,-68.09161,-72.802536,-68.71876,-67.07581,-66.8819,-65.38089,-64.41963,-65.336426,-71.96905,-69.15587,-69.18225,-68.24861,-69.769424,-80.0,-71.933136,-76.7628,-74.68199,-68.09184,-68.42346,-75.42368,-74.63446,-76.36473,-72.62403,-75.31438,-80.0,-80.0,-73.360275,-71.3009,-73.56583,-74.10495,-69.14961,-68.8835,-72.94974,-76.525665,-79.29272,-80.0,-80.0,-80.0,-77.02311,-77.72792,-77.96144,-75.87784,-78.563644,-80.0,-77.937515,-78.396225,-79.656525,-80.0,-80.0,-80.0,-80.0,-80.0,-76.8981,-77.1908,-80.0,-80.0,-80.0,-78.48157,-74.99698,-76.429596,-80.0,-80.0,-80.0,-80.0,-80.0,-80.0,-80.0,-80.0,-80.0,-80.0,-80.0,-80.0,-80.0,-80.0,-80.0,-80.0,-80.0,-80.0,-80.0,-80.0,-80.0,-80.0,-80.0,-80.0,-80.0,-80.0,-80.0,-80.0,-80.0,-80.0,-80.0,-80.0,-80.0,-80.0,-80.0,-80.0,-80.0,-80.0,-80.0,-80.0,-80.0,-80.0,-80.0,-80.0,-80.0,-80.0,-80.0,-80.0,-80.0,-80.0,-80.0,-80.0,-80.0,-80.0,-80.0,-80.0,-80.0,-80.0,-80.0,-80.0,-80.0,-80.0,-80.0,-80.0,-80.0,-80.0,-80.0,-80.0,-80.0,-80.0,-80.0,-80.0,-80.0,-80.0,-80.0,-80.0,-80.0,-80.0,-80.0,-80.0,-80.0,-80.0,-80.0,-80.0,-80.0,-80.0,-80.0,-80.0,-80.0,-80.0,-80.0,-80.0,-80.0,-80.0,-80.0,-80.0,-80.0,-80.0,-80.0,-80.0,-80.0,-80.0,-80.0,-80.0,-80.0,-80.0,-80.0,-80.0,-80.0,-80.0,-80.0,-80.0,-80.0,-80.0,-80.0,-80.0,-80.0,-80.0,-80.0,-80.0,-80.0,-80.0,-80.0,-80.0,-80.0,-80.0,-80.0,-80.0,-80.0,-80.0,-80.0,-80.0,-80.0,-80.0,-80.0,-80.0,-80.0,-80.0,-80.0,-80.0,-80.0,-80.0,-80.0,-80.0,-80.0,-80.0,-80.0,-80.0,-80.0,-80.0,-80.0,-80.0,-80.0,-80.0,-80.0,-80.0,-80.0,-80.0,-80.0,-80.0,-80.0,-80.0,-80.0,-80.0,-80.0,-80.0,-80.0,-80.0,-80.0,-80.0,-80.0,-80.0,-80.0,-80.0,-80.0
-33.809162,-29.079325,-34.399715,-41.76575,-42.903263,-45.266922,-50.47006,-42.929466,-47.836792,-47.776726,-43.896713,-42.956295,-46.58082,-47.567993,-49.25869,-49.286995,-48.19596,-46.819733,-45.38156,-52.63997,-46.97705,-45.713123,-45.898514,-54.521065,-62.190105,-54.061317,-50.822487,-49.98886,-51.696693,-55.659416,-50.958393,-54.27452,-52.367958,-48.948006,-49.22534,-62.33909,-53.678276,-54.812073,-61.82238,-66.73416,-55.675694,-51.292015,-60.297382,-57.145233,-54.26229,-54.17284,-54.929,-58.47068,-62.5701,-52.102554,-52.43911,-55.890564,-64.1344,-60.39808,-57.444633,-58.834885,-60.188843,-58.698208,-62.03454,-57.903446,-59.566826,-55.099464,-58.96726,-58.275475,-65.860535,-66.18721,-66.60435,-60.92114,-62.520233,-61.44626,-65.78692,-67.34665,-62.460205,-65.74876,-66.24301,-70.3797,-65.6118,-61.930275,-66.36809,-63.83932,-61.29042,-70.4438,-66.35646,-77.53044,-65.96565,-66.29973,-64.854935,-70.98271,-72.306114,-52.348274,-36.58098,-31.286497,-33.950504,-49.489025,-48.752316,-45.00688,-46.95411,-50.769775,-55.331177,-47.48035,-42.00726,-41.257404,-45.23143,-41.22437,-42.23131,-51.58589,-54.66162,-48.69406,-48.071594,-52.780647,-46.044094,-44.86083,-49.989098,-48.288303,-50.522175,-54.695953,-51.325546,-51.524567,-60.673096,-53.22119,-50.819992,-54.216965,-59.0255,-54.66799,-51.883698,-55.17961,-60.367496,-57.32857,-57.121002,-59.146225,-53.62715,-53.121376,-58.29226,-57.038803,-53.636528,-53.61048,-58.0887,-71.916016,-64.18672,-58.9296,-55.703503,-55.873337,-61.92374,-71.31944,-60.092834,-62.410477,-75.13147,-63.027054,-63.188007,-58.596962,-58.89734,-56.174374,-58.471916,-71.736755,-63.348927,-61.873474,-66.651794,-67.00743,-68.905396,-75.13434,-69.4171,-68.73456,-70.017586,-67.82236,-72.293076,-65.30159,-62.1342,-63.717876,-62.745285,-62.104755,-66.3672,-65.61411,-77.30785,-71.94708,-67.10939,-63.18543,-63.84611,-67.48962,-72.46915,-67.407455,-74.3163,-71.2002,-68.43457,-72.94656,-68.1626,-72.01573,-66.07446,-69.274,-78.306885,-78.66289,-71.90535,-77.88393,-77.11699,-80.0,-78.149216,-70.98274,-74.17714,-70.11282,-71.38057,-77.43935,-70.21437,-69.86541,-74.272545,-77.47954,-76.25685,-80.0,-80.0,-72.33982,-67.75781,-70.92849,-70.69479,-76.12541,-74.198654,-73.76335,-79.30426,-79.00603,-80.0,-78.34,-78.815384,-76.5208,-76.456665,-80.0,-77.58876,-80.0,-80.0,-80.0,-80.0,-80.0,-80.0,-80.0,-80.0,-80.0,-80.0,-80.0,-76.821976,-74.611206,-75.07167,-80.0,-80.0,-80.0,-80.0,-80.0,-80.0,-80.0,-80.0,-80.0,-80.0,-80.0,-80.0,-80.0,-80.0,-80.0,-80.0,-80.0,-80.0,-80.0,-80.0,-80.0,-80.0,-80.0,-80.0,-80.0,-80.0,-80.0,-80.0,-80.0,-80.0,-80.0,-80.0,-80.0,-80.0,-80.0,-80.0,-80.0,-80.0,-80.0,-80.0,-80.0,-80.0,-80.0,-80.0,-80.0,-80.0,-80.0,-80.0,-80.0,-80.0,-80.0,-80.0,-80.0,-80.0,-80.0,-80.0,-80.0,-80.0,-80.0,-80.0,-80.0,-80.0,-80.0,-80.0,-80.0,-80.0,-80.0,-80.0,-80.0,-80.0,-80.0,-80.0,-80.0,-80.0,-80.0,-80.0,-80.0,-80.0,-80.0,-80.0,-80.0,-80.0,-80.0,-80.0,-80.0,-80.0,-80.0,-80.0,-80.0,-80.0,-80.0,-80.0,-80.0,-80.0,-80.0,-80.0,-80.0,-80.0,-80.0,-80.0,-80.0,-80.0,-80.0,-80.0,-80.0,-80.0,-80.0,-80.0,-80.0,-80.0,-80.0,-80.0,-80.0,-80.0,-80.0,-80.0,-80.0,-80.0,-80.0,-80.0,-80.0,-80.0,-80.0,-80.0,-80.0,-80.0,-80.0,-80.0,-80.0,-80.0,-80.0,-80.0,-80.0,-80.0,-80.0,-80.0,-80.0,-80.0,-80.0,-80.0,-80.0,-80.0,-80.0,-80.0,-80.0,-80.0,-80.0,-80.0,-80.0,-80.0,-80.0,-80.0,-80.0,-80.0,-80.0,-80.0,-80.0,-80.0,-80.0,-80.0,-80.0,-80.0,-80.0,-80.0,-80.0,-80.0,-80.0,-80.0,-80.0,-80.0,-80.0,-80.0,-80.0,-80.0,-80.0,-80.0
-32.949764,-29.779135,-34.983665,-41.49472,-40.844147,-43.38005,-44.17748,-48.723007,-44.81809,-43.101868,-47.203964,-44.44699,-47.095226,-47.693085,-46.61168,-54.382572,-49.428562,-46.82395,-44.133533,-49.289112,-47.61803,-41.81293,-43.777653,-51.51391,-59.89232,-51.866142,-47.15014,-48.61914,-48.629128,-52.951622,-53.586456,-49.412712,-47.011555,-45.05532,-51.528385,-55.73732,-50.598114,-53.507328,-60.72564,-61.385517,-58.09878,-50.718765,-55.04491,-57.923897,-59.02321,-59.21947,-59.235394,-58.000916,-54.39348,-53.087646,-57.22071,-55.872772,-66.62869,-58.712715,-58.07738,-61.038998,-62.592705,-62.379932,-63.426777,-55.291843,-54.097282,-57.693104,-64.8414,-63.548717,-62.798927,-62.512344,-64.19014,-61.020054,-62.39234,-61.491795,-61.446854,-63.766582,-60.093777,-60.981735,-72.71409,-67.12149,-71.15044,-60.533237,-62.46204,-63.211945,-63.789116,-69.95309,-66.530846,-69.46264,-68.84148,-63.844887,-63.9195,-72.056854,-71.765015,-50.774822,-38.052197,-35.207184,-35.465702,-42.78447,-43.36961,-40.01599,-44.757774,-47.796776,-42.53319,-42.659363,-47.47014,-43.503178,-45.65619,-45.01759,-43.761745,-54.61672,-52.74942,-49.786682,-47.88229,-55.02205,-48.46024,-42.86086,-48.08702,-51.827553,-54.863235,-54.43721,-56.361446,-55.279884,-57.824257,-57.2283,-52.620758,-53.7697,-59.673134,-56.98366,-52.687565,-54.127003,-60.22112,-56.6621,-53.983135,-57.609276,-58.973835,-56.38609,-59.068546,-60.555786,-58.464497,-58.47074,-61.871075,-60.454933,-57.90776,-62.203312,-57.437447,-58.885788,-61.720623,-64.77362,-63.38019,-58.77359,-59.982018,-58.0473,-62.639935,-56.969032,-54.81809,-56.831375,-56.568085,-59.28562,-59.47325,-62.45165,-73.10089,-69.08026,-64.83883,-68.49368,-67.38155,-73.2686,-65.40019,-69.72023,-65.80907,-64.42387,-65.18384,-63.774376,-67.80255,-63.694523,-65.61606,-64.133896,-67.018166,-66.48074,-68.22015,-62.613415,-65.29283,-68.75077,-66.34837,-67.23396,-80.0,-73.192955,-71.630875,-74.37692,-72.22412,-72.046074,-66.18559,-69.27142,-76.538185,-75.39099,-71.784424,-76.026794,-78.85132,-80.0,-74.69566,-71.64685,-77.19556,-73.27724,-70.51189,-74.377426,-70.28383,-72.19995,-74.387375,-80.0,-76.58794,-77.65279,-77.68236,-73.25813,-70.063774,-74.046265,-71.4474,-70.652756,-72.56146,-74.99646,-76.120026,-80.0,-80.0,-78.84108,-80.0,-79.22305,-78.796906,-76.56578,-78.591705,-80.0,-80.0,-80.0,-78.856514,-78.55174,-80.0,-80.0,-80.0,-80.0,-80.0,-80.0,-78.020935,-78.506165,-78.27519,-80.0,-80.0,-80.0,-80.0,-80.0,-80.0,-80.0,-80.0,-80.0,-80.0,-80.0,-80.0,-80.0,-80.0,-80.0,-80.0,-80.0,-80.0,-80.0,-80.0,-80.0,-80.0,-80.0,-80.0,-80.0,-80.0,-80.0,-80.0,-80.0,-80.0,-80.0,-80.0,-80.0,-80.0,-80.0,-80.0,-80.0,-80.0,-80.0,-80.0,-80.0,-80.0,-80.0,-80.0,-80.0,-80.0,-80.0,-80.0,-80.0,-80.0,-80.0,-80.0,-80.0,-80.0,-80.0,-80.0,-80.0,-80.0,-80.0,-80.0,-80.0,-80.0,-80.0,-80.0,-80.0,-80.0,-80.0,-80.0,-80.0,-80.0,-80.0,-80.0,-80.0,-80.0,-80.0,-80.0,-80.0,-80.0,-80.0,-80.0,-80.0,-80.0,-80.0,-80.0,-80.0,-80.0,-80.0,-80.0,-80.0,-80.0,-80.0,-80.0,-80.0,-80.0,-80.0,-80.0,-80.0,-80.0,-80.0,-80.0,-80.0,-80.0,-80.0,-80.0,-80.0,-80.0,-80.0,-80.0,-80.0,-80.0,-80.0,-80.0,-80.0,-80.0,-80.0,-80.0,-80.0,-80.0,-80.0,-80.0,-80.0,-80.0,-80.0,-80.0,-80.0,-80.0,-80.0,-80.0,-80.0,-80.0,-80.0,-80.0,-80.0,-80.0,-80.0,-80.0,-80.0,-80.0,-80.0,-80.0,-80.0,-80.0,-80.0,-80.0,-80.0,-80.0,-80.0,-80.0,-80.0,-80.0,-80.0,-80.0,-80.0,-80.0,-80.0,-80.0,-80.0,-80.0,-80.0,-80.0,-80.0,-80.0,-80.0,-80.0,-80.0,-80.0,-80.0,-80.0,-80.0,-80.0,-80.0,-80.0,-80.0,-80.0,-80.0,-80.0
-32.67868,-32.46861,-36.726646,-37.576527,-40.90317,-43.117,-42.284393,-48.265106,-44.40055,-41.55202,-44.237762,-45.463966,-49.995804,-46.476624,-43.89478,-47.608643,-48.19163,-47.234573,-45.356075,-51.22164,-48.629402,-40.937683,-45.167248,-51.41121,-55.62581,-50.39548,-47.72107,-51.722908,-48.97534,-51.524624,-53.29928,-48.923492,-46.205776,-46.07131,-49.81658,-51.221016,-51.2191,-53.41906,-55.522038,-56.559807,-54.25453,-50.079315,-55.221096,-58.782036,-61.944363,-60.106903,-61.761955,-55.151077,-53.154736,-55.031075,-58.781803,-58.01718,-62.068207,-56.748405,-57.04607,-59.01771,-61.13504,-67.02232,-62.410816,-54.90361,-55.338764,-60.99231,-68.89421,-69.23367,-62.503033,-60.910114,-62.39922,-62.750587,-64.97675,-62.240524,-60.970448,-62.785248,-58.09833,-59.16494,-65.07347,-65.26862,-62.788193,-58.78824,-62.14594,-63.075573,-67.2792,-72.297195,-67.23538,-67.67129,-70.50974,-66.66093,-63.894814,-65.741844,-66.48053,-51.079002,-41.5736,-42.207417,-38.56214,-41.68378,-41.53032,-39.258926,-44.28502,-42.666,-39.295387,-40.97215,-49.9401,-48.08704,-49.34854,-50.943253,-45.77019,-45.655773,-47.67231,-49.209366,-48.311256,-50.016808,-45.70476,-43.834892,-48.026318,-51.88481,-51.99602,-55.451294,-62.15908,-61.43785,-56.423153,-59.38147,-56.22035,-56.93832,-56.01527,-56.69863,-52.98437,-53.92729,-54.72945,-52.98633,-52.453674,-54.69463,-64.91981,-60.303116,-58.581573,-64.58918,-59.62606,-56.980686,-59.302895,-58.764656,-57.506966,-58.63801,-59.720566,-63.30596,-62.641273,-63.416565,-62.495865,-58.563156,-59.837364,-58.370518,-58.597847,-56.29033,-55.47032,-60.807137,-57.835133,-60.1298,-61.295006,-63.6324,-72.77162,-69.854744,-63.49993,-64.69273,-64.86731,-64.04998,-62.16313,-65.313644,-63.860443,-64.13751,-66.641785,-64.855774,-71.37866,-65.53047,-65.3234,-65.62822,-65.62195,-66.83034,-70.17807,-63.48139,-65.94797,-67.14028,-64.9507,-67.32306,-74.38225,-74.50015,-77.0043,-73.63507,-77.11783,-71.17189,-68.16626,-72.29875,-78.49469,-75.61335,-73.12755,-75.362976,-78.022354,-79.51624,-72.47816,-71.57707,-76.19411,-76.73889,-71.65637,-72.73951,-73.25455,-76.91227,-76.94951,-78.19853,-76.54759,-76.14407,-78.61578,-76.74985,-74.56804,-73.97553,-73.625946,-72.19133,-73.82042,-78.614975,-76.909134,-80.0,-80.0,-78.58855,-78.34119,-80.0,-80.0,-77.260376,-80.0,-80.0,-80.0,-80.0,-76.830734,-78.62505,-80.0,-80.0,-80.0,-80.0,-80.0,-80.0,-80.0,-80.0,-80.0,-80.0,-80.0,-80.0,-80.0,-80.0,-80.0,-80.0,-80.0,-80.0,-80.0,-80.0,-80.0,-80.0,-80.0,-80.0,-80.0,-80.0,-80.0,-80.0,-80.0,-80.0,-80.0,-80.0,-80.0,-80.0,-80.0,-80.0,-80.0,-80.0,-80.0,-80.0,-80.0,-80.0,-80.0,-80.0,-80.0,-80.0,-80.0,-80.0,-80.0,-80.0,-80.0,-80.0,-80.0,-80.0,-80.0,-80.0,-80.0,-80.0,-80.0,-80.0,-80.0,-80.0,-80.0,-80.0,-80.0,-80.0,-80.0,-80.0,-80.0,-80.0,-80.0,-80.0,-80.0,-80.0,-80.0,-80.0,-80.0,-80.0,-80.0,-80.0,-80.0,-80.0,-80.0,-80.0,-80.0,-80.0,-80.0,-80.0,-80.0,-80.0,-80.0,-80.0,-80.0,-80.0,-80.0,-80.0,-80.0,-80.0,-80.0,-80.0,-80.0,-80.0,-80.0,-80.0,-80.0,-80.0,-80.0,-80.0,-80.0,-80.0,-80.0,-80.0,-80.0,-80.0,-80.0,-80.0,-80.0,-80.0,-80.0,-80.0,-80.0,-80.0,-80.0,-80.0,-80.0,-80.0,-80.0,-80.0,-80.0,-80.0,-80.0,-80.0,-80.0,-80.0,-80.0,-80.0,-80.0,-80.0,-80.0,-80.0,-80.0,-80.0,-80.0,-80.0,-80.0,-80.0,-80.0,-80.0,-80.0,-80.0,-80.0,-80.0,-80.0,-80.0,-80.0,-80.0,-80.0,-80.0,-80.0,-80.0,-80.0,-80.0,-80.0,-80.0,-80.0,-80.0,-80.0,-80.0,-80.0,-80.0,-80.0,-80.0,-80.0,-80.0,-80.0,-80.0,-80.0,-80.0,-80.0,-80.0,-80.0,-80.0,-80.0,-80.0,-80.0
-32.71692,-32.294598,-35.37787,-38.039547,-43.62754,-45.54439,-42.677067,-46.986866,-47.446728,-43.188896,-43.378994,-45.801632,-55.47232,-47.301857,-42.76951,-46.766598,-49.563343,-50.163445,-48.92201,-56.07806,-47.94321,-40.980423,-45.79564,-52.28753,-50.276917,-51.024387,-51.02239,-51.734367,-51.2108,-53.413345,-53.734745,-51.98382,-48.40435,-50.64063,-48.545578,-49.756577,-54.992348,-56.26537,-55.564987,-56.864975,-54.238365,-50.24578,-55.32685,-55.590202,-56.671146,-60.23351,-63.83025,-54.671722,-54.03736,-57.43963,-56.27684,-62.163628,-58.715652,-57.315914,-58.717133,-60.11693,-60.23775,-66.19464,-60.29522,-57.27822,-60.453598,-65.86771,-69.1396,-72.20989,-65.02928,-63.449394,-63.616825,-66.425964,-67.08397,-64.030174,-62.902756,-63.120968,-58.70946,-61.319454,-62.502476,-67.045746,-60.326042,-58.7231,-64.85128,-64.80322,-69.04212,-77.484085,-70.13899,-68.484535,-68.60218,-71.22243,-65.035225,-66.02914,-66.91283,-52.688156,-46.149616,-53.61718,-41.64458,-41.195053,-40.47764,-41.07827,-46.85064,-42.355614,-40.581306,-41.747307,-48.314682,-56.18487,-59.416264,-56.88768,-49.449554,-43.774124,-46.004143,-50.33181,-49.566246,-48.77641,-44.510128,-47.892963,-50.54031,-50.643078,-49.15957,-54.894493,-58.760372,-59.2979,-55.371674,-56.09651,-61.07235,-65.284134,-56.111446,-54.347046,-52.718906,-56.21328,-53.68477,-53.272984,-54.2613,-54.423008,-61.236153,-60.284046,-59.042686,-66.75663,-58.143887,-55.572197,-59.080414,-59.93406,-59.73335,-56.99881,-58.277508,-60.075623,-58.83728,-62.9192,-58.144943,-60.975723,-62.714264,-61.0088,-58.780624,-58.53616,-58.239624,-69.579636,-60.99948,-64.539604,-67.67137,-66.31575,-69.71141,-70.66116,-64.96788,-65.767365,-65.73906,-62.665607,-62.143684,-65.87045,-65.6962,-65.631386,-66.613556,-65.54555,-71.30568,-67.85906,-68.11658,-68.89372,-66.27064,-69.67761,-68.02239,-64.82855,-68.587654,-64.813446,-66.74156,-68.670296,-70.74203,-77.34318,-75.55249,-70.40777,-71.24458,-73.00354,-71.83911,-77.07057,-80.0,-79.383934,-76.744064,-77.22714,-76.64584,-76.90967,-73.664566,-74.00159,-76.23729,-77.268906,-75.59102,-74.61133,-80.0,-80.0,-79.5777,-78.780304,-79.3322,-77.3922,-80.0,-79.11078,-78.19146,-75.79553,-76.19498,-75.95094,-76.66496,-80.0,-78.88632,-80.0,-78.38768,-80.0,-77.55032,-79.459175,-80.0,-79.910904,-80.0,-80.0,-80.0,-80.0,-78.329735,-79.02919,-80.0,-80.0,-80.0,-80.0,-80.0,-80.0,-80.0,-80.0,-80.0,-80.0,-80.0,-80.0,-80.0,-80.0,-80.0,-80.0,-80.0,-80.0,-80.0,-80.0,-80.0,-80.0,-80.0,-80.0,-80.0,-80.0,-80.0,-80.0,-80.0,-80.0,-80.0,-80.0,-80.0,-80.0,-80.0,-80.0,-80.0,-80.0,-80.0,-80.0,-80.0,-80.0,-80.0,-80.0,-80.0,-80.0,-80.0,-80.0,-80.0,-80.0,-80.0,-80.0,-80.0,-80.0,-80.0,-80.0,-80.0,-80.0,-80.0,-80.0,-80.0,-80.0,-80.0,-80.0,-80.0,-80.0,-80.0,-80.0,-80.0,-80.0,-80.0,-80.0,-80.0,-80.0,-80.0,-80.0,-80.0,-80.0,-80.0,-80.0,-80.0,-80.0,-80.0,-80.0,-80.0,-80.0,-80.0,-80.0,-80.0,-80.0,-80.0,-80.0,-80.0,-80.0,-80.0,-80.0,-80.0,-80.0,-80.0,-80.0,-80.0,-80.0,-80.0,-80.0,-80.0,-80.0,-80.0,-80.0,-80.0,-80.0,-80.0,-80.0,-80.0,-80.0,-80.0,-80.0,-80.0,-80.0,-80.0,-80.0,-80.0,-80.0,-80.0,-80.0,-80.0,-80.0,-80.0,-80.0,-80.0,-80.0,-80.0,-80.0,-80.0,-80.0,-80.0,-80.0,-80.0,-80.0,-80.0,-80.0,-80.0,-80.0,-80.0,-80.0,-80.0,-80.0,-80.0,-80.0,-80.0,-80.0,-80.0,-80.0,-80.0,-80.0,-80.0,-80.0,-80.0,-80.0,-80.0,-80.0,-80.0,-80.0,-80.0,-80.0,-80.0,-80.0,-80.0,-80.0,-80.0,-80.0,-80.0,-80.0,-80.0,-80.0,-80.0,-80.0,-80.0,-80.0,-80.0,-80.0,-80.0,-80.0,-80.0,-80.0,-80.0
-33.020847,-30.859623,-34.67276,-42.284996,-47.840797,-49.717056,-44.74216,-47.811516,-54.705658,-48.86473,-46.11196,-47.202442,-55.31874,-47.944878,-43.599136,-50.17048,-52.638504,-51.812542,-53.164597,-56.24156,-47.584373,-42.00076,-45.502296,-54.88336,-48.90941,-51.458393,-56.440758,-49.21817,-54.30293,-60.06025,-57.023926,-61.101532,-53.796616,-56.83609,-50.442596,-50.733242,-58.99617,-66.89087,-60.061684,-59.892895,-58.5237,-52.12851,-53.1325,-54.228313,-55.32258,-61.70616,-70.03145,-56.79899,-55.215122,-57.09045,-56.905807,-61.362724,-58.647102,-61.512558,-66.819565,-68.32272,-61.33352,-62.321472,-60.990086,-63.37329,-66.61322,-68.59065,-71.70481,-73.30738,-66.97063,-66.4048,-64.10263,-71.202774,-63.28636,-65.85463,-65.43102,-63.081604,-62.058453,-67.56433,-64.041954,-66.26024,-60.477695,-61.08166,-70.69888,-68.474304,-67.75633,-76.52032,-73.86065,-69.243225,-68.467545,-69.71257,-67.01122,-72.79979,-73.424774,-54.102318,-45.76436,-45.467335,-42.75474,-42.63581,-41.82615,-45.57509,-54.9337,-45.903122,-48.049828,-45.503895,-48.911354,-55.147667,-62.09294,-58.08022,-53.17228,-45.345703,-46.00306,-49.036663,-51.384476,-48.470985,-45.749332,-57.098045,-57.843826,-52.35295,-49.745434,-52.88985,-54.189438,-55.41999,-55.98313,-55.981964,-59.786625,-65.08431,-60.65216,-54.956028,-54.18912,-60.050312,-55.832558,-56.444565,-59.377968,-57.405556,-60.7903,-60.441307,-61.304077,-64.43665,-59.405945,-57.571995,-61.18118,-62.822865,-60.114677,-55.88774,-56.128403,-56.41459,-55.67543,-57.726395,-56.241405,-62.109123,-64.10845,-62.680775,-62.56208,-63.941376,-61.586117,-67.511505,-63.723633,-69.428345,-76.450806,-68.74611,-69.78383,-73.76429,-70.29794,-71.026344,-68.196945,-65.901924,-65.01939,-73.11102,-70.2673,-68.1463,-67.70875,-66.2319,-71.69061,-70.821945,-70.645706,-69.01109,-66.88678,-68.28046,-66.75915,-66.88318,-69.0181,-64.31085,-69.40999,-71.83487,-70.647995,-77.27545,-73.0162,-68.73587,-69.36766,-75.02916,-72.95868,-74.70357,-80.0,-80.0,-78.844986,-75.37381,-74.73894,-77.76201,-79.585205,-80.0,-78.14688,-79.288445,-80.0,-77.93286,-80.0,-78.37465,-78.47655,-80.0,-80.0,-79.162445,-80.0,-77.38165,-76.123215,-80.0,-78.34918,-76.35868,-78.10614,-80.0,-79.36738,-80.0,-77.17744,-80.0,-79.98807,-79.18986,-80.0,-80.0,-80.0,-80.0,-80.0,-80.0,-80.0,-80.0,-80.0,-80.0,-80.0,-80.0,-80.0,-80.0,-80.0,-80.0,-80.0,-80.0,-80.0,-80.0,-80.0,-80.0,-80.0,-80.0,-80.0,-80.0,-80.0,-80.0,-80.0,-80.0,-80.0,-80.0,-80.0,-80.0,-80.0,-80.0,-80.0,-80.0,-80.0,-80.0,-80.0,-80.0,-80.0,-80.0,-80.0,-80.0,-80.0,-80.0,-80.0,-80.0,-80.0,-80.0,-80.0,-80.0,-80.0,-80.0,-80.0,-80.0,-80.0,-80.0,-80.0,-80.0,-80.0,-80.0,-80.0,-80.0,-80.0,-80.0,-80.0,-80.0,-80.0,-80.0,-80.0,-80.0,-80.0,-80.0,-80.0,-80.0,-80.0,-80.0,-80.0,-80.0,-80.0,-80.0,-80.0,-80.0,-80.0,-80.0,-80.0,-80.0,-80.0,-80.0,-80.0,-80.0,-80.0,-80.0,-80.0,-80.0,-80.0,-80.0,-80.0,-80.0,-80.0,-80.0,-80.0,-80.0,-80.0,-80.0,-80.0,-80.0,-80.0,-80.0,-80.0,-80.0,-80.0,-80.0,-80.0,-80.0,-80.0,-80.0,-80.0,-80.0,-80.0,-80.0,-80.0,-80.0,-80.0,-80.0,-80.0,-80.0,-80.0,-80.0,-80.0,-80.0,-80.0,-80.0,-80.0,-80.0,-80.0,-80.0,-80.0,-80.0,-80.0,-80.0,-80.0,-80.0,-80.0,-80.0,-80.0,-80.0,-80.0,-80.0,-80.0,-80.0,-80.0,-80.0,-80.0,-80.0,-80.0,-80.0,-80.0,-80.0,-80.0,-80.0,-80.0,-80.0,-80.0,-80.0,-80.0,-80.0,-80.0,-80.0,-80.0,-80.0,-80.0,-80.0,-80.0,-80.0,-80.0,-80.0,-80.0,-80.0,-80.0,-80.0,-80.0,-80.0,-80.0,-80.0,-80.0,-80.0,-80.0,-80.0,-80.0
-33.78297,-32.6471,-38.39568,-44.25936,-45.59984,-46.24492,-43.945843,-44.434055,-51.227932,-50.947144,-47.8988,-50.499596,-52.610725,-46.789772,-45.965015,-52.233818,-49.43016,-48.62013,-52.668137,-54.780983,-50.365463,-44.829525,-47.69075,-65.28636,-50.6158,-50.71846,-57.01606,-48.663094,-51.57227,-54.272556,-54.90969,-57.16889,-56.58554,-55.54832,-56.02887,-52.59527,-55.818283,-66.466354,-64.46328,-58.328583,-58.69273,-55.826324,-53.37639,-56.333946,-58.40795,-60.22614,-67.26829,-61.150517,-56.619183,-56.56124,-61.564774,-59.503063,-62.25911,-71.58118,-65.91826,-65.79165,-62.95022,-62.35353,-66.10985,-63.799763,-62.979507,-64.8434,-74.72659,-70.49815,-66.949234,-62.739388,-61.537148,-64.14024,-59.766052,-62.66755,-67.45155,-63.057518,-66.45868,-64.5777,-69.20304,-62.772057,-62.17279,-66.78223,-70.86104,-69.40535,-66.236534,-72.07832,-71.10358,-68.969986,-68.7996,-68.612335,-68.54492,-80.0,-80.0,-54.92476,-44.580948,-42.4385,-43.919,-46.471573,-49.3524,-50.889706,-52.33268,-51.02738,-56.699913,-54.702297,-50.260674,-52.55883,-57.7661,-53.74753,-49.847992,-50.235695,-47.35052,-46.20379,-52.862198,-48.202198,-48.192963,-57.550133,-63.084076,-59.172226,-55.105064,-53.592255,-52.441635,-55.743053,-60.21446,-59.871506,-56.78077,-62.015675,-70.88342,-61.27277,-60.097805,-59.10553,-60.670563,-58.14982,-59.99701,-63.63591,-62.309998,-65.03403,-65.40283,-60.66855,-60.817505,-60.41245,-61.582397,-65.24281,-58.476395,-55.28133,-57.39703,-56.615482,-56.128323,-56.12181,-57.392063,-61.448112,-63.30797,-63.34944,-65.70857,-63.188843,-65.928055,-65.269135,-65.80138,-72.776886,-73.06548,-66.574326,-69.371185,-74.1713,-71.791046,-70.246475,-68.34499,-73.30652,-67.71886,-72.1664,-69.68618,-68.02396,-68.68826,-69.37703,-69.75426,-72.6772,-67.63695,-69.2159,-67.54657,-67.03139,-68.11427,-69.61511,-65.44234,-67.03577,-69.08882,-75.44739,-74.20769,-75.833,-75.18759,-70.035934,-72.66034,-74.06283,-70.94508,-73.51039,-80.0,-80.0,-76.964264,-72.15489,-73.21257,-80.0,-80.0,-80.0,-80.0,-80.0,-75.27057,-74.05876,-78.11264,-76.16135,-77.11069,-80.0,-76.64216,-79.791756,-80.0,-78.502335,-75.62355,-79.13634,-80.0,-78.03285,-78.85994,-80.0,-80.0,-80.0,-77.995026,-79.14751,-80.0,-80.0,-80.0,-80.0,-80.0,-80.0,-79.54732,-80.0,-80.0,-80.0,-80.0,-80.0,-80.0,-80.0,-80.0,-80.0,-80.0,-80.0,-80.0,-80.0,-80.0,-80.0,-80.0,-80.0,-80.0,-80.0,-80.0,-80.0,-80.0,-80.0,-80.0,-80.0,-80.0,-80.0,-80.0,-80.0,-80.0,-80.0,-80.0,-80.0,-80.0,-80.0,-80.0,-80.0,-80.0,-80.0,-80.0,-80.0,-80.0,-80.0,-80.0,-80.0,-80.0,-80.0,-80.0,-80.0,-80.0,-80.0,-80.0,-80.0,-80.0,-80.0,-80.0,-80.0,-80.0,-80.0,-80.0,-80.0,-80.0,-80.0,-80.0,-80.0,-80.0,-80.0,-80.0,-80.0,-80.0,-80.0,-80.0,-80.0,-80.0,-80.0,-80.0,-80.0,-80.0,-80.0,-80.0,-80.0,-80.0,-80.0,-80.0,-80.0,-80.0,-80.0,-80.0,-80.0,-80.0,-80.0,-80.0,-80.0,-80.0,-80.0,-80.0,-80.0,-80.0,-80.0,-80.0,-80.0,-80.0,-80.0,-80.0,-80.0,-80.0,-80.0,-80.0,-80.0,-80.0,-80.0,-80.0,-80.0,-80.0,-80.0,-80.0,-80.0,-80.0,-80.0,-80.0,-80.0,-80.0,-80.0,-80.0,-80.0,-80.0,-80.0,-80.0,-80.0,-80.0,-80.0,-80.0,-80.0,-80.0,-80.0,-80.0,-80.0,-80.0,-80.0,-80.0,-80.0,-80.0,-80.0,-80.0,-80.0,-80.0,-80.0,-80.0,-80.0,-80.0,-80.0,-80.0,-80.0,-80.0,-80.0,-80.0,-80.0,-80.0,-80.0,-80.0,-80.0,-80.0,-80.0,-80.0,-80.0,-80.0,-80.0,-80.0,-80.0,-80.0,-80.0,-80.0,-80.0,-80.0,-80.0,-80.0,-80.0,-80.0,-80.0,-80.0,-80.0,-80.0,-80.0,-80.0,-80.0,-80.0,-80.0,-80.0
-34.99538,-35.330887,-42.90077,-46.52247,-45.342247,-44.33081,-41.34653,-41.043373,-47.632725,-47.73558,-44.654457,-52.7852,-52.597702,-50.06215,-47.188313,-49.36381,-48.46086,-51.38582,-52.520973,-54.579643,-54.311577,-47.887047,-49.838257,-60.62092,-49.643646,-51.93397,-52.770805,-47.04756,-48.878532,-50.630493,-51.029816,-53.71016,-57.5541,-61.383545,-52.629913,-50.48014,-55.22527,-64.02503,-58.19367,-53.96323,-54.964886,-56.383034,-60.469913,-59.07588,-62.310364,-61.019485,-64.84819,-68.475975,-64.973755,-62.452682,-63.46039,-63.937008,-65.75267,-64.45673,-59.741978,-60.463528,-62.551773,-70.473526,-64.97532,-60.32614,-60.118668,-64.97866,-68.429184,-68.418045,-67.68387,-64.08614,-61.570847,-60.32384,-58.75479,-59.70697,-66.271355,-63.00966,-65.979774,-64.5603,-66.99922,-63.243095,-65.13174,-74.34513,-73.7933,-68.9494,-64.94199,-67.15013,-69.825294,-71.284424,-65.8241,-67.59221,-70.190254,-75.515045,-78.77913,-57.0844,-45.76326,-45.403885,-42.564495,-41.408016,-48.633236,-54.912647,-47.903122,-49.235855,-52.71866,-54.405563,-55.822807,-52.54844,-55.370934,-50.18353,-48.61462,-59.290405,-50.86085,-47.188885,-54.932293,-50.535183,-51.118317,-63.089127,-61.330368,-60.23886,-63.133606,-62.30168,-54.664402,-62.17121,-62.85914,-59.807922,-56.74769,-62.346355,-70.48724,-62.046646,-57.954853,-57.31819,-61.60884,-62.936016,-63.440166,-60.434654,-58.699722,-62.920097,-63.453743,-59.468426,-60.060333,-56.6547,-58.940655,-64.70823,-60.673985,-58.67122,-69.194824,-65.44072,-64.42836,-62.838776,-63.14866,-72.051125,-68.87143,-72.24144,-68.73215,-64.02372,-67.5763,-64.40769,-69.15318,-76.73566,-71.519455,-66.80168,-67.93286,-66.202126,-64.87553,-69.315735,-72.31766,-70.79872,-66.67232,-68.677155,-71.90593,-68.541565,-70.75143,-71.96286,-69.68105,-73.635376,-68.44382,-73.651215,-72.02865,-75.13487,-68.72133,-68.12671,-67.39249,-76.174416,-73.902596,-79.981155,-78.09865,-80.0,-79.261826,-73.17616,-78.31633,-77.764755,-72.17447,-76.7677,-80.0,-80.0,-79.86062,-73.34091,-74.13728,-79.41785,-80.0,-77.78938,-80.0,-78.692276,-72.58401,-72.52846,-80.0,-78.714874,-75.855515,-78.38732,-75.153946,-80.0,-80.0,-80.0,-76.73355,-78.50139,-80.0,-80.0,-80.0,-80.0,-80.0,-80.0,-80.0,-80.0,-80.0,-80.0,-80.0,-80.0,-80.0,-80.0,-80.0,-80.0,-80.0,-80.0,-80.0,-80.0,-80.0,-80.0,-80.0,-80.0,-80.0,-80.0,-80.0,-80.0,-80.0,-80.0,-80.0,-80.0,-80.0,-80.0,-80.0,-80.0,-80.0,-80.0,-80.0,-80.0,-80.0,-80.0,-80.0,-80.0,-80.0,-80.0,-80.0,-80.0,-80.0,-80.0,-80.0,-80.0,-80.0,-80.0,-80.0,-80.0,-80.0,-80.0,-80.0,-80.0,-80.0,-80.0,-80.0,-80.0,-80.0,-80.0,-80.0,-80.0,-80.0,-80.0,-80.0,-80.0,-80.0,-80.0,-80.0,-80.0,-80.0,-80.0,-80.0,-80.0,-80.0,-80.0,-80.0,-80.0,-80.0,-80.0,-80.0,-80.0,-80.0,-80.0,-80.0,-80.0,-80.0,-80.0,-80.0,-80.0,-80.0,-80.0,-80.0,-80.0,-80.0,-80.0,-80.0,-80.0,-80.0,-80.0,-80.0,-80.0,-80.0,-80.0,-80.0,-80.0,-80.0,-80.0,-80.0,-80.0,-80.0,-80.0,-80.0,-80.0,-80.0,-80.0,-80.0,-80.0,-80.0,-80.0,-80.0,-80.0,-80.0,-80.0,-80.0,-80.0,-80.0,-80.0,-80.0,-80.0,-80.0,-80.0,-80.0,-80.0,-80.0,-80.0,-80.0,-80.0,-80.0,-80.0,-80.0,-80.0,-80.0,-80.0,-80.0,-80.0,-80.0,-80.0,-80.0,-80.0,-80.0,-80.0,-80.0,-80.0,-80.0,-80.0,-80.0,-80.0,-80.0,-80.0,-80.0,-80.0,-80.0,-80.0,-80.0,-80.0,-80.0,-80.0,-80.0,-80.0,-80.0,-80.0,-80.0,-80.0,-80.0,-80.0,-80.0,-80.0,-80.0,-80.0,-80.0,-80.0,-80.0,-80.0,-80.0,-80.0,-80.0,-80.0,-80.0,-80.0,-80.0,-80.0,-80.0,-80.0,-80.0,-80.0,-80.0
-36.02204,-34.149246,-40.973724,-42.56296,-49.696278,-48.74693,-43.55893,-41.04081,-46.393166,-45.727165,-43.30024,-51.288933,-51.4852,-55.007442,-49.70273,-49.011066,-53.891716,-60.60759,-53.82196,-53.254715,-49.794857,-50.187775,-52.8443,-53.611607,-47.481537,-49.756107,-49.948433,-47.428047,-52.089916,-51.43364,-50.745567,-54.231056,-55.020855,-57.83251,-50.193634,-49.09882,-56.182434,-59.424606,-51.816147,-51.225304,-54.93747,-56.88777,-56.64677,-59.401756,-63.23036,-65.22805,-61.30685,-68.385574,-75.82742,-65.94893,-59.429405,-67.10209,-68.509834,-60.190735,-56.666058,-59.760475,-61.671055,-65.88898,-68.739,-58.972633,-60.814075,-66.29116,-62.722366,-62.849106,-63.57489,-66.74237,-64.92483,-64.52609,-63.516636,-61.643585,-62.304718,-62.14131,-62.574837,-69.76195,-68.75519,-67.6138,-66.203964,-71.587906,-80.0,-70.58156,-66.67677,-66.547554,-71.47182,-71.597595,-65.310486,-70.39625,-74.623245,-73.43905,-75.092255,-57.43431,-50.58619,-46.354256,-40.968273,-39.482933,-46.28706,-51.903458,-45.62509,-46.287086,-49.559692,-49.518867,-51.576004,-52.323853,-52.222603,-48.926952,-50.068634,-56.991447,-50.30001,-50.45778,-60.242455,-52.992546,-55.754387,-59.42947,-61.05826,-57.80194,-60.56959,-58.491352,-58.517944,-61.52761,-63.825996,-63.511925,-58.83429,-59.90567,-63.527637,-59.34597,-54.110664,-53.485847,-58.297462,-59.37661,-58.60978,-60.192062,-56.240685,-58.245792,-59.974194,-61.968216,-67.37254,-55.06155,-55.623516,-61.29669,-63.223907,-66.02352,-66.14725,-70.56926,-66.24127,-65.530716,-72.603516,-69.97079,-70.686676,-66.417435,-62.77613,-63.397907,-65.553406,-65.30083,-68.726234,-77.323326,-72.354065,-69.89447,-69.32132,-61.76636,-62.180645,-69.975266,-70.013336,-69.08902,-67.359634,-70.43007,-72.20056,-71.44777,-74.98117,-66.80803,-68.13465,-80.0,-70.85202,-68.5938,-76.05699,-73.7957,-71.47649,-69.39141,-74.9238,-76.30222,-76.96315,-79.98717,-76.85215,-73.555855,-75.570564,-73.272285,-76.32872,-77.03523,-78.18907,-80.0,-80.0,-80.0,-80.0,-78.62341,-79.87954,-75.0022,-76.28761,-75.157265,-77.26317,-76.87178,-73.522156,-73.342384,-80.0,-79.91925,-75.36597,-75.084236,-75.041306,-80.0,-78.98661,-77.42149,-76.97201,-77.790115,-80.0,-80.0,-80.0,-80.0,-80.0,-80.0,-80.0,-80.0,-80.0,-80.0,-80.0,-80.0,-80.0,-80.0,-80.0,-80.0,-80.0,-80.0,-80.0,-80.0,-80.0,-80.0,-80.0,-80.0,-80.0,-80.0,-80.0,-80.0,-80.0,-80.0,-80.0,-80.0,-80.0,-80.0,-80.0,-80.0,-80.0,-80.0,-80.0,-80.0,-80.0,-80.0,-80.0,-80.0,-80.0,-80.0,-80.0,-80.0,-80.0,-80.0,-80.0,-80.0,-80.0,-80.0,-80.0,-80.0,-80.0,-80.0,-80.0,-80.0,-80.0,-80.0,-80.0,-80.0,-80.0,-80.0,-80.0,-80.0,-80.0,-80.0,-80.0,-80.0,-80.0,-80.0,-80.0,-80.0,-80.0,-80.0,-80.0,-80.0,-80.0,-80.0,-80.0,-80.0,-80.0,-80.0,-80.0,-80.0,-80.0,-80.0,-80.0,-80.0,-80.0,-80.0,-80.0,-80.0,-80.0,-80.0,-80.0,-80.0,-80.0,-80.0,-80.0,-80.0,-80.0,-80.0,-80.0,-80.0,-80.0,-80.0,-80.0,-80.0,-80.0,-80.0,-80.0,-80.0,-80.0,-80.0,-80.0,-80.0,-80.0,-80.0,-80.0,-80.0,-80.0,-80.0,-80.0,-80.0,-80.0,-80.0,-80.0,-80.0,-80.0,-80.0,-80.0,-80.0,-80.0,-80.0,-80.0,-80.0,-80.0,-80.0,-80.0,-80.0,-80.0,-80.0,-80.0,-80.0,-80.0,-80.0,-80.0,-80.0,-80.0,-80.0,-80.0,-80.0,-80.0,-80.0,-80.0,-80.0,-80.0,-80.0,-80.0,-80.0,-80.0,-80.0,-80.0,-80.0,-80.0,-80.0,-80.0,-80.0,-80.0,-80.0,-80.0,-80.0,-80.0,-80.0,-80.0,-80.0,-80.0,-80.0,-80.0,-80.0,-80.0,-80.0,-80.0,-80.0,-80.0,-80.0,-80.0,-80.0,-80.0,-80.0,-80.0,-80.0,-80.0,-80.0,-80.0,-80.0,-80.0,-80.0,-80.0
-36.269688,-34.830482,-52.75515,-43.85932,-48.211838,-53.26065,-49.59253,-45.300533,-51.04138,-46.41778,-44.37517,-48.082485,-51.639626,-51.66053,-53.98075,-59.313564,-53.64888,-54.888943,-52.25978,-50.205605,-50.868664,-61.06002,-54.16198,-50.665825,-48.64074,-48.710968,-51.888725,-53.786694,-52.829155,-52.28307,-55.07472,-60.96203,-56.110725,-54.071926,-52.365723,-51.720608,-58.969337,-54.32326,-49.6598,-52.732925,-66.528,-62.385536,-55.40006,-60.574474,-63.256367,-59.761036,-60.789806,-65.93802,-68.35135,-59.546806,-57.772705,-66.22986,-71.278854,-61.413864,-58.11433,-60.82687,-59.66687,-63.819702,-68.37862,-61.69436,-61.21513,-63.82232,-60.98069,-60.753365,-62.912117,-63.14224,-66.8515,-74.860306,-80.0,-70.8618,-67.7919,-67.36162,-65.14834,-73.32514,-77.94504,-75.80058,-70.961044,-70.98976,-76.236755,-69.359375,-71.8844,-72.401054,-71.79472,-70.10089,-68.130066,-70.74806,-74.60399,-76.74494,-76.10434,-57.590874,-53.601776,-44.051765,-39.750454,-42.534794,-47.40002,-52.20446,-46.72934,-48.260086,-50.691353,-49.271133,-49.234455,-55.091827,-51.89797,-50.7088,-55.430283,-53.907528,-53.227684,-56.384502,-56.39393,-57.47277,-57.917976,-59.439686,-56.12828,-56.107292,-62.20905,-61.39643,-60.66175,-65.65964,-70.40364,-62.608055,-58.091866,-58.435234,-60.311043,-58.54791,-55.711723,-53.257523,-60.371902,-56.426353,-57.823456,-65.68574,-56.63629,-59.45713,-64.03822,-64.500114,-62.225857,-55.377426,-57.924267,-66.65939,-68.38704,-68.43988,-70.327194,-66.94592,-62.453865,-62.025463,-70.958984,-66.73801,-64.4694,-63.385986,-60.952362,-67.302444,-74.95166,-71.467896,-69.22612,-75.507996,-75.664856,-70.00287,-67.13722,-61.81891,-64.02876,-75.108604,-67.33185,-63.97482,-68.08688,-70.80532,-70.47578,-70.74147,-72.86393,-66.73772,-67.86804,-77.46515,-72.147156,-68.24906,-73.980606,-73.310974,-80.0,-77.20482,-80.0,-80.0,-80.0,-78.06526,-76.175964,-70.369316,-74.56938,-74.25206,-72.98163,-74.31828,-80.0,-80.0,-80.0,-78.75958,-80.0,-80.0,-75.878784,-75.14609,-72.62127,-74.46036,-75.70885,-75.968704,-78.269905,-74.567276,-76.642975,-78.180756,-77.56761,-80.0,-75.82144,-80.0,-76.51788,-74.30701,-78.56135,-80.0,-78.342926,-79.15083,-80.0,-80.0,-80.0,-80.0,-79.025604,-77.78516,-77.739204,-78.92002,-80.0,-80.0,-80.0,-80.0,-80.0,-80.0,-80.0,-80.0,-80.0,-80.0,-80.0,-80.0,-80.0,-80.0,-80.0,-80.0,-80.0,-80.0,-80.0,-80.0,-80.0,-80.0,-80.0,-80.0,-80.0,-80.0,-80.0,-80.0,-80.0,-80.0,-80.0,-80.0,-80.0,-80.0,-80.0,-80.0,-80.0,-80.0,-80.0,-80.0,-80.0,-80.0,-80.0,-80.0,-80.0,-80.0,-80.0,-80.0,-80.0,-80.0,-80.0,-80.0,-80.0,-80.0,-80.0,-80.0,-80.0,-80.0,-80.0,-80.0,-80.0,-80.0,-80.0,-80.0,-80.0,-80.0,-80.0,-80.0,-80.0,-80.0,-80.0,-80.0,-80.0,-80.0,-80.0,-80.0,-80.0,-80.0,-80.0,-80.0,-80.0,-80.0,-80.0,-80.0,-80.0,-80.0,-80.0,-80.0,-80.0,-80.0,-80.0,-80.0,-80.0,-80.0,-80.0,-80.0,-80.0,-80.0,-80.0,-80.0,-80.0,-80.0,-80.0,-80.0,-80.0,-80.0,-80.0,-80.0,-80.0,-80.0,-80.0,-80.0,-80.0,-80.0,-80.0,-80.0,-80.0,-80.0,-80.0,-80.0,-80.0,-80.0,-80.0,-80.0,-80.0,-80.0,-80.0,-80.0,-80.0,-80.0,-80.0,-80.0,-80.0,-80.0,-80.0,-80.0,-80.0,-80.0,-80.0,-80.0,-80.0,-80.0,-80.0,-80.0,-80.0,-80.0,-80.0,-80.0,-80.0,-80.0,-80.0,-80.0,-80.0,-80.0,-80.0,-80.0,-80.0,-80.0,-80.0,-80.0,-80.0,-80.0,-80.0,-80.0,-80.0,-80.0,-80.0,-80.0,-80.0,-80.0,-80.0,-80.0,-80.0,-80.0,-80.0,-80.0,-80.0,-80.0,-80.0,-80.0,-80.0,-80.0,-80.0,-80.0,-80.0,-80.0,-80.0,-80.0,-80.0,-80.0,-80.0,-80.0,-80.0
-35.80987,-34.340126,-45.03424,-43.580254,-45.677845,-49.64117,-47.96155,-50.96634,-49.48721,-46.741615,-51.259014,-54.03075,-54.277794,-50.638382,-49.254936,-50.1398,-49.28663,-53.40572,-56.465355,-56.45388,-53.773056,-56.26697,-55.44104,-52.15702,-56.144234,-54.70725,-57.13612,-52.770607,-52.525852,-52.651443,-55.524277,-56.797626,-63.70509,-57.830135,-68.954185,-57.587982,-57.217888,-52.535385,-52.42842,-56.370438,-61.518364,-62.25981,-56.998127,-60.266064,-61.300232,-57.807575,-64.20516,-64.452675,-60.417618,-56.540573,-55.693787,-63.507256,-69.56149,-62.445084,-62.498253,-56.92473,-58.68727,-60.495384,-61.284237,-65.41904,-64.6138,-68.99375,-65.236496,-62.374504,-73.22923,-65.01174,-67.57022,-65.03604,-67.73439,-68.59124,-67.36009,-67.581825,-66.009705,-71.61632,-70.02472,-69.05049,-75.13758,-71.38559,-73.19853,-70.96441,-68.71252,-70.42888,-65.7543,-65.56789,-73.06629,-74.94539,-73.25123,-73.882965,-75.90958,-58.54274,-47.657417,-43.542282,-43.55845,-50.9114,-48.441475,-53.43924,-49.9351,-50.4819,-47.270294,-47.836266,-52.945248,-65.45206,-59.782665,-52.846764,-55.829433,-59.510292,-58.59713,-59.630722,-56.016056,-57.166046,-55.837074,-61.290253,-58.012093,-55.137722,-57.195007,-58.00496,-55.416965,-57.32142,-61.134457,-57.873528,-58.162918,-58.096176,-59.857094,-58.93547,-57.870724,-55.201183,-58.866814,-58.602226,-63.355934,-61.01277,-58.033188,-62.15007,-69.124756,-63.474937,-58.70021,-57.179783,-65.18156,-70.81526,-67.517746,-65.4037,-64.39189,-66.98039,-62.236008,-58.85237,-64.52301,-64.47208,-63.784214,-66.86077,-61.052345,-67.12516,-70.0981,-71.2224,-71.094086,-70.09657,-71.58623,-67.21257,-68.69414,-65.2365,-70.41765,-74.60832,-68.23052,-64.66421,-67.186455,-67.71483,-71.81247,-70.565315,-76.08774,-69.118576,-69.97017,-73.76755,-71.67223,-70.63649,-70.76175,-75.104706,-74.91496,-80.0,-80.0,-80.0,-80.0,-74.43199,-74.06607,-68.117294,-69.87646,-76.95705,-75.2551,-71.10673,-74.81042,-80.0,-80.0,-77.88367,-80.0,-78.601135,-72.3953,-74.97432,-72.017334,-74.13454,-77.40791,-73.38971,-74.70399,-77.40117,-77.27202,-80.0,-79.87401,-79.452225,-79.81244,-79.14951,-78.523926,-77.18205,-80.0,-79.45796,-77.78773,-77.533035,-80.0,-80.0,-80.0,-80.0,-80.0,-80.0,-80.0,-80.0,-80.0,-80.0,-80.0,-80.0,-80.0,-80.0,-80.0,-80.0,-80.0,-80.0,-80.0,-80.0,-80.0,-80.0,-80.0,-80.0,-80.0,-80.0,-80.0,-80.0,-80.0,-80.0,-80.0,-80.0,-80.0,-80.0,-80.0,-80.0,-80.0,-80.0,-80.0,-80.0,-80.0,-80.0,-80.0,-80.0,-80.0,-80.0,-80.0,-80.0,-80.0,-80.0,-80.0,-80.0,-80.0,-80.0,-80.0,-80.0,-80.0,-80.0,-80.0,-80.0,-80.0,-80.0,-80.0,-80.0,-80.0,-80.0,-80.0,-80.0,-80.0,-80.0,-80.0,-80.0,-80.0,-80.0,-80.0,-80.0,-80.0,-80.0,-80.0,-80.0,-80.0,-80.0,-80.0,-80.0,-80.0,-80.0,-80.0,-80.0,-80.0,-80.0,-80.0,-80.0,-80.0,-80.0,-80.0,-80.0,-80.0,-80.0,-80.0,-80.0,-80.0,-80.0,-80.0,-80.0,-80.0,-80.0,-80.0,-80.0,-80.0,-80.0,-80.0,-80.0,-80.0,-80.0,-80.0,-80.0,-80.0,-80.0,-80.0,-80.0,-80.0,-80.0,-80.0,-80.0,-80.0,-80.0,-80.0,-80.0,-80.0,-80.0,-80.0,-80.0,-80.0,-80.0,-80.0,-80.0,-80.0,-80.0,-80.0,-80.0,-80.0,-80.0,-80.0,-80.0,-80.0,-80.0,-80.0,-80.0,-80.0,-80.0,-80.0,-80.0,-80.0,-80.0,-80.0,-80.0,-80.0,-80.0,-80.0,-80.0,-80.0,-80.0,-80.0,-80.0,-80.0,-80.0,-80.0,-80.0,-80.0,-80.0,-80.0,-80.0,-80.0,-80.0,-80.0,-80.0,-80.0,-80.0,-80.0,-80.0,-80.0,-80.0,-80.0,-80.0,-80.0,-80.0,-80.0,-80.0,-80.0,-80.0,-80.0,-80.0,-80.0,-80.0,-80.0,-80.0,-80.0,-80.0,-80.0,-80.0,-80.0
-35.039772,-33.578365,-42.78626,-42.85054,-43.08747,-47.87313,-55.651016,-48.74258,-45.262215,-48.08151,-55.029778,-53.630028,-51.722908,-46.56069,-44.377243,-45.016388,-48.065453,-57.22098,-57.98807,-55.337433,-54.702892,-55.132187,-52.501022,-50.38218,-53.56908,-62.370743,-51.26917,-46.44204,-46.9619,-48.496796,-50.52723,-52.086422,-58.30329,-57.104263,-59.482216,-59.357285,-57.593422,-54.969337,-60.915596,-63.770393,-60.176117,-63.443714,-57.28181,-60.096928,-55.7053,-55.03846,-59.43495,-58.18466,-57.896698,-59.506943,-53.855785,-55.965904,-61.805798,-59.1633,-57.0204,-57.47176,-65.9939,-59.86626,-57.345898,-61.11622,-65.12892,-64.226715,-60.138737,-59.916676,-68.86487,-65.960846,-61.459938,-60.06676,-63.25049,-63.28898,-62.951458,-66.76315,-63.622147,-65.317505,-65.32431,-66.75374,-73.822174,-68.24765,-68.18406,-72.07401,-69.456566,-64.86479,-61.895912,-61.72107,-68.0538,-75.391205,-69.54944,-68.05997,-69.02749,-57.775513,-46.93318,-46.90648,-45.85298,-45.72484,-51.046074,-53.136566,-48.857845,-47.051357,-45.827957,-48.844086,-59.110252,-62.353497,-56.09683,-54.03387,-54.13221,-55.018528,-61.423897,-55.47837,-54.1102,-54.238136,-54.362434,-61.58963,-65.97481,-56.49071,-55.791374,-55.436333,-53.88143,-53.50865,-54.19969,-54.487164,-59.614967,-55.835693,-58.979935,-57.313843,-59.51551,-58.93551,-58.51857,-63.066685,-67.05693,-65.16115,-62.743378,-65.53581,-66.22735,-65.70895,-58.481842,-60.663803,-68.003784,-65.37602,-65.78053,-69.923874,-63.665516,-66.324066,-60.259117,-58.50659,-62.280342,-68.54196,-69.48668,-62.57708,-59.891956,-64.09659,-67.03169,-66.35463,-70.61541,-67.55048,-71.26557,-66.0093,-63.830345,-65.56486,-80.0,-74.272125,-68.333374,-69.179596,-77.187805,-68.4106,-67.74071,-71.12193,-74.95596,-72.8981,-79.226395,-78.74501,-77.92958,-80.0,-72.897,-79.46064,-75.46529,-75.88188,-79.4394,-79.13023,-75.50122,-72.84297,-68.85538,-67.55205,-72.48923,-78.13089,-76.214554,-72.42511,-74.785065,-78.80914,-80.0,-80.0,-77.12744,-73.66095,-73.90796,-71.01097,-70.1378,-74.8526,-77.82324,-73.86482,-71.50267,-74.644966,-80.0,-80.0,-80.0,-80.0,-80.0,-80.0,-80.0,-80.0,-80.0,-77.38188,-80.0,-80.0,-80.0,-80.0,-80.0,-79.36101,-80.0,-80.0,-80.0,-80.0,-80.0,-80.0,-80.0,-80.0,-80.0,-80.0,-80.0,-80.0,-80.0,-80.0,-80.0,-80.0,-80.0,-80.0,-80.0,-80.0,-80.0,-80.0,-80.0,-80.0,-80.0,-80.0,-80.0,-80.0,-80.0,-80.0,-80.0,-80.0,-80.0,-80.0,-80.0,-80.0,-80.0,-80.0,-80.0,-80.0,-80.0,-80.0,-80.0,-80.0,-80.0,-80.0,-80.0,-80.0,-80.0,-80.0,-80.0,-80.0,-80.0,-80.0,-80.0,-80.0,-80.0,-80.0,-80.0,-80.0,-80.0,-80.0,-80.0,-80.0,-80.0,-80.0,-80.0,-80.0,-80.0,-80.0,-80.0,-80.0,-80.0,-80.0,-80.0,-80.0,-80.0,-80.0,-80.0,-80.0,-80.0,-80.0,-80.0,-80.0,-80.0,-80.0,-80.0,-80.0,-80.0,-80.0,-80.0,-80.0,-80.0,-80.0,-80.0,-80.0,-80.0,-80.0,-80.0,-80.0,-80.0,-80.0,-80.0,-80.0,-80.0,-80.0,-80.0,-80.0,-80.0,-80.0,-80.0,-80.0,-80.0,-80.0,-80.0,-80.0,-80.0,-80.0,-80.0,-80.0,-80.0,-80.0,-80.0,-80.0,-80.0,-80.0,-80.0,-80.0,-80.0,-80.0,-80.0,-80.0,-80.0,-80.0,-80.0,-80.0,-80.0,-80.0,-80.0,-80.0,-80.0,-80.0,-80.0,-80.0,-80.0,-80.0,-80.0,-80.0,-80.0,-80.0,-80.0,-80.0,-80.0,-80.0,-80.0,-80.0,-80.0,-80.0,-80.0,-80.0,-80.0,-80.0,-80.0,-80.0,-80.0,-80.0,-80.0,-80.0,-80.0,-80.0,-80.0,-80.0,-80.0,-80.0,-80.0,-80.0,-80.0,-80.0,-80.0,-80.0,-80.0,-80.0,-80.0,-80.0,-80.0,-80.0,-80.0,-80.0,-80.0,-80.0,-80.0,-80.0,-80.0,-80.0,-80.0,-80.0,-80.0
-34.347633,-33.893944,-50.114502,-45.581726,-45.69269,-49.98163,-51.375538,-48.01033,-43.764004,-50.465736,-48.177517,-45.120987,-49.134254,-47.675606,-45.708786,-45.283085,-51.761223,-54.355957,-52.720345,-51.441154,-56.035522,-63.85934,-55.78903,-50.83335,-53.495583,-59.375916,-50.883266,-45.524994,-45.640213,-47.884926,-49.458164,-49.66018,-52.74919,-51.80517,-53.43437,-54.63334,-57.60799,-57.24688,-61.049747,-61.848434,-64.10797,-60.10841,-54.735725,-54.117413,-52.84485,-54.459457,-56.42791,-57.46466,-60.73694,-65.85163,-53.96045,-53.85013,-59.314198,-59.46773,-56.743095,-61.260517,-68.43144,-61.751583,-58.53681,-61.238842,-70.03926,-61.468113,-55.982483,-58.98931,-67.988106,-66.49259,-60.01866,-59.607967,-65.40648,-63.998894,-63.146336,-64.89789,-63.976067,-62.560883,-66.82954,-66.93655,-67.66989,-66.42642,-67.02698,-73.25983,-69.47251,-64.72531,-63.40333,-60.918457,-67.26044,-79.874435,-68.43531,-68.102776,-67.852264,-59.56285,-51.495575,-45.291428,-43.58703,-46.30078,-51.344894,-51.485153,-47.16175,-49.682873,-48.37159,-53.454887,-66.25286,-59.512012,-52.648224,-58.323357,-56.82835,-53.98369,-59.26039,-52.993874,-54.815674,-55.937954,-51.873604,-58.04098,-64.53233,-59.428272,-60.763657,-59.24244,-58.814148,-55.530243,-52.31994,-53.797573,-57.498245,-54.47706,-57.159878,-55.906754,-56.911987,-58.404816,-58.738243,-61.373703,-62.593925,-66.34494,-69.10759,-63.503597,-58.33008,-59.016445,-58.376762,-61.47735,-68.58552,-63.49109,-69.07268,-68.9516,-66.10687,-68.771255,-61.16433,-63.17358,-67.09796,-68.71138,-67.17879,-60.957832,-61.08098,-68.70079,-70.45473,-66.95146,-67.12106,-64.482864,-67.032425,-69.01271,-61.810745,-63.06334,-73.49093,-71.65929,-68.95053,-68.6501,-68.75801,-67.97232,-71.37756,-73.55292,-73.340515,-76.77394,-73.12692,-74.38649,-78.193474,-74.64466,-71.374756,-74.966034,-80.0,-75.13037,-75.89142,-73.59062,-73.71539,-77.777176,-70.59304,-71.264786,-79.5003,-79.72102,-76.321884,-74.08995,-77.86061,-78.75185,-77.05744,-79.65172,-78.79927,-72.02551,-75.22241,-72.64223,-70.562256,-76.64139,-76.071594,-73.6384,-72.85799,-77.67727,-80.0,-80.0,-80.0,-80.0,-80.0,-80.0,-79.88661,-80.0,-80.0,-77.811844,-80.0,-80.0,-80.0,-80.0,-80.0,-79.529465,-78.08131,-80.0,-80.0,-80.0,-80.0,-80.0,-80.0,-80.0,-80.0,-80.0,-80.0,-78.942795,-80.0,-80.0,-80.0,-80.0,-80.0,-80.0,-80.0,-80.0,-80.0,-80.0,-80.0,-80.0,-80.0,-80.0,-80.0,-80.0,-80.0,-80.0,-80.0,-80.0,-80.0,-80.0,-80.0,-80.0,-80.0,-80.0,-80.0,-80.0,-80.0,-80.0,-80.0,-80.0,-80.0,-80.0,-80.0,-80.0,-80.0,-80.0,-80.0,-80.0,-80.0,-80.0,-80.0,-80.0,-80.0,-80.0,-80.0,-80.0,-80.0,-80.0,-80.0,-80.0,-80.0,-80.0,-80.0,-80.0,-80.0,-80.0,-80.0,-80.0,-80.0,-80.0,-80.0,-80.0,-80.0,-80.0,-80.0,-80.0,-80.0,-80.0,-80.0,-80.0,-80.0,-80.0,-80.0,-80.0,-80.0,-80.0,-80.0,-80.0,-80.0,-80.0,-80.0,-80.0,-80.0,-80.0,-80.0,-80.0,-80.0,-80.0,-80.0,-80.0,-80.0,-80.0,-80.0,-80.0,-80.0,-80.0,-80.0,-80.0,-80.0,-80.0,-80.0,-80.0,-80.0,-80.0,-80.0,-80.0,-80.0,-80.0,-80.0,-80.0,-80.0,-80.0,-80.0,-80.0,-80.0,-80.0,-80.0,-80.0,-80.0,-80.0,-80.0,-80.0,-80.0,-80.0,-80.0,-80.0,-80.0,-80.0,-80.0,-80.0,-80.0,-80.0,-80.0,-80.0,-80.0,-80.0,-80.0,-80.0,-80.0,-80.0,-80.0,-80.0,-80.0,-80.0,-80.0,-80.0,-80.0,-80.0,-80.0,-80.0,-80.0,-80.0,-80.0,-80.0,-80.0,-80.0,-80.0,-80.0,-80.0,-80.0,-80.0,-80.0,-80.0,-80.0,-80.0,-80.0,-80.0,-80.0,-80.0,-80.0,-80.0,-80.0,-80.0,-80.0,-80.0,-80.0,-80.0,-80.0,-80.0,-80.0,-80.0,-80.0,-80.0
-34.31224,-32.649387,-40.21157,-45.903244,-46.06263,-45.60241,-48.802906,-45.368553,-44.16301,-53.643932,-43.830265,-40.95698,-46.823982,-52.56865,-52.918205,-45.15818,-47.8287,-51.834984,-50.291912,-53.12722,-55.218246,-57.993782,-60.987793,-55.93479,-60.09259,-67.43053,-53.95285,-50.448868,-53.39129,-54.320415,-56.251904,-52.690826,-50.871887,-51.351578,-53.632263,-53.231995,-56.424973,-53.704002,-57.566734,-70.66176,-65.68283,-59.030514,-56.123077,-52.83165,-55.7856,-61.806366,-61.88269,-64.54663,-66.55344,-67.62816,-54.8233,-54.57706,-59.924725,-61.96961,-61.975483,-63.4523,-68.474365,-65.146225,-66.10917,-66.4155,-71.60449,-59.93393,-56.193687,-62.080025,-69.27051,-69.18843,-64.28322,-63.660618,-66.75169,-71.02548,-65.47829,-59.78418,-64.80432,-63.768295,-71.52989,-66.679085,-63.351402,-68.98007,-71.72092,-76.14244,-71.56613,-69.58449,-70.72809,-63.552002,-68.247894,-71.96916,-70.24006,-71.99975,-69.52269,-62.90236,-58.126335,-47.47991,-44.98873,-49.24308,-46.939964,-48.673378,-46.056934,-48.045517,-49.23288,-55.605453,-60.110245,-51.244587,-48.303307,-52.587585,-52.498604,-51.94175,-54.302055,-52.52338,-56.68438,-55.479996,-51.699223,-58.711174,-61.155064,-58.842968,-57.576096,-56.48454,-58.908215,-62.07868,-58.004143,-57.168926,-62.197796,-54.46998,-55.18975,-57.7025,-56.301792,-59.273983,-58.73117,-62.684998,-60.389004,-62.99288,-72.510574,-60.702023,-56.054184,-56.046707,-59.007904,-64.19601,-66.88847,-64.15882,-69.85188,-69.11151,-72.40663,-65.618744,-64.59736,-67.65471,-67.634125,-65.68421,-64.57841,-64.461136,-66.86769,-74.37097,-70.49574,-67.83792,-69.3201,-64.22073,-69.681946,-70.99486,-63.37725,-63.19184,-70.97676,-73.88754,-76.47362,-68.15991,-64.7093,-67.69676,-75.03189,-70.1737,-68.923,-73.41763,-69.91085,-68.70883,-73.03392,-73.662796,-72.66101,-74.83705,-80.0,-78.00576,-76.313194,-72.882805,-73.43671,-79.74366,-78.2359,-78.371056,-78.29768,-75.10368,-71.89191,-71.306046,-76.25626,-80.0,-76.7457,-78.22418,-80.0,-74.59332,-72.76059,-77.29405,-72.18019,-74.199684,-79.548676,-78.19081,-79.78621,-80.0,-80.0,-80.0,-80.0,-80.0,-80.0,-80.0,-80.0,-80.0,-80.0,-79.26277,-80.0,-80.0,-80.0,-76.880875,-79.378365,-80.0,-76.0549,-80.0,-80.0,-80.0,-80.0,-80.0,-80.0,-80.0,-80.0,-80.0,-79.96306,-77.37874,-80.0,-80.0,-80.0,-80.0,-80.0,-80.0,-80.0,-80.0,-80.0,-80.0,-80.0,-80.0,-80.0,-80.0,-80.0,-80.0,-80.0,-80.0,-80.0,-80.0,-80.0,-80.0,-80.0,-80.0,-80.0,-80.0,-80.0,-80.0,-80.0,-80.0,-80.0,-80.0,-80.0,-80.0,-80.0,-80.0,-80.0,-80.0,-80.0,-80.0,-80.0,-80.0,-80.0,-80.0,-80.0,-80.0,-80.0,-80.0,-80.0,-80.0,-80.0,-80.0,-80.0,-80.0,-80.0,-80.0,-80.0,-80.0,-80.0,-80.0,-80.0,-80.0,-80.0,-80.0,-80.0,-80.0,-80.0,-80.0,-80.0,-80.0,-80.0,-80.0,-80.0,-80.0,-80.0,-80.0,-80.0,-80.0,-80.0,-80.0,-80.0,-80.0,-80.0,-80.0,-80.0,-80.0,-80.0,-80.0,-80.0,-80.0,-80.0,-80.0,-80.0,-80.0,-80.0,-80.0,-80.0,-80.0,-80.0,-80.0,-80.0,-80.0,-80.0,-80.0,-80.0,-80.0,-80.0,-80.0,-80.0,-80.0,-80.0,-80.0,-80.0,-80.0,-80.0,-80.0,-80.0,-80.0,-80.0,-80.0,-80.0,-80.0,-80.0,-80.0,-80.0,-80.0,-80.0,-80.0,-80.0,-80.0,-80.0,-80.0,-80.0,-80.0,-80.0,-80.0,-80.0,-80.0,-80.0,-80.0,-80.0,-80.0,-80.0,-80.0,-80.0,-80.0,-80.0,-80.0,-80.0,-80.0,-80.0,-80.0,-80.0,-80.0,-80.0,-80.0,-80.0,-80.0,-80.0,-80.0,-80.0,-80.0,-80.0,-80.0,-80.0,-80.0,-80.0,-80.0,-80.0,-80.0,-80.0,-80.0,-80.0,-80.0,-80.0,-80.0,-80.0,-80.0,-80.0,-80.0,-80.0,-80.0,-80.0,-80.0,-80.0
-35.79169,-32.05578,-35.198723,-40.658268,-42.99246,-44.01642,-51.52253,-45.660328,-45.643562,-52.30094,-44.218384,-40.937935,-45.044994,-53.7452,-47.878006,-43.53841,-44.792164,-49.473335,-48.85382,-52.415016,-51.289696,-50.724014,-53.689556,-59.0786,-67.534805,-67.65704,-58.1817,-59.924446,-64.37733,-56.963974,-56.66115,-62.939247,-56.80388,-57.74504,-64.913376,-55.20848,-53.35909,-53.120552,-57.71559,-65.817,-58.87668,-56.860535,-62.558495,-57.443554,-60.96277,-64.35358,-61.62333,-62.608772,-64.95175,-61.093796,-56.323624,-54.964165,-56.16767,-57.97856,-63.463097,-62.553795,-63.17513,-63.98709,-64.08892,-66.73025,-70.912186,-61.199608,-59.810158,-65.96585,-64.32921,-65.727066,-71.12784,-70.16322,-64.117546,-68.86252,-63.329918,-58.483074,-61.849663,-65.5813,-66.01188,-63.84684,-64.342514,-73.990845,-75.77878,-76.19557,-77.84967,-74.6346,-71.19861,-67.70483,-72.15184,-69.559525,-70.78343,-70.28113,-67.79811,-60.85097,-51.388184,-51.31153,-48.92845,-49.76854,-47.01091,-48.0525,-47.04229,-52.226097,-51.269775,-53.469734,-54.57555,-49.249805,-47.72278,-49.474545,-52.472115,-52.18235,-53.505962,-56.546097,-64.06265,-57.167336,-53.09297,-57.41271,-59.698948,-60.45981,-59.97,-56.069893,-59.645477,-60.527218,-60.196938,-60.98127,-60.98751,-57.741676,-61.40066,-65.10901,-62.520615,-63.780582,-62.639767,-61.534515,-59.65238,-62.327843,-67.424126,-60.568485,-59.341896,-60.03384,-64.61565,-71.30138,-65.21803,-65.39363,-67.33925,-67.88258,-80.0,-69.5632,-66.08673,-68.88477,-69.476074,-70.23592,-68.852516,-71.30914,-74.415924,-72.78175,-64.186165,-64.80988,-70.81273,-65.5697,-66.718185,-69.00951,-67.77582,-67.01552,-78.325424,-80.0,-73.404755,-66.96759,-66.74719,-71.23149,-71.01155,-67.89097,-70.79184,-71.45631,-70.78877,-67.64928,-74.0436,-75.348175,-75.08205,-74.939514,-76.65578,-73.529724,-74.327866,-76.08751,-73.80951,-80.0,-76.52127,-76.45397,-79.82974,-75.069336,-73.45,-72.8584,-75.06734,-79.19321,-75.78183,-78.35785,-80.0,-77.255905,-77.08394,-78.00169,-74.91354,-79.23157,-80.0,-80.0,-80.0,-80.0,-79.28635,-80.0,-80.0,-80.0,-80.0,-79.1012,-80.0,-78.988686,-80.0,-80.0,-80.0,-80.0,-80.0,-77.09247,-80.0,-79.36418,-77.64371,-80.0,-80.0,-80.0,-80.0,-80.0,-80.0,-80.0,-80.0,-80.0,-80.0,-79.50354,-80.0,-80.0,-80.0,-80.0,-80.0,-80.0,-80.0,-80.0,-80.0,-80.0,-80.0,-80.0,-80.0,-80.0,-80.0,-80.0,-80.0,-80.0,-80.0,-80.0,-80.0,-80.0,-80.0,-80.0,-80.0,-80.0,-80.0,-80.0,-80.0,-80.0,-80.0,-80.0,-80.0,-80.0,-80.0,-80.0,-80.0,-80.0,-80.0,-80.0,-80.0,-80.0,-80.0,-80.0,-80.0,-80.0,-80.0,-80.0,-80.0,-80.0,-80.0,-80.0,-80.0,-80.0,-80.0,-80.0,-80.0,-80.0,-80.0,-80.0,-80.0,-80.0,-80.0,-80.0,-80.0,-80.0,-80.0,-80.0,-80.0,-80.0,-80.0,-80.0,-80.0,-80.0,-80.0,-80.0,-80.0,-80.0,-80.0,-80.0,-80.0,-80.0,-80.0,-80.0,-80.0,-80.0,-80.0,-80.0,-80.0,-80.0,-80.0,-80.0,-80.0,-80.0,-80.0,-80.0,-80.0,-80.0,-80.0,-80.0,-80.0,-80.0,-80.0,-80.0,-80.0,-80.0,-80.0,-80.0,-80.0,-80.0,-80.0,-80.0,-80.0,-80.0,-80.0,-80.0,-80.0,-80.0,-80.0,-80.0,-80.0,-80.0,-80.0,-80.0,-80.0,-80.0,-80.0,-80.0,-80.0,-80.0,-80.0,-80.0,-80.0,-80.0,-80.0,-80.0,-80.0,-80.0,-80.0,-80.0,-80.0,-80.0,-80.0,-80.0,-80.0,-80.0,-80.0,-80.0,-80.0,-80.0,-80.0,-80.0,-80.0,-80.0,-80.0,-80.0,-80.0,-80.0,-80.0,-80.0,-80.0,-80.0,-80.0,-80.0,-80.0,-80.0,-80.0,-80.0,-80.0,-80.0,-80.0,-80.0,-80.0,-80.0,-80.0,-80.0,-80.0,-80.0,-80.0,-80.0,-80.0,-80.0,-80.0,-80.0,-80.0
-39.58651,-35.888622,-37.05846,-40.507637,-43.681625,-47.90984,-55.95711,-50.56324,-48.708706,-55.907364,-49.613396,-45.35305,-49.386585,-52.249428,-47.954994,-46.771957,-48.103516,-53.046093,-50.82007,-53.18451,-52.979637,-50.1476,-51.791714,-58.04516,-61.096123,-62.74443,-63.90032,-61.10791,-63.803123,-59.84597,-60.804897,-61.772568,-65.65126,-72.15831,-65.74357,-58.94767,-57.502625,-57.692894,-59.264397,-64.8009,-57.759407,-57.40085,-63.13272,-64.33247,-65.94508,-63.79663,-59.82743,-60.784332,-66.015495,-58.771706,-60.289436,-59.62906,-58.59345,-60.846714,-62.979137,-64.51718,-63.3579,-66.21668,-63.165382,-65.65062,-71.06217,-67.95566,-66.22928,-64.07539,-63.73046,-67.57832,-75.46387,-69.870926,-65.97905,-66.923965,-63.848167,-61.005367,-63.624023,-68.192474,-64.295105,-64.559235,-68.69726,-78.26085,-77.73036,-80.0,-78.08682,-78.06706,-79.1391,-71.96588,-78.21025,-71.21727,-69.44838,-71.343925,-71.37555,-60.33779,-46.18445,-42.60011,-45.441982,-44.596535,-44.567295,-48.735397,-53.105003,-56.9922,-56.264416,-54.157425,-54.45222,-52.68908,-53.08718,-52.89132,-56.018227,-52.74332,-54.626972,-57.690636,-61.291348,-57.69841,-56.429005,-59.632103,-61.702427,-65.18164,-62.666046,-60.415394,-64.78399,-58.616943,-55.274536,-60.496506,-66.07095,-61.545868,-63.63018,-61.026154,-64.41313,-60.817284,-65.651695,-63.334656,-60.34537,-63.605103,-59.00618,-57.607536,-64.30239,-70.887436,-66.09137,-74.391205,-67.8497,-63.16195,-66.18846,-65.231064,-66.98161,-65.80202,-62.45611,-67.77339,-80.0,-74.15373,-68.03424,-66.06095,-67.68834,-66.38295,-60.412796,-64.35076,-74.433655,-64.58826,-64.697845,-73.12727,-77.89542,-69.7232,-70.15144,-68.84598,-67.954605,-68.713196,-73.21176,-77.727066,-70.9886,-70.91135,-72.76829,-69.24574,-68.6344,-70.37594,-78.172806,-74.54423,-71.31717,-75.65192,-74.4863,-73.52913,-72.33785,-74.027054,-74.29817,-77.244064,-73.16713,-77.96973,-75.27774,-76.234085,-80.0,-77.780846,-72.53163,-73.5138,-75.95358,-80.0,-78.383316,-76.75444,-80.0,-80.0,-80.0,-80.0,-80.0,-80.0,-80.0,-80.0,-77.043625,-76.460464,-79.52508,-80.0,-78.03341,-76.18371,-78.48253,-77.4021,-80.0,-80.0,-77.97093,-80.0,-80.0,-80.0,-80.0,-80.0,-80.0,-80.0,-80.0,-79.70268,-80.0,-80.0,-80.0,-80.0,-80.0,-80.0,-80.0,-80.0,-80.0,-80.0,-80.0,-80.0,-80.0,-80.0,-80.0,-80.0,-80.0,-80.0,-80.0,-80.0,-80.0,-80.0,-80.0,-80.0,-80.0,-80.0,-80.0,-80.0,-80.0,-80.0,-80.0,-80.0,-80.0,-80.0,-80.0,-80.0,-80.0,-80.0,-80.0,-80.0,-80.0,-80.0,-80.0,-80.0,-80.0,-80.0,-80.0,-80.0,-80.0,-80.0,-80.0,-80.0,-80.0,-80.0,-80.0,-80.0,-80.0,-80.0,-80.0,-80.0,-80.0,-80.0,-80.0,-80.0,-80.0,-80.0,-80.0,-80.0,-80.0,-80.0,-80.0,-80.0,-80.0,-80.0,-80.0,-80.0,-80.0,-80.0,-80.0,-80.0,-80.0,-80.0,-80.0,-80.0,-80.0,-80.0,-80.0,-80.0,-80.0,-80.0,-80.0,-80.0,-80.0,-80.0,-80.0,-80.0,-80.0,-80.0,-80.0,-80.0,-80.0,-80.0,-80.0,-80.0,-80.0,-80.0,-80.0,-80.0,-80.0,-80.0,-80.0,-80.0,-80.0,-80.0,-80.0,-80.0,-80.0,-80.0,-80.0,-80.0,-80.0,-80.0,-80.0,-80.0,-80.0,-80.0,-80.0,-80.0,-80.0,-80.0,-80.0,-80.0,-80.0,-80.0,-80.0,-80.0,-80.0,-80.0,-80.0,-80.0,-80.0,-80.0,-80.0,-80.0,-80.0,-80.0,-80.0,-80.0,-80.0,-80.0,-80.0,-80.0,-80.0,-80.0,-80.0,-80.0,-80.0,-80.0,-80.0,-80.0,-80.0,-80.0,-80.0,-80.0,-80.0,-80.0,-80.0,-80.0,-80.0,-80.0,-80.0,-80.0,-80.0,-80.0,-80.0,-80.0,-80.0,-80.0,-80.0,-80.0,-80.0,-80.0,-80.0,-80.0,-80.0,-80.0,-80.0,-80.0,-80.0,-80.0,-80.0,-80.0,-80.0
-44.362576,-40.98287,-42.58846,-44.79213,-48.709732,-52.065903,-55.084175,-52.850716,-54.237953,-58.43386,-61.46801,-53.19228,-55.539536,-55.17031,-52.782497,-58.674973,-57.670258,-58.98221,-56.380978,-60.68252,-61.26587,-55.00872,-56.51307,-59.329525,-59.460052,-61.492912,-62.346794,-60.954956,-66.600525,-64.299225,-63.887047,-63.049095,-62.381912,-68.64192,-72.59148,-66.09654,-72.04956,-64.13611,-60.60342,-64.6369,-63.177048,-61.594437,-66.11398,-70.496185,-80.0,-71.12396,-63.52436,-64.08363,-66.16261,-60.63259,-63.567757,-65.188805,-68.63724,-68.73625,-66.31236,-67.04088,-66.85715,-74.83571,-68.022194,-69.4426,-72.039444,-77.354034,-69.59332,-65.89392,-67.844,-75.09385,-74.03572,-73.3016,-71.69386,-71.79166,-70.48517,-69.49046,-69.50849,-69.31119,-68.88452,-71.72943,-74.53073,-80.0,-78.08488,-80.0,-76.451096,-75.37425,-77.2148,-73.92795,-77.7467,-76.934494,-73.3828,-78.50483,-74.32419,-57.917816,-43.682056,-39.03391,-41.507927,-45.72641,-42.6949,-50.016994,-52.65052,-59.537216,-56.513824,-55.124714,-56.829857,-56.335026,-52.494377,-54.676323,-52.9049,-54.284668,-53.166786,-60.432938,-56.780342,-57.71818,-55.00901,-60.695133,-63.420708,-59.51586,-62.11512,-60.1697,-62.82275,-56.72098,-57.444283,-58.228477,-60.591316,-62.863674,-63.860634,-60.006428,-65.00923,-58.65555,-62.04618,-63.571648,-61.82862,-62.04998,-59.132317,-56.922997,-61.0306,-76.521484,-65.44731,-65.29501,-64.26721,-62.735184,-65.254364,-63.868668,-61.16985,-62.505295,-60.64793,-67.90584,-68.67685,-63.204994,-65.95079,-66.34053,-66.26996,-62.09532,-60.554447,-64.263176,-68.57898,-64.729416,-68.629,-77.675896,-78.561584,-70.19665,-67.7599,-65.38306,-67.404526,-74.23125,-73.256836,-74.8351,-77.021515,-78.33304,-71.61767,-69.659454,-67.8616,-76.715195,-80.0,-78.24046,-72.33487,-72.392456,-76.03868,-76.31406,-73.203705,-77.002945,-72.84993,-80.0,-70.73173,-70.68071,-70.52017,-76.01672,-80.0,-74.163635,-73.39926,-75.12488,-76.508026,-80.0,-76.76823,-78.137115,-80.0,-80.0,-80.0,-80.0,-80.0,-80.0,-80.0,-80.0,-79.575165,-75.8512,-77.61109,-80.0,-77.25505,-78.86304,-80.0,-77.16078,-79.23813,-78.63179,-77.96094,-80.0,-80.0,-80.0,-80.0,-80.0,-80.0,-80.0,-80.0,-80.0,-80.0,-80.0,-80.0,-80.0,-80.0,-80.0,-80.0,-80.0,-80.0,-80.0,-80.0,-80.0,-80.0,-80.0,-80.0,-80.0,-80.0,-80.0,-80.0,-80.0,-80.0,-80.0,-80.0,-80.0,-80.0,-80.0,-80.0,-80.0,-80.0,-80.0,-80.0,-80.0,-80.0,-80.0,-80.0,-80.0,-80.0,-80.0,-80.0,-80.0,-80.0,-80.0,-80.0,-80.0,-80.0,-80.0,-80.0,-80.0,-80.0,-80.0,-80.0,-80.0,-80.0,-80.0,-80.0,-80.0,-80.0,-80.0,-80.0,-80.0,-80.0,-80.0,-80.0,-80.0,-80.0,-80.0,-80.0,-80.0,-80.0,-80.0,-80.0,-80.0,-80.0,-80.0,-80.0,-80.0,-80.0,-80.0,-80.0,-80.0,-80.0,-80.0,-80.0,-80.0,-80.0,-80.0,-80.0,-80.0,-80.0,-80.0,-80.0,-80.0,-80.0,-80.0,-80.0,-80.0,-80.0,-80.0,-80.0,-80.0,-80.0,-80.0,-80.0,-80.0,-80.0,-80.0,-80.0,-80.0,-80.0,-80.0,-80.0,-80.0,-80.0,-80.0,-80.0,-80.0,-80.0,-80.0,-80.0,-80.0,-80.0,-80.0,-80.0,-80.0,-80.0,-80.0,-80.0,-80.0,-80.0,-80.0,-80.0,-80.0,-80.0,-80.0,-80.0,-80.0,-80.0,-80.0,-80.0,-80.0,-80.0,-80.0,-80.0,-80.0,-80.0,-80.0,-80.0,-80.0,-80.0,-80.0,-80.0,-80.0,-80.0,-80.0,-80.0,-80.0,-80.0,-80.0,-80.0,-80.0,-80.0,-80.0,-80.0,-80.0,-80.0,-80.0,-80.0,-80.0,-80.0,-80.0,-80.0,-80.0,-80.0,-80.0,-80.0,-80.0,-80.0,-80.0,-80.0,-80.0,-80.0,-80.0,-80.0,-80.0,-80.0,-80.0,-80.0,-80.0,-80.0,-80.0,-80.0,-80.0,-80.0
-41.057632,-38.672913,-46.539894,-48.981697,-51.336098,-54.258312,-55.728706,-50.563095,-52.914494,-64.129814,-60.733246,-52.557037,-52.63195,-56.56289,-61.557762,-61.59095,-64.59813,-63.82935,-64.129,-61.476982,-58.274227,-61.461197,-66.23172,-58.93257,-60.63391,-64.0275,-60.50533,-58.986855,-64.41343,-62.19135,-64.52612,-63.799324,-60.8107,-67.76776,-71.61046,-70.928894,-63.631336,-62.80162,-61.239502,-59.70035,-66.82596,-66.02577,-66.880615,-68.256,-68.00494,-70.65605,-71.615555,-71.098526,-66.92984,-65.59262,-69.41269,-70.17862,-65.076805,-66.139786,-70.78454,-65.885475,-70.74628,-69.53683,-67.04741,-69.3926,-73.426285,-66.977516,-71.55037,-73.27864,-75.541855,-77.44809,-72.20068,-71.728134,-76.163414,-78.20892,-78.058,-75.462906,-72.93568,-71.95694,-73.36714,-74.32645,-78.72949,-70.803246,-71.130226,-79.58574,-80.0,-76.22162,-76.45166,-77.571724,-72.51529,-78.99809,-75.52341,-74.38713,-77.42777,-59.46193,-44.499573,-42.85458,-40.64359,-40.13707,-38.763912,-42.134106,-42.931732,-49.208958,-60.83391,-52.41565,-53.516876,-52.64431,-50.49163,-52.402737,-50.452003,-50.988426,-49.05574,-50.245308,-53.096527,-56.032547,-53.63852,-56.94255,-62.60183,-55.297302,-52.076973,-53.9012,-56.520973,-54.82753,-60.233315,-63.045387,-57.25334,-58.43455,-63.91204,-61.765205,-56.656643,-54.437218,-55.608093,-62.262096,-67.3492,-64.59483,-65.335365,-62.602013,-60.07565,-63.277016,-62.422783,-60.782764,-60.98697,-67.80406,-65.284645,-61.92816,-59.643806,-65.180954,-60.712147,-65.98831,-62.77633,-57.103813,-58.413994,-61.433247,-65.64111,-63.401176,-67.30301,-66.64869,-70.92111,-64.44754,-68.6485,-67.59,-68.95329,-74.07703,-72.32205,-67.93315,-73.00375,-71.34303,-70.67442,-72.14093,-80.0,-80.0,-74.17381,-71.47232,-66.49515,-72.08385,-74.311874,-75.07776,-75.20473,-69.42479,-73.55879,-69.19687,-70.608795,-80.0,-71.16231,-68.99496,-66.8539,-69.58637,-72.563385,-71.74817,-76.2861,-77.77223,-71.265114,-70.37045,-71.465576,-78.452194,-79.06437,-77.43305,-77.93524,-80.0,-80.0,-80.0,-80.0,-80.0,-80.0,-80.0,-80.0,-78.66017,-79.06334,-80.0,-77.9677,-80.0,-80.0,-80.0,-80.0,-79.02176,-79.50218,-78.71683,-80.0,-80.0,-80.0,-78.97612,-79.92653,-80.0,-80.0,-80.0,-80.0,-80.0,-80.0,-80.0,-80.0,-80.0,-80.0,-80.0,-80.0,-80.0,-80.0,-80.0,-80.0,-80.0,-80.0,-80.0,-80.0,-80.0,-80.0,-80.0,-80.0,-80.0,-80.0,-80.0,-80.0,-80.0,-80.0,-80.0,-80.0,-80.0,-80.0,-80.0,-80.0,-80.0,-80.0,-80.0,-80.0,-80.0,-80.0,-80.0,-80.0,-80.0,-80.0,-80.0,-80.0,-80.0,-80.0,-80.0,-80.0,-80.0,-80.0,-80.0,-80.0,-80.0,-80.0,-80.0,-80.0,-80.0,-80.0,-80.0,-80.0,-80.0,-80.0,-80.0,-80.0,-80.0,-80.0,-80.0,-80.0,-80.0,-80.0,-80.0,-80.0,-80.0,-80.0,-80.0,-80.0,-80.0,-80.0,-80.0,-80.0,-80.0,-80.0,-80.0,-80.0,-80.0,-80.0,-80.0,-80.0,-80.0,-80.0,-80.0,-80.0,-80.0,-80.0,-80.0,-80.0,-80.0,-80.0,-80.0,-80.0,-80.0,-80.0,-80.0,-80.0,-80.0,-80.0,-80.0,-80.0,-80.0,-80.0,-80.0,-80.0,-80.0,-80.0,-80.0,-80.0,-80.0,-80.0,-80.0,-80.0,-80.0,-80.0,-80.0,-80.0,-80.0,-80.0,-80.0,-80.0,-80.0,-80.0,-80.0,-80.0,-80.0,-80.0,-80.0,-80.0,-80.0,-80.0,-80.0,-80.0,-80.0,-80.0,-80.0,-80.0,-80.0,-80.0,-80.0,-80.0,-80.0,-80.0,-80.0,-80.0,-80.0,-80.0,-80.0,-80.0,-80.0,-80.0,-80.0,-80.0,-80.0,-80.0,-80.0,-80.0,-80.0,-80.0,-80.0,-80.0,-80.0,-80.0,-80.0,-80.0,-80.0,-80.0,-80.0,-80.0,-80.0,-80.0,-80.0,-80.0,-80.0,-80.0,-80.0,-80.0,-80.0,-80.0,-80.0,-80.0,-80.0,-80.0,-80.0,-80.0
-35.483356,-34.42364,-43.557068,-49.967117,-52.3009,-57.06422,-55.577576,-49.697296,-49.706482,-52.32743,-53.068283,-53.767708,-48.24703,-48.8243,-51.354496,-52.6095,-58.085064,-62.912487,-59.206795,-57.140045,-60.654556,-65.65849,-59.817234,-54.8881,-57.1689,-61.477726,-58.96286,-55.894722,-61.733616,-63.80042,-62.725113,-60.833878,-61.866196,-61.244213,-59.178886,-55.709007,-55.975403,-64.26053,-59.632202,-53.24962,-55.823425,-61.41103,-64.83408,-62.45443,-64.779854,-69.80588,-71.32813,-72.5264,-68.8705,-65.49019,-64.548325,-64.073105,-70.371124,-64.00412,-64.09741,-64.102715,-67.80147,-62.367157,-61.75886,-65.447845,-64.78797,-63.88458,-62.65529,-61.181763,-61.166058,-65.64632,-71.054886,-64.93992,-68.81734,-69.91905,-73.293976,-72.1494,-76.887955,-70.82756,-66.21271,-70.020325,-70.02999,-64.52844,-65.857254,-75.55136,-78.45378,-80.0,-73.59234,-69.434586,-70.3197,-74.76868,-71.2836,-67.809204,-73.595505,-62.846054,-47.560295,-45.109497,-40.562923,-38.45151,-37.83863,-38.47968,-39.68791,-43.266277,-51.149975,-55.11588,-52.07936,-50.920647,-55.67691,-57.654198,-54.12511,-49.00633,-46.79953,-48.711395,-56.40621,-60.903885,-57.671005,-54.9134,-56.47828,-51.996723,-52.3293,-51.282776,-52.801514,-51.757706,-54.287174,-60.48964,-58.380596,-57.799587,-58.296864,-57.721,-57.584023,-56.71588,-57.07387,-61.257675,-70.63496,-63.364574,-63.512108,-70.70465,-62.631767,-60.9998,-65.74871,-66.01604,-60.007507,-60.699757,-65.2702,-63.466747,-60.2189,-61.279976,-64.90114,-68.55826,-62.611362,-57.832054,-56.395966,-58.032837,-61.55377,-67.38545,-73.328445,-73.141525,-67.54907,-62.537506,-62.768085,-67.186134,-65.11829,-68.408134,-75.00961,-74.3194,-71.56838,-71.056076,-75.034485,-72.65918,-79.09621,-80.0,-79.11927,-66.788284,-63.728462,-66.72463,-68.99467,-69.88524,-68.928986,-67.9568,-67.838,-69.457275,-70.70304,-71.82909,-70.44345,-67.379364,-68.842606,-72.35208,-74.8608,-70.69136,-71.95164,-74.66118,-71.43243,-70.66322,-70.7063,-75.99658,-80.0,-80.0,-74.4915,-77.97487,-78.717804,-78.76149,-77.98912,-80.0,-80.0,-80.0,-80.0,-77.45741,-80.0,-76.67905,-75.79982,-80.0,-80.0,-80.0,-78.60893,-76.221146,-79.97737,-80.0,-80.0,-80.0,-80.0,-77.10169,-77.6826,-80.0,-78.00853,-78.90938,-79.594,-79.73947,-80.0,-80.0,-80.0,-80.0,-80.0,-80.0,-80.0,-80.0,-80.0,-80.0,-80.0,-80.0,-80.0,-80.0,-80.0,-80.0,-80.0,-80.0,-80.0,-80.0,-80.0,-80.0,-80.0,-80.0,-80.0,-80.0,-80.0,-80.0,-80.0,-80.0,-80.0,-80.0,-80.0,-80.0,-80.0,-80.0,-80.0,-80.0,-80.0,-80.0,-80.0,-80.0,-80.0,-80.0,-80.0,-80.0,-80.0,-80.0,-80.0,-80.0,-80.0,-80.0,-80.0,-80.0,-80.0,-80.0,-80.0,-80.0,-80.0,-80.0,-80.0,-80.0,-80.0,-80.0,-80.0,-80.0,-80.0,-80.0,-80.0,-80.0,-80.0,-80.0,-80.0,-80.0,-80.0,-80.0,-80.0,-80.0,-80.0,-80.0,-80.0,-80.0,-80.0,-80.0,-80.0,-80.0,-80.0,-80.0,-80.0,-80.0,-80.0,-80.0,-80.0,-80.0,-80.0,-80.0,-80.0,-80.0,-80.0,-80.0,-80.0,-80.0,-80.0,-80.0,-80.0,-80.0,-80.0,-80.0,-80.0,-80.0,-80.0,-80.0,-80.0,-80.0,-80.0,-80.0,-80.0,-80.0,-80.0,-80.0,-80.0,-80.0,-80.0,-80.0,-80.0,-80.0,-80.0,-80.0,-80.0,-80.0,-80.0,-80.0,-80.0,-80.0,-80.0,-80.0,-80.0,-80.0,-80.0,-80.0,-80.0,-80.0,-80.0,-80.0,-80.0,-80.0,-80.0,-80.0,-80.0,-80.0,-80.0,-80.0,-80.0,-80.0,-80.0,-80.0,-80.0,-80.0,-80.0,-80.0,-80.0,-80.0,-80.0,-80.0,-80.0,-80.0,-80.0,-80.0,-80.0,-80.0,-80.0,-80.0,-80.0,-80.0,-80.0,-80.0,-80.0,-80.0,-80.0,-80.0,-80.0,-80.0,-80.0,-80.0,-80.0,-80.0,-80.0,-80.0,-80.0,-80.0,-80.0
-33.23569,-31.490164,-39.04004,-45.097183,-52.887215,-59.857002,-54.118843,-52.64953,-57.88231,-51.16774,-53.056984,-57.295353,-51.941776,-49.29736,-52.489174,-53.22511,-59.20674,-55.033207,-51.271683,-52.355537,-60.2819,-62.732773,-55.19812,-53.936157,-65.4212,-63.467308,-58.47192,-56.496136,-60.474632,-55.527657,-55.270557,-55.900898,-58.254684,-52.46129,-50.47342,-52.481102,-56.94821,-59.513397,-54.6649,-52.43497,-56.721798,-69.93913,-63.14139,-60.276672,-62.755142,-62.754223,-63.20308,-65.73921,-68.04725,-64.81645,-60.843018,-63.608547,-68.71152,-66.62091,-63.21414,-64.818756,-71.91019,-63.363453,-65.069,-73.14821,-66.68829,-72.26941,-63.479218,-58.57506,-57.780872,-61.60439,-63.855545,-63.1102,-63.073452,-62.26564,-65.8094,-74.18941,-76.792816,-68.9986,-65.416534,-73.945984,-70.63585,-66.976524,-64.342834,-69.78868,-73.74683,-80.0,-72.12976,-68.624565,-74.19232,-70.67404,-68.578995,-67.566635,-68.2768,-69.075165,-49.911575,-43.69525,-44.834145,-50.627174,-48.169243,-47.437603,-48.363842,-45.76915,-50.73565,-57.689377,-65.305756,-58.30098,-54.39994,-54.807056,-53.711708,-59.609455,-53.962578,-52.968956,-56.616325,-55.663567,-62.652977,-56.357307,-51.61209,-52.408447,-58.647194,-55.99713,-66.02651,-55.48754,-55.567226,-67.98278,-67.31357,-69.64138,-64.19333,-63.833817,-69.35552,-66.225914,-65.98581,-67.36867,-62.893826,-59.15255,-61.032272,-71.77391,-62.95875,-59.866295,-62.18392,-60.41823,-62.552845,-63.49814,-61.99376,-68.97359,-66.38704,-64.61448,-75.64982,-72.48128,-65.55267,-68.17714,-62.64888,-67.296005,-66.04307,-75.00656,-77.56224,-80.0,-73.88902,-68.30548,-66.809425,-72.90042,-67.35297,-64.47813,-69.01805,-76.465256,-70.51051,-69.78952,-71.65506,-74.40045,-74.603546,-73.23018,-73.42926,-66.2036,-67.91835,-77.77894,-75.5448,-78.27692,-73.98575,-78.0345,-74.08003,-79.74826,-80.0,-73.96417,-80.0,-74.63451,-78.87541,-78.23254,-80.0,-77.28213,-76.10806,-80.0,-80.0,-80.0,-76.795616,-75.516174,-80.0,-79.10684,-77.54559,-80.0,-77.309875,-80.0,-80.0,-80.0,-80.0,-80.0,-80.0,-80.0,-80.0,-75.499725,-75.55231,-80.0,-80.0,-80.0,-80.0,-80.0,-80.0,-80.0,-80.0,-80.0,-80.0,-80.0,-80.0,-80.0,-80.0,-80.0,-80.0,-80.0,-80.0,-80.0,-80.0,-80.0,-80.0,-80.0,-80.0,-80.0,-80.0,-80.0,-80.0,-80.0,-80.0,-80.0,-80.0,-80.0,-80.0,-80.0,-80.0,-80.0,-80.0,-80.0,-80.0,-80.0,-80.0,-80.0,-80.0,-80.0,-80.0,-80.0,-80.0,-80.0,-80.0,-80.0,-80.0,-80.0,-80.0,-80.0,-80.0,-80.0,-80.0,-80.0,-80.0,-80.0,-80.0,-80.0,-80.0,-80.0,-80.0,-80.0,-80.0,-80.0,-80.0,-80.0,-80.0,-80.0,-80.0,-80.0,-80.0,-80.0,-80.0,-80.0,-80.0,-80.0,-80.0,-80.0,-80.0,-80.0,-80.0,-80.0,-80.0,-80.0,-80.0,-80.0,-80.0,-80.0,-80.0,-80.0,-80.0,-80.0,-80.0,-80.0,-80.0,-80.0,-80.0,-80.0,-80.0,-80.0,-80.0,-80.0,-80.0,-80.0,-80.0,-80.0,-80.0,-80.0,-80.0,-80.0,-80.0,-80.0,-80.0,-80.0,-80.0,-80.0,-80.0,-80.0,-80.0,-80.0,-80.0,-80.0,-80.0,-80.0,-80.0,-80.0,-80.0,-80.0,-80.0,-80.0,-80.0,-80.0,-80.0,-80.0,-80.0,-80.0,-80.0,-80.0,-80.0,-80.0,-80.0,-80.0,-80.0,-80.0,-80.0,-80.0,-80.0,-80.0,-80.0,-80.0,-80.0,-80.0,-80.0,-80.0,-80.0,-80.0,-80.0,-80.0,-80.0,-80.0,-80.0,-80.0,-80.0,-80.0,-80.0,-80.0,-80.0,-80.0,-80.0,-80.0,-80.0,-80.0,-80.0,-80.0,-80.0,-80.0,-80.0,-80.0,-80.0,-80.0,-80.0,-80.0,-80.0,-80.0,-80.0,-80.0,-80.0,-80.0,-80.0,-80.0,-80.0,-80.0,-80.0,-80.0,-80.0,-80.0,-80.0,-80.0,-80.0,-80.0,-80.0,-80.0,-80.0
-33.345165,-32.41928,-43.397926,-44.972153,-49.72412,-56.36553,-59.043655,-65.719604,-54.57023,-49.728065,-52.329956,-51.217728,-53.533264,-52.701607,-58.656933,-59.642136,-55.913273,-54.913696,-52.520683,-50.394695,-53.630974,-54.84916,-51.21109,-52.75837,-61.95627,-71.45065,-64.42612,-56.39073,-54.785522,-52.833813,-51.670948,-51.453854,-54.17852,-50.23078,-50.89954,-58.392815,-65.80699,-60.229034,-54.811695,-58.75998,-60.79744,-61.242184,-58.795086,-62.973618,-63.12247,-61.58339,-60.583633,-61.09072,-63.883118,-69.74995,-65.519135,-67.69007,-70.894066,-69.47441,-65.18803,-63.845226,-66.13334,-63.276512,-67.96016,-68.26553,-73.25156,-71.241196,-66.78317,-66.887375,-62.584885,-65.27934,-66.455215,-63.364624,-62.448193,-61.84427,-67.4624,-69.68785,-74.862404,-69.69632,-67.34793,-70.3849,-67.922455,-68.567604,-64.210434,-66.02535,-72.34111,-75.264114,-72.74829,-72.34529,-70.87036,-69.01297,-73.56877,-74.55293,-68.49942,-63.411163,-46.952385,-46.151295,-51.11185,-51.09379,-49.769234,-52.608425,-54.214554,-58.93912,-52.575344,-53.707222,-58.47661,-60.166115,-59.247288,-55.63624,-57.133484,-54.492172,-62.79982,-60.8815,-53.66551,-56.40781,-66.11438,-58.38362,-57.82244,-57.584274,-56.69013,-60.75306,-63.603855,-57.717155,-58.355923,-69.09554,-68.30922,-63.352173,-64.5456,-68.374695,-66.050995,-63.20803,-65.289444,-65.006195,-65.26906,-61.028584,-62.622578,-68.130356,-61.827286,-61.627636,-62.7368,-59.824665,-63.45941,-63.213314,-67.0117,-67.42326,-64.55179,-68.082794,-74.300385,-80.0,-70.98616,-63.792637,-63.18747,-69.65019,-68.16211,-70.11217,-74.88968,-74.16626,-80.0,-80.0,-78.18204,-72.303375,-73.96193,-65.4998,-69.37456,-75.52655,-77.8651,-74.11461,-76.21643,-72.098465,-72.21791,-70.137115,-72.34928,-69.48558,-73.505264,-80.0,-77.97568,-75.58852,-77.31791,-76.47684,-80.0,-80.0,-79.36288,-78.623,-75.43468,-77.29451,-76.699066,-80.0,-80.0,-77.269104,-78.07933,-80.0,-80.0,-80.0,-78.0069,-75.18885,-80.0,-78.995476,-80.0,-77.34717,-79.73207,-80.0,-80.0,-79.687004,-80.0,-80.0,-80.0,-80.0,-80.0,-78.52229,-78.12694,-80.0,-80.0,-79.94472,-80.0,-80.0,-80.0,-80.0,-80.0,-80.0,-80.0,-80.0,-80.0,-80.0,-80.0,-80.0,-80.0,-80.0,-80.0,-80.0,-80.0,-80.0,-80.0,-80.0,-80.0,-80.0,-80.0,-80.0,-80.0,-80.0,-80.0,-80.0,-80.0,-80.0,-80.0,-80.0,-80.0,-80.0,-80.0,-80.0,-80.0,-80.0,-80.0,-80.0,-80.0,-80.0,-80.0,-80.0,-80.0,-80.0,-80.0,-80.0,-80.0,-80.0,-80.0,-80.0,-80.0,-80.0,-80.0,-80.0,-80.0,-80.0,-80.0,-80.0,-80.0,-80.0,-80.0,-80.0,-80.0,-80.0,-80.0,-80.0,-80.0,-80.0,-80.0,-80.0,-80.0,-80.0,-80.0,-80.0,-80.0,-80.0,-80.0,-80.0,-80.0,-80.0,-80.0,-80.0,-80.0,-80.0,-80.0,-80.0,-80.0,-80.0,-80.0,-80.0,-80.0,-80.0,-80.0,-80.0,-80.0,-80.0,-80.0,-80.0,-80.0,-80.0,-80.0,-80.0,-80.0,-80.0,-80.0,-80.0,-80.0,-80.0,-80.0,-80.0,-80.0,-80.0,-80.0,-80.0,-80.0,-80.0,-80.0,-80.0,-80.0,-80.0,-80.0,-80.0,-80.0,-80.0,-80.0,-80.0,-80.0,-80.0,-80.0,-80.0,-80.0,-80.0,-80.0,-80.0,-80.0,-80.0,-80.0,-80.0,-80.0,-80.0,-80.0,-80.0,-80.0,-80.0,-80.0,-80.0,-80.0,-80.0,-80.0,-80.0,-80.0,-80.0,-80.0,-80.0,-80.0,-80.0,-80.0,-80.0,-80.0,-80.0,-80.0,-80.0,-80.0,-80.0,-80.0,-80.0,-80.0,-80.0,-80.0,-80.0,-80.0,-80.0,-80.0,-80.0,-80.0,-80.0,-80.0,-80.0,-80.0,-80.0,-80.0,-80.0,-80.0,-80.0,-80.0,-80.0,-80.0,-80.0,-80.0,-80.0,-80.0,-80.0,-80.0,-80.0,-80.0,-80.0,-80.0,-80.0,-80.0,-80.0,-80.0,-80.0,-80.0
-34.690895,-36.150177,-42.335247,-47.816307,-45.36077,-52.183643,-55.85772,-57.279427,-58.095985,-47.920773,-47.000248,-49.391533,-52.964207,-55.035168,-56.563957,-54.588737,-54.633705,-53.474792,-54.34311,-55.25763,-55.60541,-54.496662,-53.977627,-54.143723,-62.190052,-63.761246,-69.50281,-60.221973,-57.457527,-58.241375,-56.419422,-52.05876,-54.04406,-55.17302,-54.308838,-60.808937,-60.709236,-62.108707,-59.67907,-64.07619,-63.57155,-57.57482,-54.842873,-59.705994,-57.00457,-57.631184,-60.965534,-65.456055,-63.053616,-63.442074,-61.872536,-62.58143,-61.94791,-64.52034,-61.27366,-58.97198,-63.41508,-62.70126,-64.876045,-66.92234,-69.60799,-67.97824,-71.18407,-67.01862,-67.06409,-65.34964,-69.37691,-62.299797,-60.762764,-65.42299,-71.99048,-67.86394,-67.46344,-65.82969,-69.32691,-65.59527,-67.48695,-66.21052,-68.21394,-69.29845,-71.45305,-68.01301,-70.91089,-68.72244,-69.928955,-74.355255,-75.342026,-75.78088,-70.556595,-61.02446,-44.445587,-41.067158,-44.071533,-48.059807,-48.660057,-54.690918,-57.752342,-62.843037,-58.333534,-52.323387,-50.897453,-56.617836,-64.5528,-58.807457,-55.646606,-54.40892,-56.6215,-61.79372,-58.43169,-57.645058,-64.67289,-63.62202,-64.128914,-65.211975,-60.419056,-61.467606,-60.45459,-62.74344,-61.320793,-66.92239,-65.476776,-57.95502,-58.592262,-61.71606,-59.260727,-56.853714,-58.26571,-59.90223,-63.62279,-65.82732,-67.49963,-68.05379,-61.858288,-61.58169,-59.136726,-57.38497,-59.71724,-58.76557,-60.28406,-59.490585,-64.65431,-72.968414,-70.91585,-68.06465,-67.49521,-62.772667,-61.848675,-69.284904,-72.74931,-68.23196,-69.11949,-68.1236,-72.78427,-75.927124,-80.0,-77.78912,-75.32057,-67.23782,-68.024216,-72.13959,-76.274,-76.17699,-76.02881,-68.79093,-68.39473,-65.42636,-66.60567,-72.05986,-72.56923,-76.725204,-74.27066,-71.04783,-70.34627,-72.48236,-76.948715,-80.0,-76.699615,-75.060745,-71.57063,-71.97073,-74.887314,-80.0,-80.0,-73.22905,-73.211395,-75.31529,-80.0,-80.0,-79.257,-75.06931,-78.556625,-79.86113,-80.0,-80.0,-80.0,-80.0,-80.0,-77.50101,-78.33406,-79.73372,-80.0,-80.0,-80.0,-80.0,-80.0,-80.0,-80.0,-77.66202,-75.13144,-76.91226,-80.0,-80.0,-80.0,-78.5009,-80.0,-80.0,-80.0,-80.0,-80.0,-80.0,-80.0,-80.0,-80.0,-80.0,-80.0,-80.0,-80.0,-80.0,-80.0,-80.0,-80.0,-80.0,-80.0,-80.0,-80.0,-80.0,-80.0,-80.0,-80.0,-80.0,-80.0,-80.0,-80.0,-80.0,-80.0,-80.0,-80.0,-80.0,-80.0,-80.0,-80.0,-80.0,-80.0,-80.0,-80.0,-80.0,-80.0,-80.0,-80.0,-80.0,-80.0,-80.0,-80.0,-80.0,-80.0,-80.0,-80.0,-80.0,-80.0,-80.0,-80.0,-80.0,-80.0,-80.0,-80.0,-80.0,-80.0,-80.0,-80.0,-80.0,-80.0,-80.0,-80.0,-80.0,-80.0,-80.0,-80.0,-80.0,-80.0,-80.0,-80.0,-80.0,-80.0,-80.0,-80.0,-80.0,-80.0,-80.0,-80.0,-80.0,-80.0,-80.0,-80.0,-80.0,-80.0,-80.0,-80.0,-80.0,-80.0,-80.0,-80.0,-80.0,-80.0,-80.0,-80.0,-80.0,-80.0,-80.0,-80.0,-80.0,-80.0,-80.0,-80.0,-80.0,-80.0,-80.0,-80.0,-80.0,-80.0,-80.0,-80.0,-80.0,-80.0,-80.0,-80.0,-80.0,-80.0,-80.0,-80.0,-80.0,-80.0,-80.0,-80.0,-80.0,-80.0,-80.0,-80.0,-80.0,-80.0,-80.0,-80.0,-80.0,-80.0,-80.0,-80.0,-80.0,-80.0,-80.0,-80.0,-80.0,-80.0,-80.0,-80.0,-80.0,-80.0,-80.0,-80.0,-80.0,-80.0,-80.0,-80.0,-80.0,-80.0,-80.0,-80.0,-80.0,-80.0,-80.0,-80.0,-80.0,-80.0,-80.0,-80.0,-80.0,-80.0,-80.0,-80.0,-80.0,-80.0,-80.0,-80.0,-80.0,-80.0,-80.0,-80.0,-80.0,-80.0,-80.0,-80.0,-80.0,-80.0,-80.0,-80.0,-80.0,-80.0,-80.0,-80.0,-80.0,-80.0,-80.0,-80.0,-80.0,-80.0
-35.930023,-34.89141,-38.777775,-42.041523,-43.46965,-52.295017,-54.35879,-50.263416,-48.92498,-47.673172,-50.016235,-53.230156,-61.28453,-62.981647,-58.02722,-52.41696,-54.52316,-50.187477,-51.54025,-58.716667,-58.887856,-57.84017,-62.06095,-58.98776,-54.796623,-55.31877,-57.941357,-59.839153,-59.656914,-58.1203,-54.82781,-55.76991,-61.251007,-57.50741,-54.25271,-59.81926,-60.342888,-60.998272,-67.86525,-69.15683,-67.51532,-60.596966,-55.193993,-55.96935,-53.275536,-54.254936,-60.983597,-72.11139,-60.3703,-58.169846,-57.29831,-56.979008,-58.977036,-62.481934,-58.493774,-58.411552,-66.945435,-66.42085,-69.303314,-67.26167,-66.80373,-61.737797,-61.967827,-60.50154,-59.96419,-63.193928,-74.55002,-65.63776,-66.71951,-68.31044,-68.45245,-63.158413,-61.414066,-62.722183,-70.02113,-66.66426,-67.02937,-66.40143,-69.13701,-74.45976,-68.81427,-65.367744,-69.97535,-65.85254,-67.77644,-74.74455,-71.35927,-70.63305,-74.75539,-59.69949,-44.16433,-41.31736,-43.06704,-47.833004,-48.81831,-48.734062,-54.80186,-59.489006,-59.294914,-52.391228,-49.675964,-56.265835,-65.528854,-58.958427,-55.7455,-59.217995,-53.439583,-58.195427,-64.77916,-56.843666,-65.988174,-60.78642,-59.007236,-53.191147,-53.719284,-62.945545,-58.899628,-63.22965,-55.893375,-55.24975,-55.650272,-55.144985,-60.43319,-56.796646,-61.748512,-54.250362,-56.170845,-62.91557,-61.9537,-67.26352,-61.35679,-60.41341,-57.784286,-58.126564,-58.045303,-55.5951,-58.820084,-57.485226,-57.370216,-58.40278,-62.89229,-69.37839,-66.105774,-64.72562,-63.128395,-64.55388,-62.014233,-71.04805,-63.95671,-64.30121,-70.09459,-64.299545,-66.23569,-70.96318,-77.75929,-75.526276,-77.62654,-71.56909,-69.65134,-69.11627,-72.24875,-72.13432,-70.39267,-66.09485,-66.21181,-68.254524,-64.74701,-67.09364,-74.97521,-72.40033,-74.80148,-70.83882,-68.68061,-74.75819,-71.285126,-79.32768,-80.0,-75.11626,-68.322174,-73.43502,-72.0572,-75.20703,-78.14372,-72.71851,-77.470276,-75.5575,-76.38608,-77.15822,-80.0,-75.14672,-76.84549,-78.60159,-80.0,-80.0,-80.0,-80.0,-80.0,-78.50696,-76.35385,-80.0,-80.0,-80.0,-80.0,-80.0,-80.0,-78.322945,-80.0,-78.430954,-76.837166,-77.31357,-80.0,-79.95747,-80.0,-80.0,-80.0,-80.0,-80.0,-80.0,-80.0,-80.0,-80.0,-80.0,-80.0,-80.0,-80.0,-80.0,-80.0,-80.0,-80.0,-80.0,-80.0,-80.0,-80.0,-80.0,-80.0,-80.0,-80.0,-80.0,-80.0,-80.0,-80.0,-80.0,-80.0,-80.0,-80.0,-80.0,-80.0,-80.0,-80.0,-80.0,-80.0,-80.0,-80.0,-80.0,-80.0,-80.0,-80.0,-80.0,-80.0,-80.0,-80.0,-80.0,-80.0,-80.0,-80.0,-80.0,-80.0,-80.0,-80.0,-80.0,-80.0,-80.0,-80.0,-80.0,-80.0,-80.0,-80.0,-80.0,-80.0,-80.0,-80.0,-80.0,-80.0,-80.0,-80.0,-80.0,-80.0,-80.0,-80.0,-80.0,-80.0,-80.0,-80.0,-80.0,-80.0,-80.0,-80.0,-80.0,-80.0,-80.0,-80.0,-80.0,-80.0,-80.0,-80.0,-80.0,-80.0,-80.0,-80.0,-80.0,-80.0,-80.0,-80.0,-80.0,-80.0,-80.0,-80.0,-80.0,-80.0,-80.0,-80.0,-80.0,-80.0,-80.0,-80.0,-80.0,-80.0,-80.0,-80.0,-80.0,-80.0,-80.0,-80.0,-80.0,-80.0,-80.0,-80.0,-80.0,-80.0,-80.0,-80.0,-80.0,-80.0,-80.0,-80.0,-80.0,-80.0,-80.0,-80.0,-80.0,-80.0,-80.0,-80.0,-80.0,-80.0,-80.0,-80.0,-80.0,-80.0,-80.0,-80.0,-80.0,-80.0,-80.0,-80.0,-80.0,-80.0,-80.0,-80.0,-80.0,-80.0,-80.0,-80.0,-80.0,-80.0,-80.0,-80.0,-80.0,-80.0,-80.0,-80.0,-80.0,-80.0,-80.0,-80.0,-80.0,-80.0,-80.0,-80.0,-80.0,-80.0,-80.0,-80.0,-80.0,-80.0,-80.0,-80.0,-80.0,-80.0,-80.0,-80.0,-80.0,-80.0,-80.0,-80.0,-80.0,-80.0,-80.0,-80.0,-80.0,-80.0,-80.0,-80.0
-36.789738,-33.817894,-39.87459,-44.390152,-44.211075,-47.90971,-53.272583,-48.938427,-49.441605,-52.442627,-56.966793,-57.719032,-55.216583,-58.5951,-60.813026,-57.115158,-51.438133,-50.896507,-52.533417,-61.824764,-58.44648,-57.697357,-59.501625,-57.81447,-55.49025,-53.96589,-57.698494,-59.134125,-55.72534,-54.318542,-57.596596,-59.541916,-59.457684,-61.703285,-57.17878,-57.785583,-59.470814,-61.612576,-65.96665,-72.25618,-65.08344,-60.229164,-60.4674,-61.30639,-56.1119,-59.31236,-62.64227,-64.80318,-61.340885,-63.11873,-62.081604,-60.122826,-63.716274,-69.10744,-61.340675,-60.967148,-70.55211,-71.22386,-67.12038,-68.01161,-65.86727,-62.187405,-63.910477,-62.53421,-62.187073,-64.37639,-68.63475,-69.85045,-71.807755,-69.622955,-68.41011,-65.847626,-63.96296,-66.49739,-71.28239,-69.12222,-65.03693,-65.25115,-68.50076,-70.73808,-67.74489,-69.241745,-68.13779,-66.889534,-68.36377,-70.65092,-71.54071,-72.946556,-75.81358,-61.293053,-46.60495,-45.787796,-47.46868,-44.035267,-43.383934,-43.338818,-46.578148,-49.716705,-54.712234,-50.731766,-50.01856,-55.167027,-53.814537,-54.51996,-57.679115,-53.206947,-49.99555,-52.197323,-54.62854,-52.11242,-51.223103,-51.294937,-51.14952,-48.566345,-48.79318,-52.691746,-56.264946,-54.068367,-51.14161,-52.326992,-54.81443,-53.586548,-53.71341,-54.425797,-58.646385,-57.52864,-57.17169,-60.36787,-62.825134,-66.885376,-58.773,-56.714947,-59.194016,-63.241062,-65.599556,-59.6849,-58.937813,-58.619938,-63.02372,-64.37488,-64.72027,-70.158394,-64.56271,-66.93529,-63.64045,-65.97934,-59.961845,-58.685562,-58.030495,-62.017654,-65.357834,-64.13423,-70.758484,-68.39809,-74.23929,-72.51466,-74.657776,-72.786606,-75.03369,-72.74867,-73.19707,-70.6842,-64.28525,-68.445786,-71.41913,-70.25051,-66.40692,-68.043205,-78.07446,-72.79568,-72.75096,-73.98515,-66.993286,-67.439514,-71.22297,-77.36469,-78.53487,-72.29915,-68.230965,-68.95293,-69.03133,-72.88956,-72.574936,-70.739105,-77.32622,-79.60032,-77.750916,-77.55205,-75.41426,-74.17314,-72.720955,-74.78699,-74.59047,-75.11319,-80.0,-80.0,-80.0,-77.93883,-75.99537,-76.04349,-78.051476,-80.0,-80.0,-80.0,-80.0,-78.544464,-80.0,-80.0,-80.0,-80.0,-80.0,-80.0,-80.0,-80.0,-80.0,-80.0,-80.0,-80.0,-80.0,-80.0,-80.0,-80.0,-80.0,-80.0,-80.0,-80.0,-80.0,-80.0,-80.0,-80.0,-80.0,-80.0,-80.0,-80.0,-80.0,-80.0,-80.0,-80.0,-80.0,-80.0,-80.0,-80.0,-80.0,-80.0,-80.0,-80.0,-80.0,-80.0,-80.0,-80.0,-80.0,-80.0,-80.0,-80.0,-80.0,-80.0,-80.0,-80.0,-80.0,-80.0,-80.0,-80.0,-80.0,-80.0,-80.0,-80.0,-80.0,-80.0,-80.0,-80.0,-80.0,-80.0,-80.0,-80.0,-80.0,-80.0,-80.0,-80.0,-80.0,-80.0,-80.0,-80.0,-80.0,-80.0,-80.0,-80.0,-80.0,-80.0,-80.0,-80.0,-80.0,-80.0,-80.0,-80.0,-80.0,-80.0,-80.0,-80.0,-80.0,-80.0,-80.0,-80.0,-80.0,-80.0,-80.0,-80.0,-80.0,-80.0,-80.0,-80.0,-80.0,-80.0,-80.0,-80.0,-80.0,-80.0,-80.0,-80.0,-80.0,-80.0,-80.0,-80.0,-80.0,-80.0,-80.0,-80.0,-80.0,-80.0,-80.0,-80.0,-80.0,-80.0,-80.0,-80.0,-80.0,-80.0,-80.0,-80.0,-80.0,-80.0,-80.0,-80.0,-80.0,-80.0,-80.0,-80.0,-80.0,-80.0,-80.0,-80.0,-80.0,-80.0,-80.0,-80.0,-80.0,-80.0,-80.0,-80.0,-80.0,-80.0,-80.0,-80.0,-80.0,-80.0,-80.0,-80.0,-80.0,-80.0,-80.0,-80.0,-80.0,-80.0,-80.0,-80.0,-80.0,-80.0,-80.0,-80.0,-80.0,-80.0,-80.0,-80.0,-80.0,-80.0,-80.0,-80.0,-80.0,-80.0,-80.0,-80.0,-80.0,-80.0,-80.0,-80.0,-80.0,-80.0,-80.0,-80.0,-80.0,-80.0,-80.0,-80.0,-80.0,-80.0,-80.0,-80.0,-80.0,-80.0,-80.0,-80.0,-80.0,-80.0,-80.0
-38.247337,-35.19104,-44.596718,-45.9505,-43.365826,-47.56746,-45.448956,-48.269688,-52.706703,-51.40075,-52.71025,-51.518486,-48.635056,-51.951187,-56.83467,-60.576042,-56.94998,-58.43178,-56.963413,-58.66533,-61.558617,-60.779987,-62.813736,-59.206795,-55.83777,-52.83943,-55.208378,-63.27287,-62.780678,-60.500492,-73.85372,-73.12776,-62.541985,-64.34563,-65.33937,-65.94882,-66.08251,-73.24968,-64.20435,-64.08118,-66.49738,-64.13176,-65.532745,-63.843666,-64.41668,-66.587524,-63.37892,-63.699936,-60.82323,-62.50589,-64.41145,-66.78984,-71.10321,-69.22545,-63.1236,-62.5189,-67.56447,-70.69243,-72.06952,-70.16696,-69.101425,-69.14488,-67.66434,-67.7135,-70.78171,-75.88428,-70.51942,-77.11022,-74.329575,-70.30088,-71.12914,-68.74962,-69.83588,-73.30439,-77.4099,-74.25052,-69.79642,-65.76346,-68.41031,-73.53592,-71.28403,-72.6469,-75.08592,-76.1357,-80.0,-79.85034,-80.0,-80.0,-76.00099,-65.83133,-50.507576,-46.18653,-49.79923,-46.85755,-47.06672,-50.740166,-50.884117,-50.312138,-51.033646,-54.88127,-54.988857,-51.29115,-54.82775,-59.966843,-54.697662,-52.525772,-55.747475,-56.547867,-56.063343,-56.68092,-49.993095,-52.999634,-57.892723,-56.40719,-53.42814,-55.77697,-64.00038,-58.03036,-57.26221,-56.434074,-63.521255,-63.64982,-58.925793,-59.821312,-64.931244,-76.75668,-64.34311,-65.87152,-64.65316,-71.00251,-62.221764,-65.625916,-61.903114,-63.686436,-65.58516,-63.74176,-58.944,-63.493565,-65.29696,-69.70836,-69.06697,-68.31584,-65.151825,-61.761364,-67.9855,-71.096985,-62.032906,-60.8207,-62.18627,-65.81937,-68.2496,-68.183525,-69.67775,-70.55164,-72.28939,-77.129105,-74.91698,-71.05694,-72.52489,-74.585655,-73.64804,-72.473526,-65.80678,-68.14704,-75.625,-74.28729,-76.02159,-72.57735,-71.50572,-73.384514,-79.14389,-76.39839,-69.3087,-71.37785,-77.42436,-77.91252,-78.54909,-75.553696,-76.979546,-80.0,-73.96713,-79.019516,-76.09329,-72.52287,-78.02185,-77.11534,-78.83284,-76.21265,-77.53519,-78.90135,-80.0,-80.0,-75.48012,-76.613945,-80.0,-80.0,-80.0,-78.99296,-80.0,-80.0,-80.0,-80.0,-80.0,-80.0,-80.0,-80.0,-80.0,-80.0,-80.0,-80.0,-80.0,-80.0,-80.0,-80.0,-80.0,-80.0,-80.0,-80.0,-80.0,-80.0,-80.0,-80.0,-80.0,-80.0,-80.0,-80.0,-80.0,-80.0,-80.0,-80.0,-80.0,-80.0,-80.0,-80.0,-80.0,-80.0,-80.0,-80.0,-80.0,-80.0,-80.0,-80.0,-80.0,-80.0,-80.0,-80.0,-80.0,-80.0,-80.0,-80.0,-80.0,-80.0,-80.0,-80.0,-80.0,-80.0,-80.0,-80.0,-80.0,-80.0,-80.0,-80.0,-80.0,-80.0,-80.0,-80.0,-80.0,-80.0,-80.0,-80.0,-80.0,-80.0,-80.0,-80.0,-80.0,-80.0,-80.0,-80.0,-80.0,-80.0,-80.0,-80.0,-80.0,-80.0,-80.0,-80.0,-80.0,-80.0,-80.0,-80.0,-80.0,-80.0,-80.0,-80.0,-80.0,-80.0,-80.0,-80.0,-80.0,-80.0,-80.0,-80.0,-80.0,-80.0,-80.0,-80.0,-80.0,-80.0,-80.0,-80.0,-80.0,-80.0,-80.0,-80.0,-80.0,-80.0,-80.0,-80.0,-80.0,-80.0,-80.0,-80.0,-80.0,-80.0,-80.0,-80.0,-80.0,-80.0,-80.0,-80.0,-80.0,-80.0,-80.0,-80.0,-80.0,-80.0,-80.0,-80.0,-80.0,-80.0,-80.0,-80.0,-80.0,-80.0,-80.0,-80.0,-80.0,-80.0,-80.0,-80.0,-80.0,-80.0,-80.0,-80.0,-80.0,-80.0,-80.0,-80.0,-80.0,-80.0,-80.0,-80.0,-80.0,-80.0,-80.0,-80.0,-80.0,-80.0,-80.0,-80.0,-80.0,-80.0,-80.0,-80.0,-80.0,-80.0,-80.0,-80.0,-80.0,-80.0,-80.0,-80.0,-80.0,-80.0,-80.0,-80.0,-80.0,-80.0,-80.0,-80.0,-80.0,-80.0,-80.0,-80.0,-80.0,-80.0,-80.0,-80.0,-80.0,-80.0,-80.0,-80.0,-80.0,-80.0,-80.0,-80.0,-80.0,-80.0,-80.0,-80.0,-80.0,-80.0,-80.0
-37.10853,-33.933964,-40.60282,-43.811474,-42.736485,-45.42823,-44.3291,-49.389786,-52.806385,-50.788948,-54.236576,-48.610603,-47.72347,-53.705917,-51.5222,-55.19605,-60.452534,-54.81379,-59.188984,-63.90309,-58.057274,-59.871147,-58.416313,-55.669964,-51.13578,-52.52803,-54.095737,-58.955353,-65.916016,-65.54756,-68.31848,-63.147053,-59.193237,-63.199844,-60.1652,-61.244423,-67.61078,-61.22914,-58.20839,-62.178253,-62.35347,-66.052216,-58.694756,-59.743156,-62.317005,-60.10887,-62.086685,-63.31234,-60.753605,-59.35798,-65.07235,-69.6045,-72.844124,-69.191864,-63.075737,-59.318985,-63.929436,-72.776825,-69.13851,-63.64469,-62.312164,-63.26843,-61.804974,-61.405563,-64.608635,-71.52219,-76.251,-72.321884,-68.859146,-71.09779,-69.22585,-64.5981,-64.228195,-66.35713,-71.7061,-73.775345,-65.8457,-63.308353,-64.407394,-68.37631,-76.11796,-72.59857,-74.33177,-72.920715,-73.90378,-75.47089,-74.58844,-79.11151,-73.88602,-63.877655,-47.758755,-44.41774,-46.331562,-50.504345,-55.851105,-52.701096,-49.842926,-49.01999,-51.36997,-55.406364,-62.134758,-55.433884,-57.52098,-61.106728,-60.318207,-59.331055,-60.13488,-64.7555,-60.26188,-59.288708,-55.34495,-57.54247,-61.606365,-58.484673,-57.760353,-63.057106,-60.101723,-58.861862,-59.385654,-58.584053,-64.616165,-63.173233,-62.037567,-73.04867,-74.59992,-72.50316,-65.706985,-62.86926,-65.6682,-73.56665,-64.665535,-62.56708,-63.559334,-64.08457,-65.76012,-66.158356,-62.693798,-71.98631,-71.81647,-70.40998,-71.17387,-68.04173,-65.53226,-63.745125,-66.24029,-70.145035,-68.15178,-71.46281,-71.51161,-65.24584,-70.4134,-80.0,-74.07555,-78.6976,-80.0,-77.89696,-75.232895,-75.92606,-75.31105,-72.01561,-72.79187,-74.71957,-71.81598,-68.74187,-71.61705,-74.05913,-75.159195,-71.552155,-69.17877,-72.71582,-77.92738,-80.0,-74.71265,-74.60121,-74.65016,-75.08528,-75.91716,-77.0815,-80.0,-80.0,-77.17914,-75.395706,-75.62364,-76.52195,-78.056816,-79.23552,-80.0,-76.92086,-77.33754,-80.0,-79.90518,-76.34183,-78.51279,-80.0,-80.0,-80.0,-80.0,-80.0,-80.0,-80.0,-80.0,-80.0,-80.0,-80.0,-80.0,-80.0,-80.0,-80.0,-80.0,-80.0,-80.0,-80.0,-80.0,-80.0,-80.0,-80.0,-80.0,-80.0,-80.0,-80.0,-80.0,-80.0,-80.0,-80.0,-80.0,-80.0,-80.0,-80.0,-80.0,-80.0,-80.0,-80.0,-80.0,-80.0,-80.0,-80.0,-80.0,-80.0,-80.0,-80.0,-80.0,-80.0,-80.0,-80.0,-80.0,-80.0,-80.0,-80.0,-80.0,-80.0,-80.0,-80.0,-80.0,-80.0,-80.0,-80.0,-80.0,-80.0,-80.0,-80.0,-80.0,-80.0,-80.0,-80.0,-80.0,-80.0,-80.0,-80.0,-80.0,-80.0,-80.0,-80.0,-80.0,-80.0,-80.0,-80.0,-80.0,-80.0,-80.0,-80.0,-80.0,-80.0,-80.0,-80.0,-80.0,-80.0,-80.0,-80.0,-80.0,-80.0,-80.0,-80.0,-80.0,-80.0,-80.0,-80.0,-80.0,-80.0,-80.0,-80.0,-80.0,-80.0,-80.0,-80.0,-80.0,-80.0,-80.0,-80.0,-80.0,-80.0,-80.0,-80.0,-80.0,-80.0,-80.0,-80.0,-80.0,-80.0,-80.0,-80.0,-80.0,-80.0,-80.0,-80.0,-80.0,-80.0,-80.0,-80.0,-80.0,-80.0,-80.0,-80.0,-80.0,-80.0,-80.0,-80.0,-80.0,-80.0,-80.0,-80.0,-80.0,-80.0,-80.0,-80.0,-80.0,-80.0,-80.0,-80.0,-80.0,-80.0,-80.0,-80.0,-80.0,-80.0,-80.0,-80.0,-80.0,-80.0,-80.0,-80.0,-80.0,-80.0,-80.0,-80.0,-80.0,-80.0,-80.0,-80.0,-80.0,-80.0,-80.0,-80.0,-80.0,-80.0,-80.0,-80.0,-80.0,-80.0,-80.0,-80.0,-80.0,-80.0,-80.0,-80.0,-80.0,-80.0,-80.0,-80.0,-80.0,-80.0,-80.0,-80.0,-80.0,-80.0,-80.0,-80.0,-80.0,-80.0,-80.0,-80.0,-80.0,-80.0,-80.0,-80.0,-80.0,-80.0,-80.0,-80.0,-80.0,-80.0,-80.0,-80.0,-80.0
-36.087532,-36.342037,-43.759674,-43.948753,-44.703598,-47.64474,-48.294704,-57.68167,-54.625893,-54.071808,-61.034897,-49.450333,-51.6705,-55.7993,-51.186813,-51.09468,-54.60176,-54.982197,-60.23712,-57.29779,-59.01131,-59.690193,-59.830067,-52.52842,-52.03483,-55.433014,-57.436253,-57.9558,-64.05477,-68.631195,-64.26593,-57.98282,-60.78715,-58.28551,-55.195312,-59.16053,-61.974503,-56.492718,-55.436867,-62.43962,-57.10485,-55.148827,-55.572815,-59.443798,-64.395,-58.285854,-60.24652,-65.67417,-63.48092,-59.61447,-65.0336,-68.18912,-68.27409,-69.352715,-66.09401,-60.235657,-65.25781,-78.63481,-73.54706,-61.803722,-60.760468,-64.45557,-65.24472,-63.782066,-64.702934,-69.03345,-73.46823,-70.62745,-67.20114,-72.23072,-68.570724,-69.3542,-66.47218,-68.78106,-70.34369,-73.06523,-68.69658,-67.55478,-67.70332,-69.78159,-73.975876,-73.96149,-75.52521,-77.1243,-72.912315,-75.4758,-71.64701,-73.24528,-75.4974,-60.15686,-46.360718,-45.328907,-47.627174,-45.865387,-54.07373,-55.05634,-49.60589,-53.20867,-50.2324,-50.09152,-53.93564,-59.79313,-59.431152,-54.554543,-51.77147,-54.15473,-58.10161,-59.168762,-62.835293,-62.913708,-60.165504,-61.30651,-62.22667,-59.766808,-61.38691,-68.69044,-61.329098,-62.63895,-65.137825,-66.416794,-64.212944,-64.15798,-64.61883,-63.404182,-62.472435,-66.375305,-63.86247,-66.620575,-62.308155,-63.790115,-63.538773,-60.913895,-63.454308,-66.60358,-71.24077,-63.71275,-62.450275,-68.094696,-69.310104,-73.65225,-70.15276,-67.8022,-69.992615,-68.20331,-66.612045,-66.73215,-66.94848,-72.416245,-75.29739,-69.03932,-67.384575,-71.42937,-75.7773,-77.006485,-78.80097,-80.0,-78.99346,-75.00017,-79.638985,-76.524445,-74.371,-76.092285,-73.82303,-72.89746,-72.51807,-75.30911,-74.211975,-71.87358,-73.22667,-75.47855,-80.0,-80.0,-80.0,-78.1573,-76.096695,-73.29879,-70.99931,-70.050865,-76.295456,-80.0,-79.00954,-70.84729,-73.5074,-79.80658,-76.031006,-72.61136,-75.0746,-75.77986,-79.04538,-80.0,-80.0,-77.2332,-78.27292,-76.019226,-78.35591,-80.0,-80.0,-80.0,-80.0,-80.0,-80.0,-80.0,-80.0,-80.0,-80.0,-80.0,-80.0,-80.0,-80.0,-80.0,-80.0,-80.0,-80.0,-80.0,-80.0,-80.0,-80.0,-80.0,-80.0,-80.0,-80.0,-80.0,-80.0,-80.0,-80.0,-80.0,-80.0,-80.0,-80.0,-80.0,-80.0,-80.0,-80.0,-80.0,-80.0,-80.0,-80.0,-80.0,-80.0,-80.0,-80.0,-80.0,-80.0,-80.0,-80.0,-80.0,-80.0,-80.0,-80.0,-80.0,-80.0,-80.0,-80.0,-80.0,-80.0,-80.0,-80.0,-80.0,-80.0,-80.0,-80.0,-80.0,-80.0,-80.0,-80.0,-80.0,-80.0,-80.0,-80.0,-80.0,-80.0,-80.0,-80.0,-80.0,-80.0,-80.0,-80.0,-80.0,-80.0,-80.0,-80.0,-80.0,-80.0,-80.0,-80.0,-80.0,-80.0,-80.0,-80.0,-80.0,-80.0,-80.0,-80.0,-80.0,-80.0,-80.0,-80.0,-80.0,-80.0,-80.0,-80.0,-80.0,-80.0,-80.0,-80.0,-80.0,-80.0,-80.0,-80.0,-80.0,-80.0,-80.0,-80.0,-80.0,-80.0,-80.0,-80.0,-80.0,-80.0,-80.0,-80.0,-80.0,-80.0,-80.0,-80.0,-80.0,-80.0,-80.0,-80.0,-80.0,-80.0,-80.0,-80.0,-80.0,-80.0,-80.0,-80.0,-80.0,-80.0,-80.0,-80.0,-80.0,-80.0,-80.0,-80.0,-80.0,-80.0,-80.0,-80.0,-80.0,-80.0,-80.0,-80.0,-80.0,-80.0,-80.0,-80.0,-80.0,-80.0,-80.0,-80.0,-80.0,-80.0,-80.0,-80.0,-80.0,-80.0,-80.0,-80.0,-80.0,-80.0,-80.0,-80.0,-80.0,-80.0,-80.0,-80.0,-80.0,-80.0,-80.0,-80.0,-80.0,-80.0,-80.0,-80.0,-80.0,-80.0,-80.0,-80.0,-80.0,-80.0,-80.0,-80.0,-80.0,-80.0,-80.0,-80.0,-80.0,-80.0,-80.0,-80.0,-80.0,-80.0,-80.0,-80.0,-80.0,-80.0,-80.0,-80.0,-80.0,-80.0,-80.0,-80.0
-35.753895,-38.361217,-44.987663,-44.15115,-51.02315,-51.023804,-52.839783,-61.227364,-62.025475,-55.104774,-54.599457,-50.492424,-50.990013,-53.879417,-57.99164,-54.113514,-49.451813,-52.232635,-53.18359,-49.56411,-50.012203,-53.174686,-61.715668,-54.100822,-53.244476,-51.122932,-51.92376,-52.716927,-57.953987,-61.76498,-60.90971,-55.25698,-56.54456,-53.896454,-51.434677,-55.42667,-55.861214,-57.614403,-54.18416,-58.137707,-52.651722,-54.768955,-57.356606,-60.8377,-61.936813,-60.325214,-60.453156,-65.29944,-66.424904,-60.106045,-61.855503,-68.182076,-63.37255,-67.89189,-72.223755,-62.662956,-61.125515,-67.70828,-71.46692,-61.846336,-62.26357,-64.569374,-65.36952,-71.59114,-73.82861,-69.18234,-65.89679,-65.76143,-64.30138,-63.709892,-63.30941,-68.164444,-77.15542,-77.674194,-69.91739,-70.53842,-68.95416,-65.72444,-66.841446,-70.09881,-67.8368,-66.406166,-70.17757,-76.23021,-72.79587,-71.58954,-70.56507,-72.339516,-80.0,-58.391094,-49.52021,-48.708527,-46.192852,-44.651104,-48.47503,-51.34398,-53.666435,-55.88865,-57.735626,-54.65944,-53.82865,-55.213333,-55.77598,-51.18323,-50.06893,-54.434948,-63.153164,-57.94563,-55.677605,-57.21183,-61.091267,-60.465893,-64.17025,-65.69762,-62.74874,-69.96941,-65.11973,-66.31196,-70.86613,-66.61156,-65.519226,-67.595215,-70.2563,-60.97312,-57.860794,-60.478287,-63.57982,-68.63364,-60.808525,-58.19485,-62.094048,-58.194107,-59.801308,-64.90263,-67.610954,-63.982986,-63.765907,-67.595566,-66.46422,-73.36357,-69.22212,-69.36708,-72.097244,-65.47778,-63.098083,-63.54265,-65.1277,-70.97981,-75.11624,-71.14116,-66.89436,-70.02013,-77.17289,-76.18126,-77.43988,-80.0,-76.30381,-73.28357,-73.56372,-72.64563,-71.28825,-71.39684,-72.72339,-73.887665,-72.04959,-70.70522,-71.506996,-71.82865,-72.3544,-78.65619,-80.0,-80.0,-80.0,-76.21205,-71.55111,-70.967224,-70.67363,-71.4911,-75.19963,-80.0,-80.0,-71.62845,-70.60504,-74.293594,-73.853714,-72.616295,-76.94096,-80.0,-76.643845,-79.97824,-80.0,-80.0,-78.84068,-77.86897,-80.0,-80.0,-78.762344,-79.05823,-79.296036,-78.51529,-77.58368,-79.69209,-80.0,-80.0,-80.0,-78.76944,-79.48181,-80.0,-80.0,-80.0,-80.0,-80.0,-80.0,-80.0,-80.0,-80.0,-80.0,-80.0,-80.0,-80.0,-80.0,-80.0,-80.0,-80.0,-80.0,-80.0,-80.0,-80.0,-80.0,-80.0,-80.0,-80.0,-80.0,-80.0,-80.0,-80.0,-80.0,-80.0,-80.0,-80.0,-80.0,-80.0,-80.0,-80.0,-80.0,-80.0,-80.0,-80.0,-80.0,-80.0,-80.0,-80.0,-80.0,-80.0,-80.0,-80.0,-80.0,-80.0,-80.0,-80.0,-80.0,-80.0,-80.0,-80.0,-80.0,-80.0,-80.0,-80.0,-80.0,-80.0,-80.0,-80.0,-80.0,-80.0,-80.0,-80.0,-80.0,-80.0,-80.0,-80.0,-80.0,-80.0,-80.0,-80.0,-80.0,-80.0,-80.0,-80.0,-80.0,-80.0,-80.0,-80.0,-80.0,-80.0,-80.0,-80.0,-80.0,-80.0,-80.0,-80.0,-80.0,-80.0,-80.0,-80.0,-80.0,-80.0,-80.0,-80.0,-80.0,-80.0,-80.0,-80.0,-80.0,-80.0,-80.0,-80.0,-80.0,-80.0,-80.0,-80.0,-80.0,-80.0,-80.0,-80.0,-80.0,-80.0,-80.0,-80.0,-80.0,-80.0,-80.0,-80.0,-80.0,-80.0,-80.0,-80.0,-80.0,-80.0,-80.0,-80.0,-80.0,-80.0,-80.0,-80.0,-80.0,-80.0,-80.0,-80.0,-80.0,-80.0,-80.0,-80.0,-80.0,-80.0,-80.0,-80.0,-80.0,-80.0,-80.0,-80.0,-80.0,-80.0,-80.0,-80.0,-80.0,-80.0,-80.0,-80.0,-80.0,-80.0,-80.0,-80.0,-80.0,-80.0,-80.0,-80.0,-80.0,-80.0,-80.0,-80.0,-80.0,-80.0,-80.0,-80.0,-80.0,-80.0,-80.0,-80.0,-80.0,-80.0,-80.0,-80.0,-80.0,-80.0,-80.0,-80.0,-80.0,-80.0,-80.0,-80.0,-80.0,-80.0,-80.0,-80.0,-80.0,-80.0,-80.0,-80.0,-80.0,-80.0,-80.0,-80.0,-80.0
-33.938984,-35.667812,-44.54052,-44.412148,-50.700436,-54.433525,-50.79923,-55.51017,-61.253647,-53.839714,-55.2041,-55.59557,-53.052307,-50.44245,-53.8123,-56.02912,-52.673336,-53.046684,-53.97044,-50.058456,-49.247116,-53.084167,-63.263725,-56.688072,-49.902473,-51.739014,-49.999626,-49.730194,-59.223465,-60.348076,-61.53442,-57.343285,-57.785564,-59.21551,-50.842316,-53.4084,-55.69262,-55.22351,-56.3217,-56.55438,-54.040245,-53.89292,-54.889088,-58.061127,-64.701645,-61.90069,-58.942715,-60.525093,-62.750343,-63.57673,-66.29318,-63.75688,-58.742603,-62.711563,-71.703964,-59.842415,-58.200756,-64.97969,-69.219604,-61.71632,-61.435455,-64.83795,-61.724174,-68.85678,-71.86876,-65.02132,-61.664124,-63.455437,-67.84276,-64.71668,-63.560364,-67.78773,-70.1926,-70.10497,-66.12881,-69.47353,-70.12651,-68.44092,-67.776505,-69.72969,-68.73474,-64.47339,-70.1564,-69.04768,-70.52951,-74.542885,-72.3255,-72.91675,-79.804886,-59.374577,-52.62654,-54.902313,-54.26846,-49.963287,-53.808044,-54.106873,-54.33229,-56.20524,-60.31092,-62.235283,-59.297394,-57.41297,-63.177944,-58.532543,-55.856373,-59.86316,-60.488358,-60.72715,-55.596977,-57.24506,-63.398956,-65.71178,-74.75659,-64.02339,-60.517662,-67.53944,-66.87944,-65.86021,-63.76216,-67.30811,-64.92168,-64.77107,-70.82192,-64.493484,-61.006294,-65.535446,-66.95683,-77.75273,-61.73482,-60.571194,-61.686604,-60.720276,-65.517914,-72.632484,-69.622154,-70.537926,-66.965576,-66.45682,-67.7742,-71.429794,-69.65971,-69.38135,-70.425606,-68.61076,-66.47009,-68.28897,-71.94896,-76.54665,-78.30374,-73.72948,-72.30432,-78.90512,-80.0,-75.71806,-79.462555,-77.75798,-75.4651,-77.19445,-76.94102,-76.13987,-75.420456,-77.63252,-80.0,-77.73488,-74.28585,-75.624374,-75.86344,-78.38541,-76.73367,-80.0,-80.0,-75.940575,-77.23799,-77.81749,-72.79878,-75.39524,-78.78769,-80.0,-80.0,-78.74959,-80.0,-77.13095,-75.98241,-79.12804,-80.0,-80.0,-80.0,-80.0,-78.90515,-80.0,-80.0,-80.0,-80.0,-80.0,-80.0,-80.0,-80.0,-80.0,-80.0,-80.0,-80.0,-80.0,-80.0,-80.0,-80.0,-80.0,-80.0,-80.0,-80.0,-80.0,-80.0,-80.0,-80.0,-80.0,-80.0,-80.0,-80.0,-80.0,-80.0,-80.0,-80.0,-80.0,-80.0,-80.0,-80.0,-80.0,-80.0,-80.0,-80.0,-80.0,-80.0,-80.0,-80.0,-80.0,-80.0,-80.0,-80.0,-80.0,-80.0,-80.0,-80.0,-80.0,-80.0,-80.0,-80.0,-80.0,-80.0,-80.0,-80.0,-80.0,-80.0,-80.0,-80.0,-80.0,-80.0,-80.0,-80.0,-80.0,-80.0,-80.0,-80.0,-80.0,-80.0,-80.0,-80.0,-80.0,-80.0,-80.0,-80.0,-80.0,-80.0,-80.0,-80.0,-80.0,-80.0,-80.0,-80.0,-80.0,-80.0,-80.0,-80.0,-80.0,-80.0,-80.0,-80.0,-80.0,-80.0,-80.0,-80.0,-80.0,-80.0,-80.0,-80.0,-80.0,-80.0,-80.0,-80.0,-80.0,-80.0,-80.0,-80.0,-80.0,-80.0,-80.0,-80.0,-80.0,-80.0,-80.0,-80.0,-80.0,-80.0,-80.0,-80.0,-80.0,-80.0,-80.0,-80.0,-80.0,-80.0,-80.0,-80.0,-80.0,-80.0,-80.0,-80.0,-80.0,-80.0,-80.0,-80.0,-80.0,-80.0,-80.0,-80.0,-80.0,-80.0,-80.0,-80.0,-80.0,-80.0,-80.0,-80.0,-80.0,-80.0,-80.0,-80.0,-80.0,-80.0,-80.0,-80.0,-80.0,-80.0,-80.0,-80.0,-80.0,-80.0,-80.0,-80.0,-80.0,-80.0,-80.0,-80.0,-80.0,-80.0,-80.0,-80.0,-80.0,-80.0,-80.0,-80.0,-80.0,-80.0,-80.0,-80.0,-80.0,-80.0,-80.0,-80.0,-80.0,-80.0,-80.0,-80.0,-80.0,-80.0,-80.0,-80.0,-80.0,-80.0,-80.0,-80.0,-80.0,-80.0,-80.0,-80.0,-80.0,-80.0,-80.0,-80.0,-80.0,-80.0,-80.0,-80.0,-80.0,-80.0,-80.0,-80.0,-80.0,-80.0,-80.0,-80.0,-80.0,-80.0,-80.0,-80.0
-30.493643,-30.642263,-43.1675,-49.300816,-47.347034,-44.386414,-43.11244,-41.492504,-46.947876,-52.420208,-49.429413,-51.435654,-61.786102,-52.124413,-49.58383,-49.448975,-49.486603,-52.71994,-48.892197,-49.611687,-50.273674,-47.619698,-51.093864,-56.87255,-50.578182,-52.384468,-51.763786,-48.394012,-50.944107,-55.072037,-55.18492,-57.346157,-58.011406,-58.556484,-50.65344,-52.16941,-57.302555,-60.053684,-57.293777,-58.98511,-59.988922,-57.83945,-58.50968,-59.351246,-61.51924,-53.8666,-52.98063,-59.716106,-60.78517,-61.870243,-64.012405,-57.977448,-58.47981,-60.431015,-64.385216,-57.066677,-58.75144,-68.01482,-68.164246,-64.58945,-62.480995,-60.203003,-61.918526,-64.19339,-69.356415,-67.12697,-65.076675,-65.23126,-67.2592,-64.73813,-65.769806,-70.18578,-68.518875,-69.29167,-63.81527,-66.02402,-68.678474,-68.56707,-68.022415,-67.8385,-74.12871,-66.86362,-65.77011,-67.72362,-68.04321,-66.59419,-69.15997,-77.39043,-79.48436,-59.613327,-48.56183,-49.330948,-51.39554,-50.261143,-55.839912,-53.370968,-52.973415,-56.972603,-61.156273,-60.02068,-59.39013,-57.90736,-62.284966,-65.60535,-58.479645,-58.440468,-57.001602,-60.822758,-62.81618,-64.28382,-63.464573,-67.62953,-68.46173,-61.981056,-59.886055,-66.33588,-66.53308,-59.204678,-60.630333,-64.46863,-64.05433,-67.0916,-70.890366,-66.125984,-63.86119,-66.14317,-64.04831,-63.614166,-63.272972,-67.61452,-69.542564,-68.24274,-74.510956,-74.088,-75.78772,-73.42262,-74.45769,-68.113556,-68.45581,-71.20535,-67.09679,-66.41661,-66.98375,-74.68188,-79.16312,-72.76631,-68.48131,-71.97322,-79.14278,-77.12106,-75.636635,-79.41029,-76.82669,-75.42793,-72.79629,-76.212555,-72.2061,-77.170715,-80.0,-80.0,-79.30353,-77.50698,-79.46767,-80.0,-78.472015,-80.0,-80.0,-79.6122,-79.062195,-80.0,-80.0,-74.20825,-75.5361,-78.86687,-78.78883,-75.60019,-79.902664,-80.0,-79.50275,-80.0,-80.0,-80.0,-80.0,-80.0,-80.0,-80.0,-79.35921,-79.726395,-76.77246,-78.09796,-80.0,-80.0,-80.0,-80.0,-80.0,-80.0,-80.0,-80.0,-80.0,-80.0,-80.0,-80.0,-80.0,-80.0,-80.0,-80.0,-80.0,-80.0,-80.0,-80.0,-80.0,-80.0,-80.0,-80.0,-80.0,-80.0,-80.0,-80.0,-80.0,-80.0,-80.0,-80.0,-80.0,-80.0,-80.0,-80.0,-80.0,-80.0,-80.0,-80.0,-80.0,-80.0,-80.0,-80.0,-80.0,-80.0,-80.0,-80.0,-80.0,-80.0,-80.0,-80.0,-80.0,-80.0,-80.0,-80.0,-80.0,-80.0,-80.0,-80.0,-80.0,-80.0,-80.0,-80.0,-80.0,-80.0,-80.0,-80.0,-80.0,-80.0,-80.0,-80.0,-80.0,-80.0,-80.0,-80.0,-80.0,-80.0,-80.0,-80.0,-80.0,-80.0,-80.0,-80.0,-80.0,-80.0,-80.0,-80.0,-80.0,-80.0,-80.0,-80.0,-80.0,-80.0,-80.0,-80.0,-80.0,-80.0,-80.0,-80.0,-80.0,-80.0,-80.0,-80.0,-80.0,-80.0,-80.0,-80.0,-80.0,-80.0,-80.0,-80.0,-80.0,-80.0,-80.0,-80.0,-80.0,-80.0,-80.0,-80.0,-80.0,-80.0,-80.0,-80.0,-80.0,-80.0,-80.0,-80.0,-80.0,-80.0,-80.0,-80.0,-80.0,-80.0,-80.0,-80.0,-80.0,-80.0,-80.0,-80.0,-80.0,-80.0,-80.0,-80.0,-80.0,-80.0,-80.0,-80.0,-80.0,-80.0,-80.0,-80.0,-80.0,-80.0,-80.0,-80.0,-80.0,-80.0,-80.0,-80.0,-80.0,-80.0,-80.0,-80.0,-80.0,-80.0,-80.0,-80.0,-80.0,-80.0,-80.0,-80.0,-80.0,-80.0,-80.0,-80.0,-80.0,-80.0,-80.0,-80.0,-80.0,-80.0,-80.0,-80.0,-80.0,-80.0,-80.0,-80.0,-80.0,-80.0,-80.0,-80.0,-80.0,-80.0,-80.0,-80.0,-80.0,-80.0,-80.0,-80.0,-80.0,-80.0,-80.0,-80.0,-80.0,-80.0,-80.0,-80.0,-80.0,-80.0,-80.0,-80.0,-80.0,-80.0,-80.0,-80.0,-80.0,-80.0,-80.0,-80.0,-80.0,-80.0,-80.0
-29.265188,-28.07201,-40.1391,-47.737144,-40.528168,-37.010098,-35.496017,-38.60785,-49.756668,-47.30166,-45.96575,-47.09826,-51.028915,-52.889725,-49.04922,-46.372574,-49.070133,-50.550774,-47.84992,-48.66012,-48.588802,-46.686584,-50.81505,-53.64324,-53.950027,-55.92483,-54.321365,-50.858604,-50.406166,-49.987267,-51.038673,-51.789234,-56.77626,-57.184204,-56.59474,-53.535896,-58.355354,-58.82218,-55.12745,-55.76262,-55.925148,-54.135143,-58.510223,-60.619946,-57.094078,-57.042217,-56.573273,-58.736397,-58.3367,-58.984314,-55.59668,-54.850945,-62.738564,-62.32368,-59.259586,-58.479614,-59.41931,-66.30342,-67.94259,-63.712353,-58.215282,-56.207535,-61.36853,-62.439476,-62.422688,-60.857918,-62.965626,-65.98949,-62.849236,-62.14367,-61.8517,-61.910954,-65.729706,-67.779465,-64.422615,-70.53054,-72.68129,-68.53076,-67.90984,-68.1635,-69.76306,-68.21735,-70.07289,-72.72719,-67.34503,-62.829754,-66.37423,-77.72957,-79.98544,-59.58726,-50.265476,-46.358925,-45.644524,-48.31975,-57.57873,-61.54225,-61.453297,-62.724842,-60.331287,-56.906166,-56.42793,-60.648014,-57.39362,-62.740448,-63.38981,-64.89563,-54.84348,-54.73577,-59.517834,-61.01663,-60.425182,-64.45507,-71.305,-64.33798,-62.457108,-63.39116,-62.802086,-61.818806,-60.509933,-62.37334,-68.1643,-71.61339,-71.18132,-61.00689,-59.813683,-65.85336,-66.963844,-67.258514,-76.454414,-68.60303,-64.60821,-65.39605,-69.99519,-74.412506,-76.32062,-71.7621,-73.37587,-70.45163,-71.86193,-70.5682,-68.05916,-65.73852,-64.86644,-72.37848,-79.051865,-73.556564,-69.02803,-71.37721,-73.15549,-73.0364,-79.72662,-79.747894,-71.24376,-67.237976,-68.24716,-74.96205,-77.70921,-75.50248,-72.79512,-74.27272,-78.18326,-75.04138,-74.513626,-75.99452,-73.936615,-77.94577,-80.0,-76.82387,-75.380745,-79.871765,-80.0,-79.40508,-79.67256,-75.552536,-74.00127,-79.755554,-78.370575,-76.504715,-78.04643,-80.0,-80.0,-80.0,-80.0,-80.0,-80.0,-80.0,-79.35093,-80.0,-80.0,-80.0,-80.0,-80.0,-80.0,-80.0,-80.0,-80.0,-80.0,-80.0,-80.0,-80.0,-80.0,-80.0,-80.0,-80.0,-80.0,-80.0,-80.0,-80.0,-80.0,-80.0,-80.0,-80.0,-80.0,-80.0,-80.0,-80.0,-80.0,-80.0,-80.0,-80.0,-80.0,-80.0,-80.0,-80.0,-80.0,-80.0,-80.0,-80.0,-80.0,-80.0,-80.0,-80.0,-80.0,-80.0,-80.0,-80.0,-80.0,-80.0,-80.0,-80.0,-80.0,-80.0,-80.0,-80.0,-80.0,-80.0,-80.0,-80.0,-80.0,-80.0,-80.0,-80.0,-80.0,-80.0,-80.0,-80.0,-80.0,-80.0,-80.0,-80.0,-80.0,-80.0,-80.0,-80.0,-80.0,-80.0,-80.0,-80.0,-80.0,-80.0,-80.0,-80.0,-80.0,-80.0,-80.0,-80.0,-80.0,-80.0,-80.0,-80.0,-80.0,-80.0,-80.0,-80.0,-80.0,-80.0,-80.0,-80.0,-80.0,-80.0,-80.0,-80.0,-80.0,-80.0,-80.0,-80.0,-80.0,-80.0,-80.0,-80.0,-80.0,-80.0,-80.0,-80.0,-80.0,-80.0,-80.0,-80.0,-80.0,-80.0,-80.0,-80.0,-80.0,-80.0,-80.0,-80.0,-80.0,-80.0,-80.0,-80.0,-80.0,-80.0,-80.0,-80.0,-80.0,-80.0,-80.0,-80.0,-80.0,-80.0,-80.0,-80.0,-80.0,-80.0,-80.0,-80.0,-80.0,-80.0,-80.0,-80.0,-80.0,-80.0,-80.0,-80.0,-80.0,-80.0,-80.0,-80.0,-80.0,-80.0,-80.0,-80.0,-80.0,-80.0,-80.0,-80.0,-80.0,-80.0,-80.0,-80.0,-80.0,-80.0,-80.0,-80.0,-80.0,-80.0,-80.0,-80.0,-80.0,-80.0,-80.0,-80.0,-80.0,-80.0,-80.0,-80.0,-80.0,-80.0,-80.0,-80.0,-80.0,-80.0,-80.0,-80.0,-80.0,-80.0,-80.0,-80.0,-80.0,-80.0,-80.0,-80.0,-80.0,-80.0,-80.0,-80.0,-80.0,-80.0,-80.0,-80.0,-80.0,-80.0,-80.0,-80.0,-80.0,-80.0,-80.0,-80.0,-80.0,-80.0,-80.0,-80.0,-80.0
-28.974535,-26.049545,-32.480198,-38.40709,-42.571167,-38.73351,-36.00424,-40.307014,-50.66338,-43.88565,-46.6857,-47.109554,-44.913963,-46.588318,-47.31415,-48.88678,-50.9047,-45.852303,-48.055603,-48.559807,-43.33355,-44.974876,-49.74166,-52.18676,-56.39334,-50.656166,-47.339676,-48.741917,-52.6706,-53.965767,-56.818775,-52.25469,-55.79698,-60.201153,-62.831623,-55.219643,-52.474052,-51.517464,-51.530518,-54.211502,-54.159912,-54.16636,-56.93398,-58.997993,-56.79914,-57.571396,-59.952312,-60.259556,-59.17884,-60.39503,-55.57272,-56.27713,-61.78694,-59.987537,-56.35594,-61.104836,-60.878525,-63.063988,-63.151665,-66.09871,-60.087906,-57.33901,-60.470364,-67.729004,-63.59117,-59.347557,-58.580414,-58.90013,-58.309536,-57.621407,-57.982513,-58.131996,-63.141735,-65.91977,-60.97907,-64.642235,-73.5726,-72.536606,-75.582504,-73.56917,-64.70565,-62.1531,-64.54117,-68.06326,-70.256134,-65.95034,-68.91904,-75.111115,-76.88843,-61.1572,-56.32185,-49.279667,-49.132042,-50.980545,-55.061855,-55.5156,-58.39045,-54.10569,-56.299614,-57.8687,-57.103134,-59.39785,-57.969265,-56.10435,-57.053856,-57.29698,-53.43881,-54.262985,-58.629578,-58.493282,-60.32071,-62.12626,-70.970474,-68.78146,-61.301857,-59.462727,-62.036453,-62.269596,-59.02478,-58.747353,-62.778,-65.471855,-62.93502,-61.36669,-61.682705,-64.19056,-69.6505,-71.02998,-76.172264,-70.042114,-65.127716,-66.7437,-71.50375,-73.06353,-68.39345,-69.02199,-71.137634,-74.14132,-75.724815,-72.806076,-70.42946,-64.56783,-66.16756,-70.31009,-77.41942,-75.546326,-73.59639,-71.743286,-68.07446,-72.54721,-72.066055,-72.03673,-67.78601,-66.15508,-68.88167,-76.47835,-80.0,-74.454575,-69.838234,-72.25226,-75.22447,-75.27973,-72.2585,-78.09535,-75.68428,-75.82907,-78.62534,-79.32591,-75.34004,-75.81181,-80.0,-80.0,-80.0,-76.208755,-74.22824,-74.85901,-76.75419,-77.7724,-80.0,-80.0,-80.0,-80.0,-80.0,-80.0,-80.0,-80.0,-80.0,-80.0,-80.0,-80.0,-80.0,-80.0,-80.0,-80.0,-80.0,-80.0,-80.0,-80.0,-80.0,-80.0,-80.0,-80.0,-80.0,-80.0,-80.0,-80.0,-80.0,-80.0,-80.0,-80.0,-80.0,-80.0,-80.0,-80.0,-80.0,-80.0,-80.0,-80.0,-80.0,-80.0,-80.0,-80.0,-80.0,-80.0,-80.0,-80.0,-80.0,-80.0,-80.0,-80.0,-80.0,-80.0,-80.0,-80.0,-80.0,-80.0,-80.0,-80.0,-80.0,-80.0,-80.0,-80.0,-80.0,-80.0,-80.0,-80.0,-80.0,-80.0,-80.0,-80.0,-80.0,-80.0,-80.0,-80.0,-80.0,-80.0,-80.0,-80.0,-80.0,-80.0,-80.0,-80.0,-80.0,-80.0,-80.0,-80.0,-80.0,-80.0,-80.0,-80.0,-80.0,-80.0,-80.0,-80.0,-80.0,-80.0,-80.0,-80.0,-80.0,-80.0,-80.0,-80.0,-80.0,-80.0,-80.0,-80.0,-80.0,-80.0,-80.0,-80.0,-80.0,-80.0,-80.0,-80.0,-80.0,-80.0,-80.0,-80.0,-80.0,-80.0,-80.0,-80.0,-80.0,-80.0,-80.0,-80.0,-80.0,-80.0,-80.0,-80.0,-80.0,-80.0,-80.0,-80.0,-80.0,-80.0,-80.0,-80.0,-80.0,-80.0,-80.0,-80.0,-80.0,-80.0,-80.0,-80.0,-80.0,-80.0,-80.0,-80.0,-80.0,-80.0,-80.0,-80.0,-80.0,-80.0,-80.0,-80.0,-80.0,-80.0,-80.0,-80.0,-80.0,-80.0,-80.0,-80.0,-80.0,-80.0,-80.0,-80.0,-80.0,-80.0,-80.0,-80.0,-80.0,-80.0,-80.0,-80.0,-80.0,-80.0,-80.0,-80.0,-80.0,-80.0,-80.0,-80.0,-80.0,-80.0,-80.0,-80.0,-80.0,-80.0,-80.0,-80.0,-80.0,-80.0,-80.0,-80.0,-80.0,-80.0,-80.0,-80.0,-80.0,-80.0,-80.0,-80.0,-80.0,-80.0,-80.0,-80.0,-80.0,-80.0,-80.0,-80.0,-80.0,-80.0,-80.0,-80.0,-80.0,-80.0,-80.0,-80.0,-80.0,-80.0,-80.0,-80.0,-80.0,-80.0,-80.0,-80.0,-80.0,-80.0,-80.0
-30.527142,-29.18956,-33.524002,-39.90871,-45.785667,-50.309998,-45.01439,-46.03251,-49.384434,-47.394547,-49.095024,-49.53161,-50.351105,-50.238678,-52.526634,-53.96822,-51.705734,-48.925575,-52.89356,-48.78512,-46.940407,-47.8264,-50.540497,-51.82166,-49.717293,-51.40722,-51.08922,-53.424183,-54.311882,-59.803413,-61.228436,-54.511215,-55.529522,-57.856968,-63.73444,-62.847847,-55.804634,-54.31614,-55.72628,-56.616325,-56.47197,-64.49483,-62.97737,-65.03352,-62.583008,-57.378094,-62.81836,-65.94805,-63.838127,-64.75039,-65.2327,-65.525894,-67.847885,-63.320126,-60.809597,-63.105278,-62.885124,-62.43218,-65.699875,-67.37156,-63.79636,-66.96805,-67.12471,-75.90979,-67.6172,-68.55484,-64.95222,-63.491234,-63.79357,-63.001484,-64.11726,-63.81208,-64.57449,-67.26907,-62.950817,-65.25967,-77.342834,-71.74751,-73.88088,-73.46806,-65.25111,-65.05627,-68.46215,-67.94381,-70.084984,-74.480934,-75.57115,-73.02191,-74.228546,-61.6392,-50.311237,-49.977886,-58.15062,-58.433372,-53.655403,-54.091938,-55.75358,-51.029694,-53.72551,-59.848034,-57.757896,-59.455994,-59.46155,-54.1289,-56.823772,-62.8179,-60.28516,-62.61649,-62.411064,-62.07951,-60.652225,-60.042973,-65.910706,-66.448616,-65.45303,-62.649185,-65.63599,-65.17171,-66.93053,-62.97896,-66.68326,-63.289055,-59.412582,-63.272614,-66.98394,-68.89662,-67.506714,-73.224594,-74.98193,-75.550735,-70.57168,-74.14242,-79.575356,-73.661736,-69.29433,-73.809235,-74.97243,-72.14543,-71.78786,-73.1268,-75.00165,-70.36077,-74.57753,-74.15598,-72.508896,-72.6275,-74.584656,-72.015785,-72.08803,-72.117615,-67.87811,-67.10805,-69.88118,-73.88663,-72.78675,-78.622246,-76.52527,-76.52659,-71.68619,-77.033966,-75.995056,-71.91992,-70.426186,-79.08774,-80.0,-78.69899,-80.0,-80.0,-78.9847,-76.01237,-78.47348,-80.0,-80.0,-80.0,-80.0,-77.68001,-80.0,-80.0,-80.0,-80.0,-80.0,-80.0,-80.0,-80.0,-80.0,-80.0,-80.0,-80.0,-80.0,-80.0,-80.0,-80.0,-80.0,-80.0,-80.0,-80.0,-80.0,-80.0,-80.0,-80.0,-80.0,-80.0,-80.0,-80.0,-80.0,-80.0,-80.0,-80.0,-80.0,-80.0,-80.0,-80.0,-80.0,-80.0,-80.0,-80.0,-80.0,-80.0,-80.0,-80.0,-80.0,-80.0,-80.0,-80.0,-80.0,-80.0,-80.0,-80.0,-80.0,-80.0,-80.0,-80.0,-80.0,-80.0,-80.0,-80.0,-80.0,-80.0,-80.0,-80.0,-80.0,-80.0,-80.0,-80.0,-80.0,-80.0,-80.0,-80.0,-80.0,-80.0,-80.0,-80.0,-80.0,-80.0,-80.0,-80.0,-80.0,-80.0,-80.0,-80.0,-80.0,-80.0,-80.0,-80.0,-80.0,-80.0,-80.0,-80.0,-80.0,-80.0,-80.0,-80.0,-80.0,-80.0,-80.0,-80.0,-80.0,-80.0,-80.0,-80.0,-80.0,-80.0,-80.0,-80.0,-80.0,-80.0,-80.0,-80.0,-80.0,-80.0,-80.0,-80.0,-80.0,-80.0,-80.0,-80.0,-80.0,-80.0,-80.0,-80.0,-80.0,-80.0,-80.0,-80.0,-80.0,-80.0,-80.0,-80.0,-80.0,-80.0,-80.0,-80.0,-80.0,-80.0,-80.0,-80.0,-80.0,-80.0,-80.0,-80.0,-80.0,-80.0,-80.0,-80.0,-80.0,-80.0,-80.0,-80.0,-80.0,-80.0,-80.0,-80.0,-80.0,-80.0,-80.0,-80.0,-80.0,-80.0,-80.0,-80.0,-80.0,-80.0,-80.0,-80.0,-80.0,-80.0,-80.0,-80.0,-80.0,-80.0,-80.0,-80.0,-80.0,-80.0,-80.0,-80.0,-80.0,-80.0,-80.0,-80.0,-80.0,-80.0,-80.0,-80.0,-80.0,-80.0,-80.0,-80.0,-80.0,-80.0,-80.0,-80.0,-80.0,-80.0,-80.0,-80.0,-80.0,-80.0,-80.0,-80.0,-80.0,-80.0,-80.0,-80.0,-80.0,-80.0,-80.0,-80.0,-80.0,-80.0,-80.0,-80.0,-80.0,-80.0,-80.0,-80.0,-80.0,-80.0,-80.0,-80.0,-80.0,-80.0,-80.0,-80.0,-80.0,-80.0,-80.0,-80.0,-80.0,-80.0,-80.0,-80.0,-80.0
-30.72226,-27.894375,-31.662762,-39.679504,-46.929195,-58.727627,-50.445854,-54.197178,-52.30385,-49.802578,-49.498367,-51.993935,-55.631557,-51.857056,-47.27731,-43.71485,-46.02855,-50.826588,-49.103844,-46.0049,-44.968246,-46.87047,-47.965282,-47.71919,-47.656925,-48.956486,-53.65564,-64.32048,-58.124123,-56.28217,-58.344067,-56.451195,-55.533066,-56.644287,-63.416737,-58.72992,-58.40384,-64.52012,-58.682587,-57.222073,-55.592766,-56.908325,-57.20285,-57.078247,-57.34278,-57.770115,-61.16351,-63.42793,-59.92846,-60.516502,-64.22133,-66.92418,-65.21254,-69.44938,-63.412304,-62.80423,-68.23409,-69.38179,-68.634186,-66.76335,-66.67634,-62.639694,-60.087555,-64.731735,-68.76222,-69.59883,-70.054245,-69.47106,-65.17213,-64.55302,-63.11355,-62.321087,-59.719353,-61.87778,-64.99811,-68.16981,-71.4465,-69.89157,-66.540886,-64.916664,-66.38246,-70.030914,-68.40253,-69.550156,-70.70003,-68.62784,-68.706314,-68.405045,-76.8546,-58.453587,-47.290104,-48.12451,-58.213333,-57.143257,-57.234276,-55.112076,-52.54679,-56.786156,-56.2897,-60.137314,-57.787308,-61.186874,-61.635406,-58.732323,-61.631237,-66.35953,-70.29866,-62.506493,-60.415493,-65.75612,-59.11137,-60.45756,-66.49039,-63.48742,-65.267944,-69.30916,-61.832855,-62.401436,-66.328384,-68.79985,-68.903885,-67.425735,-63.490807,-67.74592,-72.13095,-66.27693,-66.14305,-73.54024,-71.402756,-67.92799,-64.53293,-68.712524,-72.88405,-72.72324,-74.30149,-76.196106,-74.68117,-72.501236,-75.02309,-77.7876,-78.70853,-76.30313,-77.76528,-79.365616,-77.93141,-78.22803,-79.54933,-78.02252,-80.0,-74.10427,-69.88927,-72.35249,-78.31929,-74.91006,-75.3781,-79.08507,-75.190765,-74.02608,-73.62546,-76.70312,-78.66493,-70.62741,-70.71387,-78.12726,-80.0,-78.49217,-80.0,-80.0,-79.35129,-80.0,-80.0,-79.56419,-80.0,-80.0,-80.0,-80.0,-80.0,-80.0,-80.0,-80.0,-80.0,-80.0,-80.0,-80.0,-80.0,-80.0,-80.0,-80.0,-80.0,-80.0,-80.0,-80.0,-80.0,-80.0,-80.0,-80.0,-80.0,-80.0,-80.0,-80.0,-80.0,-80.0,-80.0,-80.0,-80.0,-80.0,-80.0,-80.0,-80.0,-80.0,-80.0,-80.0,-80.0,-80.0,-80.0,-80.0,-80.0,-80.0,-80.0,-80.0,-80.0,-80.0,-80.0,-80.0,-80.0,-80.0,-80.0,-80.0,-80.0,-80.0,-80.0,-80.0,-80.0,-80.0,-80.0,-80.0,-80.0,-80.0,-80.0,-80.0,-80.0,-80.0,-80.0,-80.0,-80.0,-80.0,-80.0,-80.0,-80.0,-80.0,-80.0,-80.0,-80.0,-80.0,-80.0,-80.0,-80.0,-80.0,-80.0,-80.0,-80.0,-80.0,-80.0,-80.0,-80.0,-80.0,-80.0,-80.0,-80.0,-80.0,-80.0,-80.0,-80.0,-80.0,-80.0,-80.0,-80.0,-80.0,-80.0,-80.0,-80.0,-80.0,-80.0,-80.0,-80.0,-80.0,-80.0,-80.0,-80.0,-80.0,-80.0,-80.0,-80.0,-80.0,-80.0,-80.0,-80.0,-80.0,-80.0,-80.0,-80.0,-80.0,-80.0,-80.0,-80.0,-80.0,-80.0,-80.0,-80.0,-80.0,-80.0,-80.0,-80.0,-80.0,-80.0,-80.0,-80.0,-80.0,-80.0,-80.0,-80.0,-80.0,-80.0,-80.0,-80.0,-80.0,-80.0,-80.0,-80.0,-80.0,-80.0,-80.0,-80.0,-80.0,-80.0,-80.0,-80.0,-80.0,-80.0,-80.0,-80.0,-80.0,-80.0,-80.0,-80.0,-80.0,-80.0,-80.0,-80.0,-80.0,-80.0,-80.0,-80.0,-80.0,-80.0,-80.0,-80.0,-80.0,-80.0,-80.0,-80.0,-80.0,-80.0,-80.0,-80.0,-80.0,-80.0,-80.0,-80.0,-80.0,-80.0,-80.0,-80.0,-80.0,-80.0,-80.0,-80.0,-80.0,-80.0,-80.0,-80.0,-80.0,-80.0,-80.0,-80.0,-80.0,-80.0,-80.0,-80.0,-80.0,-80.0,-80.0,-80.0,-80.0,-80.0,-80.0,-80.0,-80.0,-80.0,-80.0,-80.0,-80.0,-80.0,-80.0,-80.0,-80.0,-80.0,-80.0,-80.0,-80.0,-80.0,-80.0,-80.0
-29.600725,-25.094582,-30.046392,-40.61769,-48.648792,-53.769836,-50.654663,-51.648285,-48.370018,-45.58103,-50.05076,-48.370464,-49.46427,-51.22481,-45.52345,-41.29151,-44.891052,-50.021454,-49.05668,-50.07515,-46.5113,-47.11942,-47.410416,-46.605007,-52.598175,-47.395287,-51.9534,-58.691616,-50.63745,-50.514286,-57.90418,-55.63492,-55.729813,-55.418922,-55.950916,-58.479767,-59.30905,-60.82463,-58.228874,-57.5083,-53.09337,-52.57067,-55.40509,-53.248745,-55.177864,-59.757065,-60.831482,-65.757065,-61.215904,-58.99119,-59.00069,-57.963707,-57.487545,-60.307816,-63.87255,-64.63769,-60.508324,-59.028957,-63.1661,-66.84616,-66.52397,-60.747486,-57.61958,-58.044678,-62.863983,-64.8026,-67.47504,-63.755394,-64.087555,-67.76207,-67.9666,-65.91319,-62.041733,-63.559387,-67.67964,-70.006195,-69.49896,-70.88026,-67.87782,-63.599968,-64.53967,-64.61508,-60.824436,-61.281693,-66.40387,-69.996315,-67.137344,-68.558655,-73.27784,-56.145565,-46.756958,-49.85305,-59.870472,-63.691166,-59.70465,-53.103912,-54.55992,-59.95171,-61.74447,-57.398113,-55.5881,-61.229614,-61.067547,-58.87961,-65.56458,-65.24896,-62.787582,-59.628963,-63.0933,-67.52095,-62.63372,-63.039635,-71.01099,-67.969315,-70.10452,-66.57818,-61.19794,-60.320793,-63.79557,-65.8532,-65.23076,-69.98215,-71.11914,-66.99036,-67.025536,-68.29585,-69.35394,-75.32054,-68.42536,-65.08021,-63.524017,-64.33301,-69.63653,-69.49052,-68.317856,-69.88609,-74.89534,-76.27255,-71.32336,-72.40551,-76.13068,-72.36337,-72.33948,-76.285675,-73.940125,-77.70421,-79.561584,-80.0,-79.30997,-76.62844,-75.59454,-73.720436,-79.76299,-75.03488,-76.4727,-79.52502,-73.85495,-73.763374,-77.83806,-80.0,-78.53499,-76.66812,-77.631836,-79.792816,-80.0,-80.0,-75.46248,-75.45746,-77.610596,-80.0,-80.0,-80.0,-80.0,-80.0,-80.0,-80.0,-80.0,-80.0,-80.0,-80.0,-80.0,-80.0,-80.0,-80.0,-80.0,-80.0,-80.0,-80.0,-80.0,-80.0,-80.0,-80.0,-80.0,-80.0,-80.0,-80.0,-80.0,-80.0,-80.0,-80.0,-80.0,-80.0,-80.0,-80.0,-80.0,-80.0,-80.0,-80.0,-80.0,-80.0,-80.0,-80.0,-80.0,-80.0,-80.0,-80.0,-80.0,-80.0,-80.0,-80.0,-80.0,-80.0,-80.0,-80.0,-80.0,-80.0,-80.0,-80.0,-80.0,-80.0,-80.0,-80.0,-80.0,-80.0,-80.0,-80.0,-80.0,-80.0,-80.0,-80.0,-80.0,-80.0,-80.0,-80.0,-80.0,-80.0,-80.0,-80.0,-80.0,-80.0,-80.0,-80.0,-80.0,-80.0,-80.0,-80.0,-80.0,-80.0,-80.0,-80.0,-80.0,-80.0,-80.0,-80.0,-80.0,-80.0,-80.0,-80.0,-80.0,-80.0,-80.0,-80.0,-80.0,-80.0,-80.0,-80.0,-80.0,-80.0,-80.0,-80.0,-80.0,-80.0,-80.0,-80.0,-80.0,-80.0,-80.0,-80.0,-80.0,-80.0,-80.0,-80.0,-80.0,-80.0,-80.0,-80.0,-80.0,-80.0,-80.0,-80.0,-80.0,-80.0,-80.0,-80.0,-80.0,-80.0,-80.0,-80.0,-80.0,-80.0,-80.0,-80.0,-80.0,-80.0,-80.0,-80.0,-80.0,-80.0,-80.0,-80.0,-80.0,-80.0,-80.0,-80.0,-80.0,-80.0,-80.0,-80.0,-80.0,-80.0,-80.0,-80.0,-80.0,-80.0,-80.0,-80.0,-80.0,-80.0,-80.0,-80.0,-80.0,-80.0,-80.0,-80.0,-80.0,-80.0,-80.0,-80.0,-80.0,-80.0,-80.0,-80.0,-80.0,-80.0,-80.0,-80.0,-80.0,-80.0,-80.0,-80.0,-80.0,-80.0,-80.0,-80.0,-80.0,-80.0,-80.0,-80.0,-80.0,-80.0,-80.0,-80.0,-80.0,-80.0,-80.0,-80.0,-80.0,-80.0,-80.0,-80.0,-80.0,-80.0,-80.0,-80.0,-80.0,-80.0,-80.0,-80.0,-80.0,-80.0,-80.0,-80.0,-80.0,-80.0,-80.0,-80.0,-80.0,-80.0,-80.0,-80.0,-80.0,-80.0,-80.0,-80.0,-80.0,-80.0,-80.0,-80.0,-80.0,-80.0,-80.0,-80.0,-80.0
-31.009953,-28.691679,-35.698883,-46.11786,-51.440437,-53.424995,-55.254673,-53.500046,-51.557144,-47.913673,-49.93135,-52.40426,-53.3414,-54.352222,-49.88669,-48.279896,-49.73466,-50.727394,-51.102142,-53.552338,-52.42337,-48.837936,-48.897594,-51.49127,-56.071793,-52.30551,-54.548668,-57.21247,-51.178375,-52.677658,-56.045013,-58.717216,-68.04532,-61.532455,-58.85463,-60.44132,-57.65696,-59.19757,-61.91631,-57.342197,-54.902977,-58.451073,-72.27133,-58.696327,-57.844353,-59.70716,-60.553505,-64.76553,-65.32146,-65.55051,-63.456314,-59.075516,-58.66665,-60.61155,-64.33173,-62.659,-58.42885,-58.618824,-63.778217,-69.58705,-64.73003,-67.435425,-63.712692,-60.124596,-61.306305,-65.46651,-68.149124,-67.406624,-67.768486,-71.964035,-76.19629,-74.44734,-77.720345,-77.209625,-74.20006,-72.62758,-73.27735,-69.427795,-73.53817,-71.875885,-73.881195,-69.96387,-64.279205,-63.51411,-66.38579,-71.800735,-77.77644,-79.751976,-74.99287,-57.189526,-46.51708,-47.765102,-54.209286,-59.632122,-65.304214,-54.781002,-53.08902,-57.251217,-65.30539,-59.173622,-57.00985,-62.084488,-57.96951,-57.61283,-66.59716,-72.12763,-61.569847,-60.070858,-62.960487,-63.274494,-67.92749,-72.106476,-71.823975,-67.29387,-63.783287,-61.16902,-65.35004,-65.80638,-65.809296,-63.21575,-68.92851,-69.69124,-76.460976,-71.4896,-67.98695,-74.11627,-76.21042,-76.67081,-74.79552,-75.28688,-72.77316,-69.67395,-66.826965,-70.505325,-71.2806,-72.16236,-71.7083,-74.69498,-74.61241,-73.26288,-72.829956,-69.02559,-68.880554,-71.148636,-72.87249,-71.573,-73.36693,-79.1897,-80.0,-73.85356,-75.62762,-74.458466,-77.87146,-75.8956,-77.39143,-80.0,-75.46253,-72.36702,-78.34442,-80.0,-80.0,-80.0,-80.0,-80.0,-80.0,-80.0,-79.74104,-78.52686,-78.63602,-80.0,-80.0,-80.0,-80.0,-80.0,-80.0,-80.0,-80.0,-80.0,-80.0,-80.0,-80.0,-80.0,-80.0,-80.0,-80.0,-80.0,-80.0,-80.0,-80.0,-80.0,-80.0,-80.0,-80.0,-80.0,-80.0,-80.0,-80.0,-80.0,-80.0,-80.0,-80.0,-80.0,-80.0,-80.0,-80.0,-80.0,-80.0,-80.0,-80.0,-80.0,-80.0,-80.0,-80.0,-80.0,-80.0,-80.0,-80.0,-80.0,-80.0,-80.0,-80.0,-80.0,-80.0,-80.0,-80.0,-80.0,-80.0,-80.0,-80.0,-80.0,-80.0,-80.0,-80.0,-80.0,-80.0,-80.0,-80.0,-80.0,-80.0,-80.0,-80.0,-80.0,-80.0,-80.0,-80.0,-80.0,-80.0,-80.0,-80.0,-80.0,-80.0,-80.0,-80.0,-80.0,-80.0,-80.0,-80.0,-80.0,-80.0,-80.0,-80.0,-80.0,-80.0,-80.0,-80.0,-80.0,-80.0,-80.0,-80.0,-80.0,-80.0,-80.0,-80.0,-80.0,-80.0,-80.0,-80.0,-80.0,-80.0,-80.0,-80.0,-80.0,-80.0,-80.0,-80.0,-80.0,-80.0,-80.0,-80.0,-80.0,-80.0,-80.0,-80.0,-80.0,-80.0,-80.0,-80.0,-80.0,-80.0,-80.0,-80.0,-80.0,-80.0,-80.0,-80.0,-80.0,-80.0,-80.0,-80.0,-80.0,-80.0,-80.0,-80.0,-80.0,-80.0,-80.0,-80.0,-80.0,-80.0,-80.0,-80.0,-80.0,-80.0,-80.0,-80.0,-80.0,-80.0,-80.0,-80.0,-80.0,-80.0,-80.0,-80.0,-80.0,-80.0,-80.0,-80.0,-80.0,-80.0,-80.0,-80.0,-80.0,-80.0,-80.0,-80.0,-80.0,-80.0,-80.0,-80.0,-80.0,-80.0,-80.0,-80.0,-80.0,-80.0,-80.0,-80.0,-80.0,-80.0,-80.0,-80.0,-80.0,-80.0,-80.0,-80.0,-80.0,-80.0,-80.0,-80.0,-80.0,-80.0,-80.0,-80.0,-80.0,-80.0,-80.0,-80.0,-80.0,-80.0,-80.0,-80.0,-80.0,-80.0,-80.0,-80.0,-80.0,-80.0,-80.0,-80.0,-80.0,-80.0,-80.0,-80.0,-80.0,-80.0,-80.0,-80.0,-80.0,-80.0,-80.0,-80.0,-80.0,-80.0,-80.0,-80.0,-80.0,-80.0,-80.0,-80.0,-80.0,-80.0,-80.0,-80.0
-32.325512,-33.239017,-35.54954,-47.142662,-47.573376,-49.108498,-57.809708,-50.97991,-55.402855,-54.980934,-53.2361,-56.780777,-51.811226,-50.880066,-55.069653,-52.98446,-54.013683,-49.212273,-51.357803,-54.730095,-56.044945,-57.020096,-57.36637,-58.82927,-60.557407,-61.060085,-57.70757,-60.512253,-56.509388,-55.085175,-55.005913,-57.245018,-65.660385,-58.265793,-54.728195,-55.926857,-55.999702,-62.340828,-69.43518,-67.899704,-62.6836,-63.08663,-61.86991,-62.751118,-62.048134,-62.54009,-61.68464,-65.09432,-67.94075,-67.925064,-67.090515,-64.40363,-65.00007,-65.36162,-67.80889,-66.80459,-62.45341,-66.62537,-69.65059,-71.95953,-70.22807,-72.93237,-69.63582,-72.044815,-68.84897,-68.027664,-68.04854,-68.60779,-70.54846,-73.95743,-73.18152,-71.368546,-70.24751,-69.96089,-73.334435,-77.40229,-75.58002,-75.783005,-77.38178,-79.05226,-76.21716,-74.499374,-71.80263,-73.627304,-73.56587,-74.21631,-75.54486,-72.78436,-74.68704,-58.836494,-46.90021,-46.760414,-53.265762,-59.123985,-60.022396,-56.433674,-56.815056,-60.34659,-63.37378,-59.225754,-63.39457,-64.1945,-59.49803,-62.327854,-71.56851,-69.62794,-68.03429,-66.130104,-65.36517,-62.99872,-64.551575,-64.54247,-64.11613,-69.15768,-65.48802,-63.835823,-67.204926,-67.57939,-67.28517,-65.16971,-66.243,-70.85411,-69.77725,-70.19315,-67.92756,-66.252625,-70.85443,-79.33356,-79.79996,-76.83977,-71.115875,-69.62334,-70.918625,-72.67647,-74.03511,-69.56719,-71.622154,-75.55026,-72.99425,-74.19413,-74.31966,-70.63861,-72.25394,-72.29274,-78.54103,-76.17505,-74.21811,-79.86819,-80.0,-74.60158,-73.739716,-75.044815,-79.26941,-80.0,-80.0,-80.0,-80.0,-77.09996,-75.19528,-76.473625,-80.0,-80.0,-80.0,-79.57376,-78.31134,-80.0,-78.77992,-76.670555,-79.81802,-80.0,-80.0,-80.0,-80.0,-80.0,-80.0,-80.0,-80.0,-80.0,-80.0,-80.0,-80.0,-80.0,-80.0,-80.0,-80.0,-80.0,-80.0,-80.0,-80.0,-80.0,-80.0,-80.0,-80.0,-80.0,-80.0,-80.0,-80.0,-80.0,-80.0,-80.0,-80.0,-80.0,-80.0,-80.0,-80.0,-80.0,-80.0,-80.0,-80.0,-80.0,-80.0,-80.0,-80.0,-80.0,-80.0,-80.0,-80.0,-80.0,-80.0,-80.0,-80.0,-80.0,-80.0,-80.0,-80.0,-80.0,-80.0,-80.0,-80.0,-80.0,-80.0,-80.0,-80.0,-80.0,-80.0,-80.0,-80.0,-80.0,-80.0,-80.0,-80.0,-80.0,-80.0,-80.0,-80.0,-80.0,-80.0,-80.0,-80.0,-80.0,-80.0,-80.0,-80.0,-80.0,-80.0,-80.0,-80.0,-80.0,-80.0,-80.0,-80.0,-80.0,-80.0,-80.0,-80.0,-80.0,-80.0,-80.0,-80.0,-80.0,-80.0,-80.0,-80.0,-80.0,-80.0,-80.0,-80.0,-80.0,-80.0,-80.0,-80.0,-80.0,-80.0,-80.0,-80.0,-80.0,-80.0,-80.0,-80.0,-80.0,-80.0,-80.0,-80.0,-80.0,-80.0,-80.0,-80.0,-80.0,-80.0,-80.0,-80.0,-80.0,-80.0,-80.0,-80.0,-80.0,-80.0,-80.0,-80.0,-80.0,-80.0,-80.0,-80.0,-80.0,-80.0,-80.0,-80.0,-80.0,-80.0,-80.0,-80.0,-80.0,-80.0,-80.0,-80.0,-80.0,-80.0,-80.0,-80.0,-80.0,-80.0,-80.0,-80.0,-80.0,-80.0,-80.0,-80.0,-80.0,-80.0,-80.0,-80.0,-80.0,-80.0,-80.0,-80.0,-80.0,-80.0,-80.0,-80.0,-80.0,-80.0,-80.0,-80.0,-80.0,-80.0,-80.0,-80.0,-80.0,-80.0,-80.0,-80.0,-80.0,-80.0,-80.0,-80.0,-80.0,-80.0,-80.0,-80.0,-80.0,-80.0,-80.0,-80.0,-80.0,-80.0,-80.0,-80.0,-80.0,-80.0,-80.0,-80.0,-80.0,-80.0,-80.0,-80.0,-80.0,-80.0,-80.0,-80.0,-80.0,-80.0,-80.0,-80.0,-80.0,-80.0,-80.0,-80.0,-80.0,-80.0,-80.0,-80.0,-80.0,-80.0,-80.0,-80.0,-80.0,-80.0,-80.0,-80.0,-80.0,-80.0,-80.0,-80.0
-29.63589,-26.159273,-31.94082,-47.196587,-43.217,-47.18685,-48.031235,-44.881622,-50.15466,-54.56761,-52.168518,-47.51508,-41.986687,-43.239986,-51.44723,-58.352562,-50.15718,-44.74948,-48.166798,-53.035484,-56.65569,-56.503437,-61.49649,-60.062542,-54.194942,-54.788322,-57.111988,-57.082886,-62.71073,-52.434193,-48.3367,-52.100983,-58.721497,-54.14027,-51.542168,-51.88484,-57.09971,-55.524887,-55.956676,-58.24906,-62.693886,-56.13277,-53.850204,-55.617386,-60.09058,-57.937347,-58.40749,-58.422745,-59.933205,-64.191574,-58.884193,-61.273758,-63.823944,-68.09601,-66.31203,-62.07595,-60.69899,-59.91334,-62.53216,-71.46269,-67.531815,-65.70154,-67.32159,-67.75966,-66.78766,-68.0067,-64.43312,-60.643158,-61.75573,-64.905235,-69.81177,-71.92253,-67.70917,-67.96498,-76.36814,-74.06259,-77.01875,-74.16802,-70.76544,-70.84886,-72.8263,-73.13965,-70.81125,-70.26459,-67.15313,-68.39554,-66.234566,-64.758514,-69.454895,-60.798298,-49.065445,-51.907127,-64.71497,-62.293083,-55.528473,-55.048447,-60.244797,-63.6727,-65.75044,-62.51213,-60.4626,-61.604607,-68.27565,-65.86809,-65.76285,-62.976513,-65.58623,-70.59323,-67.40646,-67.32121,-59.993793,-58.782104,-62.878296,-67.57086,-73.2617,-73.40626,-68.04474,-65.17114,-68.38515,-73.678696,-73.9379,-70.46115,-65.378876,-64.579185,-64.65882,-64.303375,-66.353615,-70.49872,-77.02606,-73.37305,-73.9521,-71.00615,-75.548935,-78.7524,-78.16739,-71.16466,-74.45146,-74.917496,-72.98156,-69.00015,-71.71345,-70.33492,-70.832504,-74.54501,-79.6613,-78.728546,-76.801926,-77.53287,-80.0,-80.0,-80.0,-80.0,-80.0,-80.0,-80.0,-80.0,-80.0,-79.31293,-79.08234,-74.49902,-78.90662,-80.0,-80.0,-77.73416,-77.26019,-80.0,-80.0,-80.0,-80.0,-80.0,-80.0,-80.0,-80.0,-80.0,-80.0,-80.0,-80.0,-80.0,-80.0,-80.0,-80.0,-80.0,-80.0,-80.0,-80.0,-80.0,-80.0,-80.0,-80.0,-80.0,-80.0,-80.0,-80.0,-80.0,-80.0,-80.0,-80.0,-80.0,-80.0,-80.0,-80.0,-80.0,-80.0,-80.0,-80.0,-80.0,-80.0,-80.0,-80.0,-80.0,-80.0,-80.0,-80.0,-80.0,-80.0,-80.0,-80.0,-80.0,-80.0,-80.0,-80.0,-80.0,-80.0,-80.0,-80.0,-80.0,-80.0,-80.0,-80.0,-80.0,-80.0,-80.0,-80.0,-80.0,-80.0,-80.0,-80.0,-80.0,-80.0,-80.0,-80.0,-80.0,-80.0,-80.0,-80.0,-80.0,-80.0,-80.0,-80.0,-80.0,-80.0,-80.0,-80.0,-80.0,-80.0,-80.0,-80.0,-80.0,-80.0,-80.0,-80.0,-80.0,-80.0,-80.0,-80.0,-80.0,-80.0,-80.0,-80.0,-80.0,-80.0,-80.0,-80.0,-80.0,-80.0,-80.0,-80.0,-80.0,-80.0,-80.0,-80.0,-80.0,-80.0,-80.0,-80.0,-80.0,-80.0,-80.0,-80.0,-80.0,-80.0,-80.0,-80.0,-80.0,-80.0,-80.0,-80.0,-80.0,-80.0,-80.0,-80.0,-80.0,-80.0,-80.0,-80.0,-80.0,-80.0,-80.0,-80.0,-80.0,-80.0,-80.0,-80.0,-80.0,-80.0,-80.0,-80.0,-80.0,-80.0,-80.0,-80.0,-80.0,-80.0,-80.0,-80.0,-80.0,-80.0,-80.0,-80.0,-80.0,-80.0,-80.0,-80.0,-80.0,-80.0,-80.0,-80.0,-80.0,-80.0,-80.0,-80.0,-80.0,-80.0,-80.0,-80.0,-80.0,-80.0,-80.0,-80.0,-80.0,-80.0,-80.0,-80.0,-80.0,-80.0,-80.0,-80.0,-80.0,-80.0,-80.0,-80.0,-80.0,-80.0,-80.0,-80.0,-80.0,-80.0,-80.0,-80.0,-80.0,-80.0,-80.0,-80.0,-80.0,-80.0,-80.0,-80.0,-80.0,-80.0,-80.0,-80.0,-80.0,-80.0,-80.0,-80.0,-80.0,-80.0,-80.0,-80.0,-80.0,-80.0,-80.0,-80.0,-80.0,-80.0,-80.0,-80.0,-80.0,-80.0,-80.0,-80.0,-80.0,-80.0,-80.0,-80.0,-80.0,-80.0,-80.0,-80.0,-80.0,-80.0,-80.0,-80.0
-30.04279,-26.890022,-32.969643,-40.00776,-44.29964,-48.52732,-43.52906,-43.444218,-47.450123,-46.828484,-46.328644,-43.321014,-40.793198,-43.7028,-53.172794,-56.348312,-52.27883,-48.049095,-48.3216,-51.17119,-51.04454,-58.49457,-64.500015,-64.94284,-55.063812,-53.353447,-57.207336,-56.179085,-63.351303,-57.15063,-50.94088,-54.58702,-59.587875,-60.403942,-59.933636,-55.983776,-58.45719,-54.73606,-54.009377,-55.31498,-62.585976,-58.849606,-57.23987,-60.869614,-60.204857,-56.58203,-57.931427,-57.8882,-60.71974,-62.32596,-59.13834,-60.097466,-59.17372,-62.968475,-63.400444,-63.54843,-68.5356,-61.986935,-63.49418,-66.346924,-69.92871,-63.253693,-63.888283,-68.2539,-68.56305,-74.395966,-70.67334,-63.678013,-62.929546,-62.468422,-67.01944,-73.59912,-69.0668,-69.46953,-75.63849,-74.50661,-71.55203,-72.7623,-67.93934,-69.4176,-74.70851,-76.01178,-74.750946,-71.231125,-67.29094,-70.821976,-69.86018,-66.89897,-71.20569,-61.7417,-50.112267,-50.28532,-59.21627,-57.100487,-58.325443,-57.98089,-63.506668,-61.90086,-62.641342,-66.020386,-61.421593,-63.227524,-71.7214,-71.61366,-64.44855,-63.3674,-66.089806,-68.46353,-72.51546,-68.02438,-64.30799,-62.802002,-69.675415,-72.47452,-70.50981,-73.43442,-69.852936,-66.82859,-69.999016,-70.23907,-73.95567,-76.17351,-71.210785,-71.33409,-72.96178,-73.0895,-73.18209,-73.44672,-74.54657,-76.73749,-72.06694,-72.285805,-77.98384,-80.0,-76.54286,-74.58092,-75.20334,-73.75159,-73.195335,-72.33484,-75.74437,-75.53548,-79.91136,-80.0,-78.94945,-80.0,-80.0,-79.2602,-78.65512,-79.44842,-80.0,-80.0,-80.0,-80.0,-80.0,-80.0,-80.0,-78.27896,-80.0,-79.056595,-80.0,-80.0,-80.0,-80.0,-80.0,-80.0,-80.0,-80.0,-80.0,-80.0,-80.0,-80.0,-80.0,-80.0,-80.0,-80.0,-80.0,-80.0,-80.0,-80.0,-80.0,-80.0,-80.0,-80.0,-80.0,-80.0,-80.0,-80.0,-80.0,-80.0,-80.0,-80.0,-80.0,-80.0,-80.0,-80.0,-80.0,-80.0,-80.0,-80.0,-80.0,-80.0,-80.0,-80.0,-80.0,-80.0,-80.0,-80.0,-80.0,-80.0,-80.0,-80.0,-80.0,-80.0,-80.0,-80.0,-80.0,-80.0,-80.0,-80.0,-80.0,-80.0,-80.0,-80.0,-80.0,-80.0,-80.0,-80.0,-80.0,-80.0,-80.0,-80.0,-80.0,-80.0,-80.0,-80.0,-80.0,-80.0,-80.0,-80.0,-80.0,-80.0,-80.0,-80.0,-80.0,-80.0,-80.0,-80.0,-80.0,-80.0,-80.0,-80.0,-80.0,-80.0,-80.0,-80.0,-80.0,-80.0,-80.0,-80.0,-80.0,-80.0,-80.0,-80.0,-80.0,-80.0,-80.0,-80.0,-80.0,-80.0,-80.0,-80.0,-80.0,-80.0,-80.0,-80.0,-80.0,-80.0,-80.0,-80.0,-80.0,-80.0,-80.0,-80.0,-80.0,-80.0,-80.0,-80.0,-80.0,-80.0,-80.0,-80.0,-80.0,-80.0,-80.0,-80.0,-80.0,-80.0,-80.0,-80.0,-80.0,-80.0,-80.0,-80.0,-80.0,-80.0,-80.0,-80.0,-80.0,-80.0,-80.0,-80.0,-80.0,-80.0,-80.0,-80.0,-80.0,-80.0,-80.0,-80.0,-80.0,-80.0,-80.0,-80.0,-80.0,-80.0,-80.0,-80.0,-80.0,-80.0,-80.0,-80.0,-80.0,-80.0,-80.0,-80.0,-80.0,-80.0,-80.0,-80.0,-80.0,-80.0,-80.0,-80.0,-80.0,-80.0,-80.0,-80.0,-80.0,-80.0,-80.0,-80.0,-80.0,-80.0,-80.0,-80.0,-80.0,-80.0,-80.0,-80.0,-80.0,-80.0,-80.0,-80.0,-80.0,-80.0,-80.0,-80.0,-80.0,-80.0,-80.0,-80.0,-80.0,-80.0,-80.0,-80.0,-80.0,-80.0,-80.0,-80.0,-80.0,-80.0,-80.0,-80.0,-80.0,-80.0,-80.0,-80.0,-80.0,-80.0,-80.0,-80.0,-80.0,-80.0,-80.0,-80.0,-80.0,-80.0,-80.0,-80.0,-80.0,-80.0,-80.0,-80.0,-80.0,-80.0,-80.0,-80.0,-80.0,-80.0,-80.0,-80.0,-80.0
-32.62761,-32.3324,-40.551853,-40.755325,-44.56675,-46.412395,-44.98852,-47.203056,-51.724434,-44.32008,-45.91764,-50.996628,-48.379654,-46.68957,-49.637413,-52.522453,-56.74928,-53.87291,-50.864044,-54.69616,-51.539116,-55.486572,-55.43622,-53.719704,-54.45616,-59.334267,-55.791374,-58.191418,-60.342316,-59.05625,-59.06744,-59.707188,-62.39885,-62.836784,-60.722935,-59.45244,-61.38102,-60.377014,-63.16249,-58.67648,-63.173153,-70.38347,-66.42659,-66.44257,-69.54163,-60.207596,-60.259274,-61.306156,-62.6695,-69.57814,-65.66141,-66.666954,-59.887215,-61.044304,-63.874485,-68.767914,-67.45009,-65.12952,-70.337715,-68.08452,-71.01759,-66.705826,-67.0544,-72.35077,-75.44731,-73.10161,-71.64864,-74.161514,-76.09128,-68.18045,-67.76137,-70.33414,-66.30223,-67.55199,-70.72627,-69.32636,-69.0572,-72.98571,-73.51686,-68.84504,-69.40353,-72.42641,-71.11513,-74.16112,-74.399734,-71.9028,-72.07396,-69.76959,-71.38782,-66.31065,-52.606754,-49.55734,-49.95638,-50.852966,-54.397003,-56.915,-61.60579,-60.073975,-63.323875,-63.80742,-66.441124,-73.82718,-78.26106,-76.98135,-71.6181,-68.80535,-64.38478,-63.10537,-70.41802,-67.31059,-62.967827,-65.34282,-64.65697,-70.80071,-70.53702,-66.515274,-69.826706,-68.07349,-64.63549,-67.88448,-69.52385,-67.83281,-70.187195,-70.37638,-69.1989,-70.00688,-73.82501,-71.43735,-71.94475,-73.037155,-72.27405,-76.71495,-72.04118,-70.54634,-76.03665,-76.58215,-79.17592,-77.647064,-76.97998,-76.50214,-74.472946,-80.0,-80.0,-79.767914,-78.46902,-76.2471,-76.90441,-80.0,-77.24674,-77.43446,-80.0,-79.83067,-78.71443,-80.0,-80.0,-80.0,-80.0,-80.0,-80.0,-80.0,-80.0,-80.0,-80.0,-80.0,-80.0,-79.21138,-79.710464,-80.0,-80.0,-80.0,-80.0,-80.0,-80.0,-80.0,-80.0,-80.0,-80.0,-80.0,-80.0,-80.0,-80.0,-80.0,-80.0,-80.0,-80.0,-80.0,-80.0,-80.0,-80.0,-80.0,-80.0,-80.0,-80.0,-80.0,-80.0,-80.0,-80.0,-80.0,-80.0,-80.0,-80.0,-80.0,-80.0,-80.0,-80.0,-80.0,-80.0,-80.0,-80.0,-80.0,-80.0,-80.0,-80.0,-80.0,-80.0,-80.0,-80.0,-80.0,-80.0,-80.0,-80.0,-80.0,-80.0,-80.0,-80.0,-80.0,-80.0,-80.0,-80.0,-80.0,-80.0,-80.0,-80.0,-80.0,-80.0,-80.0,-80.0,-80.0,-80.0,-80.0,-80.0,-80.0,-80.0,-80.0,-80.0,-80.0,-80.0,-80.0,-80.0,-80.0,-80.0,-80.0,-80.0,-80.0,-80.0,-80.0,-80.0,-80.0,-80.0,-80.0,-80.0,-80.0,-80.0,-80.0,-80.0,-80.0,-80.0,-80.0,-80.0,-80.0,-80.0,-80.0,-80.0,-80.0,-80.0,-80.0,-80.0,-80.0,-80.0,-80.0,-80.0,-80.0,-80.0,-80.0,-80.0,-80.0,-80.0,-80.0,-80.0,-80.0,-80.0,-80.0,-80.0,-80.0,-80.0,-80.0,-80.0,-80.0,-80.0,-80.0,-80.0,-80.0,-80.0,-80.0,-80.0,-80.0,-80.0,-80.0,-80.0,-80.0,-80.0,-80.0,-80.0,-80.0,-80.0,-80.0,-80.0,-80.0,-80.0,-80.0,-80.0,-80.0,-80.0,-80.0,-80.0,-80.0,-80.0,-80.0,-80.0,-80.0,-80.0,-80.0,-80.0,-80.0,-80.0,-80.0,-80.0,-80.0,-80.0,-80.0,-80.0,-80.0,-80.0,-80.0,-80.0,-80.0,-80.0,-80.0,-80.0,-80.0,-80.0,-80.0,-80.0,-80.0,-80.0,-80.0,-80.0,-80.0,-80.0,-80.0,-80.0,-80.0,-80.0,-80.0,-80.0,-80.0,-80.0,-80.0,-80.0,-80.0,-80.0,-80.0,-80.0,-80.0,-80.0,-80.0,-80.0,-80.0,-80.0,-80.0,-80.0,-80.0,-80.0,-80.0,-80.0,-80.0,-80.0,-80.0,-80.0,-80.0,-80.0,-80.0,-80.0,-80.0,-80.0,-80.0,-80.0,-80.0,-80.0,-80.0,-80.0,-80.0,-80.0,-80.0,-80.0,-80.0,-80.0,-80.0,-80.0,-80.0,-80.0,-80.0,-80.0
-35.650635,-34.648293,-39.32952,-47.571934,-53.52511,-54.329678,-48.43547,-47.513905,-49.049713,-44.296867,-47.307735,-54.483093,-52.32646,-55.537956,-52.76786,-50.379406,-55.854233,-56.76767,-56.425613,-55.99858,-55.974663,-62.09308,-58.302498,-54.355522,-58.29956,-61.696945,-60.614372,-61.296085,-62.329437,-58.258022,-63.033054,-63.0477,-62.47505,-60.64176,-61.157097,-59.936394,-62.91652,-63.1212,-67.967285,-66.01837,-66.055336,-63.33785,-60.73874,-66.647415,-69.332596,-68.77751,-66.22412,-65.174835,-68.54741,-69.67815,-65.38968,-64.199814,-62.208046,-64.0037,-70.2033,-72.36943,-64.09038,-63.247475,-66.40384,-70.244354,-69.47019,-67.21912,-69.23988,-69.34811,-72.909744,-71.742874,-72.11415,-73.66467,-69.444916,-68.40453,-74.337585,-76.96301,-76.811935,-73.16891,-74.46473,-73.9226,-72.12631,-72.37833,-73.71498,-72.314476,-70.83278,-73.77103,-73.3575,-75.754,-74.24101,-74.32393,-74.70114,-72.41438,-76.53529,-72.930786,-60.42969,-60.584236,-56.57437,-54.473072,-57.96299,-53.612255,-58.155773,-64.77417,-64.751686,-61.625412,-64.92288,-68.74371,-73.70941,-68.91292,-70.56746,-72.442825,-68.15942,-66.88957,-71.733734,-65.64674,-61.822105,-63.004868,-65.658615,-68.4969,-71.06042,-64.64912,-64.11872,-66.56086,-66.247826,-67.20041,-73.3454,-69.40877,-72.748245,-76.05374,-75.3221,-73.080215,-69.37706,-66.51398,-69.921265,-67.4903,-68.74682,-77.25717,-72.39427,-71.155075,-72.637695,-73.14958,-77.291756,-79.69597,-77.10675,-77.20421,-78.067825,-80.0,-80.0,-80.0,-76.976456,-76.06807,-75.7921,-75.00489,-78.640976,-80.0,-80.0,-80.0,-80.0,-80.0,-77.9711,-80.0,-80.0,-80.0,-78.96872,-80.0,-79.24399,-76.08801,-80.0,-80.0,-80.0,-80.0,-80.0,-80.0,-80.0,-80.0,-80.0,-80.0,-80.0,-80.0,-80.0,-80.0,-80.0,-80.0,-80.0,-80.0,-80.0,-80.0,-80.0,-80.0,-80.0,-80.0,-80.0,-80.0,-80.0,-80.0,-80.0,-80.0,-80.0,-80.0,-80.0,-80.0,-80.0,-80.0,-80.0,-80.0,-80.0,-80.0,-80.0,-80.0,-80.0,-80.0,-80.0,-80.0,-80.0,-80.0,-80.0,-80.0,-80.0,-80.0,-80.0,-80.0,-80.0,-80.0,-80.0,-80.0,-80.0,-80.0,-80.0,-80.0,-80.0,-80.0,-80.0,-80.0,-80.0,-80.0,-80.0,-80.0,-80.0,-80.0,-80.0,-80.0,-80.0,-80.0,-80.0,-80.0,-80.0,-80.0,-80.0,-80.0,-80.0,-80.0,-80.0,-80.0,-80.0,-80.0,-80.0,-80.0,-80.0,-80.0,-80.0,-80.0,-80.0,-80.0,-80.0,-80.0,-80.0,-80.0,-80.0,-80.0,-80.0,-80.0,-80.0,-80.0,-80.0,-80.0,-80.0,-80.0,-80.0,-80.0,-80.0,-80.0,-80.0,-80.0,-80.0,-80.0,-80.0,-80.0,-80.0,-80.0,-80.0,-80.0,-80.0,-80.0,-80.0,-80.0,-80.0,-80.0,-80.0,-80.0,-80.0,-80.0,-80.0,-80.0,-80.0,-80.0,-80.0,-80.0,-80.0,-80.0,-80.0,-80.0,-80.0,-80.0,-80.0,-80.0,-80.0,-80.0,-80.0,-80.0,-80.0,-80.0,-80.0,-80.0,-80.0,-80.0,-80.0,-80.0,-80.0,-80.0,-80.0,-80.0,-80.0,-80.0,-80.0,-80.0,-80.0,-80.0,-80.0,-80.0,-80.0,-80.0,-80.0,-80.0,-80.0,-80.0,-80.0,-80.0,-80.0,-80.0,-80.0,-80.0,-80.0,-80.0,-80.0,-80.0,-80.0,-80.0,-80.0,-80.0,-80.0,-80.0,-80.0,-80.0,-80.0,-80.0,-80.0,-80.0,-80.0,-80.0,-80.0,-80.0,-80.0,-80.0,-80.0,-80.0,-80.0,-80.0,-80.0,-80.0,-80.0,-80.0,-80.0,-80.0,-80.0,-80.0,-80.0,-80.0,-80.0,-80.0,-80.0,-80.0,-80.0,-80.0,-80.0,-80.0,-80.0,-80.0,-80.0,-80.0,-80.0,-80.0,-80.0,-80.0,-80.0,-80.0,-80.0,-80.0,-80.0,-80.0,-80.0,-80.0,-80.0,-80.0,-80.0,-80.0,-80.0,-80.0,-80.0
-37.452682,-34.863476,-38.178226,-46.324535,-53.093636,-47.4724,-45.500565,-45.564236,-44.10372,-43.884342,-51.79418,-52.539062,-50.316784,-54.072365,-52.4845,-54.393967,-60.720413,-57.23902,-58.706856,-59.131752,-61.347927,-59.217297,-59.698444,-60.590034,-63.09542,-63.456093,-63.445114,-61.768433,-62.118233,-61.02781,-62.331417,-61.91893,-63.07193,-62.663654,-62.226555,-61.379227,-62.907528,-64.62872,-64.30356,-66.74443,-66.71643,-60.97814,-60.789173,-69.81647,-71.95703,-71.598404,-76.02623,-71.38379,-70.94263,-66.26675,-65.85933,-68.446815,-68.25754,-66.50716,-70.79993,-69.78778,-66.367935,-66.36362,-66.06685,-69.24898,-74.63623,-71.26573,-71.36038,-72.69013,-78.0452,-79.73735,-74.14877,-68.24922,-66.683075,-68.64106,-76.412926,-80.0,-80.0,-79.57527,-76.43984,-73.690125,-73.431015,-74.77721,-73.06508,-69.56102,-70.05994,-76.00386,-80.0,-79.72702,-74.377,-72.787415,-77.95793,-75.43229,-79.787155,-73.59619,-60.324505,-59.061905,-55.531696,-54.069786,-56.005745,-54.360806,-55.928432,-65.00269,-62.714043,-64.38847,-61.744255,-64.30975,-71.727066,-65.33984,-62.327023,-65.579285,-67.241,-66.05927,-68.418015,-65.36348,-68.257065,-67.56035,-70.440895,-70.61626,-66.14157,-68.70091,-69.675934,-73.484955,-69.76773,-70.88268,-76.38512,-76.48978,-75.2294,-80.0,-79.522736,-73.89107,-68.657394,-70.06006,-76.2926,-69.93386,-69.37366,-75.22247,-74.78815,-78.73544,-74.21128,-76.991425,-78.435745,-72.8067,-72.27225,-77.10669,-76.00267,-80.0,-80.0,-80.0,-77.288055,-73.891174,-74.88491,-79.20569,-79.135895,-78.688644,-80.0,-80.0,-80.0,-79.69143,-76.13437,-79.21301,-80.0,-79.05763,-78.61244,-79.70305,-80.0,-78.39871,-80.0,-80.0,-80.0,-80.0,-80.0,-80.0,-80.0,-80.0,-80.0,-80.0,-80.0,-80.0,-80.0,-80.0,-80.0,-80.0,-80.0,-80.0,-80.0,-80.0,-80.0,-80.0,-80.0,-80.0,-80.0,-80.0,-80.0,-80.0,-80.0,-80.0,-80.0,-80.0,-80.0,-80.0,-80.0,-80.0,-80.0,-80.0,-80.0,-80.0,-80.0,-80.0,-80.0,-80.0,-80.0,-80.0,-80.0,-80.0,-80.0,-80.0,-80.0,-80.0,-80.0,-80.0,-80.0,-80.0,-80.0,-80.0,-80.0,-80.0,-80.0,-80.0,-80.0,-80.0,-80.0,-80.0,-80.0,-80.0,-80.0,-80.0,-80.0,-80.0,-80.0,-80.0,-80.0,-80.0,-80.0,-80.0,-80.0,-80.0,-80.0,-80.0,-80.0,-80.0,-80.0,-80.0,-80.0,-80.0,-80.0,-80.0,-80.0,-80.0,-80.0,-80.0,-80.0,-80.0,-80.0,-80.0,-80.0,-80.0,-80.0,-80.0,-80.0,-80.0,-80.0,-80.0,-80.0,-80.0,-80.0,-80.0,-80.0,-80.0,-80.0,-80.0,-80.0,-80.0,-80.0,-80.0,-80.0,-80.0,-80.0,-80.0,-80.0,-80.0,-80.0,-80.0,-80.0,-80.0,-80.0,-80.0,-80.0,-80.0,-80.0,-80.0,-80.0,-80.0,-80.0,-80.0,-80.0,-80.0,-80.0,-80.0,-80.0,-80.0,-80.0,-80.0,-80.0,-80.0,-80.0,-80.0,-80.0,-80.0,-80.0,-80.0,-80.0,-80.0,-80.0,-80.0,-80.0,-80.0,-80.0,-80.0,-80.0,-80.0,-80.0,-80.0,-80.0,-80.0,-80.0,-80.0,-80.0,-80.0,-80.0,-80.0,-80.0,-80.0,-80.0,-80.0,-80.0,-80.0,-80.0,-80.0,-80.0,-80.0,-80.0,-80.0,-80.0,-80.0,-80.0,-80.0,-80.0,-80.0,-80.0,-80.0,-80.0,-80.0,-80.0,-80.0,-80.0,-80.0,-80.0,-80.0,-80.0,-80.0,-80.0,-80.0,-80.0,-80.0,-80.0,-80.0,-80.0,-80.0,-80.0,-80.0,-80.0,-80.0,-80.0,-80.0,-80.0,-80.0,-80.0,-80.0,-80.0,-80.0,-80.0,-80.0,-80.0,-80.0,-80.0,-80.0,-80.0,-80.0,-80.0,-80.0,-80.0,-80.0,-80.0,-80.0,-80.0,-80.0,-80.0,-80.0,-80.0,-80.0,-80.0,-80.0,-80.0,-80.0,-80.0,-80.0,-80.0
-40.43325,-40.644253,-42.793655,-45.198368,-47.149826,-47.67836,-53.08741,-56.78921,-50.852386,-50.18186,-53.748795,-60.802666,-54.75898,-56.935608,-58.69426,-61.687256,-66.972046,-64.96439,-66.08429,-58.790764,-60.119118,-66.193954,-64.63025,-66.653885,-68.193054,-65.994934,-64.911644,-64.0712,-62.02962,-65.10424,-70.323166,-67.624435,-68.406715,-68.429855,-67.77817,-72.582825,-66.51558,-63.63397,-68.27997,-69.413315,-68.41905,-66.519905,-67.2091,-65.9068,-68.017296,-70.007706,-72.357864,-71.86069,-74.11696,-68.64882,-74.0074,-76.98418,-76.308105,-74.751114,-78.60657,-77.923935,-75.01236,-76.49666,-78.3696,-76.17267,-77.611115,-80.0,-80.0,-80.0,-78.153015,-80.0,-79.71783,-73.06984,-75.05429,-77.02879,-80.0,-79.20762,-74.3456,-77.57556,-80.0,-80.0,-80.0,-80.0,-80.0,-77.58557,-77.02351,-78.13272,-77.48804,-76.66113,-78.382614,-75.83241,-78.15691,-78.39188,-80.0,-66.43344,-53.415386,-50.6095,-50.899654,-56.424393,-58.32274,-62.245594,-58.483604,-62.172546,-62.250343,-63.425247,-65.10405,-63.165596,-67.89262,-61.99611,-62.30011,-59.518726,-62.321617,-64.9174,-68.99347,-66.84787,-68.549286,-68.2561,-71.53865,-72.924286,-67.201385,-70.06021,-74.83209,-72.99775,-67.48703,-70.77952,-72.47656,-76.77896,-75.23328,-76.89305,-80.0,-78.42206,-75.10419,-72.894966,-72.00133,-76.03022,-73.46571,-74.24722,-75.964645,-78.29596,-73.50531,-74.62486,-71.50522,-70.83751,-75.288475,-80.0,-77.47708,-80.0,-80.0,-78.48607,-76.60614,-76.925095,-73.05388,-76.97025,-79.020615,-79.88192,-80.0,-79.46206,-80.0,-80.0,-80.0,-80.0,-80.0,-80.0,-80.0,-80.0,-80.0,-80.0,-80.0,-80.0,-80.0,-80.0,-80.0,-80.0,-80.0,-80.0,-80.0,-80.0,-80.0,-80.0,-80.0,-80.0,-80.0,-80.0,-80.0,-80.0,-80.0,-80.0,-80.0,-80.0,-80.0,-80.0,-80.0,-80.0,-80.0,-80.0,-80.0,-80.0,-80.0,-80.0,-80.0,-80.0,-80.0,-80.0,-80.0,-80.0,-80.0,-80.0,-80.0,-80.0,-80.0,-80.0,-80.0,-80.0,-80.0,-80.0,-80.0,-80.0,-80.0,-80.0,-80.0,-80.0,-80.0,-80.0,-80.0,-80.0,-80.0,-80.0,-80.0,-80.0,-80.0,-80.0,-80.0,-80.0,-80.0,-80.0,-80.0,-80.0,-80.0,-80.0,-80.0,-80.0,-80.0,-80.0,-80.0,-80.0,-80.0,-80.0,-80.0,-80.0,-80.0,-80.0,-80.0,-80.0,-80.0,-80.0,-80.0,-80.0,-80.0,-80.0,-80.0,-80.0,-80.0,-80.0,-80.0,-80.0,-80.0,-80.0,-80.0,-80.0,-80.0,-80.0,-80.0,-80.0,-80.0,-80.0,-80.0,-80.0,-80.0,-80.0,-80.0,-80.0,-80.0,-80.0,-80.0,-80.0,-80.0,-80.0,-80.0,-80.0,-80.0,-80.0,-80.0,-80.0,-80.0,-80.0,-80.0,-80.0,-80.0,-80.0,-80.0,-80.0,-80.0,-80.0,-80.0,-80.0,-80.0,-80.0,-80.0,-80.0,-80.0,-80.0,-80.0,-80.0,-80.0,-80.0,-80.0,-80.0,-80.0,-80.0,-80.0,-80.0,-80.0,-80.0,-80.0,-80.0,-80.0,-80.0,-80.0,-80.0,-80.0,-80.0,-80.0,-80.0,-80.0,-80.0,-80.0,-80.0,-80.0,-80.0,-80.0,-80.0,-80.0,-80.0,-80.0,-80.0,-80.0,-80.0,-80.0,-80.0,-80.0,-80.0,-80.0,-80.0,-80.0,-80.0,-80.0,-80.0,-80.0,-80.0,-80.0,-80.0,-80.0,-80.0,-80.0,-80.0,-80.0,-80.0,-80.0,-80.0,-80.0,-80.0,-80.0,-80.0,-80.0,-80.0,-80.0,-80.0,-80.0,-80.0,-80.0,-80.0,-80.0,-80.0,-80.0,-80.0,-80.0,-80.0,-80.0,-80.0,-80.0,-80.0,-80.0,-80.0,-80.0,-80.0,-80.0,-80.0,-80.0,-80.0,-80.0,-80.0,-80.0,-80.0,-80.0,-80.0,-80.0,-80.0,-80.0,-80.0,-80.0,-80.0,-80.0,-80.0,-80.0,-80.0,-80.0,-80.0,-80.0
-41.492584,-40.38712,-42.378094,-46.162956,-48.119827,-52.600594,-56.943424,-62.250763,-58.38718,-52.742847,-53.44574,-55.73274,-58.47145,-55.507034,-55.271935,-55.167717,-60.071007,-61.239655,-58.949974,-57.712574,-63.4834,-65.563644,-64.18822,-65.96654,-70.682,-64.391655,-66.29636,-65.58974,-61.994522,-66.506386,-66.36957,-67.4919,-66.35884,-68.83194,-70.29111,-74.13463,-67.99786,-66.507996,-63.943115,-68.72743,-70.90709,-68.3354,-63.30773,-65.84038,-73.09956,-69.4305,-69.73437,-69.52812,-69.648476,-70.7863,-74.641594,-72.33423,-75.69618,-71.40474,-72.18743,-73.17685,-72.42093,-73.45927,-76.59207,-76.99593,-75.27811,-74.22745,-76.06684,-80.0,-77.26041,-79.62399,-77.37528,-74.7695,-80.0,-80.0,-79.99879,-76.440094,-77.58147,-80.0,-78.24124,-78.643326,-80.0,-80.0,-78.589645,-79.758835,-80.0,-80.0,-80.0,-80.0,-80.0,-80.0,-77.80711,-79.50747,-80.0,-64.33188,-52.789467,-50.49588,-50.31069,-54.72239,-59.16155,-64.67944,-58.25495,-61.39332,-65.462234,-64.96677,-63.422565,-58.768116,-59.917038,-54.939026,-56.265495,-62.848457,-61.409554,-61.169273,-63.817932,-63.338245,-65.57008,-65.32166,-70.03952,-71.55014,-71.1564,-71.2169,-69.373604,-67.5377,-63.420753,-66.506714,-65.796974,-66.0482,-69.68915,-67.2963,-68.208916,-70.64992,-68.576096,-71.576195,-68.763985,-69.649765,-68.10559,-69.511734,-70.42018,-72.22623,-74.719284,-71.18213,-70.636536,-76.551575,-75.54455,-72.448296,-71.66168,-74.290504,-75.060135,-70.458275,-72.67656,-76.482925,-71.97775,-78.20658,-77.68376,-75.476746,-78.193855,-74.275375,-74.77963,-75.35713,-75.08708,-80.0,-80.0,-80.0,-80.0,-80.0,-80.0,-80.0,-80.0,-79.48421,-80.0,-80.0,-80.0,-79.09392,-80.0,-80.0,-80.0,-80.0,-80.0,-80.0,-80.0,-80.0,-80.0,-80.0,-80.0,-80.0,-80.0,-80.0,-80.0,-80.0,-80.0,-80.0,-80.0,-80.0,-80.0,-80.0,-80.0,-80.0,-80.0,-80.0,-80.0,-80.0,-80.0,-80.0,-80.0,-80.0,-80.0,-80.0,-80.0,-80.0,-80.0,-80.0,-80.0,-80.0,-80.0,-80.0,-80.0,-80.0,-80.0,-80.0,-80.0,-80.0,-80.0,-80.0,-80.0,-80.0,-80.0,-80.0,-80.0,-80.0,-80.0,-80.0,-80.0,-80.0,-80.0,-80.0,-80.0,-80.0,-80.0,-80.0,-80.0,-80.0,-80.0,-80.0,-80.0,-80.0,-80.0,-80.0,-80.0,-80.0,-80.0,-80.0,-80.0,-80.0,-80.0,-80.0,-80.0,-80.0,-80.0,-80.0,-80.0,-80.0,-80.0,-80.0,-80.0,-80.0,-80.0,-80.0,-80.0,-80.0,-80.0,-80.0,-80.0,-80.0,-80.0,-80.0,-80.0,-80.0,-80.0,-80.0,-80.0,-80.0,-80.0,-80.0,-80.0,-80.0,-80.0,-80.0,-80.0,-80.0,-80.0,-80.0,-80.0,-80.0,-80.0,-80.0,-80.0,-80.0,-80.0,-80.0,-80.0,-80.0,-80.0,-80.0,-80.0,-80.0,-80.0,-80.0,-80.0,-80.0,-80.0,-80.0,-80.0,-80.0,-80.0,-80.0,-80.0,-80.0,-80.0,-80.0,-80.0,-80.0,-80.0,-80.0,-80.0,-80.0,-80.0,-80.0,-80.0,-80.0,-80.0,-80.0,-80.0,-80.0,-80.0,-80.0,-80.0,-80.0,-80.0,-80.0,-80.0,-80.0,-80.0,-80.0,-80.0,-80.0,-80.0,-80.0,-80.0,-80.0,-80.0,-80.0,-80.0,-80.0,-80.0,-80.0,-80.0,-80.0,-80.0,-80.0,-80.0,-80.0,-80.0,-80.0,-80.0,-80.0,-80.0,-80.0,-80.0,-80.0,-80.0,-80.0,-80.0,-80.0,-80.0,-80.0,-80.0,-80.0,-80.0,-80.0,-80.0,-80.0,-80.0,-80.0,-80.0,-80.0,-80.0,-80.0,-80.0,-80.0,-80.0,-80.0,-80.0,-80.0,-80.0,-80.0,-80.0,-80.0,-80.0,-80.0,-80.0,-80.0,-80.0,-80.0,-80.0,-80.0,-80.0,-80.0,-80.0,-80.0,-80.0,-80.0,-80.0,-80.0,-80.0,-80.0,-80.0,-80.0,-80.0
-43.140766,-39.376717,-40.628082,-45.488094,-49.183167,-54.237293,-61.15574,-62.074036,-54.842842,-52.509403,-58.965927,-58.00754,-55.08696,-54.97505,-55.716103,-55.48921,-57.866783,-62.463745,-63.042423,-62.753475,-62.68515,-65.23189,-65.81819,-67.44437,-77.13667,-72.98959,-67.83995,-62.72359,-64.97366,-65.0801,-65.01801,-61.709778,-61.513912,-67.14783,-65.41807,-69.188934,-67.17102,-63.129196,-64.09128,-68.42131,-69.43701,-70.71684,-66.21904,-66.45636,-70.21832,-71.609726,-69.13162,-70.37697,-72.854004,-74.43637,-68.47533,-68.6689,-73.31244,-70.17003,-72.26013,-74.14035,-73.38019,-72.409485,-75.843185,-73.70781,-74.78711,-72.813156,-72.649994,-73.49663,-73.00798,-77.040985,-75.6165,-74.90864,-80.0,-79.707,-80.0,-77.90028,-80.0,-80.0,-79.48504,-76.47208,-76.941086,-76.92423,-77.063034,-80.0,-79.53273,-80.0,-80.0,-80.0,-80.0,-80.0,-80.0,-79.39096,-78.908585,-64.57268,-56.46598,-58.452606,-53.404655,-50.423264,-55.69043,-60.84142,-56.828644,-58.71885,-66.446655,-59.122417,-56.79373,-57.172012,-59.453873,-55.65825,-57.747147,-66.20095,-63.95042,-61.07139,-57.868256,-57.65549,-61.58459,-64.1068,-65.29102,-68.24886,-73.21838,-67.732704,-69.40837,-70.727936,-67.34999,-72.796616,-65.95982,-64.32585,-66.37729,-62.798454,-62.81062,-68.621216,-69.63493,-68.94266,-68.75545,-67.940735,-68.70885,-66.06232,-65.44635,-69.84018,-73.35608,-70.92103,-72.948685,-80.0,-74.266785,-69.93556,-69.82861,-72.56804,-68.91606,-68.74012,-74.18381,-75.64934,-75.23193,-78.00915,-76.39256,-76.28045,-73.22124,-72.84337,-73.44527,-73.47977,-73.18428,-75.368195,-80.0,-80.0,-80.0,-80.0,-80.0,-80.0,-79.3875,-77.45288,-80.0,-80.0,-80.0,-77.388466,-78.88373,-80.0,-80.0,-80.0,-78.97308,-80.0,-80.0,-80.0,-80.0,-80.0,-80.0,-80.0,-80.0,-80.0,-80.0,-80.0,-80.0,-80.0,-80.0,-80.0,-80.0,-80.0,-80.0,-80.0,-80.0,-80.0,-80.0,-80.0,-80.0,-80.0,-80.0,-80.0,-80.0,-80.0,-80.0,-80.0,-80.0,-80.0,-80.0,-80.0,-80.0,-80.0,-80.0,-80.0,-80.0,-80.0,-80.0,-80.0,-80.0,-80.0,-80.0,-80.0,-80.0,-80.0,-80.0,-80.0,-80.0,-80.0,-80.0,-80.0,-80.0,-80.0,-80.0,-80.0,-80.0,-80.0,-80.0,-80.0,-80.0,-80.0,-80.0,-80.0,-80.0,-80.0,-80.0,-80.0,-80.0,-80.0,-80.0,-80.0,-80.0,-80.0,-80.0,-80.0,-80.0,-80.0,-80.0,-80.0,-80.0,-80.0,-80.0,-80.0,-80.0,-80.0,-80.0,-80.0,-80.0,-80.0,-80.0,-80.0,-80.0,-80.0,-80.0,-80.0,-80.0,-80.0,-80.0,-80.0,-80.0,-80.0,-80.0,-80.0,-80.0,-80.0,-80.0,-80.0,-80.0,-80.0,-80.0,-80.0,-80.0,-80.0,-80.0,-80.0,-80.0,-80.0,-80.0,-80.0,-80.0,-80.0,-80.0,-80.0,-80.0,-80.0,-80.0,-80.0,-80.0,-80.0,-80.0,-80.0,-80.0,-80.0,-80.0,-80.0,-80.0,-80.0,-80.0,-80.0,-80.0,-80.0,-80.0,-80.0,-80.0,-80.0,-80.0,-80.0,-80.0,-80.0,-80.0,-80.0,-80.0,-80.0,-80.0,-80.0,-80.0,-80.0,-80.0,-80.0,-80.0,-80.0,-80.0,-80.0,-80.0,-80.0,-80.0,-80.0,-80.0,-80.0,-80.0,-80.0,-80.0,-80.0,-80.0,-80.0,-80.0,-80.0,-80.0,-80.0,-80.0,-80.0,-80.0,-80.0,-80.0,-80.0,-80.0,-80.0,-80.0,-80.0,-80.0,-80.0,-80.0,-80.0,-80.0,-80.0,-80.0,-80.0,-80.0,-80.0,-80.0,-80.0,-80.0,-80.0,-80.0,-80.0,-80.0,-80.0,-80.0,-80.0,-80.0,-80.0,-80.0,-80.0,-80.0,-80.0,-80.0,-80.0,-80.0,-80.0,-80.0,-80.0,-80.0,-80.0,-80.0,-80.0,-80.0,-80.0,-80.0,-80.0,-80.0,-80.0,-80.0,-80.0,-80.0,-80.0,-80.0
-48.71592,-46.156227,-45.41181,-53.09056,-59.03904,-60.646786,-57.496346,-59.433735,-58.232903,-57.547207,-61.45961,-60.154594,-61.86316,-64.92361,-66.81583,-65.01322,-64.22425,-64.97056,-67.90781,-73.22963,-63.95803,-62.999115,-67.49752,-68.87543,-73.98718,-75.916985,-69.64178,-63.713535,-66.87204,-68.50474,-73.065994,-65.42122,-64.02001,-70.199585,-68.58562,-69.48173,-70.36781,-71.0272,-74.309296,-77.63585,-70.033356,-71.075,-72.760124,-72.84631,-75.444,-74.160194,-72.34572,-70.58644,-74.958694,-74.33006,-70.35538,-70.79677,-72.73967,-71.42119,-72.768394,-76.05724,-80.0,-80.0,-80.0,-76.947586,-80.0,-79.53642,-77.54031,-74.79226,-76.37439,-80.0,-79.02577,-77.76674,-79.34494,-80.0,-80.0,-77.752945,-80.0,-80.0,-80.0,-79.62727,-79.542786,-80.0,-80.0,-80.0,-77.388245,-79.362076,-80.0,-80.0,-80.0,-79.71097,-80.0,-80.0,-80.0,-66.20312,-58.784737,-54.142097,-51.905827,-55.322327,-62.251724,-64.010414,-58.892715,-56.236973,-59.669163,-59.004387,-60.669296,-65.37254,-60.834736,-59.01954,-64.706924,-69.17017,-65.97162,-66.05179,-62.820347,-63.31826,-65.565384,-68.46421,-67.41696,-72.04129,-69.69055,-68.40625,-68.79074,-71.981285,-78.40721,-75.38452,-69.25256,-68.94875,-71.40875,-68.2126,-66.86469,-72.81845,-71.43571,-73.844864,-72.17885,-72.49973,-73.737045,-71.68641,-69.23238,-73.88859,-74.64511,-75.31592,-72.00322,-72.98587,-76.34462,-75.00769,-73.15187,-73.6583,-74.07059,-73.795074,-74.57509,-79.967545,-80.0,-77.90749,-76.28241,-77.27753,-79.019745,-78.555374,-80.0,-80.0,-77.90735,-76.82551,-80.0,-80.0,-80.0,-80.0,-80.0,-80.0,-80.0,-80.0,-80.0,-80.0,-80.0,-80.0,-80.0,-80.0,-80.0,-80.0,-80.0,-80.0,-80.0,-80.0,-80.0,-80.0,-80.0,-80.0,-80.0,-80.0,-80.0,-80.0,-80.0,-80.0,-80.0,-80.0,-80.0,-80.0,-80.0,-80.0,-80.0,-80.0,-80.0,-80.0,-80.0,-80.0,-80.0,-80.0,-80.0,-80.0,-80.0,-80.0,-80.0,-80.0,-80.0,-80.0,-80.0,-80.0,-80.0,-80.0,-80.0,-80.0,-80.0,-80.0,-80.0,-80.0,-80.0,-80.0,-80.0,-80.0,-80.0,-80.0,-80.0,-80.0,-80.0,-80.0,-80.0,-80.0,-80.0,-80.0,-80.0,-80.0,-80.0,-80.0,-80.0,-80.0,-80.0,-80.0,-80.0,-80.0,-80.0,-80.0,-80.0,-80.0,-80.0,-80.0,-80.0,-80.0,-80.0,-80.0,-80.0,-80.0,-80.0,-80.0,-80.0,-80.0,-80.0,-80.0,-80.0,-80.0,-80.0,-80.0,-80.0,-80.0,-80.0,-80.0,-80.0,-80.0,-80.0,-80.0,-80.0,-80.0,-80.0,-80.0,-80.0,-80.0,-80.0,-80.0,-80.0,-80.0,-80.0,-80.0,-80.0,-80.0,-80.0,-80.0,-80.0,-80.0,-80.0,-80.0,-80.0,-80.0,-80.0,-80.0,-80.0,-80.0,-80.0,-80.0,-80.0,-80.0,-80.0,-80.0,-80.0,-80.0,-80.0,-80.0,-80.0,-80.0,-80.0,-80.0,-80.0,-80.0,-80.0,-80.0,-80.0,-80.0,-80.0,-80.0,-80.0,-80.0,-80.0,-80.0,-80.0,-80.0,-80.0,-80.0,-80.0,-80.0,-80.0,-80.0,-80.0,-80.0,-80.0,-80.0,-80.0,-80.0,-80.0,-80.0,-80.0,-80.0,-80.0,-80.0,-80.0,-80.0,-80.0,-80.0,-80.0,-80.0,-80.0,-80.0,-80.0,-80.0,-80.0,-80.0,-80.0,-80.0,-80.0,-80.0,-80.0,-80.0,-80.0,-80.0,-80.0,-80.0,-80.0,-80.0,-80.0,-80.0,-80.0,-80.0,-80.0,-80.0,-80.0,-80.0,-80.0,-80.0,-80.0,-80.0,-80.0,-80.0,-80.0,-80.0,-80.0,-80.0,-80.0,-80.0,-80.0,-80.0,-80.0,-80.0,-80.0,-80.0,-80.0,-80.0,-80.0,-80.0,-80.0,-80.0,-80.0,-80.0,-80.0,-80.0,-80.0,-80.0,-80.0,-80.0,-80.0,-80.0,-80.0,-80.0,-80.0
-50.600243,-42.391663,-44.128593,-53.39721,-58.323074,-61.180267,-59.21395,-59.369278,-60.215794,-61.748775,-57.13437,-60.13211,-69.335075,-70.5736,-73.69162,-66.49487,-63.00752,-59.895844,-62.391647,-64.258,-63.60191,-62.968697,-61.26921,-65.33223,-65.520996,-64.82165,-66.873505,-67.11999,-70.0243,-69.47504,-77.08429,-70.335815,-70.8425,-74.27101,-66.06013,-63.93219,-68.86941,-74.13433,-79.3384,-80.0,-74.84624,-71.11055,-74.1247,-72.97121,-69.087265,-65.10372,-66.84582,-69.699425,-73.35043,-74.87883,-76.84453,-77.277176,-74.72026,-72.171036,-74.199615,-79.65698,-75.34869,-75.60662,-76.67226,-73.29776,-74.55822,-74.43552,-76.78218,-79.34653,-80.0,-77.42461,-74.885666,-76.20079,-78.84167,-76.15158,-80.0,-80.0,-80.0,-80.0,-79.608864,-79.589905,-79.5751,-79.258606,-80.0,-80.0,-79.83147,-80.0,-80.0,-80.0,-80.0,-78.81477,-80.0,-80.0,-80.0,-69.615616,-55.64621,-49.230087,-51.206436,-61.657112,-62.493324,-64.75199,-57.527946,-56.95578,-59.830162,-58.92793,-61.774048,-68.65111,-65.85049,-58.496674,-61.743225,-69.37117,-63.662918,-62.787624,-63.048466,-66.16426,-68.21678,-65.15105,-64.44034,-65.642136,-67.48767,-72.26571,-65.6728,-68.400246,-75.171776,-79.783554,-80.0,-75.32095,-73.96919,-72.94371,-73.43686,-72.259476,-67.40535,-66.10293,-66.97795,-69.97472,-73.83162,-70.84949,-71.89661,-74.52199,-70.43357,-67.156845,-64.3735,-66.43057,-70.25753,-71.556946,-75.427505,-75.35699,-75.932556,-74.23395,-71.42712,-72.45535,-74.42561,-74.888565,-77.77855,-78.175766,-80.0,-77.456,-77.78578,-78.99382,-77.47336,-77.34686,-78.37291,-75.46225,-80.0,-80.0,-80.0,-80.0,-80.0,-80.0,-80.0,-80.0,-80.0,-80.0,-80.0,-80.0,-80.0,-80.0,-80.0,-80.0,-80.0,-80.0,-80.0,-80.0,-80.0,-80.0,-80.0,-80.0,-80.0,-80.0,-80.0,-80.0,-80.0,-80.0,-80.0,-80.0,-80.0,-80.0,-80.0,-80.0,-80.0,-80.0,-80.0,-80.0,-80.0,-80.0,-80.0,-80.0,-80.0,-80.0,-80.0,-80.0,-80.0,-80.0,-80.0,-80.0,-80.0,-80.0,-80.0,-80.0,-80.0,-80.0,-80.0,-80.0,-80.0,-80.0,-80.0,-80.0,-80.0,-80.0,-80.0,-80.0,-80.0,-80.0,-80.0,-80.0,-80.0,-80.0,-80.0,-80.0,-80.0,-80.0,-80.0,-80.0,-80.0,-80.0,-80.0,-80.0,-80.0,-80.0,-80.0,-80.0,-80.0,-80.0,-80.0,-80.0,-80.0,-80.0,-80.0,-80.0,-80.0,-80.0,-80.0,-80.0,-80.0,-80.0,-80.0,-80.0,-80.0,-80.0,-80.0,-80.0,-80.0,-80.0,-80.0,-80.0,-80.0,-80.0,-80.0,-80.0,-80.0,-80.0,-80.0,-80.0,-80.0,-80.0,-80.0,-80.0,-80.0,-80.0,-80.0,-80.0,-80.0,-80.0,-80.0,-80.0,-80.0,-80.0,-80.0,-80.0,-80.0,-80.0,-80.0,-80.0,-80.0,-80.0,-80.0,-80.0,-80.0,-80.0,-80.0,-80.0,-80.0,-80.0,-80.0,-80.0,-80.0,-80.0,-80.0,-80.0,-80.0,-80.0,-80.0,-80.0,-80.0,-80.0,-80.0,-80.0,-80.0,-80.0,-80.0,-80.0,-80.0,-80.0,-80.0,-80.0,-80.0,-80.0,-80.0,-80.0,-80.0,-80.0,-80.0,-80.0,-80.0,-80.0,-80.0,-80.0,-80.0,-80.0,-80.0,-80.0,-80.0,-80.0,-80.0,-80.0,-80.0,-80.0,-80.0,-80.0,-80.0,-80.0,-80.0,-80.0,-80.0,-80.0,-80.0,-80.0,-80.0,-80.0,-80.0,-80.0,-80.0,-80.0,-80.0,-80.0,-80.0,-80.0,-80.0,-80.0,-80.0,-80.0,-80.0,-80.0,-80.0,-80.0,-80.0,-80.0,-80.0,-80.0,-80.0,-80.0,-80.0,-80.0,-80.0,-80.0,-80.0,-80.0,-80.0,-80.0,-80.0,-80.0,-80.0,-80.0,-80.0,-80.0,-80.0,-80.0,-80.0,-80.0,-80.0,-80.0,-80.0,-80.0,-80.0,-80.0,-80.0,-80.0,-80.0
-47.147354,-41.009686,-43.315575,-49.825485,-55.8606,-60.63969,-58.419716,-61.530167,-60.1615,-61.9504,-59.015892,-62.265915,-64.82403,-68.03201,-70.97458,-66.2917,-63.69568,-58.326405,-60.595276,-59.32853,-60.19198,-62.40515,-61.564167,-62.88661,-67.29912,-66.35216,-69.43269,-68.81708,-63.66622,-65.248245,-69.58892,-68.27199,-74.70355,-76.44522,-65.79817,-66.12691,-69.58371,-69.0231,-71.93509,-80.0,-76.40524,-70.09751,-70.23852,-68.89635,-65.946625,-65.438934,-68.60913,-73.21064,-70.550064,-74.59419,-79.57527,-75.43345,-73.492035,-76.50867,-79.15188,-78.50296,-72.61338,-71.671165,-74.207214,-73.5047,-75.51859,-74.46599,-76.77969,-76.920815,-75.424736,-76.45427,-77.873,-75.17498,-77.33331,-78.882225,-78.948044,-80.0,-80.0,-76.82799,-74.60988,-77.97673,-80.0,-80.0,-80.0,-80.0,-80.0,-80.0,-80.0,-80.0,-80.0,-80.0,-80.0,-80.0,-80.0,-78.31967,-56.57431,-51.09192,-54.4088,-59.183228,-58.565025,-60.511936,-62.47779,-62.53347,-63.055252,-61.45804,-57.08266,-62.843575,-65.58201,-58.328094,-60.854027,-63.616898,-66.63707,-64.64547,-60.626244,-63.516144,-64.48006,-66.13379,-69.98081,-64.28004,-64.89807,-63.2306,-61.338448,-64.659225,-66.212555,-68.24907,-68.14621,-68.90159,-71.87297,-75.65642,-78.7504,-80.0,-71.575554,-67.11984,-70.82994,-72.28265,-69.30296,-70.443954,-75.67804,-76.01769,-72.75047,-68.81743,-66.867935,-71.35451,-71.458145,-75.915085,-80.0,-79.03534,-76.45462,-74.6226,-71.441154,-73.665634,-76.59245,-80.0,-76.61875,-76.13091,-79.79356,-80.0,-80.0,-78.658066,-73.10718,-75.7827,-76.59607,-75.679535,-80.0,-80.0,-80.0,-80.0,-80.0,-80.0,-80.0,-80.0,-80.0,-80.0,-80.0,-80.0,-80.0,-80.0,-80.0,-80.0,-80.0,-80.0,-80.0,-80.0,-80.0,-80.0,-80.0,-80.0,-80.0,-80.0,-79.32518,-80.0,-80.0,-80.0,-80.0,-80.0,-80.0,-80.0,-80.0,-80.0,-80.0,-80.0,-80.0,-80.0,-80.0,-80.0,-80.0,-80.0,-80.0,-80.0,-80.0,-80.0,-80.0,-80.0,-80.0,-80.0,-80.0,-80.0,-80.0,-80.0,-80.0,-80.0,-80.0,-80.0,-80.0,-80.0,-80.0,-80.0,-80.0,-80.0,-80.0,-80.0,-80.0,-80.0,-80.0,-80.0,-80.0,-80.0,-80.0,-80.0,-80.0,-80.0,-80.0,-80.0,-80.0,-80.0,-80.0,-80.0,-80.0,-80.0,-80.0,-80.0,-80.0,-80.0,-80.0,-80.0,-80.0,-80.0,-80.0,-80.0,-80.0,-80.0,-80.0,-80.0,-80.0,-80.0,-80.0,-80.0,-80.0,-80.0,-80.0,-80.0,-80.0,-80.0,-80.0,-80.0,-80.0,-80.0,-80.0,-80.0,-80.0,-80.0,-80.0,-80.0,-80.0,-80.0,-80.0,-80.0,-80.0,-80.0,-80.0,-80.0,-80.0,-80.0,-80.0,-80.0,-80.0,-80.0,-80.0,-80.0,-80.0,-80.0,-80.0,-80.0,-80.0,-80.0,-80.0,-80.0,-80.0,-80.0,-80.0,-80.0,-80.0,-80.0,-80.0,-80.0,-80.0,-80.0,-80.0,-80.0,-80.0,-80.0,-80.0,-80.0,-80.0,-80.0,-80.0,-80.0,-80.0,-80.0,-80.0,-80.0,-80.0,-80.0,-80.0,-80.0,-80.0,-80.0,-80.0,-80.0,-80.0,-80.0,-80.0,-80.0,-80.0,-80.0,-80.0,-80.0,-80.0,-80.0,-80.0,-80.0,-80.0,-80.0,-80.0,-80.0,-80.0,-80.0,-80.0,-80.0,-80.0,-80.0,-80.0,-80.0,-80.0,-80.0,-80.0,-80.0,-80.0,-80.0,-80.0,-80.0,-80.0,-80.0,-80.0,-80.0,-80.0,-80.0,-80.0,-80.0,-80.0,-80.0,-80.0,-80.0,-80.0,-80.0,-80.0,-80.0,-80.0,-80.0,-80.0,-80.0,-80.0,-80.0,-80.0,-80.0,-80.0,-80.0,-80.0,-80.0,-80.0,-80.0,-80.0,-80.0,-80.0,-80.0,-80.0,-80.0,-80.0,-80.0,-80.0,-80.0,-80.0,-80.0,-80.0,-80.0,-80.0,-80.0,-80.0
-52.889214,-48.21936,-49.09179,-52.39623,-57.735653,-61.236748,-55.139107,-57.89843,-62.21017,-59.851936,-63.528854,-64.268875,-63.122375,-66.07933,-68.685974,-67.346344,-64.76698,-58.92566,-62.513905,-63.20078,-70.66789,-69.874084,-72.449646,-66.95276,-69.35011,-78.93524,-80.0,-69.75377,-67.67474,-71.028076,-70.01481,-70.377716,-73.579025,-73.94406,-68.8029,-69.71556,-70.47006,-70.94287,-76.16013,-79.56157,-80.0,-80.0,-77.48294,-73.30418,-76.78206,-80.0,-76.8676,-73.088486,-74.62355,-78.17636,-78.4108,-80.0,-77.97017,-76.32269,-79.15967,-76.99046,-79.29349,-77.38513,-77.87737,-77.47687,-77.41713,-76.95308,-78.030174,-79.84311,-77.98149,-79.53262,-80.0,-80.0,-80.0,-79.77776,-78.26666,-80.0,-80.0,-80.0,-80.0,-80.0,-80.0,-80.0,-80.0,-80.0,-80.0,-80.0,-80.0,-80.0,-80.0,-80.0,-80.0,-80.0,-80.0,-74.10542,-54.76081,-53.30858,-64.448814,-59.510822,-60.20934,-57.263924,-59.05645,-68.03984,-73.61138,-60.943237,-58.107918,-65.25273,-64.07991,-63.470123,-59.806114,-61.960518,-65.50192,-62.40016,-62.476654,-62.313164,-64.32826,-66.30028,-68.45331,-61.244164,-60.158634,-63.649017,-65.22591,-63.01352,-65.0126,-60.646484,-63.839085,-69.128876,-66.96712,-69.24105,-72.04216,-69.72218,-68.90709,-70.72834,-69.568596,-64.65088,-64.702484,-71.72659,-71.077515,-72.33664,-70.125626,-70.26615,-72.10748,-72.47898,-69.59992,-69.730255,-73.453415,-70.477356,-67.87793,-70.132614,-75.10029,-76.26865,-80.0,-80.0,-78.88432,-78.629074,-74.87904,-74.49826,-79.12041,-77.53056,-71.32277,-75.07825,-80.0,-80.0,-80.0,-79.02411,-74.480675,-75.594376,-78.152695,-80.0,-78.03986,-79.45036,-80.0,-80.0,-80.0,-80.0,-78.543205,-77.92682,-80.0,-80.0,-80.0,-80.0,-80.0,-80.0,-80.0,-80.0,-80.0,-80.0,-80.0,-80.0,-80.0,-80.0,-80.0,-80.0,-80.0,-80.0,-80.0,-80.0,-80.0,-80.0,-80.0,-80.0,-80.0,-80.0,-80.0,-80.0,-80.0,-80.0,-80.0,-80.0,-80.0,-80.0,-80.0,-80.0,-80.0,-80.0,-80.0,-80.0,-80.0,-80.0,-80.0,-80.0,-80.0,-80.0,-80.0,-80.0,-80.0,-80.0,-80.0,-80.0,-80.0,-80.0,-80.0,-80.0,-80.0,-80.0,-80.0,-80.0,-80.0,-80.0,-80.0,-80.0,-80.0,-80.0,-80.0,-80.0,-80.0,-80.0,-80.0,-80.0,-80.0,-80.0,-80.0,-80.0,-80.0,-80.0,-80.0,-80.0,-80.0,-80.0,-80.0,-80.0,-80.0,-80.0,-80.0,-80.0,-80.0,-80.0,-80.0,-80.0,-80.0,-80.0,-80.0,-80.0,-80.0,-80.0,-80.0,-80.0,-80.0,-80.0,-80.0,-80.0,-80.0,-80.0,-80.0,-80.0,-80.0,-80.0,-80.0,-80.0,-80.0,-80.0,-80.0,-80.0,-80.0,-80.0,-80.0,-80.0,-80.0,-80.0,-80.0,-80.0,-80.0,-80.0,-80.0,-80.0,-80.0,-80.0,-80.0,-80.0,-80.0,-80.0,-80.0,-80.0,-80.0,-80.0,-80.0,-80.0,-80.0,-80.0,-80.0,-80.0,-80.0,-80.0,-80.0,-80.0,-80.0,-80.0,-80.0,-80.0,-80.0,-80.0,-80.0,-80.0,-80.0,-80.0,-80.0,-80.0,-80.0,-80.0,-80.0,-80.0,-80.0,-80.0,-80.0,-80.0,-80.0,-80.0,-80.0,-80.0,-80.0,-80.0,-80.0,-80.0,-80.0,-80.0,-80.0,-80.0,-80.0,-80.0,-80.0,-80.0,-80.0,-80.0,-80.0,-80.0,-80.0,-80.0,-80.0,-80.0,-80.0,-80.0,-80.0,-80.0,-80.0,-80.0,-80.0,-80.0,-80.0,-80.0,-80.0,-80.0,-80.0,-80.0,-80.0,-80.0,-80.0,-80.0,-80.0,-80.0,-80.0,-80.0,-80.0,-80.0,-80.0,-80.0,-80.0,-80.0,-80.0,-80.0,-80.0,-80.0,-80.0,-80.0,-80.0,-80.0,-80.0,-80.0,-80.0,-80.0,-80.0,-80.0,-80.0,-80.0,-80.0,-80.0,-80.0,-80.0,-80.0
-45.6916,-43.664963,-47.828617,-51.485077,-58.354847,-60.42336,-58.067963,-59.67984,-58.546997,-62.983635,-67.619156,-62.626793,-65.15413,-63.699554,-60.522797,-62.895916,-63.403587,-57.85907,-57.20147,-61.581512,-66.18523,-64.66716,-68.345856,-71.17432,-72.72824,-74.3479,-77.65434,-77.06029,-68.108536,-68.40369,-75.08191,-72.569954,-72.665245,-73.80158,-71.78986,-72.74215,-79.19537,-72.082,-68.63489,-69.42111,-74.84956,-76.046265,-77.72339,-74.930176,-77.79654,-80.0,-71.2784,-67.02402,-71.89852,-71.91135,-73.3181,-79.64311,-75.097244,-75.57419,-80.0,-78.0511,-80.0,-80.0,-78.826324,-77.96464,-72.25658,-71.204636,-75.62645,-77.25842,-79.13365,-80.0,-77.84665,-77.873,-79.49731,-80.0,-80.0,-80.0,-80.0,-77.9445,-78.85483,-80.0,-80.0,-80.0,-80.0,-80.0,-80.0,-80.0,-80.0,-80.0,-80.0,-80.0,-80.0,-80.0,-80.0,-73.95476,-53.21283,-47.9927,-51.3431,-56.46431,-60.137974,-60.49002,-62.122604,-60.47245,-59.222282,-55.33107,-57.61909,-69.80001,-67.425316,-65.14327,-64.52948,-63.676285,-62.522232,-63.935158,-62.589016,-63.87166,-63.244728,-70.890976,-66.78402,-62.739662,-66.3018,-66.45578,-65.09907,-69.065216,-63.202957,-62.21952,-68.48746,-74.70331,-75.22246,-72.43532,-68.45865,-63.666878,-65.856224,-70.04513,-68.765816,-68.47832,-68.69423,-76.5819,-73.09097,-71.7758,-73.48236,-74.92943,-73.82515,-73.72476,-70.81322,-72.78349,-71.20274,-70.378235,-67.235535,-71.04588,-75.91937,-75.09776,-76.86509,-79.1319,-74.34453,-74.083984,-77.73802,-77.29161,-80.0,-77.91042,-74.53438,-76.801056,-80.0,-80.0,-80.0,-80.0,-77.62158,-78.11967,-76.68875,-80.0,-80.0,-80.0,-80.0,-80.0,-80.0,-80.0,-80.0,-80.0,-80.0,-80.0,-80.0,-80.0,-80.0,-80.0,-80.0,-80.0,-80.0,-80.0,-80.0,-80.0,-80.0,-80.0,-80.0,-80.0,-80.0,-80.0,-80.0,-80.0,-80.0,-80.0,-80.0,-80.0,-80.0,-80.0,-80.0,-80.0,-80.0,-80.0,-80.0,-80.0,-80.0,-80.0,-80.0,-80.0,-80.0,-80.0,-80.0,-80.0,-80.0,-80.0,-80.0,-80.0,-80.0,-80.0,-80.0,-80.0,-80.0,-80.0,-80.0,-80.0,-80.0,-80.0,-80.0,-80.0,-80.0,-80.0,-80.0,-80.0,-80.0,-80.0,-80.0,-80.0,-80.0,-80.0,-80.0,-80.0,-80.0,-80.0,-80.0,-80.0,-80.0,-80.0,-80.0,-80.0,-80.0,-80.0,-80.0,-80.0,-80.0,-80.0,-80.0,-80.0,-80.0,-80.0,-80.0,-80.0,-80.0,-80.0,-80.0,-80.0,-80.0,-80.0,-80.0,-80.0,-80.0,-80.0,-80.0,-80.0,-80.0,-80.0,-80.0,-80.0,-80.0,-80.0,-80.0,-80.0,-80.0,-80.0,-80.0,-80.0,-80.0,-80.0,-80.0,-80.0,-80.0,-80.0,-80.0,-80.0,-80.0,-80.0,-80.0,-80.0,-80.0,-80.0,-80.0,-80.0,-80.0,-80.0,-80.0,-80.0,-80.0,-80.0,-80.0,-80.0,-80.0,-80.0,-80.0,-80.0,-80.0,-80.0,-80.0,-80.0,-80.0,-80.0,-80.0,-80.0,-80.0,-80.0,-80.0,-80.0,-80.0,-80.0,-80.0,-80.0,-80.0,-80.0,-80.0,-80.0,-80.0,-80.0,-80.0,-80.0,-80.0,-80.0,-80.0,-80.0,-80.0,-80.0,-80.0,-80.0,-80.0,-80.0,-80.0,-80.0,-80.0,-80.0,-80.0,-80.0,-80.0,-80.0,-80.0,-80.0,-80.0,-80.0,-80.0,-80.0,-80.0,-80.0,-80.0,-80.0,-80.0,-80.0,-80.0,-80.0,-80.0,-80.0,-80.0,-80.0,-80.0,-80.0,-80.0,-80.0,-80.0,-80.0,-80.0,-80.0,-80.0,-80.0,-80.0,-80.0,-80.0,-80.0,-80.0,-80.0,-80.0,-80.0,-80.0,-80.0,-80.0,-80.0,-80.0,-80.0,-80.0,-80.0,-80.0,-80.0,-80.0,-80.0,-80.0,-80.0,-80.0,-80.0,-80.0,-80.0,-80.0,-80.0,-80.0,-80.0,-80.0
-42.924164,-43.601208,-52.884266,-51.134785,-58.730263,-63.817623,-58.35335,-58.659966,-62.99423,-65.73567,-63.15394,-59.216824,-64.834785,-63.75532,-59.96545,-64.370834,-69.695,-63.73137,-59.751743,-61.383877,-60.412212,-60.265915,-61.345364,-64.72536,-65.844696,-65.77237,-66.14073,-68.829346,-66.90119,-68.23517,-74.61325,-68.686646,-64.98879,-68.9618,-72.513504,-70.973816,-70.51732,-67.47614,-65.237366,-64.39639,-71.248886,-73.81753,-72.91753,-76.48291,-74.16497,-69.2859,-66.460434,-67.845116,-73.61885,-73.9913,-77.03558,-77.3993,-73.7899,-77.9509,-80.0,-76.35063,-75.257095,-73.81548,-77.957855,-75.04245,-73.435295,-75.34714,-80.0,-80.0,-80.0,-80.0,-79.63321,-80.0,-80.0,-78.568,-78.93231,-80.0,-79.681725,-80.0,-80.0,-80.0,-75.006966,-75.511665,-80.0,-80.0,-80.0,-80.0,-80.0,-80.0,-80.0,-80.0,-80.0,-80.0,-80.0,-77.02434,-55.171074,-48.546783,-50.01246,-57.78607,-59.38315,-59.71097,-62.551147,-62.931656,-60.002266,-59.705296,-61.825073,-66.96849,-65.297264,-68.54877,-64.08077,-60.392998,-62.95476,-71.09175,-67.08508,-64.22178,-70.77908,-77.9503,-70.60959,-67.695435,-69.94101,-67.02376,-68.33153,-71.773,-72.18353,-69.96305,-69.874504,-71.58087,-70.68292,-72.96488,-70.77289,-71.063,-70.276825,-71.03624,-71.75449,-73.489914,-74.017586,-76.30754,-78.59303,-75.6861,-76.90982,-76.64078,-72.89844,-77.50496,-74.16423,-74.810776,-76.35008,-80.0,-78.40969,-76.18692,-80.0,-79.6582,-79.23656,-79.226166,-75.58891,-76.41843,-78.49034,-80.0,-80.0,-80.0,-80.0,-80.0,-80.0,-80.0,-80.0,-80.0,-80.0,-80.0,-80.0,-80.0,-80.0,-80.0,-80.0,-80.0,-80.0,-80.0,-80.0,-80.0,-80.0,-80.0,-80.0,-80.0,-80.0,-80.0,-80.0,-80.0,-80.0,-80.0,-80.0,-80.0,-80.0,-80.0,-80.0,-80.0,-80.0,-80.0,-80.0,-80.0,-80.0,-80.0,-80.0,-80.0,-80.0,-80.0,-80.0,-80.0,-80.0,-80.0,-80.0,-80.0,-80.0,-80.0,-80.0,-80.0,-80.0,-80.0,-80.0,-80.0,-80.0,-80.0,-80.0,-80.0,-80.0,-80.0,-80.0,-80.0,-80.0,-80.0,-80.0,-80.0,-80.0,-80.0,-80.0,-80.0,-80.0,-80.0,-80.0,-80.0,-80.0,-80.0,-80.0,-80.0,-80.0,-80.0,-80.0,-80.0,-80.0,-80.0,-80.0,-80.0,-80.0,-80.0,-80.0,-80.0,-80.0,-80.0,-80.0,-80.0,-80.0,-80.0,-80.0,-80.0,-80.0,-80.0,-80.0,-80.0,-80.0,-80.0,-80.0,-80.0,-80.0,-80.0,-80.0,-80.0,-80.0,-80.0,-80.0,-80.0,-80.0,-80.0,-80.0,-80.0,-80.0,-80.0,-80.0,-80.0,-80.0,-80.0,-80.0,-80.0,-80.0,-80.0,-80.0,-80.0,-80.0,-80.0,-80.0,-80.0,-80.0,-80.0,-80.0,-80.0,-80.0,-80.0,-80.0,-80.0,-80.0,-80.0,-80.0,-80.0,-80.0,-80.0,-80.0,-80.0,-80.0,-80.0,-80.0,-80.0,-80.0,-80.0,-80.0,-80.0,-80.0,-80.0,-80.0,-80.0,-80.0,-80.0,-80.0,-80.0,-80.0,-80.0,-80.0,-80.0,-80.0,-80.0,-80.0,-80.0,-80.0,-80.0,-80.0,-80.0,-80.0,-80.0,-80.0,-80.0,-80.0,-80.0,-80.0,-80.0,-80.0,-80.0,-80.0,-80.0,-80.0,-80.0,-80.0,-80.0,-80.0,-80.0,-80.0,-80.0,-80.0,-80.0,-80.0,-80.0,-80.0,-80.0,-80.0,-80.0,-80.0,-80.0,-80.0,-80.0,-80.0,-80.0,-80.0,-80.0,-80.0,-80.0,-80.0,-80.0,-80.0,-80.0,-80.0,-80.0,-80.0,-80.0,-80.0,-80.0,-80.0,-80.0,-80.0,-80.0,-80.0,-80.0,-80.0,-80.0,-80.0,-80.0,-80.0,-80.0,-80.0,-80.0,-80.0,-80.0,-80.0,-80.0,-80.0,-80.0,-80.0,-80.0,-80.0,-80.0,-80.0,-80.0,-80.0,-80.0,-80.0
-43.693275,-40.99038,-44.806744,-51.71865,-60.572372,-59.3161,-58.99643,-56.721737,-64.66763,-64.6217,-59.281586,-58.590992,-60.384766,-63.798695,-66.677185,-62.387936,-60.74626,-64.29666,-66.30516,-65.26147,-66.4983,-71.86102,-66.11624,-64.8667,-66.45787,-66.55794,-68.01436,-72.43213,-73.72708,-72.395004,-69.188805,-67.05545,-63.37155,-69.01296,-72.846146,-73.31706,-70.46007,-70.65711,-73.23979,-69.66055,-76.38318,-80.0,-74.35034,-78.45096,-76.75278,-69.63724,-68.70625,-76.5376,-80.0,-77.51021,-76.436356,-74.4126,-74.54048,-74.110886,-74.06149,-77.80823,-74.138214,-69.46536,-72.58217,-74.486984,-71.73616,-75.216484,-77.09096,-77.8477,-80.0,-80.0,-80.0,-80.0,-80.0,-78.46172,-75.88915,-78.41298,-79.990005,-80.0,-80.0,-78.26947,-75.726395,-80.0,-79.54593,-76.96847,-76.02572,-76.763306,-78.463326,-78.95684,-80.0,-80.0,-80.0,-80.0,-80.0,-73.1042,-58.010803,-56.27361,-57.98111,-58.48934,-60.644394,-58.330925,-54.602448,-57.84842,-61.479515,-64.006775,-61.87818,-67.47178,-64.11596,-61.801476,-62.0782,-59.009933,-65.40134,-68.46286,-71.005516,-67.235825,-69.30362,-75.37605,-76.535034,-72.29814,-69.25058,-74.8638,-76.4646,-71.58847,-69.98397,-69.67523,-68.09806,-75.08769,-77.458725,-80.0,-77.81389,-74.11508,-74.894424,-75.64957,-72.40215,-73.00636,-73.612854,-74.6566,-79.17728,-79.008026,-74.03963,-74.2607,-76.78941,-78.7325,-80.0,-79.620255,-80.0,-79.73924,-80.0,-80.0,-77.16637,-78.93027,-80.0,-80.0,-80.0,-80.0,-80.0,-80.0,-80.0,-80.0,-80.0,-80.0,-80.0,-80.0,-80.0,-80.0,-80.0,-80.0,-80.0,-80.0,-80.0,-80.0,-80.0,-80.0,-80.0,-80.0,-80.0,-80.0,-80.0,-80.0,-80.0,-80.0,-80.0,-80.0,-80.0,-80.0,-80.0,-80.0,-80.0,-80.0,-80.0,-80.0,-80.0,-80.0,-80.0,-80.0,-80.0,-80.0,-80.0,-80.0,-80.0,-80.0,-80.0,-80.0,-80.0,-80.0,-80.0,-80.0,-80.0,-80.0,-80.0,-80.0,-80.0,-80.0,-80.0,-80.0,-80.0,-80.0,-80.0,-80.0,-80.0,-80.0,-80.0,-80.0,-80.0,-80.0,-80.0,-80.0,-80.0,-80.0,-80.0,-80.0,-80.0,-80.0,-80.0,-80.0,-80.0,-80.0,-80.0,-80.0,-80.0,-80.0,-80.0,-80.0,-80.0,-80.0,-80.0,-80.0,-80.0,-80.0,-80.0,-80.0,-80.0,-80.0,-80.0,-80.0,-80.0,-80.0,-80.0,-80.0,-80.0,-80.0,-80.0,-80.0,-80.0,-80.0,-80.0,-80.0,-80.0,-80.0,-80.0,-80.0,-80.0,-80.0,-80.0,-80.0,-80.0,-80.0,-80.0,-80.0,-80.0,-80.0,-80.0,-80.0,-80.0,-80.0,-80.0,-80.0,-80.0,-80.0,-80.0,-80.0,-80.0,-80.0,-80.0,-80.0,-80.0,-80.0,-80.0,-80.0,-80.0,-80.0,-80.0,-80.0,-80.0,-80.0,-80.0,-80.0,-80.0,-80.0,-80.0,-80.0,-80.0,-80.0,-80.0,-80.0,-80.0,-80.0,-80.0,-80.0,-80.0,-80.0,-80.0,-80.0,-80.0,-80.0,-80.0,-80.0,-80.0,-80.0,-80.0,-80.0,-80.0,-80.0,-80.0,-80.0,-80.0,-80.0,-80.0,-80.0,-80.0,-80.0,-80.0,-80.0,-80.0,-80.0,-80.0,-80.0,-80.0,-80.0,-80.0,-80.0,-80.0,-80.0,-80.0,-80.0,-80.0,-80.0,-80.0,-80.0,-80.0,-80.0,-80.0,-80.0,-80.0,-80.0,-80.0,-80.0,-80.0,-80.0,-80.0,-80.0,-80.0,-80.0,-80.0,-80.0,-80.0,-80.0,-80.0,-80.0,-80.0,-80.0,-80.0,-80.0,-80.0,-80.0,-80.0,-80.0,-80.0,-80.0,-80.0,-80.0,-80.0,-80.0,-80.0,-80.0,-80.0,-80.0,-80.0,-80.0,-80.0,-80.0,-80.0,-80.0,-80.0,-80.0,-80.0,-80.0,-80.0,-80.0,-80.0,-80.0,-80.0,-80.0,-80.0,-80.0,-80.0,-80.0,-80.0
-49.858387,-46.481445,-50.46891,-54.251183,-55.1429,-56.74994,-57.243668,-58.53682,-62.364754,-61.920593,-61.00842,-62.711243,-62.82657,-64.0253,-68.45273,-68.44681,-64.486694,-62.8179,-68.36868,-74.268616,-71.41204,-71.76608,-73.19322,-70.61445,-70.41997,-70.48854,-71.72333,-72.550644,-74.23917,-74.80849,-70.02818,-67.715515,-69.58355,-69.913956,-74.86235,-80.0,-79.68556,-77.7547,-73.684814,-74.53502,-79.02205,-77.28969,-74.75188,-76.6499,-76.181816,-74.450935,-77.50621,-77.86018,-80.0,-80.0,-79.21324,-76.59004,-77.59514,-76.489395,-78.92204,-80.0,-79.9621,-75.454636,-78.90976,-78.48447,-76.63191,-77.651505,-78.82561,-80.0,-80.0,-80.0,-80.0,-80.0,-80.0,-80.0,-80.0,-80.0,-80.0,-80.0,-80.0,-79.8811,-80.0,-80.0,-80.0,-80.0,-80.0,-80.0,-80.0,-80.0,-80.0,-80.0,-80.0,-80.0,-80.0,-72.83118,-58.064026,-50.59027,-50.234856,-54.943634,-62.211662,-58.930885,-54.994793,-54.88508,-61.487,-61.08059,-60.11844,-61.4041,-60.808147,-60.493973,-63.03821,-61.334496,-62.25802,-62.873077,-61.93779,-65.19871,-73.55014,-75.19653,-70.1345,-68.507645,-72.487076,-70.98311,-69.14868,-69.46684,-69.902245,-69.01805,-65.81807,-69.934586,-74.34296,-74.759964,-73.77208,-79.26019,-74.922,-73.96723,-72.39998,-74.301765,-76.8723,-79.82953,-75.65684,-74.42171,-72.83928,-77.84384,-80.0,-78.90753,-76.47743,-76.53168,-74.82358,-80.0,-80.0,-80.0,-80.0,-78.865036,-80.0,-80.0,-80.0,-80.0,-80.0,-80.0,-80.0,-80.0,-80.0,-80.0,-80.0,-80.0,-80.0,-80.0,-80.0,-80.0,-80.0,-80.0,-80.0,-80.0,-80.0,-80.0,-80.0,-80.0,-80.0,-80.0,-80.0,-80.0,-80.0,-80.0,-80.0,-80.0,-80.0,-80.0,-80.0,-80.0,-80.0,-80.0,-80.0,-80.0,-80.0,-80.0,-80.0,-80.0,-80.0,-80.0,-80.0,-80.0,-80.0,-80.0,-80.0,-80.0,-80.0,-80.0,-80.0,-80.0,-80.0,-80.0,-80.0,-80.0,-80.0,-80.0,-80.0,-80.0,-80.0,-80.0,-80.0,-80.0,-80.0,-80.0,-80.0,-80.0,-80.0,-80.0,-80.0,-80.0,-80.0,-80.0,-80.0,-80.0,-80.0,-80.0,-80.0,-80.0,-80.0,-80.0,-80.0,-80.0,-80.0,-80.0,-80.0,-80.0,-80.0,-80.0,-80.0,-80.0,-80.0,-80.0,-80.0,-80.0,-80.0,-80.0,-80.0,-80.0,-80.0,-80.0,-80.0,-80.0,-80.0,-80.0,-80.0,-80.0,-80.0,-80.0,-80.0,-80.0,-80.0,-80.0,-80.0,-80.0,-80.0,-80.0,-80.0,-80.0,-80.0,-80.0,-80.0,-80.0,-80.0,-80.0,-80.0,-80.0,-80.0,-80.0,-80.0,-80.0,-80.0,-80.0,-80.0,-80.0,-80.0,-80.0,-80.0,-80.0,-80.0,-80.0,-80.0,-80.0,-80.0,-80.0,-80.0,-80.0,-80.0,-80.0,-80.0,-80.0,-80.0,-80.0,-80.0,-80.0,-80.0,-80.0,-80.0,-80.0,-80.0,-80.0,-80.0,-80.0,-80.0,-80.0,-80.0,-80.0,-80.0,-80.0,-80.0,-80.0,-80.0,-80.0,-80.0,-80.0,-80.0,-80.0,-80.0,-80.0,-80.0,-80.0,-80.0,-80.0,-80.0,-80.0,-80.0,-80.0,-80.0,-80.0,-80.0,-80.0,-80.0,-80.0,-80.0,-80.0,-80.0,-80.0,-80.0,-80.0,-80.0,-80.0,-80.0,-80.0,-80.0,-80.0,-80.0,-80.0,-80.0,-80.0,-80.0,-80.0,-80.0,-80.0,-80.0,-80.0,-80.0,-80.0,-80.0,-80.0,-80.0,-80.0,-80.0,-80.0,-80.0,-80.0,-80.0,-80.0,-80.0,-80.0,-80.0,-80.0,-80.0,-80.0,-80.0,-80.0,-80.0,-80.0,-80.0,-80.0,-80.0,-80.0,-80.0,-80.0,-80.0,-80.0,-80.0,-80.0,-80.0,-80.0,-80.0,-80.0,-80.0,-80.0,-80.0,-80.0,-80.0,-80.0,-80.0,-80.0,-80.0,-80.0,-80.0
-45.754387,-43.659004,-52.196026,-54.245018,-52.020683,-56.017403,-60.062073,-62.924824,-61.22355,-60.136333,-57.289948,-59.89586,-60.02845,-60.773636,-66.66287,-65.02271,-61.001854,-63.189827,-69.768814,-67.9524,-69.19809,-70.85378,-70.042786,-67.51381,-64.872955,-66.04708,-65.43479,-67.21021,-71.49821,-71.51435,-69.61072,-68.7625,-72.76797,-70.99301,-68.886826,-67.281876,-71.321884,-72.15944,-70.96984,-75.493,-73.966866,-76.2428,-75.67627,-74.646515,-73.860565,-73.07294,-71.4597,-73.631226,-77.907364,-79.311485,-78.02702,-75.384094,-71.93098,-77.059906,-80.0,-76.804825,-79.62082,-80.0,-77.88516,-75.44232,-80.0,-79.335464,-77.75286,-80.0,-80.0,-80.0,-80.0,-80.0,-80.0,-80.0,-80.0,-76.5124,-79.8582,-80.0,-79.456924,-77.46478,-78.72654,-80.0,-80.0,-80.0,-80.0,-80.0,-80.0,-80.0,-80.0,-80.0,-80.0,-80.0,-80.0,-74.86042,-52.76691,-44.18376,-44.315914,-50.115227,-53.902603,-49.963234,-50.15014,-54.78178,-62.36281,-64.71636,-60.28231,-57.357708,-58.40367,-63.768753,-63.365776,-60.042236,-61.88988,-65.85562,-60.95683,-61.974014,-64.734215,-68.343445,-65.89426,-68.107056,-69.909225,-64.99814,-63.55719,-67.32028,-69.82976,-68.31326,-69.59482,-75.62708,-68.55442,-68.80022,-70.89798,-70.08586,-74.13996,-74.81984,-74.89199,-74.452545,-72.83572,-74.19917,-74.08186,-76.155045,-79.04925,-78.246155,-74.284195,-72.38071,-72.10402,-69.82005,-71.50047,-78.722824,-79.25984,-78.55449,-80.0,-79.055374,-80.0,-77.30953,-79.78891,-80.0,-80.0,-80.0,-80.0,-76.81625,-78.92899,-80.0,-80.0,-80.0,-80.0,-80.0,-80.0,-80.0,-79.7997,-80.0,-80.0,-80.0,-80.0,-80.0,-80.0,-80.0,-80.0,-80.0,-80.0,-80.0,-80.0,-80.0,-80.0,-80.0,-80.0,-80.0,-80.0,-80.0,-80.0,-80.0,-80.0,-80.0,-80.0,-80.0,-80.0,-80.0,-80.0,-80.0,-80.0,-80.0,-80.0,-80.0,-80.0,-80.0,-80.0,-80.0,-80.0,-80.0,-80.0,-80.0,-80.0,-80.0,-80.0,-80.0,-80.0,-80.0,-80.0,-80.0,-80.0,-80.0,-80.0,-80.0,-80.0,-80.0,-80.0,-80.0,-80.0,-80.0,-80.0,-80.0,-80.0,-80.0,-80.0,-80.0,-80.0,-80.0,-80.0,-80.0,-80.0,-80.0,-80.0,-80.0,-80.0,-80.0,-80.0,-80.0,-80.0,-80.0,-80.0,-80.0,-80.0,-80.0,-80.0,-80.0,-80.0,-80.0,-80.0,-80.0,-80.0,-80.0,-80.0,-80.0,-80.0,-80.0,-80.0,-80.0,-80.0,-80.0,-80.0,-80.0,-80.0,-80.0,-80.0,-80.0,-80.0,-80.0,-80.0,-80.0,-80.0,-80.0,-80.0,-80.0,-80.0,-80.0,-80.0,-80.0,-80.0,-80.0,-80.0,-80.0,-80.0,-80.0,-80.0,-80.0,-80.0,-80.0,-80.0,-80.0,-80.0,-80.0,-80.0,-80.0,-80.0,-80.0,-80.0,-80.0,-80.0,-80.0,-80.0,-80.0,-80.0,-80.0,-80.0,-80.0,-80.0,-80.0,-80.0,-80.0,-80.0,-80.0,-80.0,-80.0,-80.0,-80.0,-80.0,-80.0,-80.0,-80.0,-80.0,-80.0,-80.0,-80.0,-80.0,-80.0,-80.0,-80.0,-80.0,-80.0,-80.0,-80.0,-80.0,-80.0,-80.0,-80.0,-80.0,-80.0,-80.0,-80.0,-80.0,-80.0,-80.0,-80.0,-80.0,-80.0,-80.0,-80.0,-80.0,-80.0,-80.0,-80.0,-80.0,-80.0,-80.0,-80.0,-80.0,-80.0,-80.0,-80.0,-80.0,-80.0,-80.0,-80.0,-80.0,-80.0,-80.0,-80.0,-80.0,-80.0,-80.0,-80.0,-80.0,-80.0,-80.0,-80.0,-80.0,-80.0,-80.0,-80.0,-80.0,-80.0,-80.0,-80.0,-80.0,-80.0,-80.0,-80.0,-80.0,-80.0,-80.0,-80.0,-80.0,-80.0,-80.0,-80.0,-80.0,-80.0,-80.0,-80.0,-80.0,-80.0,-80.0,-80.0,-80.0,-80.0,-80.0,-80.0,-80.0,-80.0,-80.0
-43.180588,-42.941124,-52.039276,-47.133232,-45.16202,-48.0734,-53.353935,-56.629513,-57.086082,-61.82822,-53.04203,-51.860462,-57.69687,-53.922173,-54.476566,-57.98376,-58.31802,-57.54393,-58.769894,-63.89361,-63.497055,-59.065525,-56.78408,-54.492638,-52.95949,-52.17034,-55.84626,-56.1232,-56.615757,-56.98369,-57.989864,-58.062424,-63.40269,-65.03649,-63.96615,-63.446518,-61.979126,-58.802082,-57.22036,-59.662994,-65.278824,-66.80621,-65.091156,-60.665653,-62.287167,-61.17515,-60.580788,-64.29378,-65.14662,-61.46987,-60.355335,-61.981697,-66.6698,-63.129993,-61.9245,-64.22893,-65.06923,-69.72484,-71.852036,-69.17311,-72.62207,-70.77034,-73.03209,-75.57945,-73.222824,-71.85795,-72.791046,-76.55098,-75.07386,-77.145004,-73.452774,-68.2679,-68.559906,-73.96504,-73.314224,-71.08333,-72.832726,-80.0,-80.0,-74.17156,-74.30435,-77.009125,-74.05652,-74.71589,-75.86803,-79.44077,-80.0,-80.0,-80.0,-76.33539,-55.6092,-50.087997,-46.990204,-47.26345,-48.42853,-50.070507,-53.184086,-54.003143,-55.346718,-63.99041,-58.527092,-54.738377,-55.122307,-60.671986,-65.15471,-62.201717,-64.022125,-65.366585,-68.43814,-72.21411,-65.35564,-62.197975,-64.15746,-65.43392,-62.67185,-63.247242,-67.666565,-67.11362,-64.80175,-66.306885,-66.50574,-72.19006,-70.060165,-69.67339,-69.01534,-68.52699,-71.69361,-70.853516,-68.632324,-68.707306,-70.138,-75.04361,-77.345474,-78.35458,-76.35306,-73.547455,-70.63292,-73.516335,-73.30708,-72.957924,-77.933716,-80.0,-79.012436,-77.702354,-74.77878,-70.79805,-72.52228,-75.81265,-80.0,-80.0,-80.0,-80.0,-77.54614,-76.09607,-78.67633,-80.0,-80.0,-80.0,-80.0,-80.0,-80.0,-80.0,-80.0,-80.0,-80.0,-79.88802,-80.0,-80.0,-80.0,-80.0,-80.0,-80.0,-80.0,-80.0,-80.0,-80.0,-80.0,-80.0,-80.0,-80.0,-80.0,-80.0,-80.0,-80.0,-80.0,-80.0,-80.0,-80.0,-80.0,-80.0,-80.0,-80.0,-80.0,-80.0,-80.0,-80.0,-80.0,-80.0,-80.0,-80.0,-80.0,-80.0,-80.0,-80.0,-80.0,-80.0,-80.0,-80.0,-80.0,-80.0,-80.0,-80.0,-80.0,-80.0,-80.0,-80.0,-80.0,-80.0,-80.0,-80.0,-80.0,-80.0,-80.0,-80.0,-80.0,-80.0,-80.0,-80.0,-80.0,-80.0,-80.0,-80.0,-80.0,-80.0,-80.0,-80.0,-80.0,-80.0,-80.0,-80.0,-80.0,-80.0,-80.0,-80.0,-80.0,-80.0,-80.0,-80.0,-80.0,-80.0,-80.0,-80.0,-80.0,-80.0,-80.0,-80.0,-80.0,-80.0,-80.0,-80.0,-80.0,-80.0,-80.0,-80.0,-80.0,-80.0,-80.0,-80.0,-80.0,-80.0,-80.0,-80.0,-80.0,-80.0,-80.0,-80.0,-80.0,-80.0,-80.0,-80.0,-80.0,-80.0,-80.0,-80.0,-80.0,-80.0,-80.0,-80.0,-80.0,-80.0,-80.0,-80.0,-80.0,-80.0,-80.0,-80.0,-80.0,-80.0,-80.0,-80.0,-80.0,-80.0,-80.0,-80.0,-80.0,-80.0,-80.0,-80.0,-80.0,-80.0,-80.0,-80.0,-80.0,-80.0,-80.0,-80.0,-80.0,-80.0,-80.0,-80.0,-80.0,-80.0,-80.0,-80.0,-80.0,-80.0,-80.0,-80.0,-80.0,-80.0,-80.0,-80.0,-80.0,-80.0,-80.0,-80.0,-80.0,-80.0,-80.0,-80.0,-80.0,-80.0,-80.0,-80.0,-80.0,-80.0,-80.0,-80.0,-80.0,-80.0,-80.0,-80.0,-80.0,-80.0,-80.0,-80.0,-80.0,-80.0,-80.0,-80.0,-80.0,-80.0,-80.0,-80.0,-80.0,-80.0,-80.0,-80.0,-80.0,-80.0,-80.0,-80.0,-80.0,-80.0,-80.0,-80.0,-80.0,-80.0,-80.0,-80.0,-80.0,-80.0,-80.0,-80.0,-80.0,-80.0,-80.0,-80.0,-80.0,-80.0,-80.0,-80.0,-80.0,-80.0,-80.0,-80.0,-80.0,-80.0,-80.0,-80.0,-80.0,-80.0,-80.0,-80.0,-80.0,-80.0,-80.0,-80.0,-80.0,-80.0,-80.0,-80.0,-80.0
-46.88494,-46.081955,-47.336254,-46.253967,-47.123375,-48.231598,-53.845947,-54.757515,-53.110687,-53.915905,-53.849556,-51.04219,-52.63441,-50.114384,-52.033195,-56.992226,-53.0358,-53.209953,-57.410305,-59.24786,-61.591515,-59.267303,-53.341904,-49.963665,-51.912315,-49.88846,-52.163822,-54.796856,-56.553825,-56.149193,-56.794003,-61.44892,-67.08865,-66.61861,-64.16395,-58.268513,-58.235126,-59.25173,-55.042824,-57.6062,-62.953705,-65.63895,-63.58997,-59.264156,-60.79901,-63.739708,-61.56469,-62.640434,-62.133965,-61.96795,-61.27423,-64.07033,-64.17919,-62.111126,-60.833748,-61.56952,-64.82702,-66.23338,-68.14618,-74.78349,-74.97589,-73.43298,-72.300095,-68.959366,-67.110275,-70.48665,-73.939095,-72.09044,-71.274475,-75.91235,-70.55921,-67.160416,-69.24563,-76.50943,-74.69279,-73.91971,-75.0164,-77.127625,-77.73067,-80.0,-75.96767,-75.30512,-76.86246,-77.35363,-77.92685,-79.09224,-78.027985,-79.91885,-79.07039,-73.945984,-57.61618,-55.48254,-53.764687,-52.504875,-57.46422,-62.60174,-59.797806,-57.162777,-57.426594,-60.02597,-64.40152,-63.245537,-60.929745,-62.33908,-61.96723,-62.27272,-62.017387,-67.862885,-69.35736,-67.884,-70.35637,-66.92551,-67.26397,-67.99894,-66.2263,-63.35612,-68.55163,-70.01442,-65.77612,-63.87268,-67.136406,-74.07609,-73.91844,-71.07588,-71.0016,-72.14043,-73.13783,-78.44159,-73.71117,-73.92525,-77.14855,-76.08531,-78.47384,-77.09708,-75.58277,-79.485504,-77.03484,-76.521454,-74.49333,-78.20633,-80.0,-80.0,-79.47719,-77.05052,-78.29268,-74.2438,-77.04021,-80.0,-80.0,-80.0,-80.0,-80.0,-76.80218,-78.260864,-80.0,-79.94064,-80.0,-80.0,-80.0,-80.0,-80.0,-80.0,-80.0,-80.0,-80.0,-80.0,-80.0,-80.0,-80.0,-80.0,-80.0,-80.0,-80.0,-80.0,-80.0,-80.0,-80.0,-80.0,-80.0,-80.0,-80.0,-80.0,-80.0,-80.0,-80.0,-80.0,-80.0,-80.0,-80.0,-80.0,-80.0,-80.0,-80.0,-80.0,-80.0,-80.0,-80.0,-80.0,-80.0,-80.0,-80.0,-80.0,-80.0,-80.0,-80.0,-80.0,-80.0,-80.0,-80.0,-80.0,-80.0,-80.0,-80.0,-80.0,-80.0,-80.0,-80.0,-80.0,-80.0,-80.0,-80.0,-80.0,-80.0,-80.0,-80.0,-80.0,-80.0,-80.0,-80.0,-80.0,-80.0,-80.0,-80.0,-80.0,-80.0,-80.0,-80.0,-80.0,-80.0,-80.0,-80.0,-80.0,-80.0,-80.0,-80.0,-80.0,-80.0,-80.0,-80.0,-80.0,-80.0,-80.0,-80.0,-80.0,-80.0,-80.0,-80.0,-80.0,-80.0,-80.0,-80.0,-80.0,-80.0,-80.0,-80.0,-80.0,-80.0,-80.0,-80.0,-80.0,-80.0,-80.0,-80.0,-80.0,-80.0,-80.0,-80.0,-80.0,-80.0,-80.0,-80.0,-80.0,-80.0,-80.0,-80.0,-80.0,-80.0,-80.0,-80.0,-80.0,-80.0,-80.0,-80.0,-80.0,-80.0,-80.0,-80.0,-80.0,-80.0,-80.0,-80.0,-80.0,-80.0,-80.0,-80.0,-80.0,-80.0,-80.0,-80.0,-80.0,-80.0,-80.0,-80.0,-80.0,-80.0,-80.0,-80.0,-80.0,-80.0,-80.0,-80.0,-80.0,-80.0,-80.0,-80.0,-80.0,-80.0,-80.0,-80.0,-80.0,-80.0,-80.0,-80.0,-80.0,-80.0,-80.0,-80.0,-80.0,-80.0,-80.0,-80.0,-80.0,-80.0,-80.0,-80.0,-80.0,-80.0,-80.0,-80.0,-80.0,-80.0,-80.0,-80.0,-80.0,-80.0,-80.0,-80.0,-80.0,-80.0,-80.0,-80.0,-80.0,-80.0,-80.0,-80.0,-80.0,-80.0,-80.0,-80.0,-80.0,-80.0,-80.0,-80.0,-80.0,-80.0,-80.0,-80.0,-80.0,-80.0,-80.0,-80.0,-80.0,-80.0,-80.0,-80.0,-80.0,-80.0,-80.0,-80.0,-80.0,-80.0,-80.0,-80.0,-80.0,-80.0,-80.0,-80.0,-80.0,-80.0,-80.0,-80.0,-80.0,-80.0,-80.0,-80.0,-80.0,-80.0,-80.0,-80.0,-80.0,-80.0,-80.0,-80.0
-48.11954,-44.584057,-47.936646,-53.69541,-57.277622,-54.295597,-50.858337,-49.02739,-49.627556,-51.3966,-54.80021,-60.87702,-64.70778,-55.706024,-53.59423,-57.62281,-57.499596,-57.905346,-62.372566,-59.88414,-57.197464,-61.323135,-56.026127,-54.122906,-56.956947,-60.843727,-63.624084,-68.710556,-65.33675,-63.934616,-67.61577,-74.70948,-73.84976,-67.93085,-62.904453,-62.99591,-67.66911,-66.77541,-62.336555,-66.776436,-72.60234,-72.73848,-72.466965,-70.20333,-64.5697,-63.425903,-64.35862,-67.7219,-67.571365,-71.51912,-68.56715,-65.75992,-62.23273,-65.29869,-69.8652,-66.20888,-64.3119,-65.15367,-71.0177,-74.99161,-74.35721,-77.33218,-79.83595,-77.79671,-74.1559,-76.14148,-79.676285,-79.14206,-78.228714,-75.413925,-71.414764,-72.72444,-73.633575,-76.64024,-79.77806,-80.0,-77.00279,-77.25067,-78.38599,-80.0,-80.0,-79.63037,-76.640495,-75.89137,-77.12887,-77.89769,-80.0,-79.91844,-75.8956,-71.06,-54.774498,-51.84828,-55.927765,-52.482864,-49.587685,-49.905632,-50.90982,-50.50749,-57.320145,-63.06212,-62.448112,-62.841793,-58.17326,-59.64709,-62.459236,-62.72399,-65.04691,-64.41963,-70.3891,-68.162384,-63.375237,-62.848175,-65.94093,-69.88683,-71.041245,-69.38342,-68.785614,-68.04239,-71.06331,-72.26657,-71.31044,-72.10598,-76.46817,-74.463104,-68.376724,-69.66998,-72.46513,-72.88434,-70.092026,-73.392624,-72.66206,-69.4453,-75.21753,-80.0,-78.841385,-80.0,-80.0,-80.0,-77.870285,-78.16004,-80.0,-80.0,-79.29056,-76.71866,-78.07005,-80.0,-79.77005,-80.0,-80.0,-79.80461,-78.95749,-77.65446,-76.3997,-80.0,-80.0,-80.0,-80.0,-80.0,-80.0,-80.0,-80.0,-80.0,-80.0,-80.0,-80.0,-80.0,-80.0,-80.0,-80.0,-80.0,-80.0,-80.0,-80.0,-80.0,-80.0,-80.0,-80.0,-80.0,-80.0,-80.0,-80.0,-80.0,-80.0,-80.0,-80.0,-80.0,-80.0,-80.0,-80.0,-80.0,-80.0,-80.0,-80.0,-80.0,-80.0,-80.0,-80.0,-80.0,-80.0,-80.0,-80.0,-80.0,-80.0,-80.0,-80.0,-80.0,-80.0,-80.0,-80.0,-80.0,-80.0,-80.0,-80.0,-80.0,-80.0,-80.0,-80.0,-80.0,-80.0,-80.0,-80.0,-80.0,-80.0,-80.0,-80.0,-80.0,-80.0,-80.0,-80.0,-80.0,-80.0,-80.0,-80.0,-80.0,-80.0,-80.0,-80.0,-80.0,-80.0,-80.0,-80.0,-80.0,-80.0,-80.0,-80.0,-80.0,-80.0,-80.0,-80.0,-80.0,-80.0,-80.0,-80.0,-80.0,-80.0,-80.0,-80.0,-80.0,-80.0,-80.0,-80.0,-80.0,-80.0,-80.0,-80.0,-80.0,-80.0,-80.0,-80.0,-80.0,-80.0,-80.0,-80.0,-80.0,-80.0,-80.0,-80.0,-80.0,-80.0,-80.0,-80.0,-80.0,-80.0,-80.0,-80.0,-80.0,-80.0,-80.0,-80.0,-80.0,-80.0,-80.0,-80.0,-80.0,-80.0,-80.0,-80.0,-80.0,-80.0,-80.0,-80.0,-80.0,-80.0,-80.0,-80.0,-80.0,-80.0,-80.0,-80.0,-80.0,-80.0,-80.0,-80.0,-80.0,-80.0,-80.0,-80.0,-80.0,-80.0,-80.0,-80.0,-80.0,-80.0,-80.0,-80.0,-80.0,-80.0,-80.0,-80.0,-80.0,-80.0,-80.0,-80.0,-80.0,-80.0,-80.0,-80.0,-80.0,-80.0,-80.0,-80.0,-80.0,-80.0,-80.0,-80.0,-80.0,-80.0,-80.0,-80.0,-80.0,-80.0,-80.0,-80.0,-80.0,-80.0,-80.0,-80.0,-80.0,-80.0,-80.0,-80.0,-80.0,-80.0,-80.0,-80.0,-80.0,-80.0,-80.0,-80.0,-80.0,-80.0,-80.0,-80.0,-80.0,-80.0,-80.0,-80.0,-80.0,-80.0,-80.0,-80.0,-80.0,-80.0,-80.0,-80.0,-80.0,-80.0,-80.0,-80.0,-80.0,-80.0,-80.0,-80.0,-80.0,-80.0,-80.0,-80.0,-80.0,-80.0,-80.0,-80.0,-80.0,-80.0,-80.0,-80.0,-80.0,-80.0,-80.0,-80.0,-80.0,-80.0,-80.0,-80.0
-51.532967,-44.123302,-43.491997,-51.498436,-54.730927,-55.150787,-53.209373,-55.196976,-59.19251,-63.03837,-60.15587,-63.7234,-63.538994,-60.802696,-58.990013,-61.287613,-62.294495,-62.283394,-63.100647,-60.553192,-59.627945,-63.141983,-62.55532,-64.907326,-61.633644,-63.45211,-63.70337,-63.220726,-64.52191,-67.4226,-68.72239,-74.12344,-73.57413,-68.75037,-67.46036,-66.65524,-69.45683,-66.76871,-68.12684,-74.25484,-68.70724,-70.03516,-71.39448,-70.925354,-70.76605,-71.45096,-72.14719,-70.9431,-77.60898,-76.3486,-76.19499,-67.10183,-66.63875,-68.17982,-71.60652,-73.699844,-71.19232,-71.13907,-73.201485,-76.10658,-80.0,-79.265625,-77.35524,-78.07266,-79.56575,-75.31887,-77.52742,-80.0,-80.0,-78.44355,-77.611664,-78.02557,-77.76024,-80.0,-80.0,-80.0,-79.90347,-78.79945,-80.0,-80.0,-80.0,-80.0,-80.0,-80.0,-80.0,-80.0,-79.8625,-79.94156,-80.0,-70.52658,-57.126717,-53.982567,-54.771828,-48.456966,-49.761536,-48.62897,-49.014606,-51.251965,-57.035515,-60.91166,-57.69955,-58.19329,-56.646492,-57.19867,-61.49855,-62.608044,-65.00765,-67.61342,-68.034164,-64.57228,-66.16723,-66.9374,-70.908394,-69.879654,-65.29518,-67.978065,-72.87876,-67.41655,-65.882454,-68.21518,-71.786316,-71.773834,-73.31546,-73.06847,-67.89196,-68.78116,-70.41577,-75.29007,-70.02396,-71.50523,-76.23745,-72.13109,-73.90402,-76.97098,-74.31118,-75.06973,-80.0,-79.08406,-77.61197,-80.0,-80.0,-78.21985,-80.0,-76.10513,-76.40657,-76.34093,-77.517944,-75.9783,-80.0,-78.49695,-77.52588,-75.38588,-75.295715,-80.0,-80.0,-80.0,-80.0,-80.0,-80.0,-80.0,-80.0,-80.0,-80.0,-80.0,-80.0,-80.0,-80.0,-80.0,-80.0,-80.0,-80.0,-80.0,-80.0,-80.0,-80.0,-80.0,-80.0,-80.0,-80.0,-80.0,-80.0,-80.0,-80.0,-80.0,-80.0,-80.0,-80.0,-80.0,-80.0,-80.0,-80.0,-80.0,-80.0,-80.0,-80.0,-80.0,-80.0,-80.0,-80.0,-80.0,-80.0,-80.0,-80.0,-80.0,-80.0,-80.0,-80.0,-80.0,-80.0,-80.0,-80.0,-80.0,-80.0,-80.0,-80.0,-80.0,-80.0,-80.0,-80.0,-80.0,-80.0,-80.0,-80.0,-80.0,-80.0,-80.0,-80.0,-80.0,-80.0,-80.0,-80.0,-80.0,-80.0,-80.0,-80.0,-80.0,-80.0,-80.0,-80.0,-80.0,-80.0,-80.0,-80.0,-80.0,-80.0,-80.0,-80.0,-80.0,-80.0,-80.0,-80.0,-80.0,-80.0,-80.0,-80.0,-80.0,-80.0,-80.0,-80.0,-80.0,-80.0,-80.0,-80.0,-80.0,-80.0,-80.0,-80.0,-80.0,-80.0,-80.0,-80.0,-80.0,-80.0,-80.0,-80.0,-80.0,-80.0,-80.0,-80.0,-80.0,-80.0,-80.0,-80.0,-80.0,-80.0,-80.0,-80.0,-80.0,-80.0,-80.0,-80.0,-80.0,-80.0,-80.0,-80.0,-80.0,-80.0,-80.0,-80.0,-80.0,-80.0,-80.0,-80.0,-80.0,-80.0,-80.0,-80.0,-80.0,-80.0,-80.0,-80.0,-80.0,-80.0,-80.0,-80.0,-80.0,-80.0,-80.0,-80.0,-80.0,-80.0,-80.0,-80.0,-80.0,-80.0,-80.0,-80.0,-80.0,-80.0,-80.0,-80.0,-80.0,-80.0,-80.0,-80.0,-80.0,-80.0,-80.0,-80.0,-80.0,-80.0,-80.0,-80.0,-80.0,-80.0,-80.0,-80.0,-80.0,-80.0,-80.0,-80.0,-80.0,-80.0,-80.0,-80.0,-80.0,-80.0,-80.0,-80.0,-80.0,-80.0,-80.0,-80.0,-80.0,-80.0,-80.0,-80.0,-80.0,-80.0,-80.0,-80.0,-80.0,-80.0,-80.0,-80.0,-80.0,-80.0,-80.0,-80.0,-80.0,-80.0,-80.0,-80.0,-80.0,-80.0,-80.0,-80.0,-80.0,-80.0,-80.0,-80.0,-80.0,-80.0,-80.0,-80.0,-80.0,-80.0,-80.0,-80.0,-80.0,-80.0,-80.0,-80.0,-80.0,-80.0,-80.0,-80.0,-80.0,-80.0,-80.0,-80.0,-80.0,-80.0
-46.845264,-38.073647,-37.125946,-43.11945,-49.05247,-57.79991,-56.891533,-56.974594,-55.43242,-56.0916,-55.60869,-53.815872,-55.876617,-59.47633,-56.21052,-55.703438,-59.735733,-57.566414,-57.15156,-58.638126,-60.993717,-63.32999,-63.716988,-60.122658,-62.570328,-62.136063,-60.213303,-64.551674,-64.03387,-59.93363,-59.691273,-66.86361,-74.18865,-68.10327,-63.341793,-62.634716,-62.227768,-61.117203,-62.86856,-65.19329,-65.66942,-71.0571,-71.65112,-69.66646,-70.30304,-69.12146,-68.97708,-66.428276,-68.72647,-72.149826,-70.44783,-70.94197,-68.92438,-70.39215,-66.063255,-64.669785,-65.58717,-67.09282,-72.49355,-75.07739,-79.91634,-76.63931,-76.67229,-77.985016,-75.97783,-75.71833,-80.0,-80.0,-79.484344,-77.47464,-73.61481,-72.76489,-75.7424,-78.33411,-80.0,-78.259895,-76.78351,-79.46767,-78.954475,-80.0,-79.110245,-80.0,-80.0,-80.0,-79.73938,-78.38403,-78.65664,-80.0,-79.96655,-75.12251,-62.9597,-58.61153,-53.618675,-50.235966,-54.01007,-57.237495,-57.14138,-54.904373,-56.93421,-60.78588,-58.795166,-60.656548,-55.613728,-53.92212,-60.00918,-61.565742,-67.70373,-74.72062,-67.84639,-65.001526,-67.33299,-70.38741,-71.20485,-64.77922,-62.83666,-64.63389,-66.34415,-66.65126,-64.51357,-65.27074,-72.618744,-71.722046,-72.09367,-73.58887,-69.6705,-70.78813,-68.90187,-70.41629,-72.27679,-71.68034,-70.63486,-74.49501,-76.3268,-73.613594,-72.87086,-74.82385,-77.173615,-74.43367,-75.629196,-74.02692,-75.21919,-77.523636,-77.96245,-78.2919,-73.38795,-75.44139,-79.61323,-75.34725,-79.014755,-80.0,-80.0,-80.0,-79.23372,-80.0,-80.0,-80.0,-80.0,-80.0,-80.0,-80.0,-80.0,-80.0,-80.0,-80.0,-80.0,-80.0,-80.0,-80.0,-80.0,-80.0,-80.0,-80.0,-80.0,-80.0,-80.0,-80.0,-80.0,-80.0,-80.0,-80.0,-80.0,-80.0,-80.0,-80.0,-80.0,-80.0,-80.0,-80.0,-80.0,-80.0,-80.0,-80.0,-80.0,-80.0,-80.0,-80.0,-80.0,-80.0,-80.0,-80.0,-80.0,-80.0,-80.0,-80.0,-80.0,-80.0,-80.0,-80.0,-80.0,-80.0,-80.0,-80.0,-80.0,-80.0,-80.0,-80.0,-80.0,-80.0,-80.0,-80.0,-80.0,-80.0,-80.0,-80.0,-80.0,-80.0,-80.0,-80.0,-80.0,-80.0,-80.0,-80.0,-80.0,-80.0,-80.0,-80.0,-80.0,-80.0,-80.0,-80.0,-80.0,-80.0,-80.0,-80.0,-80.0,-80.0,-80.0,-80.0,-80.0,-80.0,-80.0,-80.0,-80.0,-80.0,-80.0,-80.0,-80.0,-80.0,-80.0,-80.0,-80.0,-80.0,-80.0,-80.0,-80.0,-80.0,-80.0,-80.0,-80.0,-80.0,-80.0,-80.0,-80.0,-80.0,-80.0,-80.0,-80.0,-80.0,-80.0,-80.0,-80.0,-80.0,-80.0,-80.0,-80.0,-80.0,-80.0,-80.0,-80.0,-80.0,-80.0,-80.0,-80.0,-80.0,-80.0,-80.0,-80.0,-80.0,-80.0,-80.0,-80.0,-80.0,-80.0,-80.0,-80.0,-80.0,-80.0,-80.0,-80.0,-80.0,-80.0,-80.0,-80.0,-80.0,-80.0,-80.0,-80.0,-80.0,-80.0,-80.0,-80.0,-80.0,-80.0,-80.0,-80.0,-80.0,-80.0,-80.0,-80.0,-80.0,-80.0,-80.0,-80.0,-80.0,-80.0,-80.0,-80.0,-80.0,-80.0,-80.0,-80.0,-80.0,-80.0,-80.0,-80.0,-80.0,-80.0,-80.0,-80.0,-80.0,-80.0,-80.0,-80.0,-80.0,-80.0,-80.0,-80.0,-80.0,-80.0,-80.0,-80.0,-80.0,-80.0,-80.0,-80.0,-80.0,-80.0,-80.0,-80.0,-80.0,-80.0,-80.0,-80.0,-80.0,-80.0,-80.0,-80.0,-80.0,-80.0,-80.0,-80.0,-80.0,-80.0,-80.0,-80.0,-80.0,-80.0,-80.0,-80.0,-80.0,-80.0,-80.0,-80.0,-80.0,-80.0,-80.0,-80.0,-80.0,-80.0,-80.0,-80.0,-80.0,-80.0,-80.0,-80.0,-80.0,-80.0,-80.0,-80.0,-80.0,-80.0,-80.0,-80.0
-43.0346,-40.740135,-41.745045,-46.086586,-50.63601,-56.981,-55.08361,-53.642216,-52.61153,-56.774536,-57.103508,-52.877026,-55.518066,-60.269905,-53.243675,-53.678406,-58.83401,-60.389503,-57.18017,-59.39373,-58.640347,-63.67477,-65.636955,-60.24786,-59.794968,-61.335854,-64.659615,-65.9395,-65.07298,-59.829277,-62.349396,-67.041916,-65.95718,-67.05031,-64.35142,-61.932472,-61.941967,-63.912685,-64.09602,-66.78967,-68.805145,-70.48613,-69.75129,-69.821335,-70.51143,-74.78261,-72.62332,-67.198654,-69.27387,-70.76059,-70.336105,-67.63569,-70.345764,-72.60962,-70.35063,-65.62358,-67.344025,-71.07462,-70.254745,-72.36392,-72.95044,-73.18329,-76.05878,-75.20436,-76.73251,-75.74421,-73.28914,-74.50425,-78.72887,-78.81603,-76.7919,-76.27408,-74.6308,-78.018875,-79.07204,-79.078964,-75.17345,-77.58242,-79.3741,-80.0,-79.04059,-80.0,-80.0,-80.0,-80.0,-77.812454,-80.0,-79.35263,-80.0,-77.78515,-61.875923,-56.02311,-55.325443,-53.638817,-56.470856,-54.778397,-56.33896,-60.175343,-57.650616,-61.290634,-68.729904,-62.200546,-59.031857,-57.005592,-60.42897,-64.35527,-70.326996,-71.91784,-68.32501,-67.87329,-69.07344,-70.51596,-66.96408,-68.96671,-64.358955,-64.17078,-67.12578,-74.99592,-71.95454,-67.8385,-71.268036,-72.19705,-74.59393,-71.22647,-66.89084,-68.4288,-69.827515,-68.725655,-72.415665,-71.597916,-69.76129,-75.33176,-79.01535,-73.858154,-73.02927,-76.52423,-78.79321,-77.14174,-76.372314,-75.61045,-74.620804,-78.49988,-76.43624,-78.01318,-75.86033,-79.99939,-80.0,-80.0,-80.0,-78.24664,-80.0,-80.0,-80.0,-80.0,-80.0,-80.0,-80.0,-80.0,-80.0,-80.0,-80.0,-80.0,-80.0,-80.0,-80.0,-80.0,-80.0,-80.0,-80.0,-80.0,-80.0,-80.0,-80.0,-80.0,-80.0,-80.0,-80.0,-80.0,-80.0,-80.0,-80.0,-80.0,-80.0,-80.0,-80.0,-80.0,-80.0,-80.0,-80.0,-80.0,-80.0,-80.0,-80.0,-80.0,-80.0,-80.0,-80.0,-80.0,-80.0,-80.0,-80.0,-80.0,-80.0,-80.0,-80.0,-80.0,-80.0,-80.0,-80.0,-80.0,-80.0,-80.0,-80.0,-80.0,-80.0,-80.0,-80.0,-80.0,-80.0,-80.0,-80.0,-80.0,-80.0,-80.0,-80.0,-80.0,-80.0,-80.0,-80.0,-80.0,-80.0,-80.0,-80.0,-80.0,-80.0,-80.0,-80.0,-80.0,-80.0,-80.0,-80.0,-80.0,-80.0,-80.0,-80.0,-80.0,-80.0,-80.0,-80.0,-80.0,-80.0,-80.0,-80.0,-80.0,-80.0,-80.0,-80.0,-80.0,-80.0,-80.0,-80.0,-80.0,-80.0,-80.0,-80.0,-80.0,-80.0,-80.0,-80.0,-80.0,-80.0,-80.0,-80.0,-80.0,-80.0,-80.0,-80.0,-80.0,-80.0,-80.0,-80.0,-80.0,-80.0,-80.0,-80.0,-80.0,-80.0,-80.0,-80.0,-80.0,-80.0,-80.0,-80.0,-80.0,-80.0,-80.0,-80.0,-80.0,-80.0,-80.0,-80.0,-80.0,-80.0,-80.0,-80.0,-80.0,-80.0,-80.0,-80.0,-80.0,-80.0,-80.0,-80.0,-80.0,-80.0,-80.0,-80.0,-80.0,-80.0,-80.0,-80.0,-80.0,-80.0,-80.0,-80.0,-80.0,-80.0,-80.0,-80.0,-80.0,-80.0,-80.0,-80.0,-80.0,-80.0,-80.0,-80.0,-80.0,-80.0,-80.0,-80.0,-80.0,-80.0,-80.0,-80.0,-80.0,-80.0,-80.0,-80.0,-80.0,-80.0,-80.0,-80.0,-80.0,-80.0,-80.0,-80.0,-80.0,-80.0,-80.0,-80.0,-80.0,-80.0,-80.0,-80.0,-80.0,-80.0,-80.0,-80.0,-80.0,-80.0,-80.0,-80.0,-80.0,-80.0,-80.0,-80.0,-80.0,-80.0,-80.0,-80.0,-80.0,-80.0,-80.0,-80.0,-80.0,-80.0,-80.0,-80.0,-80.0,-80.0,-80.0,-80.0,-80.0,-80.0,-80.0,-80.0,-80.0,-80.0,-80.0,-80.0,-80.0,-80.0,-80.0,-80.0,-80.0,-80.0,-80.0,-80.0,-80.0,-80.0,-80.0,-80.0
-43.379383,-40.041733,-44.67627,-54.420258,-52.557247,-52.978462,-52.175804,-53.860687,-53.529114,-56.825222,-56.38289,-54.57518,-58.958473,-57.667847,-56.54076,-58.68022,-59.927013,-61.362877,-63.905262,-61.27957,-56.08155,-58.70514,-64.62735,-61.392303,-64.07274,-65.27672,-63.12889,-66.17443,-67.341736,-64.81273,-68.51086,-64.14345,-59.173607,-58.667255,-62.953762,-67.63535,-68.21994,-68.167114,-70.67061,-72.289795,-71.49512,-75.09694,-69.66309,-69.2536,-69.34978,-72.83974,-71.357124,-71.472626,-72.17896,-72.59268,-70.63139,-68.18016,-66.347946,-69.38466,-70.05443,-67.54431,-70.431335,-73.41225,-71.714714,-73.76546,-73.20726,-77.030045,-79.02319,-74.26193,-75.57442,-75.21951,-73.73561,-74.867355,-74.20877,-72.910614,-76.290955,-80.0,-80.0,-75.54146,-73.645805,-76.71103,-76.91026,-77.36372,-78.21492,-80.0,-80.0,-80.0,-80.0,-80.0,-77.421455,-80.0,-80.0,-80.0,-80.0,-74.06683,-57.254955,-53.177208,-55.059437,-56.30476,-57.13415,-54.569687,-56.020626,-58.24947,-60.681065,-60.33273,-66.113785,-60.2806,-55.872223,-57.08716,-64.43575,-70.53471,-66.42955,-62.18244,-63.46831,-59.280083,-59.406445,-60.808548,-62.054787,-65.73123,-64.83392,-65.87889,-65.262344,-67.337326,-65.602325,-65.72369,-68.84444,-73.1095,-69.75453,-68.89161,-73.00847,-70.561165,-70.71178,-73.285065,-76.0069,-74.45656,-75.819916,-76.71059,-78.1705,-77.40025,-76.26465,-75.123,-73.55051,-76.36282,-76.005325,-80.0,-80.0,-78.40241,-76.71047,-77.236435,-80.0,-80.0,-77.766205,-80.0,-80.0,-78.07064,-80.0,-80.0,-80.0,-80.0,-80.0,-80.0,-80.0,-80.0,-80.0,-80.0,-80.0,-80.0,-80.0,-80.0,-80.0,-80.0,-80.0,-80.0,-80.0,-80.0,-80.0,-80.0,-80.0,-80.0,-80.0,-80.0,-80.0,-80.0,-80.0,-80.0,-80.0,-80.0,-80.0,-80.0,-80.0,-80.0,-80.0,-80.0,-80.0,-80.0,-80.0,-80.0,-80.0,-80.0,-80.0,-80.0,-80.0,-80.0,-80.0,-80.0,-80.0,-80.0,-80.0,-80.0,-80.0,-80.0,-80.0,-80.0,-80.0,-80.0,-80.0,-80.0,-80.0,-80.0,-80.0,-80.0,-80.0,-80.0,-80.0,-80.0,-80.0,-80.0,-80.0,-80.0,-80.0,-80.0,-80.0,-80.0,-80.0,-80.0,-80.0,-80.0,-80.0,-80.0,-80.0,-80.0,-80.0,-80.0,-80.0,-80.0,-80.0,-80.0,-80.0,-80.0,-80.0,-80.0,-80.0,-80.0,-80.0,-80.0,-80.0,-80.0,-80.0,-80.0,-80.0,-80.0,-80.0,-80.0,-80.0,-80.0,-80.0,-80.0,-80.0,-80.0,-80.0,-80.0,-80.0,-80.0,-80.0,-80.0,-80.0,-80.0,-80.0,-80.0,-80.0,-80.0,-80.0,-80.0,-80.0,-80.0,-80.0,-80.0,-80.0,-80.0,-80.0,-80.0,-80.0,-80.0,-80.0,-80.0,-80.0,-80.0,-80.0,-80.0,-80.0,-80.0,-80.0,-80.0,-80.0,-80.0,-80.0,-80.0,-80.0,-80.0,-80.0,-80.0,-80.0,-80.0,-80.0,-80.0,-80.0,-80.0,-80.0,-80.0,-80.0,-80.0,-80.0,-80.0,-80.0,-80.0,-80.0,-80.0,-80.0,-80.0,-80.0,-80.0,-80.0,-80.0,-80.0,-80.0,-80.0,-80.0,-80.0,-80.0,-80.0,-80.0,-80.0,-80.0,-80.0,-80.0,-80.0,-80.0,-80.0,-80.0,-80.0,-80.0,-80.0,-80.0,-80.0,-80.0,-80.0,-80.0,-80.0,-80.0,-80.0,-80.0,-80.0,-80.0,-80.0,-80.0,-80.0,-80.0,-80.0,-80.0,-80.0,-80.0,-80.0,-80.0,-80.0,-80.0,-80.0,-80.0,-80.0,-80.0,-80.0,-80.0,-80.0,-80.0,-80.0,-80.0,-80.0,-80.0,-80.0,-80.0,-80.0,-80.0,-80.0,-80.0,-80.0,-80.0,-80.0,-80.0,-80.0,-80.0,-80.0,-80.0,-80.0,-80.0,-80.0,-80.0,-80.0,-80.0,-80.0,-80.0,-80.0,-80.0,-80.0,-80.0,-80.0,-80.0,-80.0,-80.0,-80.0
-50.70633,-44.3433,-44.22809,-49.83219,-48.39054,-50.06624,-52.33868,-55.40462,-54.21796,-57.107758,-55.761948,-55.586533,-58.353565,-54.253338,-54.931503,-59.504284,-61.179634,-62.516884,-59.206665,-60.988693,-59.540016,-59.53098,-62.3632,-61.61358,-64.04528,-65.21185,-63.893303,-69.074036,-67.68146,-67.436356,-72.58171,-70.96944,-65.177704,-62.684982,-66.14867,-68.362625,-70.952774,-71.829475,-74.3642,-72.454666,-70.87306,-73.88646,-68.49808,-68.87843,-71.50242,-68.91844,-67.29158,-69.130905,-70.77137,-72.08688,-69.17903,-67.1995,-65.888054,-68.179596,-68.30534,-67.39502,-72.339714,-79.03099,-75.91029,-78.63414,-80.0,-80.0,-80.0,-76.10683,-74.48277,-75.0068,-80.0,-78.936424,-77.75498,-75.34175,-76.80434,-79.30649,-80.0,-76.74042,-75.36586,-78.65169,-75.43511,-76.44814,-79.96892,-80.0,-80.0,-80.0,-80.0,-80.0,-80.0,-79.55322,-80.0,-80.0,-80.0,-70.41597,-55.82695,-50.31009,-52.614876,-56.959835,-57.934208,-58.154495,-55.946663,-51.972435,-54.67734,-59.930584,-64.38447,-65.37332,-61.26613,-60.76736,-63.197956,-61.365143,-55.257828,-54.547134,-58.23908,-58.56586,-59.53007,-57.92836,-59.538868,-61.438995,-59.389282,-62.378838,-63.65219,-61.622086,-59.82881,-63.431633,-67.55594,-70.64768,-69.03221,-70.95637,-73.06336,-74.10446,-71.591774,-68.743515,-70.40344,-71.36925,-73.18683,-71.43647,-73.95218,-72.6051,-70.17351,-72.285614,-73.67505,-75.93114,-77.16976,-78.235,-79.30231,-80.0,-72.86795,-71.44147,-78.62468,-77.84768,-75.97754,-80.0,-80.0,-79.51587,-79.00069,-80.0,-80.0,-79.58874,-80.0,-79.049034,-80.0,-79.07486,-80.0,-80.0,-80.0,-80.0,-80.0,-80.0,-78.050545,-80.0,-80.0,-80.0,-80.0,-80.0,-80.0,-80.0,-80.0,-80.0,-80.0,-80.0,-80.0,-80.0,-80.0,-80.0,-80.0,-80.0,-80.0,-80.0,-80.0,-80.0,-80.0,-80.0,-80.0,-80.0,-80.0,-80.0,-80.0,-80.0,-80.0,-80.0,-80.0,-80.0,-80.0,-80.0,-80.0,-80.0,-80.0,-80.0,-80.0,-80.0,-80.0,-80.0,-80.0,-80.0,-80.0,-80.0,-80.0,-80.0,-80.0,-80.0,-80.0,-80.0,-80.0,-80.0,-80.0,-80.0,-80.0,-80.0,-80.0,-80.0,-80.0,-80.0,-80.0,-80.0,-80.0,-80.0,-80.0,-80.0,-80.0,-80.0,-80.0,-80.0,-80.0,-80.0,-80.0,-80.0,-80.0,-80.0,-80.0,-80.0,-80.0,-80.0,-80.0,-80.0,-80.0,-80.0,-80.0,-80.0,-80.0,-80.0,-80.0,-80.0,-80.0,-80.0,-80.0,-80.0,-80.0,-80.0,-80.0,-80.0,-80.0,-80.0,-80.0,-80.0,-80.0,-80.0,-80.0,-80.0,-80.0,-80.0,-80.0,-80.0,-80.0,-80.0,-80.0,-80.0,-80.0,-80.0,-80.0,-80.0,-80.0,-80.0,-80.0,-80.0,-80.0,-80.0,-80.0,-80.0,-80.0,-80.0,-80.0,-80.0,-80.0,-80.0,-80.0,-80.0,-80.0,-80.0,-80.0,-80.0,-80.0,-80.0,-80.0,-80.0,-80.0,-80.0,-80.0,-80.0,-80.0,-80.0,-80.0,-80.0,-80.0,-80.0,-80.0,-80.0,-80.0,-80.0,-80.0,-80.0,-80.0,-80.0,-80.0,-80.0,-80.0,-80.0,-80.0,-80.0,-80.0,-80.0,-80.0,-80.0,-80.0,-80.0,-80.0,-80.0,-80.0,-80.0,-80.0,-80.0,-80.0,-80.0,-80.0,-80.0,-80.0,-80.0,-80.0,-80.0,-80.0,-80.0,-80.0,-80.0,-80.0,-80.0,-80.0,-80.0,-80.0,-80.0,-80.0,-80.0,-80.0,-80.0,-80.0,-80.0,-80.0,-80.0,-80.0,-80.0,-80.0,-80.0,-80.0,-80.0,-80.0,-80.0,-80.0,-80.0,-80.0,-80.0,-80.0,-80.0,-80.0,-80.0,-80.0,-80.0,-80.0,-80.0,-80.0,-80.0,-80.0,-80.0,-80.0,-80.0,-80.0,-80.0,-80.0,-80.0,-80.0,-80.0,-80.0,-80.0,-80.0,-80.0,-80.0,-80.0,-80.0,-80.0,-80.0
-58.498047,-50.902557,-51.098896,-59.66954,-58.445854,-55.61249,-55.207825,-57.178646,-56.567345,-57.11062,-63.74556,-64.64354,-63.548847,-61.89781,-60.972015,-59.776733,-60.645912,-64.2554,-64.787155,-64.132095,-63.029007,-63.441833,-62.213604,-60.685307,-62.246994,-64.96835,-67.71446,-74.621506,-68.0773,-66.79552,-69.59733,-68.12598,-68.16058,-71.15276,-69.75635,-69.34431,-71.540695,-70.945465,-73.497314,-71.40923,-73.34477,-73.248795,-70.73262,-71.57701,-71.82031,-75.707245,-72.19587,-71.16206,-73.46297,-72.757675,-73.563995,-73.661575,-75.1185,-77.30299,-80.0,-75.96629,-74.82497,-80.0,-78.052505,-75.32553,-80.0,-80.0,-80.0,-80.0,-80.0,-79.412964,-80.0,-80.0,-80.0,-80.0,-80.0,-80.0,-80.0,-80.0,-80.0,-80.0,-80.0,-80.0,-80.0,-80.0,-80.0,-80.0,-80.0,-80.0,-80.0,-80.0,-80.0,-80.0,-80.0,-69.419754,-61.369335,-53.554836,-51.407326,-55.773106,-56.92025,-58.02626,-55.589134,-54.13613,-56.47277,-57.04371,-61.097332,-66.40236,-62.06501,-61.47454,-61.41473,-61.654747,-57.92105,-59.08545,-64.58374,-70.88982,-68.29129,-64.22237,-66.28131,-68.02533,-64.66503,-67.3452,-68.42716,-65.91238,-66.54921,-71.05271,-71.682396,-68.240036,-70.633255,-78.20334,-80.0,-75.96803,-71.9875,-72.08977,-73.54225,-75.80158,-77.21102,-75.31804,-76.51253,-74.318924,-74.0759,-76.26399,-76.556305,-79.20889,-80.0,-80.0,-80.0,-76.678116,-75.88788,-74.46101,-78.58237,-80.0,-78.188965,-76.477165,-79.321236,-80.0,-80.0,-80.0,-78.41471,-77.89191,-78.31511,-79.88266,-80.0,-80.0,-80.0,-80.0,-80.0,-80.0,-80.0,-80.0,-80.0,-80.0,-80.0,-80.0,-80.0,-80.0,-80.0,-80.0,-80.0,-80.0,-80.0,-80.0,-80.0,-80.0,-80.0,-80.0,-80.0,-80.0,-80.0,-80.0,-80.0,-80.0,-80.0,-80.0,-80.0,-80.0,-80.0,-80.0,-80.0,-80.0,-80.0,-80.0,-80.0,-80.0,-80.0,-80.0,-80.0,-80.0,-80.0,-80.0,-80.0,-80.0,-80.0,-80.0,-80.0,-80.0,-80.0,-80.0,-80.0,-80.0,-80.0,-80.0,-80.0,-80.0,-80.0,-80.0,-80.0,-80.0,-80.0,-80.0,-80.0,-80.0,-80.0,-80.0,-80.0,-80.0,-80.0,-80.0,-80.0,-80.0,-80.0,-80.0,-80.0,-80.0,-80.0,-80.0,-80.0,-80.0,-80.0,-80.0,-80.0,-80.0,-80.0,-80.0,-80.0,-80.0,-80.0,-80.0,-80.0,-80.0,-80.0,-80.0,-80.0,-80.0,-80.0,-80.0,-80.0,-80.0,-80.0,-80.0,-80.0,-80.0,-80.0,-80.0,-80.0,-80.0,-80.0,-80.0,-80.0,-80.0,-80.0,-80.0,-80.0,-80.0,-80.0,-80.0,-80.0,-80.0,-80.0,-80.0,-80.0,-80.0,-80.0,-80.0,-80.0,-80.0,-80.0,-80.0,-80.0,-80.0,-80.0,-80.0,-80.0,-80.0,-80.0,-80.0,-80.0,-80.0,-80.0,-80.0,-80.0,-80.0,-80.0,-80.0,-80.0,-80.0,-80.0,-80.0,-80.0,-80.0,-80.0,-80.0,-80.0,-80.0,-80.0,-80.0,-80.0,-80.0,-80.0,-80.0,-80.0,-80.0,-80.0,-80.0,-80.0,-80.0,-80.0,-80.0,-80.0,-80.0,-80.0,-80.0,-80.0,-80.0,-80.0,-80.0,-80.0,-80.0,-80.0,-80.0,-80.0,-80.0,-80.0,-80.0,-80.0,-80.0,-80.0,-80.0,-80.0,-80.0,-80.0,-80.0,-80.0,-80.0,-80.0,-80.0,-80.0,-80.0,-80.0,-80.0,-80.0,-80.0,-80.0,-80.0,-80.0,-80.0,-80.0,-80.0,-80.0,-80.0,-80.0,-80.0,-80.0,-80.0,-80.0,-80.0,-80.0,-80.0,-80.0,-80.0,-80.0,-80.0,-80.0,-80.0,-80.0,-80.0,-80.0,-80.0,-80.0,-80.0,-80.0,-80.0,-80.0,-80.0,-80.0,-80.0,-80.0,-80.0,-80.0,-80.0,-80.0,-80.0,-80.0,-80.0,-80.0,-80.0,-80.0,-80.0,-80.0
-55.85286,-49.499306,-53.891335,-61.31765,-62.03425,-60.867363,-57.978397,-55.621742,-57.12326,-60.647297,-63.83898,-63.386482,-66.39968,-63.360683,-62.256264,-63.262276,-66.5057,-66.68916,-66.3575,-64.45409,-63.378174,-63.81247,-60.61999,-61.44606,-66.91541,-71.92659,-72.03935,-71.64755,-68.51553,-67.77582,-75.05075,-71.09384,-67.39522,-67.458275,-68.96612,-69.06685,-72.94743,-74.43977,-69.529175,-68.56453,-73.085754,-71.72745,-72.964264,-70.60426,-69.75266,-72.16191,-71.30436,-74.11125,-73.02255,-74.15112,-73.35664,-72.599014,-71.682106,-73.76391,-79.15256,-80.0,-80.0,-78.239426,-76.12288,-75.408325,-79.08748,-78.04959,-80.0,-80.0,-77.23628,-75.92743,-79.74202,-80.0,-80.0,-80.0,-80.0,-80.0,-80.0,-79.90861,-80.0,-80.0,-80.0,-80.0,-80.0,-80.0,-80.0,-80.0,-80.0,-80.0,-80.0,-80.0,-80.0,-80.0,-80.0,-69.35547,-60.148907,-54.49723,-52.113297,-54.37321,-57.40348,-55.887054,-51.053017,-55.853844,-62.732014,-61.374207,-63.19619,-64.57861,-62.753487,-59.57882,-56.5457,-59.932446,-64.21975,-66.285416,-64.244446,-63.13597,-64.03913,-71.124084,-77.44098,-72.596085,-70.00076,-71.37337,-69.47771,-76.11969,-80.0,-80.0,-70.2541,-67.42565,-74.0639,-75.086334,-73.204,-72.6284,-77.975494,-78.49863,-75.88425,-73.97221,-74.54613,-74.30193,-74.277695,-73.43718,-77.53473,-78.77399,-77.44149,-78.54918,-78.15321,-77.72883,-78.09032,-74.67612,-75.855255,-80.0,-80.0,-80.0,-77.119095,-76.30614,-76.023964,-74.64157,-75.00502,-80.0,-80.0,-80.0,-79.4871,-78.80403,-80.0,-80.0,-80.0,-79.769424,-80.0,-80.0,-80.0,-80.0,-80.0,-80.0,-80.0,-80.0,-80.0,-80.0,-80.0,-80.0,-80.0,-80.0,-80.0,-80.0,-80.0,-80.0,-80.0,-80.0,-80.0,-80.0,-80.0,-80.0,-80.0,-80.0,-80.0,-80.0,-80.0,-80.0,-80.0,-80.0,-80.0,-80.0,-80.0,-80.0,-80.0,-80.0,-80.0,-80.0,-80.0,-80.0,-80.0,-80.0,-80.0,-80.0,-80.0,-80.0,-80.0,-80.0,-80.0,-80.0,-80.0,-80.0,-80.0,-80.0,-80.0,-80.0,-80.0,-80.0,-80.0,-80.0,-80.0,-80.0,-80.0,-80.0,-80.0,-80.0,-80.0,-80.0,-80.0,-80.0,-80.0,-80.0,-80.0,-80.0,-80.0,-80.0,-80.0,-80.0,-80.0,-80.0,-80.0,-80.0,-80.0,-80.0,-80.0,-80.0,-80.0,-80.0,-80.0,-80.0,-80.0,-80.0,-80.0,-80.0,-80.0,-80.0,-80.0,-80.0,-80.0,-80.0,-80.0,-80.0,-80.0,-80.0,-80.0,-80.0,-80.0,-80.0,-80.0,-80.0,-80.0,-80.0,-80.0,-80.0,-80.0,-80.0,-80.0,-80.0,-80.0,-80.0,-80.0,-80.0,-80.0,-80.0,-80.0,-80.0,-80.0,-80.0,-80.0,-80.0,-80.0,-80.0,-80.0,-80.0,-80.0,-80.0,-80.0,-80.0,-80.0,-80.0,-80.0,-80.0,-80.0,-80.0,-80.0,-80.0,-80.0,-80.0,-80.0,-80.0,-80.0,-80.0,-80.0,-80.0,-80.0,-80.0,-80.0,-80.0,-80.0,-80.0,-80.0,-80.0,-80.0,-80.0,-80.0,-80.0,-80.0,-80.0,-80.0,-80.0,-80.0,-80.0,-80.0,-80.0,-80.0,-80.0,-80.0,-80.0,-80.0,-80.0,-80.0,-80.0,-80.0,-80.0,-80.0,-80.0,-80.0,-80.0,-80.0,-80.0,-80.0,-80.0,-80.0,-80.0,-80.0,-80.0,-80.0,-80.0,-80.0,-80.0,-80.0,-80.0,-80.0,-80.0,-80.0,-80.0,-80.0,-80.0,-80.0,-80.0,-80.0,-80.0,-80.0,-80.0,-80.0,-80.0,-80.0,-80.0,-80.0,-80.0,-80.0,-80.0,-80.0,-80.0,-80.0,-80.0,-80.0,-80.0,-80.0,-80.0,-80.0,-80.0,-80.0,-80.0,-80.0,-80.0,-80.0,-80.0,-80.0,-80.0,-80.0,-80.0,-80.0,-80.0,-80.0,-80.0,-80.0,-80.0,-80.0,-80.0,-80.0
-49.42697,-48.95918,-56.37661,-58.148643,-55.986885,-55.304947,-59.95897,-62.098965,-63.74871,-61.777985,-63.58648,-64.325966,-63.37243,-61.478943,-66.23094,-68.80792,-67.71983,-65.55997,-70.20479,-68.28775,-66.17987,-67.492905,-69.483765,-70.43523,-74.44371,-75.07088,-69.9403,-69.11827,-73.75249,-72.51083,-77.0654,-70.80777,-70.37297,-71.903534,-72.59773,-72.99766,-76.42006,-77.19742,-76.51521,-73.53116,-74.066986,-71.39393,-72.72414,-74.43045,-76.53432,-76.71979,-74.94351,-76.53395,-79.34671,-79.71182,-72.92275,-76.130684,-75.81311,-75.64465,-79.46562,-80.0,-78.885735,-78.752525,-76.2941,-80.0,-80.0,-80.0,-80.0,-80.0,-80.0,-80.0,-80.0,-80.0,-80.0,-80.0,-80.0,-80.0,-80.0,-80.0,-80.0,-80.0,-80.0,-80.0,-80.0,-80.0,-80.0,-80.0,-80.0,-80.0,-80.0,-80.0,-80.0,-80.0,-80.0,-68.170204,-59.129013,-58.728607,-53.75625,-54.239914,-61.126198,-55.396152,-51.198833,-53.92284,-61.769867,-63.50569,-62.44045,-67.03551,-70.70679,-63.785587,-60.536285,-62.129196,-66.89775,-66.457245,-67.55182,-62.784588,-64.154205,-71.75122,-71.59946,-72.96001,-71.96239,-66.97457,-67.28517,-71.55301,-74.45723,-72.72983,-72.818054,-73.38866,-72.61496,-74.481125,-74.46209,-72.71045,-74.504974,-73.95915,-73.84838,-73.36033,-73.86397,-73.778595,-79.3916,-80.0,-78.5845,-79.06802,-78.189865,-79.95219,-80.0,-77.43439,-80.0,-80.0,-80.0,-79.99489,-79.40365,-76.94867,-78.82956,-80.0,-80.0,-78.42505,-80.0,-80.0,-80.0,-80.0,-80.0,-80.0,-80.0,-80.0,-80.0,-80.0,-80.0,-80.0,-80.0,-80.0,-80.0,-80.0,-80.0,-80.0,-80.0,-80.0,-80.0,-80.0,-80.0,-80.0,-80.0,-80.0,-80.0,-80.0,-80.0,-80.0,-80.0,-80.0,-80.0,-80.0,-80.0,-80.0,-80.0,-80.0,-80.0,-80.0,-80.0,-80.0,-80.0,-80.0,-80.0,-80.0,-80.0,-80.0,-80.0,-80.0,-80.0,-80.0,-80.0,-80.0,-80.0,-80.0,-80.0,-80.0,-80.0,-80.0,-80.0,-80.0,-80.0,-80.0,-80.0,-80.0,-80.0,-80.0,-80.0,-80.0,-80.0,-80.0,-80.0,-80.0,-80.0,-80.0,-80.0,-80.0,-80.0,-80.0,-80.0,-80.0,-80.0,-80.0,-80.0,-80.0,-80.0,-80.0,-80.0,-80.0,-80.0,-80.0,-80.0,-80.0,-80.0,-80.0,-80.0,-80.0,-80.0,-80.0,-80.0,-80.0,-80.0,-80.0,-80.0,-80.0,-80.0,-80.0,-80.0,-80.0,-80.0,-80.0,-80.0,-80.0,-80.0,-80.0,-80.0,-80.0,-80.0,-80.0,-80.0,-80.0,-80.0,-80.0,-80.0,-80.0,-80.0,-80.0,-80.0,-80.0,-80.0,-80.0,-80.0,-80.0,-80.0,-80.0,-80.0,-80.0,-80.0,-80.0,-80.0,-80.0,-80.0,-80.0,-80.0,-80.0,-80.0,-80.0,-80.0,-80.0,-80.0,-80.0,-80.0,-80.0,-80.0,-80.0,-80.0,-80.0,-80.0,-80.0,-80.0,-80.0,-80.0,-80.0,-80.0,-80.0,-80.0,-80.0,-80.0,-80.0,-80.0,-80.0,-80.0,-80.0,-80.0,-80.0,-80.0,-80.0,-80.0,-80.0,-80.0,-80.0,-80.0,-80.0,-80.0,-80.0,-80.0,-80.0,-80.0,-80.0,-80.0,-80.0,-80.0,-80.0,-80.0,-80.0,-80.0,-80.0,-80.0,-80.0,-80.0,-80.0,-80.0,-80.0,-80.0,-80.0,-80.0,-80.0,-80.0,-80.0,-80.0,-80.0,-80.0,-80.0,-80.0,-80.0,-80.0,-80.0,-80.0,-80.0,-80.0,-80.0,-80.0,-80.0,-80.0,-80.0,-80.0,-80.0,-80.0,-80.0,-80.0,-80.0,-80.0,-80.0,-80.0,-80.0,-80.0,-80.0,-80.0,-80.0,-80.0,-80.0,-80.0,-80.0,-80.0,-80.0,-80.0,-80.0,-80.0,-80.0,-80.0,-80.0,-80.0,-80.0,-80.0,-80.0,-80.0,-80.0,-80.0,-80.0,-80.0,-80.0,-80.0
-46.47243,-44.238018,-47.563984,-51.497375,-53.742634,-53.189972,-54.427666,-56.620674,-63.396538,-63.58219,-68.278656,-68.87303,-66.08158,-63.6994,-66.56801,-69.02785,-66.90062,-69.90896,-69.8414,-66.92612,-65.30592,-65.60333,-68.28223,-70.024,-69.93089,-73.262405,-75.91766,-71.511116,-70.8533,-71.84629,-71.8448,-73.09921,-72.55122,-70.521484,-69.39699,-75.36946,-80.0,-80.0,-77.127716,-75.93304,-79.68861,-73.63219,-71.07518,-73.527054,-79.632034,-78.18562,-74.14917,-77.38484,-78.67855,-77.665985,-74.79991,-76.92273,-80.0,-77.50517,-75.349976,-75.624084,-74.8008,-80.0,-80.0,-79.379684,-79.79024,-80.0,-80.0,-80.0,-80.0,-80.0,-80.0,-80.0,-80.0,-80.0,-80.0,-80.0,-80.0,-80.0,-80.0,-80.0,-80.0,-80.0,-80.0,-80.0,-80.0,-80.0,-80.0,-80.0,-80.0,-80.0,-80.0,-80.0,-80.0,-68.3564,-58.4525,-54.78717,-51.771397,-53.840668,-60.275887,-61.440025,-62.92159,-58.152596,-57.876038,-63.46334,-62.44329,-65.67847,-65.71265,-69.40442,-68.83777,-71.15491,-67.930664,-65.033844,-66.81549,-66.75345,-68.94469,-74.00509,-70.673584,-73.2702,-72.63913,-69.70851,-68.13656,-69.03389,-76.76993,-72.468796,-70.24953,-76.24344,-75.27318,-71.50206,-71.62035,-72.08763,-76.05673,-76.57909,-80.0,-80.0,-78.96488,-77.03041,-80.0,-80.0,-76.41789,-75.09018,-78.7921,-77.80095,-80.0,-80.0,-80.0,-77.739365,-77.95082,-80.0,-77.17547,-76.71501,-80.0,-80.0,-80.0,-80.0,-80.0,-80.0,-80.0,-80.0,-80.0,-80.0,-80.0,-80.0,-80.0,-80.0,-80.0,-80.0,-80.0,-80.0,-80.0,-80.0,-80.0,-80.0,-80.0,-80.0,-80.0,-80.0,-80.0,-80.0,-80.0,-80.0,-80.0,-80.0,-80.0,-80.0,-80.0,-80.0,-80.0,-80.0,-80.0,-80.0,-80.0,-80.0,-80.0,-80.0,-80.0,-80.0,-80.0,-80.0,-80.0,-80.0,-80.0,-80.0,-80.0,-80.0,-80.0,-80.0,-80.0,-80.0,-80.0,-80.0,-80.0,-80.0,-80.0,-80.0,-80.0,-80.0,-80.0,-80.0,-80.0,-80.0,-80.0,-80.0,-80.0,-80.0,-80.0,-80.0,-80.0,-80.0,-80.0,-80.0,-80.0,-80.0,-80.0,-80.0,-80.0,-80.0,-80.0,-80.0,-80.0,-80.0,-80.0,-80.0,-80.0,-80.0,-80.0,-80.0,-80.0,-80.0,-80.0,-80.0,-80.0,-80.0,-80.0,-80.0,-80.0,-80.0,-80.0,-80.0,-80.0,-80.0,-80.0,-80.0,-80.0,-80.0,-80.0,-80.0,-80.0,-80.0,-80.0,-80.0,-80.0,-80.0,-80.0,-80.0,-80.0,-80.0,-80.0,-80.0,-80.0,-80.0,-80.0,-80.0,-80.0,-80.0,-80.0,-80.0,-80.0,-80.0,-80.0,-80.0,-80.0,-80.0,-80.0,-80.0,-80.0,-80.0,-80.0,-80.0,-80.0,-80.0,-80.0,-80.0,-80.0,-80.0,-80.0,-80.0,-80.0,-80.0,-80.0,-80.0,-80.0,-80.0,-80.0,-80.0,-80.0,-80.0,-80.0,-80.0,-80.0,-80.0,-80.0,-80.0,-80.0,-80.0,-80.0,-80.0,-80.0,-80.0,-80.0,-80.0,-80.0,-80.0,-80.0,-80.0,-80.0,-80.0,-80.0,-80.0,-80.0,-80.0,-80.0,-80.0,-80.0,-80.0,-80.0,-80.0,-80.0,-80.0,-80.0,-80.0,-80.0,-80.0,-80.0,-80.0,-80.0,-80.0,-80.0,-80.0,-80.0,-80.0,-80.0,-80.0,-80.0,-80.0,-80.0,-80.0,-80.0,-80.0,-80.0,-80.0,-80.0,-80.0,-80.0,-80.0,-80.0,-80.0,-80.0,-80.0,-80.0,-80.0,-80.0,-80.0,-80.0,-80.0,-80.0,-80.0,-80.0,-80.0,-80.0,-80.0,-80.0,-80.0,-80.0,-80.0,-80.0,-80.0,-80.0,-80.0,-80.0,-80.0,-80.0,-80.0,-80.0,-80.0,-80.0,-80.0,-80.0,-80.0,-80.0,-80.0,-80.0,-80.0,-80.0,-80.0,-80.0,-80.0,-80.0
-49.47699,-44.443474,-48.06452,-53.008007,-53.204292,-56.28492,-60.397114,-61.219574,-63.993935,-64.74654,-65.91386,-66.22423,-69.20961,-66.162796,-66.8955,-69.38548,-67.426865,-70.53614,-69.052444,-70.001526,-68.707855,-68.315186,-70.364204,-72.686035,-69.17209,-73.90168,-74.993576,-73.64011,-75.65068,-74.43021,-73.07347,-77.207886,-78.65524,-75.18191,-75.06819,-75.61163,-75.36165,-79.25757,-80.0,-80.0,-80.0,-77.636345,-75.27562,-79.20531,-80.0,-80.0,-80.0,-78.1938,-79.07321,-76.72754,-76.2083,-80.0,-80.0,-80.0,-79.47872,-78.03914,-78.69707,-80.0,-80.0,-80.0,-79.32276,-80.0,-80.0,-80.0,-80.0,-80.0,-80.0,-80.0,-80.0,-80.0,-80.0,-80.0,-80.0,-80.0,-80.0,-80.0,-80.0,-80.0,-80.0,-80.0,-80.0,-80.0,-80.0,-80.0,-80.0,-80.0,-80.0,-80.0,-80.0,-68.440796,-56.683716,-53.50466,-52.427032,-53.2134,-55.641052,-58.502472,-58.040005,-58.37036,-60.61467,-65.466125,-64.899414,-66.98015,-64.454544,-65.68504,-62.51667,-64.83018,-69.22443,-65.8394,-63.96443,-67.546326,-64.32037,-66.39795,-65.517075,-67.0949,-68.35426,-71.05786,-68.43213,-72.53552,-77.67708,-74.055595,-71.51266,-70.606155,-71.458496,-74.83189,-75.605225,-77.68295,-74.28038,-75.06313,-79.177,-77.88977,-76.330154,-77.40076,-78.818634,-77.97463,-76.790474,-78.55237,-80.0,-77.22267,-76.27646,-78.56581,-78.83916,-78.21173,-80.0,-80.0,-79.23152,-76.45214,-79.98582,-80.0,-80.0,-80.0,-80.0,-80.0,-80.0,-80.0,-80.0,-80.0,-80.0,-80.0,-80.0,-80.0,-80.0,-80.0,-80.0,-80.0,-80.0,-80.0,-80.0,-80.0,-80.0,-80.0,-80.0,-80.0,-80.0,-80.0,-80.0,-80.0,-80.0,-80.0,-80.0,-80.0,-80.0,-80.0,-80.0,-80.0,-80.0,-80.0,-80.0,-80.0,-80.0,-80.0,-80.0,-80.0,-80.0,-80.0,-80.0,-80.0,-80.0,-80.0,-80.0,-80.0,-80.0,-80.0,-80.0,-80.0,-80.0,-80.0,-80.0,-80.0,-80.0,-80.0,-80.0,-80.0,-80.0,-80.0,-80.0,-80.0,-80.0,-80.0,-80.0,-80.0,-80.0,-80.0,-80.0,-80.0,-80.0,-80.0,-80.0,-80.0,-80.0,-80.0,-80.0,-80.0,-80.0,-80.0,-80.0,-80.0,-80.0,-80.0,-80.0,-80.0,-80.0,-80.0,-80.0,-80.0,-80.0,-80.0,-80.0,-80.0,-80.0,-80.0,-80.0,-80.0,-80.0,-80.0,-80.0,-80.0,-80.0,-80.0,-80.0,-80.0,-80.0,-80.0,-80.0,-80.0,-80.0,-80.0,-80.0,-80.0,-80.0,-80.0,-80.0,-80.0,-80.0,-80.0,-80.0,-80.0,-80.0,-80.0,-80.0,-80.0,-80.0,-80.0,-80.0,-80.0,-80.0,-80.0,-80.0,-80.0,-80.0,-80.0,-80.0,-80.0,-80.0,-80.0,-80.0,-80.0,-80.0,-80.0,-80.0,-80.0,-80.0,-80.0,-80.0,-80.0,-80.0,-80.0,-80.0,-80.0,-80.0,-80.0,-80.0,-80.0,-80.0,-80.0,-80.0,-80.0,-80.0,-80.0,-80.0,-80.0,-80.0,-80.0,-80.0,-80.0,-80.0,-80.0,-80.0,-80.0,-80.0,-80.0,-80.0,-80.0,-80.0,-80.0,-80.0,-80.0,-80.0,-80.0,-80.0,-80.0,-80.0,-80.0,-80.0,-80.0,-80.0,-80.0,-80.0,-80.0,-80.0,-80.0,-80.0,-80.0,-80.0,-80.0,-80.0,-80.0,-80.0,-80.0,-80.0,-80.0,-80.0,-80.0,-80.0,-80.0,-80.0,-80.0,-80.0,-80.0,-80.0,-80.0,-80.0,-80.0,-80.0,-80.0,-80.0,-80.0,-80.0,-80.0,-80.0,-80.0,-80.0,-80.0,-80.0,-80.0,-80.0,-80.0,-80.0,-80.0,-80.0,-80.0,-80.0,-80.0,-80.0,-80.0,-80.0,-80.0,-80.0,-80.0,-80.0,-80.0,-80.0,-80.0,-80.0,-80.0,-80.0,-80.0,-80.0,-80.0,-80.0,-80.0,-80.0,-80.0,-80.0
-53.055305,-45.572063,-46.21094,-55.77591,-57.806015,-57.11022,-57.636925,-59.516445,-58.005978,-62.440002,-61.36251,-64.3082,-68.94287,-66.79047,-68.239655,-67.24753,-62.11056,-63.33782,-71.43511,-68.90425,-66.41727,-69.097755,-68.94092,-65.94443,-66.19095,-68.732834,-71.545975,-73.90748,-73.70894,-69.96014,-69.86969,-71.88935,-73.613785,-72.83199,-75.23233,-73.84144,-72.08783,-75.6615,-80.0,-78.82155,-80.0,-77.896515,-73.975845,-76.44641,-78.64132,-77.661255,-74.533295,-78.005,-78.15325,-74.67796,-75.969955,-80.0,-79.74327,-76.16978,-78.70152,-80.0,-80.0,-80.0,-80.0,-80.0,-80.0,-80.0,-80.0,-80.0,-80.0,-80.0,-78.60118,-77.18564,-80.0,-80.0,-80.0,-80.0,-80.0,-80.0,-80.0,-80.0,-80.0,-80.0,-80.0,-80.0,-80.0,-80.0,-80.0,-80.0,-80.0,-80.0,-80.0,-80.0,-80.0,-69.87548,-58.730232,-56.775833,-53.63985,-51.66535,-55.759026,-59.700157,-59.55304,-57.69233,-60.947594,-64.85952,-62.4447,-64.206604,-68.690506,-67.35423,-61.085953,-63.353943,-67.27994,-67.15343,-63.977406,-65.40166,-68.01395,-69.46721,-68.77716,-70.537415,-70.57886,-69.12752,-70.13364,-74.10052,-75.10625,-75.535736,-72.50148,-68.99606,-69.14076,-77.291534,-75.50983,-75.51193,-76.47781,-74.9478,-73.622665,-72.0621,-75.73543,-79.14509,-80.0,-79.0945,-78.60537,-78.477875,-80.0,-79.979904,-75.470535,-74.26747,-73.663376,-76.75426,-80.0,-80.0,-80.0,-77.30652,-80.0,-80.0,-79.377426,-80.0,-80.0,-80.0,-80.0,-80.0,-80.0,-80.0,-80.0,-80.0,-80.0,-80.0,-80.0,-80.0,-80.0,-80.0,-80.0,-80.0,-80.0,-80.0,-80.0,-80.0,-80.0,-80.0,-80.0,-80.0,-80.0,-80.0,-80.0,-80.0,-80.0,-80.0,-80.0,-80.0,-80.0,-80.0,-80.0,-80.0,-80.0,-80.0,-80.0,-80.0,-80.0,-80.0,-80.0,-80.0,-80.0,-80.0,-80.0,-80.0,-80.0,-80.0,-80.0,-80.0,-80.0,-80.0,-80.0,-80.0,-80.0,-80.0,-80.0,-80.0,-80.0,-80.0,-80.0,-80.0,-80.0,-80.0,-80.0,-80.0,-80.0,-80.0,-80.0,-80.0,-80.0,-80.0,-80.0,-80.0,-80.0,-80.0,-80.0,-80.0,-80.0,-80.0,-80.0,-80.0,-80.0,-80.0,-80.0,-80.0,-80.0,-80.0,-80.0,-80.0,-80.0,-80.0,-80.0,-80.0,-80.0,-80.0,-80.0,-80.0,-80.0,-80.0,-80.0,-80.0,-80.0,-80.0,-80.0,-80.0,-80.0,-80.0,-80.0,-80.0,-80.0,-80.0,-80.0,-80.0,-80.0,-80.0,-80.0,-80.0,-80.0,-80.0,-80.0,-80.0,-80.0,-80.0,-80.0,-80.0,-80.0,-80.0,-80.0,-80.0,-80.0,-80.0,-80.0,-80.0,-80.0,-80.0,-80.0,-80.0,-80.0,-80.0,-80.0,-80.0,-80.0,-80.0,-80.0,-80.0,-80.0,-80.0,-80.0,-80.0,-80.0,-80.0,-80.0,-80.0,-80.0,-80.0,-80.0,-80.0,-80.0,-80.0,-80.0,-80.0,-80.0,-80.0,-80.0,-80.0,-80.0,-80.0,-80.0,-80.0,-80.0,-80.0,-80.0,-80.0,-80.0,-80.0,-80.0,-80.0,-80.0,-80.0,-80.0,-80.0,-80.0,-80.0,-80.0,-80.0,-80.0,-80.0,-80.0,-80.0,-80.0,-80.0,-80.0,-80.0,-80.0,-80.0,-80.0,-80.0,-80.0,-80.0,-80.0,-80.0,-80.0,-80.0,-80.0,-80.0,-80.0,-80.0,-80.0,-80.0,-80.0,-80.0,-80.0,-80.0,-80.0,-80.0,-80.0,-80.0,-80.0,-80.0,-80.0,-80.0,-80.0,-80.0,-80.0,-80.0,-80.0,-80.0,-80.0,-80.0,-80.0,-80.0,-80.0,-80.0,-80.0,-80.0,-80.0,-80.0,-80.0,-80.0,-80.0,-80.0,-80.0,-80.0,-80.0,-80.0,-80.0,-80.0,-80.0,-80.0,-80.0,-80.0,-80.0,-80.0,-80.0,-80.0,-80.0,-80.0,-80.0,-80.0,-80.0
-48.51407,-42.561893,-44.948853,-57.978725,-61.330345,-60.374397,-60.9685,-61.67309,-57.658463,-60.46119,-58.415993,-58.16158,-63.3877,-66.38121,-75.89307,-73.66772,-66.91914,-65.6525,-70.33606,-69.19652,-66.08647,-66.1702,-66.48591,-68.44125,-65.97981,-66.53702,-73.74269,-72.66749,-66.27431,-65.17528,-70.538826,-76.690506,-77.88066,-70.5563,-69.01497,-70.421455,-72.532974,-70.551926,-76.12805,-74.94719,-71.588684,-72.91691,-72.98223,-73.958694,-74.86821,-74.85649,-71.27547,-75.04248,-75.9396,-77.31589,-80.0,-80.0,-76.29398,-77.808136,-80.0,-80.0,-80.0,-80.0,-80.0,-80.0,-80.0,-80.0,-80.0,-80.0,-80.0,-79.22883,-75.96651,-77.15309,-78.023346,-80.0,-80.0,-80.0,-80.0,-80.0,-80.0,-80.0,-80.0,-80.0,-80.0,-80.0,-80.0,-80.0,-80.0,-80.0,-80.0,-80.0,-80.0,-80.0,-80.0,-69.327255,-56.04588,-52.51725,-49.15277,-51.102814,-54.178032,-58.603024,-57.302204,-54.19751,-58.423668,-60.663635,-62.9965,-60.984215,-66.30542,-63.16648,-60.27266,-60.734337,-62.85193,-63.57229,-67.414246,-66.216385,-65.37346,-67.35609,-69.023224,-73.34311,-74.038925,-70.53517,-70.94582,-65.83717,-66.67737,-74.59349,-67.2574,-67.20294,-72.43669,-72.88568,-73.98685,-78.28299,-75.923775,-73.47908,-72.31705,-69.53986,-69.93554,-72.976425,-75.31242,-80.0,-80.0,-79.46028,-80.0,-80.0,-78.117645,-73.66732,-74.322266,-77.5564,-79.454575,-78.392624,-78.9424,-79.70418,-80.0,-78.38422,-77.42631,-78.385086,-80.0,-80.0,-80.0,-80.0,-80.0,-80.0,-80.0,-80.0,-80.0,-80.0,-80.0,-80.0,-80.0,-80.0,-80.0,-80.0,-80.0,-80.0,-80.0,-80.0,-80.0,-80.0,-80.0,-80.0,-80.0,-80.0,-80.0,-80.0,-80.0,-80.0,-80.0,-80.0,-80.0,-80.0,-80.0,-80.0,-80.0,-80.0,-80.0,-80.0,-80.0,-80.0,-80.0,-80.0,-80.0,-80.0,-80.0,-80.0,-80.0,-80.0,-80.0,-80.0,-80.0,-80.0,-80.0,-80.0,-80.0,-80.0,-80.0,-80.0,-80.0,-80.0,-80.0,-80.0,-80.0,-80.0,-80.0,-80.0,-80.0,-80.0,-80.0,-80.0,-80.0,-80.0,-80.0,-80.0,-80.0,-80.0,-80.0,-80.0,-80.0,-80.0,-80.0,-80.0,-80.0,-80.0,-80.0,-80.0,-80.0,-80.0,-80.0,-80.0,-80.0,-80.0,-80.0,-80.0,-80.0,-80.0,-80.0,-80.0,-80.0,-80.0,-80.0,-80.0,-80.0,-80.0,-80.0,-80.0,-80.0,-80.0,-80.0,-80.0,-80.0,-80.0,-80.0,-80.0,-80.0,-80.0,-80.0,-80.0,-80.0,-80.0,-80.0,-80.0,-80.0,-80.0,-80.0,-80.0,-80.0,-80.0,-80.0,-80.0,-80.0,-80.0,-80.0,-80.0,-80.0,-80.0,-80.0,-80.0,-80.0,-80.0,-80.0,-80.0,-80.0,-80.0,-80.0,-80.0,-80.0,-80.0,-80.0,-80.0,-80.0,-80.0,-80.0,-80.0,-80.0,-80.0,-80.0,-80.0,-80.0,-80.0,-80.0,-80.0,-80.0,-80.0,-80.0,-80.0,-80.0,-80.0,-80.0,-80.0,-80.0,-80.0,-80.0,-80.0,-80.0,-80.0,-80.0,-80.0,-80.0,-80.0,-80.0,-80.0,-80.0,-80.0,-80.0,-80.0,-80.0,-80.0,-80.0,-80.0,-80.0,-80.0,-80.0,-80.0,-80.0,-80.0,-80.0,-80.0,-80.0,-80.0,-80.0,-80.0,-80.0,-80.0,-80.0,-80.0,-80.0,-80.0,-80.0,-80.0,-80.0,-80.0,-80.0,-80.0,-80.0,-80.0,-80.0,-80.0,-80.0,-80.0,-80.0,-80.0,-80.0,-80.0,-80.0,-80.0,-80.0,-80.0,-80.0,-80.0,-80.0,-80.0,-80.0,-80.0,-80.0,-80.0,-80.0,-80.0,-80.0,-80.0,-80.0,-80.0,-80.0,-80.0,-80.0,-80.0,-80.0,-80.0,-80.0,-80.0,-80.0,-80.0,-80.0,-80.0,-80.0,-80.0,-80.0,-80.0,-80.0,-80.0,-80.0
-50.98089,-46.652893,-50.07153,-59.43485,-56.626595,-58.197495,-60.63347,-62.537083,-66.81171,-62.86392,-62.449066,-63.556435,-64.58629,-64.10019,-69.85832,-69.26201,-69.234245,-70.87912,-70.98511,-68.61691,-65.05605,-65.47049,-64.5891,-67.33096,-67.852295,-64.155975,-70.60509,-70.841705,-67.732414,-65.91534,-68.62105,-73.93092,-77.866714,-71.80499,-71.4411,-69.89581,-71.95859,-70.33121,-74.45891,-73.90723,-69.819214,-75.55203,-77.131004,-74.69226,-73.90331,-72.61742,-74.898796,-75.8705,-76.6991,-79.23783,-77.33411,-76.48066,-75.38095,-74.9086,-78.246826,-78.80667,-78.49038,-78.2313,-75.48767,-79.86237,-80.0,-80.0,-80.0,-80.0,-80.0,-80.0,-80.0,-80.0,-80.0,-80.0,-80.0,-80.0,-80.0,-80.0,-80.0,-80.0,-80.0,-80.0,-80.0,-80.0,-80.0,-80.0,-80.0,-80.0,-80.0,-80.0,-80.0,-80.0,-80.0,-67.25235,-55.127785,-49.14043,-44.929375,-46.99005,-53.065117,-57.674133,-58.521378,-54.932297,-59.425636,-63.9636,-65.92229,-63.72518,-64.9064,-64.91371,-64.87242,-68.460724,-69.60719,-70.51858,-67.38014,-65.5187,-63.06089,-66.59947,-67.265175,-68.30321,-70.187584,-68.499176,-66.51287,-64.77532,-65.986404,-70.411194,-68.94825,-69.00604,-77.479355,-70.59279,-71.985054,-80.0,-77.71053,-71.563446,-70.79947,-73.46608,-72.23621,-72.31062,-71.60868,-77.21924,-79.27788,-78.81685,-78.81322,-77.025986,-77.46233,-80.0,-77.11841,-77.150635,-79.65907,-76.65556,-77.14528,-80.0,-80.0,-76.646835,-77.26596,-78.45235,-80.0,-80.0,-80.0,-80.0,-80.0,-80.0,-80.0,-80.0,-80.0,-80.0,-80.0,-80.0,-80.0,-80.0,-80.0,-80.0,-80.0,-80.0,-80.0,-80.0,-80.0,-80.0,-80.0,-80.0,-80.0,-80.0,-80.0,-80.0,-80.0,-80.0,-80.0,-80.0,-80.0,-80.0,-80.0,-80.0,-80.0,-80.0,-80.0,-80.0,-80.0,-80.0,-80.0,-80.0,-80.0,-80.0,-80.0,-80.0,-80.0,-80.0,-80.0,-80.0,-80.0,-80.0,-80.0,-80.0,-80.0,-80.0,-80.0,-80.0,-80.0,-80.0,-80.0,-80.0,-80.0,-80.0,-80.0,-80.0,-80.0,-80.0,-80.0,-80.0,-80.0,-80.0,-80.0,-80.0,-80.0,-80.0,-80.0,-80.0,-80.0,-80.0,-80.0,-80.0,-80.0,-80.0,-80.0,-80.0,-80.0,-80.0,-80.0,-80.0,-80.0,-80.0,-80.0,-80.0,-80.0,-80.0,-80.0,-80.0,-80.0,-80.0,-80.0,-80.0,-80.0,-80.0,-80.0,-80.0,-80.0,-80.0,-80.0,-80.0,-80.0,-80.0,-80.0,-80.0,-80.0,-80.0,-80.0,-80.0,-80.0,-80.0,-80.0,-80.0,-80.0,-80.0,-80.0,-80.0,-80.0,-80.0,-80.0,-80.0,-80.0,-80.0,-80.0,-80.0,-80.0,-80.0,-80.0,-80.0,-80.0,-80.0,-80.0,-80.0,-80.0,-80.0,-80.0,-80.0,-80.0,-80.0,-80.0,-80.0,-80.0,-80.0,-80.0,-80.0,-80.0,-80.0,-80.0,-80.0,-80.0,-80.0,-80.0,-80.0,-80.0,-80.0,-80.0,-80.0,-80.0,-80.0,-80.0,-80.0,-80.0,-80.0,-80.0,-80.0,-80.0,-80.0,-80.0,-80.0,-80.0,-80.0,-80.0,-80.0,-80.0,-80.0,-80.0,-80.0,-80.0,-80.0,-80.0,-80.0,-80.0,-80.0,-80.0,-80.0,-80.0,-80.0,-80.0,-80.0,-80.0,-80.0,-80.0,-80.0,-80.0,-80.0,-80.0,-80.0,-80.0,-80.0,-80.0,-80.0,-80.0,-80.0,-80.0,-80.0,-80.0,-80.0,-80.0,-80.0,-80.0,-80.0,-80.0,-80.0,-80.0,-80.0,-80.0,-80.0,-80.0,-80.0,-80.0,-80.0,-80.0,-80.0,-80.0,-80.0,-80.0,-80.0,-80.0,-80.0,-80.0,-80.0,-80.0,-80.0,-80.0,-80.0,-80.0,-80.0,-80.0,-80.0,-80.0,-80.0,-80.0,-80.0,-80.0,-80.0,-80.0,-80.0,-80.0,-80.0,-80.0,-80.0,-80.0
-51.155262,-50.79531,-54.24983,-55.82347,-56.812424,-60.54173,-59.342934,-61.396103,-62.056755,-59.312714,-60.875313,-62.55881,-63.93309,-63.801266,-63.689125,-64.20786,-66.213776,-67.5983,-67.5957,-66.329155,-63.771133,-65.35508,-65.3018,-67.34501,-65.97948,-64.48008,-69.336174,-68.79039,-70.11571,-71.54413,-70.241425,-72.76758,-77.82811,-74.382965,-72.47361,-68.63163,-71.19817,-73.189835,-74.28848,-74.49886,-69.40166,-71.967834,-71.47534,-70.91858,-75.9863,-71.822716,-73.469666,-75.42345,-74.47493,-77.099915,-76.97609,-75.57535,-74.984474,-75.87517,-79.36513,-77.20035,-77.44415,-80.0,-76.784065,-76.61696,-80.0,-80.0,-80.0,-80.0,-80.0,-80.0,-80.0,-80.0,-80.0,-80.0,-80.0,-80.0,-80.0,-80.0,-80.0,-80.0,-80.0,-80.0,-80.0,-80.0,-80.0,-80.0,-80.0,-80.0,-80.0,-80.0,-80.0,-80.0,-80.0,-65.6199,-57.133347,-53.622005,-51.940327,-55.739143,-55.85879,-62.114063,-58.114643,-59.29651,-68.34407,-64.158585,-62.72765,-63.389114,-64.30478,-63.23214,-64.4246,-71.560486,-71.9494,-69.955734,-68.09909,-68.9144,-68.23329,-67.40327,-68.51312,-72.49284,-74.874756,-71.977745,-71.119705,-74.31077,-75.942535,-73.12698,-73.67026,-78.25224,-78.92491,-71.274124,-73.141815,-80.0,-76.77205,-76.04376,-80.0,-75.08415,-75.079575,-74.52049,-75.31172,-74.56795,-74.49226,-80.0,-80.0,-78.110245,-80.0,-77.78836,-77.85977,-80.0,-80.0,-80.0,-78.82922,-80.0,-80.0,-80.0,-80.0,-80.0,-80.0,-80.0,-80.0,-80.0,-80.0,-80.0,-80.0,-80.0,-80.0,-80.0,-80.0,-80.0,-80.0,-80.0,-80.0,-80.0,-80.0,-80.0,-80.0,-80.0,-80.0,-80.0,-80.0,-80.0,-80.0,-80.0,-80.0,-80.0,-80.0,-80.0,-80.0,-80.0,-80.0,-80.0,-80.0,-80.0,-80.0,-80.0,-80.0,-80.0,-80.0,-80.0,-80.0,-80.0,-80.0,-80.0,-80.0,-80.0,-80.0,-80.0,-80.0,-80.0,-80.0,-80.0,-80.0,-80.0,-80.0,-80.0,-80.0,-80.0,-80.0,-80.0,-80.0,-80.0,-80.0,-80.0,-80.0,-80.0,-80.0,-80.0,-80.0,-80.0,-80.0,-80.0,-80.0,-80.0,-80.0,-80.0,-80.0,-80.0,-80.0,-80.0,-80.0,-80.0,-80.0,-80.0,-80.0,-80.0,-80.0,-80.0,-80.0,-80.0,-80.0,-80.0,-80.0,-80.0,-80.0,-80.0,-80.0,-80.0,-80.0,-80.0,-80.0,-80.0,-80.0,-80.0,-80.0,-80.0,-80.0,-80.0,-80.0,-80.0,-80.0,-80.0,-80.0,-80.0,-80.0,-80.0,-80.0,-80.0,-80.0,-80.0,-80.0,-80.0,-80.0,-80.0,-80.0,-80.0,-80.0,-80.0,-80.0,-80.0,-80.0,-80.0,-80.0,-80.0,-80.0,-80.0,-80.0,-80.0,-80.0,-80.0,-80.0,-80.0,-80.0,-80.0,-80.0,-80.0,-80.0,-80.0,-80.0,-80.0,-80.0,-80.0,-80.0,-80.0,-80.0,-80.0,-80.0,-80.0,-80.0,-80.0,-80.0,-80.0,-80.0,-80.0,-80.0,-80.0,-80.0,-80.0,-80.0,-80.0,-80.0,-80.0,-80.0,-80.0,-80.0,-80.0,-80.0,-80.0,-80.0,-80.0,-80.0,-80.0,-80.0,-80.0,-80.0,-80.0,-80.0,-80.0,-80.0,-80.0,-80.0,-80.0,-80.0,-80.0,-80.0,-80.0,-80.0,-80.0,-80.0,-80.0,-80.0,-80.0,-80.0,-80.0,-80.0,-80.0,-80.0,-80.0,-80.0,-80.0,-80.0,-80.0,-80.0,-80.0,-80.0,-80.0,-80.0,-80.0,-80.0,-80.0,-80.0,-80.0,-80.0,-80.0,-80.0,-80.0,-80.0,-80.0,-80.0,-80.0,-80.0,-80.0,-80.0,-80.0,-80.0,-80.0,-80.0,-80.0,-80.0,-80.0,-80.0,-80.0,-80.0,-80.0,-80.0,-80.0,-80.0,-80.0,-80.0,-80.0,-80.0,-80.0,-80.0,-80.0,-80.0,-80.0,-80.0,-80.0,-80.0,-80.0,-80.0
-48.15381,-44.850464,-47.40998,-50.590378,-53.8367,-61.21052,-62.264946,-60.53274,-59.401337,-56.137535,-55.14866,-60.355766,-61.716446,-62.30191,-60.696487,-60.101486,-59.19941,-62.62784,-61.863075,-65.75432,-72.69032,-70.96233,-66.37812,-61.813705,-62.72741,-61.81437,-65.24615,-65.12321,-71.61499,-72.96591,-72.68681,-75.498795,-73.27278,-70.34729,-68.53036,-68.64907,-70.737976,-68.8851,-64.82472,-67.84267,-67.7729,-70.0397,-70.697945,-67.800934,-69.74135,-71.40343,-72.88971,-72.8677,-71.965294,-76.06958,-76.583694,-80.0,-77.43187,-78.49074,-77.609146,-77.2139,-80.0,-80.0,-78.89142,-76.73711,-80.0,-80.0,-78.32574,-78.90315,-78.71576,-77.013535,-74.52107,-77.182785,-80.0,-80.0,-77.44722,-79.66841,-80.0,-80.0,-80.0,-80.0,-80.0,-80.0,-80.0,-80.0,-80.0,-80.0,-80.0,-80.0,-80.0,-80.0,-80.0,-80.0,-80.0,-66.89412,-57.45253,-58.07454,-54.78826,-54.65087,-61.28988,-64.00568,-59.68435,-56.361965,-58.6829,-57.7624,-58.953857,-61.374878,-67.658295,-64.64418,-66.59096,-68.7968,-66.15608,-66.5041,-68.70148,-76.06074,-74.26479,-74.38572,-68.59302,-66.07024,-72.37096,-71.655,-73.616684,-73.07236,-72.125435,-73.97157,-74.873505,-73.78739,-73.78876,-72.33771,-76.097946,-80.0,-78.54515,-80.0,-80.0,-77.645035,-77.09573,-74.85889,-73.90367,-76.34352,-77.30499,-79.78386,-80.0,-80.0,-80.0,-80.0,-80.0,-80.0,-80.0,-76.97986,-78.157196,-80.0,-80.0,-79.17597,-80.0,-80.0,-80.0,-80.0,-80.0,-80.0,-80.0,-80.0,-80.0,-80.0,-80.0,-80.0,-80.0,-80.0,-80.0,-80.0,-80.0,-80.0,-80.0,-80.0,-80.0,-80.0,-80.0,-80.0,-80.0,-80.0,-80.0,-80.0,-80.0,-80.0,-80.0,-80.0,-80.0,-80.0,-80.0,-80.0,-80.0,-80.0,-80.0,-80.0,-80.0,-80.0,-80.0,-80.0,-80.0,-80.0,-80.0,-80.0,-80.0,-80.0,-80.0,-80.0,-80.0,-80.0,-80.0,-80.0,-80.0,-80.0,-80.0,-80.0,-80.0,-80.0,-80.0,-80.0,-80.0,-80.0,-80.0,-80.0,-80.0,-80.0,-80.0,-80.0,-80.0,-80.0,-80.0,-80.0,-80.0,-80.0,-80.0,-80.0,-80.0,-80.0,-80.0,-80.0,-80.0,-80.0,-80.0,-80.0,-80.0,-80.0,-80.0,-80.0,-80.0,-80.0,-80.0,-80.0,-80.0,-80.0,-80.0,-80.0,-80.0,-80.0,-80.0,-80.0,-80.0,-80.0,-80.0,-80.0,-80.0,-80.0,-80.0,-80.0,-80.0,-80.0,-80.0,-80.0,-80.0,-80.0,-80.0,-80.0,-80.0,-80.0,-80.0,-80.0,-80.0,-80.0,-80.0,-80.0,-80.0,-80.0,-80.0,-80.0,-80.0,-80.0,-80.0,-80.0,-80.0,-80.0,-80.0,-80.0,-80.0,-80.0,-80.0,-80.0,-80.0,-80.0,-80.0,-80.0,-80.0,-80.0,-80.0,-80.0,-80.0,-80.0,-80.0,-80.0,-80.0,-80.0,-80.0,-80.0,-80.0,-80.0,-80.0,-80.0,-80.0,-80.0,-80.0,-80.0,-80.0,-80.0,-80.0,-80.0,-80.0,-80.0,-80.0,-80.0,-80.0,-80.0,-80.0,-80.0,-80.0,-80.0,-80.0,-80.0,-80.0,-80.0,-80.0,-80.0,-80.0,-80.0,-80.0,-80.0,-80.0,-80.0,-80.0,-80.0,-80.0,-80.0,-80.0,-80.0,-80.0,-80.0,-80.0,-80.0,-80.0,-80.0,-80.0,-80.0,-80.0,-80.0,-80.0,-80.0,-80.0,-80.0,-80.0,-80.0,-80.0,-80.0,-80.0,-80.0,-80.0,-80.0,-80.0,-80.0,-80.0,-80.0,-80.0,-80.0,-80.0,-80.0,-80.0,-80.0,-80.0,-80.0,-80.0,-80.0,-80.0,-80.0,-80.0,-80.0,-80.0,-80.0,-80.0,-80.0,-80.0,-80.0,-80.0,-80.0,-80.0,-80.0,-80.0,-80.0,-80.0,-80.0,-80.0,-80.0,-80.0,-80.0,-80.0,-80.0,-80.0,-80.0,-80.0,-80.0,-80.0
-48.922337,-44.536263,-47.15092,-53.072155,-60.940033,-61.5101,-60.97675,-59.40863,-64.486,-61.539436,-59.31695,-61.503494,-60.93078,-62.17528,-64.56933,-62.20761,-60.761856,-63.92164,-64.67195,-66.93112,-68.7263,-66.218445,-63.703255,-61.929207,-62.40834,-60.565456,-61.57797,-65.620926,-70.8976,-72.539215,-71.99858,-71.76581,-72.94365,-71.60109,-67.2221,-67.5789,-70.656235,-70.89102,-67.64758,-70.28258,-73.37826,-80.0,-80.0,-75.578636,-72.35989,-73.829384,-78.18219,-74.26754,-74.08629,-76.58694,-78.07562,-78.19675,-76.86205,-76.063705,-80.0,-78.425705,-77.20972,-78.95586,-76.178154,-75.94798,-79.48227,-80.0,-80.0,-80.0,-80.0,-80.0,-76.90459,-77.26689,-80.0,-80.0,-80.0,-80.0,-80.0,-80.0,-79.46074,-79.66399,-80.0,-80.0,-80.0,-80.0,-80.0,-80.0,-80.0,-80.0,-80.0,-80.0,-80.0,-80.0,-80.0,-72.030914,-57.68965,-51.74611,-52.633537,-53.093037,-56.26745,-61.48884,-58.10743,-55.90549,-58.265167,-59.817497,-61.959923,-63.24303,-66.75571,-64.09757,-70.85893,-70.32555,-69.46251,-67.20598,-69.73195,-75.7226,-73.04792,-69.649315,-69.143394,-67.39327,-70.052444,-70.758965,-72.56508,-70.4164,-74.21275,-76.19868,-72.33345,-72.15909,-76.36757,-78.73015,-78.50636,-76.33742,-77.71272,-79.12985,-76.507385,-77.50105,-75.37668,-76.124344,-80.0,-80.0,-80.0,-80.0,-80.0,-80.0,-80.0,-80.0,-78.39781,-77.66434,-80.0,-79.79704,-80.0,-80.0,-80.0,-80.0,-80.0,-80.0,-80.0,-80.0,-80.0,-80.0,-80.0,-80.0,-80.0,-80.0,-80.0,-80.0,-80.0,-80.0,-80.0,-80.0,-80.0,-80.0,-80.0,-80.0,-80.0,-80.0,-80.0,-80.0,-80.0,-80.0,-80.0,-80.0,-80.0,-80.0,-80.0,-80.0,-80.0,-80.0,-80.0,-80.0,-80.0,-80.0,-80.0,-80.0,-80.0,-80.0,-80.0,-80.0,-80.0,-80.0,-80.0,-80.0,-80.0,-80.0,-80.0,-80.0,-80.0,-80.0,-80.0,-80.0,-80.0,-80.0,-80.0,-80.0,-80.0,-80.0,-80.0,-80.0,-80.0,-80.0,-80.0,-80.0,-80.0,-80.0,-80.0,-80.0,-80.0,-80.0,-80.0,-80.0,-80.0,-80.0,-80.0,-80.0,-80.0,-80.0,-80.0,-80.0,-80.0,-80.0,-80.0,-80.0,-80.0,-80.0,-80.0,-80.0,-80.0,-80.0,-80.0,-80.0,-80.0,-80.0,-80.0,-80.0,-80.0,-80.0,-80.0,-80.0,-80.0,-80.0,-80.0,-80.0,-80.0,-80.0,-80.0,-80.0,-80.0,-80.0,-80.0,-80.0,-80.0,-80.0,-80.0,-80.0,-80.0,-80.0,-80.0,-80.0,-80.0,-80.0,-80.0,-80.0,-80.0,-80.0,-80.0,-80.0,-80.0,-80.0,-80.0,-80.0,-80.0,-80.0,-80.0,-80.0,-80.0,-80.0,-80.0,-80.0,-80.0,-80.0,-80.0,-80.0,-80.0,-80.0,-80.0,-80.0,-80.0,-80.0,-80.0,-80.0,-80.0,-80.0,-80.0,-80.0,-80.0,-80.0,-80.0,-80.0,-80.0,-80.0,-80.0,-80.0,-80.0,-80.0,-80.0,-80.0,-80.0,-80.0,-80.0,-80.0,-80.0,-80.0,-80.0,-80.0,-80.0,-80.0,-80.0,-80.0,-80.0,-80.0,-80.0,-80.0,-80.0,-80.0,-80.0,-80.0,-80.0,-80.0,-80.0,-80.0,-80.0,-80.0,-80.0,-80.0,-80.0,-80.0,-80.0,-80.0,-80.0,-80.0,-80.0,-80.0,-80.0,-80.0,-80.0,-80.0,-80.0,-80.0,-80.0,-80.0,-80.0,-80.0,-80.0,-80.0,-80.0,-80.0,-80.0,-80.0,-80.0,-80.0,-80.0,-80.0,-80.0,-80.0,-80.0,-80.0,-80.0,-80.0,-80.0,-80.0,-80.0,-80.0,-80.0,-80.0,-80.0,-80.0,-80.0,-80.0,-80.0,-80.0,-80.0,-80.0,-80.0,-80.0,-80.0,-80.0,-80.0,-80.0,-80.0,-80.0,-80.0,-80.0,-80.0,-80.0,-80.0,-80.0,-80.0,-80.0,-80.0
-50.646713,-50.290527,-57.949898,-59.550957,-63.956818,-64.359604,-60.138466,-62.386055,-67.8044,-64.71165,-62.321316,-65.2849,-66.93134,-65.97605,-66.11784,-72.55966,-68.43305,-70.25523,-69.579605,-68.84996,-71.37728,-68.81665,-67.96174,-67.872375,-66.78381,-64.32475,-64.482254,-66.799576,-69.14537,-71.717415,-76.19272,-79.920715,-78.27046,-75.13168,-73.57835,-73.38595,-72.8876,-75.07788,-74.82123,-75.4955,-75.19597,-77.09479,-80.0,-80.0,-80.0,-80.0,-78.85756,-79.241806,-79.098114,-79.40924,-77.88637,-76.29223,-76.97045,-76.60315,-77.61353,-77.379776,-75.507225,-80.0,-80.0,-80.0,-77.762146,-77.08472,-80.0,-80.0,-80.0,-80.0,-79.912094,-80.0,-80.0,-80.0,-80.0,-80.0,-80.0,-80.0,-80.0,-80.0,-80.0,-80.0,-80.0,-80.0,-80.0,-80.0,-80.0,-80.0,-80.0,-80.0,-80.0,-80.0,-80.0,-71.382706,-57.934853,-55.654278,-58.432133,-56.886833,-59.47723,-63.866035,-55.334087,-56.00402,-62.74311,-65.000496,-66.38469,-69.88548,-64.06937,-61.640633,-67.11994,-71.59425,-68.49396,-65.55027,-68.104126,-71.70369,-68.973694,-68.68118,-69.0047,-74.15321,-72.27803,-76.46395,-80.0,-76.83984,-74.05554,-77.28667,-71.07514,-71.81291,-78.17168,-74.82873,-73.60295,-75.86079,-75.84683,-78.55516,-80.0,-80.0,-80.0,-79.2321,-76.63315,-77.72663,-80.0,-80.0,-80.0,-80.0,-80.0,-79.980415,-76.18197,-78.77519,-80.0,-80.0,-80.0,-80.0,-80.0,-80.0,-80.0,-80.0,-80.0,-80.0,-80.0,-80.0,-80.0,-80.0,-80.0,-80.0,-80.0,-80.0,-80.0,-80.0,-80.0,-80.0,-80.0,-80.0,-80.0,-80.0,-80.0,-80.0,-80.0,-80.0,-80.0,-80.0,-80.0,-80.0,-80.0,-80.0,-80.0,-80.0,-80.0,-80.0,-80.0,-80.0,-80.0,-80.0,-80.0,-80.0,-80.0,-80.0,-80.0,-80.0,-80.0,-80.0,-80.0,-80.0,-80.0,-80.0,-80.0,-80.0,-80.0,-80.0,-80.0,-80.0,-80.0,-80.0,-80.0,-80.0,-80.0,-80.0,-80.0,-80.0,-80.0,-80.0,-80.0,-80.0,-80.0,-80.0,-80.0,-80.0,-80.0,-80.0,-80.0,-80.0,-80.0,-80.0,-80.0,-80.0,-80.0,-80.0,-80.0,-80.0,-80.0,-80.0,-80.0,-80.0,-80.0,-80.0,-80.0,-80.0,-80.0,-80.0,-80.0,-80.0,-80.0,-80.0,-80.0,-80.0,-80.0,-80.0,-80.0,-80.0,-80.0,-80.0,-80.0,-80.0,-80.0,-80.0,-80.0,-80.0,-80.0,-80.0,-80.0,-80.0,-80.0,-80.0,-80.0,-80.0,-80.0,-80.0,-80.0,-80.0,-80.0,-80.0,-80.0,-80.0,-80.0,-80.0,-80.0,-80.0,-80.0,-80.0,-80.0,-80.0,-80.0,-80.0,-80.0,-80.0,-80.0,-80.0,-80.0,-80.0,-80.0,-80.0,-80.0,-80.0,-80.0,-80.0,-80.0,-80.0,-80.0,-80.0,-80.0,-80.0,-80.0,-80.0,-80.0,-80.0,-80.0,-80.0,-80.0,-80.0,-80.0,-80.0,-80.0,-80.0,-80.0,-80.0,-80.0,-80.0,-80.0,-80.0,-80.0,-80.0,-80.0,-80.0,-80.0,-80.0,-80.0,-80.0,-80.0,-80.0,-80.0,-80.0,-80.0,-80.0,-80.0,-80.0,-80.0,-80.0,-80.0,-80.0,-80.0,-80.0,-80.0,-80.0,-80.0,-80.0,-80.0,-80.0,-80.0,-80.0,-80.0,-80.0,-80.0,-80.0,-80.0,-80.0,-80.0,-80.0,-80.0,-80.0,-80.0,-80.0,-80.0,-80.0,-80.0,-80.0,-80.0,-80.0,-80.0,-80.0,-80.0,-80.0,-80.0,-80.0,-80.0,-80.0,-80.0,-80.0,-80.0,-80.0,-80.0,-80.0,-80.0,-80.0,-80.0,-80.0,-80.0,-80.0,-80.0,-80.0,-80.0,-80.0,-80.0,-80.0,-80.0,-80.0,-80.0,-80.0,-80.0,-80.0,-80.0,-80.0,-80.0,-80.0,-80.0,-80.0,-80.0,-80.0,-80.0,-80.0,-80.0
-51.782658,-53.48593,-59.415794,-58.293823,-61.53559,-63.503002,-60.82981,-62.953693,-65.95436,-66.17252,-68.09523,-71.46224,-69.647644,-66.2663,-68.00099,-75.44026,-73.71541,-71.30591,-74.54103,-72.988174,-72.24953,-72.63347,-74.72531,-77.05365,-77.16727,-74.93349,-78.86627,-77.8497,-72.59001,-72.05311,-75.458145,-79.81057,-80.0,-77.0512,-79.507256,-80.0,-78.42711,-80.0,-78.82742,-78.5717,-79.54352,-80.0,-80.0,-78.384155,-79.78438,-80.0,-77.81549,-78.27675,-80.0,-80.0,-80.0,-80.0,-80.0,-80.0,-80.0,-80.0,-80.0,-80.0,-80.0,-80.0,-80.0,-80.0,-80.0,-80.0,-80.0,-80.0,-80.0,-80.0,-80.0,-80.0,-80.0,-80.0,-80.0,-80.0,-80.0,-80.0,-80.0,-80.0,-80.0,-80.0,-80.0,-80.0,-80.0,-80.0,-80.0,-80.0,-80.0,-80.0,-80.0,-72.375374,-60.271824,-56.58396,-57.591583,-56.811115,-62.155605,-64.67829,-63.351654,-61.97679,-63.923615,-67.240524,-68.84433,-71.1372,-68.96327,-67.14514,-67.17709,-68.05917,-70.96641,-69.65459,-67.60073,-71.263306,-71.01001,-67.26412,-70.47507,-77.29735,-77.908585,-76.732025,-78.586914,-78.29281,-76.87987,-80.0,-76.085815,-75.50954,-77.905235,-75.21746,-76.82663,-80.0,-77.09067,-75.407875,-78.42548,-80.0,-80.0,-80.0,-77.66619,-78.71532,-80.0,-80.0,-80.0,-80.0,-80.0,-80.0,-80.0,-80.0,-80.0,-80.0,-80.0,-80.0,-80.0,-80.0,-80.0,-80.0,-80.0,-80.0,-80.0,-80.0,-80.0,-80.0,-80.0,-80.0,-80.0,-80.0,-80.0,-80.0,-80.0,-80.0,-80.0,-80.0,-80.0,-80.0,-80.0,-80.0,-80.0,-80.0,-80.0,-80.0,-80.0,-80.0,-80.0,-80.0,-80.0,-80.0,-80.0,-80.0,-80.0,-80.0,-80.0,-80.0,-80.0,-80.0,-80.0,-80.0,-80.0,-80.0,-80.0,-80.0,-80.0,-80.0,-80.0,-80.0,-80.0,-80.0,-80.0,-80.0,-80.0,-80.0,-80.0,-80.0,-80.0,-80.0,-80.0,-80.0,-80.0,-80.0,-80.0,-80.0,-80.0,-80.0,-80.0,-80.0,-80.0,-80.0,-80.0,-80.0,-80.0,-80.0,-80.0,-80.0,-80.0,-80.0,-80.0,-80.0,-80.0,-80.0,-80.0,-80.0,-80.0,-80.0,-80.0,-80.0,-80.0,-80.0,-80.0,-80.0,-80.0,-80.0,-80.0,-80.0,-80.0,-80.0,-80.0,-80.0,-80.0,-80.0,-80.0,-80.0,-80.0,-80.0,-80.0,-80.0,-80.0,-80.0,-80.0,-80.0,-80.0,-80.0,-80.0,-80.0,-80.0,-80.0,-80.0,-80.0,-80.0,-80.0,-80.0,-80.0,-80.0,-80.0,-80.0,-80.0,-80.0,-80.0,-80.0,-80.0,-80.0,-80.0,-80.0,-80.0,-80.0,-80.0,-80.0,-80.0,-80.0,-80.0,-80.0,-80.0,-80.0,-80.0,-80.0,-80.0,-80.0,-80.0,-80.0,-80.0,-80.0,-80.0,-80.0,-80.0,-80.0,-80.0,-80.0,-80.0,-80.0,-80.0,-80.0,-80.0,-80.0,-80.0,-80.0,-80.0,-80.0,-80.0,-80.0,-80.0,-80.0,-80.0,-80.0,-80.0,-80.0,-80.0,-80.0,-80.0,-80.0,-80.0,-80.0,-80.0,-80.0,-80.0,-80.0,-80.0,-80.0,-80.0,-80.0,-80.0,-80.0,-80.0,-80.0,-80.0,-80.0,-80.0,-80.0,-80.0,-80.0,-80.0,-80.0,-80.0,-80.0,-80.0,-80.0,-80.0,-80.0,-80.0,-80.0,-80.0,-80.0,-80.0,-80.0,-80.0,-80.0,-80.0,-80.0,-80.0,-80.0,-80.0,-80.0,-80.0,-80.0,-80.0,-80.0,-80.0,-80.0,-80.0,-80.0,-80.0,-80.0,-80.0,-80.0,-80.0,-80.0,-80.0,-80.0,-80.0,-80.0,-80.0,-80.0,-80.0,-80.0,-80.0,-80.0,-80.0,-80.0,-80.0,-80.0,-80.0,-80.0,-80.0,-80.0,-80.0,-80.0,-80.0,-80.0,-80.0,-80.0,-80.0,-80.0
-57.898674,-57.510746,-57.819828,-60.9088,-65.00131,-64.41555,-61.605724,-65.545105,-64.15722,-63.00126,-67.39738,-68.686295,-70.36699,-71.96816,-68.69522,-69.86721,-71.65585,-72.9969,-74.715164,-70.56067,-68.65588,-69.631546,-72.43077,-74.12263,-71.691536,-67.75075,-71.784325,-76.34577,-78.11723,-75.6488,-76.89508,-80.0,-73.858734,-72.36255,-73.97431,-75.64894,-75.256516,-74.9953,-78.17413,-80.0,-77.21837,-80.0,-80.0,-76.181335,-74.36604,-73.879684,-74.86636,-78.33443,-76.73851,-75.9321,-78.04299,-80.0,-80.0,-80.0,-80.0,-80.0,-80.0,-80.0,-80.0,-80.0,-80.0,-80.0,-80.0,-80.0,-80.0,-80.0,-80.0,-80.0,-80.0,-80.0,-80.0,-80.0,-80.0,-80.0,-80.0,-80.0,-80.0,-80.0,-80.0,-80.0,-80.0,-80.0,-80.0,-80.0,-80.0,-80.0,-80.0,-80.0,-80.0,-68.31799,-55.744965,-54.712757,-60.28514,-60.213734,-59.46479,-59.29368,-59.668392,-59.486423,-65.93028,-68.91636,-62.93258,-63.526882,-65.464905,-63.55574,-62.8325,-65.41214,-70.15791,-71.37697,-68.18912,-67.979416,-69.30168,-73.96054,-80.0,-74.74318,-70.824936,-74.2619,-76.36235,-75.88048,-73.24252,-76.494026,-80.0,-79.35916,-78.62096,-80.0,-80.0,-80.0,-80.0,-80.0,-80.0,-80.0,-80.0,-80.0,-80.0,-80.0,-80.0,-80.0,-80.0,-80.0,-80.0,-80.0,-80.0,-80.0,-80.0,-80.0,-80.0,-80.0,-80.0,-80.0,-80.0,-80.0,-80.0,-80.0,-80.0,-80.0,-80.0,-80.0,-80.0,-80.0,-80.0,-80.0,-80.0,-80.0,-80.0,-80.0,-80.0,-80.0,-80.0,-80.0,-80.0,-80.0,-80.0,-80.0,-80.0,-80.0,-80.0,-80.0,-80.0,-80.0,-80.0,-80.0,-80.0,-80.0,-80.0,-80.0,-80.0,-80.0,-80.0,-80.0,-80.0,-80.0,-80.0,-80.0,-80.0,-80.0,-80.0,-80.0,-80.0,-80.0,-80.0,-80.0,-80.0,-80.0,-80.0,-80.0,-80.0,-80.0,-80.0,-80.0,-80.0,-80.0,-80.0,-80.0,-80.0,-80.0,-80.0,-80.0,-80.0,-80.0,-80.0,-80.0,-80.0,-80.0,-80.0,-80.0,-80.0,-80.0,-80.0,-80.0,-80.0,-80.0,-80.0,-80.0,-80.0,-80.0,-80.0,-80.0,-80.0,-80.0,-80.0,-80.0,-80.0,-80.0,-80.0,-80.0,-80.0,-80.0,-80.0,-80.0,-80.0,-80.0,-80.0,-80.0,-80.0,-80.0,-80.0,-80.0,-80.0,-80.0,-80.0,-80.0,-80.0,-80.0,-80.0,-80.0,-80.0,-80.0,-80.0,-80.0,-80.0,-80.0,-80.0,-80.0,-80.0,-80.0,-80.0,-80.0,-80.0,-80.0,-80.0,-80.0,-80.0,-80.0,-80.0,-80.0,-80.0,-80.0,-80.0,-80.0,-80.0,-80.0,-80.0,-80.0,-80.0,-80.0,-80.0,-80.0,-80.0,-80.0,-80.0,-80.0,-80.0,-80.0,-80.0,-80.0,-80.0,-80.0,-80.0,-80.0,-80.0,-80.0,-80.0,-80.0,-80.0,-80.0,-80.0,-80.0,-80.0,-80.0,-80.0,-80.0,-80.0,-80.0,-80.0,-80.0,-80.0,-80.0,-80.0,-80.0,-80.0,-80.0,-80.0,-80.0,-80.0,-80.0,-80.0,-80.0,-80.0,-80.0,-80.0,-80.0,-80.0,-80.0,-80.0,-80.0,-80.0,-80.0,-80.0,-80.0,-80.0,-80.0,-80.0,-80.0,-80.0,-80.0,-80.0,-80.0,-80.0,-80.0,-80.0,-80.0,-80.0,-80.0,-80.0,-80.0,-80.0,-80.0,-80.0,-80.0,-80.0,-80.0,-80.0,-80.0,-80.0,-80.0,-80.0,-80.0,-80.0,-80.0,-80.0,-80.0,-80.0,-80.0,-80.0,-80.0,-80.0,-80.0,-80.0,-80.0,-80.0,-80.0,-80.0,-80.0,-80.0,-80.0,-80.0,-80.0,-80.0,-80.0,-80.0,-80.0,-80.0,-80.0,-80.0,-80.0,-80.0,-80.0,-80.0,-80.0,-80.0,-80.0,-80.0,-80.0,-80.0
-54.02226,-50.85509,-52.27835,-58.86129,-61.350586,-61.8275,-62.881798,-64.82637,-66.660934,-65.96634,-65.51961,-70.221405,-73.96217,-70.688934,-67.89534,-69.808136,-68.19017,-65.6774,-69.070335,-71.18089,-70.542435,-69.86218,-72.05414,-70.32663,-71.42293,-70.4315,-73.0878,-74.80915,-76.221275,-76.32979,-75.81416,-73.24544,-71.96721,-74.4245,-75.50778,-75.81012,-77.21405,-74.53339,-76.38417,-79.35971,-78.5074,-80.0,-79.53121,-75.90471,-77.983154,-77.72627,-78.76183,-80.0,-80.0,-79.708694,-79.54558,-79.90317,-80.0,-80.0,-80.0,-80.0,-80.0,-80.0,-80.0,-80.0,-80.0,-80.0,-80.0,-80.0,-80.0,-80.0,-80.0,-80.0,-80.0,-80.0,-80.0,-80.0,-80.0,-80.0,-80.0,-80.0,-80.0,-80.0,-80.0,-80.0,-80.0,-80.0,-80.0,-80.0,-80.0,-80.0,-80.0,-80.0,-80.0,-65.36363,-55.720936,-56.087975,-55.38005,-53.15091,-57.399624,-56.203407,-57.984234,-53.905987,-54.691284,-58.97976,-63.41127,-64.36546,-57.236313,-56.963882,-60.790848,-61.84069,-63.87006,-71.95322,-79.70967,-70.4469,-65.660934,-70.12889,-72.27081,-72.82403,-73.364426,-73.29295,-76.00278,-75.36232,-73.88248,-71.565125,-74.199295,-79.070114,-76.54961,-76.79355,-80.0,-80.0,-80.0,-80.0,-80.0,-79.175705,-78.15665,-80.0,-80.0,-80.0,-80.0,-80.0,-80.0,-80.0,-80.0,-80.0,-80.0,-80.0,-80.0,-80.0,-80.0,-80.0,-80.0,-80.0,-80.0,-80.0,-80.0,-80.0,-80.0,-80.0,-80.0,-80.0,-80.0,-80.0,-80.0,-80.0,-80.0,-80.0,-80.0,-80.0,-80.0,-80.0,-80.0,-80.0,-80.0,-80.0,-80.0,-80.0,-80.0,-80.0,-80.0,-80.0,-80.0,-80.0,-80.0,-80.0,-80.0,-80.0,-80.0,-80.0,-80.0,-80.0,-80.0,-80.0,-80.0,-80.0,-80.0,-80.0,-80.0,-80.0,-80.0,-80.0,-80.0,-80.0,-80.0,-80.0,-80.0,-80.0,-80.0,-80.0,-80.0,-80.0,-80.0,-80.0,-80.0,-80.0,-80.0,-80.0,-80.0,-80.0,-80.0,-80.0,-80.0,-80.0,-80.0,-80.0,-80.0,-80.0,-80.0,-80.0,-80.0,-80.0,-80.0,-80.0,-80.0,-80.0,-80.0,-80.0,-80.0,-80.0,-80.0,-80.0,-80.0,-80.0,-80.0,-80.0,-80.0,-80.0,-80.0,-80.0,-80.0,-80.0,-80.0,-80.0,-80.0,-80.0,-80.0,-80.0,-80.0,-80.0,-80.0,-80.0,-80.0,-80.0,-80.0,-80.0,-80.0,-80.0,-80.0,-80.0,-80.0,-80.0,-80.0,-80.0,-80.0,-80.0,-80.0,-80.0,-80.0,-80.0,-80.0,-80.0,-80.0,-80.0,-80.0,-80.0,-80.0,-80.0,-80.0,-80.0,-80.0,-80.0,-80.0,-80.0,-80.0,-80.0,-80.0,-80.0,-80.0,-80.0,-80.0,-80.0,-80.0,-80.0,-80.0,-80.0,-80.0,-80.0,-80.0,-80.0,-80.0,-80.0,-80.0,-80.0,-80.0,-80.0,-80.0,-80.0,-80.0,-80.0,-80.0,-80.0,-80.0,-80.0,-80.0,-80.0,-80.0,-80.0,-80.0,-80.0,-80.0,-80.0,-80.0,-80.0,-80.0,-80.0,-80.0,-80.0,-80.0,-80.0,-80.0,-80.0,-80.0,-80.0,-80.0,-80.0,-80.0,-80.0,-80.0,-80.0,-80.0,-80.0,-80.0,-80.0,-80.0,-80.0,-80.0,-80.0,-80.0,-80.0,-80.0,-80.0,-80.0,-80.0,-80.0,-80.0,-80.0,-80.0,-80.0,-80.0,-80.0,-80.0,-80.0,-80.0,-80.0,-80.0,-80.0,-80.0,-80.0,-80.0,-80.0,-80.0,-80.0,-80.0,-80.0,-80.0,-80.0,-80.0,-80.0,-80.0,-80.0,-80.0,-80.0,-80.0,-80.0,-80.0,-80.0,-80.0,-80.0,-80.0,-80.0,-80.0,-80.0,-80.0,-80.0,-80.0,-80.0,-80.0,-80.0,-80.0,-80.0,-80.0,-80.0,-80.0,-80.0,-80.0,-80.0,-80.0,-80.0
-47.005657,-44.912926,-50.803024,-58.375107,-60.794964,-59.17481,-60.39779,-62.070557,-60.80823,-61.19731,-63.692513,-67.94322,-66.28581,-65.283554,-67.41701,-68.975296,-68.77438,-64.24532,-66.90515,-68.54234,-71.60594,-74.22377,-70.18688,-65.06406,-69.16652,-70.590454,-68.40756,-73.288956,-71.3631,-69.081635,-69.59482,-68.77018,-73.22783,-75.17743,-79.18179,-77.007065,-72.158615,-71.96443,-73.30916,-71.97772,-78.16675,-80.0,-75.73163,-75.26753,-76.10022,-75.1054,-73.25249,-76.924576,-80.0,-75.448395,-77.04704,-80.0,-80.0,-78.40181,-80.0,-80.0,-80.0,-80.0,-80.0,-80.0,-80.0,-80.0,-80.0,-80.0,-80.0,-80.0,-80.0,-80.0,-80.0,-80.0,-80.0,-80.0,-80.0,-80.0,-80.0,-80.0,-80.0,-80.0,-80.0,-80.0,-80.0,-80.0,-80.0,-80.0,-80.0,-80.0,-80.0,-80.0,-80.0,-66.3527,-58.68598,-53.77381,-52.13308,-52.17118,-57.912525,-61.631126,-59.676468,-54.769512,-57.261333,-61.241352,-67.00018,-65.50845,-61.155586,-64.0849,-69.28096,-67.17871,-66.838776,-69.014755,-74.73311,-72.519714,-67.80614,-70.1389,-76.314316,-73.23273,-70.575806,-72.99989,-75.57027,-75.21515,-79.702835,-77.83675,-73.47908,-75.402115,-74.06831,-75.12576,-80.0,-80.0,-80.0,-78.49176,-78.015625,-78.48621,-80.0,-80.0,-80.0,-80.0,-80.0,-80.0,-80.0,-80.0,-80.0,-80.0,-80.0,-80.0,-80.0,-80.0,-80.0,-80.0,-80.0,-80.0,-80.0,-80.0,-80.0,-80.0,-80.0,-80.0,-80.0,-80.0,-80.0,-80.0,-80.0,-80.0,-80.0,-80.0,-80.0,-80.0,-80.0,-80.0,-80.0,-80.0,-80.0,-80.0,-80.0,-80.0,-80.0,-80.0,-80.0,-80.0,-80.0,-80.0,-80.0,-80.0,-80.0,-80.0,-80.0,-80.0,-80.0,-80.0,-80.0,-80.0,-80.0,-80.0,-80.0,-80.0,-80.0,-80.0,-80.0,-80.0,-80.0,-80.0,-80.0,-80.0,-80.0,-80.0,-80.0,-80.0,-80.0,-80.0,-80.0,-80.0,-80.0,-80.0,-80.0,-80.0,-80.0,-80.0,-80.0,-80.0,-80.0,-80.0,-80.0,-80.0,-80.0,-80.0,-80.0,-80.0,-80.0,-80.0,-80.0,-80.0,-80.0,-80.0,-80.0,-80.0,-80.0,-80.0,-80.0,-80.0,-80.0,-80.0,-80.0,-80.0,-80.0,-80.0,-80.0,-80.0,-80.0,-80.0,-80.0,-80.0,-80.0,-80.0,-80.0,-80.0,-80.0,-80.0,-80.0,-80.0,-80.0,-80.0,-80.0,-80.0,-80.0,-80.0,-80.0,-80.0,-80.0,-80.0,-80.0,-80.0,-80.0,-80.0,-80.0,-80.0,-80.0,-80.0,-80.0,-80.0,-80.0,-80.0,-80.0,-80.0,-80.0,-80.0,-80.0,-80.0,-80.0,-80.0,-80.0,-80.0,-80.0,-80.0,-80.0,-80.0,-80.0,-80.0,-80.0,-80.0,-80.0,-80.0,-80.0,-80.0,-80.0,-80.0,-80.0,-80.0,-80.0,-80.0,-80.0,-80.0,-80.0,-80.0,-80.0,-80.0,-80.0,-80.0,-80.0,-80.0,-80.0,-80.0,-80.0,-80.0,-80.0,-80.0,-80.0,-80.0,-80.0,-80.0,-80.0,-80.0,-80.0,-80.0,-80.0,-80.0,-80.0,-80.0,-80.0,-80.0,-80.0,-80.0,-80.0,-80.0,-80.0,-80.0,-80.0,-80.0,-80.0,-80.0,-80.0,-80.0,-80.0,-80.0,-80.0,-80.0,-80.0,-80.0,-80.0,-80.0,-80.0,-80.0,-80.0,-80.0,-80.0,-80.0,-80.0,-80.0,-80.0,-80.0,-80.0,-80.0,-80.0,-80.0,-80.0,-80.0,-80.0,-80.0,-80.0,-80.0,-80.0,-80.0,-80.0,-80.0,-80.0,-80.0,-80.0,-80.0,-80.0,-80.0,-80.0,-80.0,-80.0,-80.0,-80.0,-80.0,-80.0,-80.0,-80.0,-80.0,-80.0,-80.0,-80.0,-80.0,-80.0,-80.0,-80.0,-80.0,-80.0,-80.0,-80.0,-80.0,-80.0,-80.0,-80.0,-80.0,-80.0
-47.57628,-43.581833,-48.566254,-59.32109,-57.7734,-60.435642,-58.100113,-61.718452,-59.29277,-57.891785,-64.13667,-67.44922,-66.27725,-63.558254,-65.397446,-67.81236,-65.78194,-65.1035,-66.421844,-65.30879,-65.834206,-71.007195,-69.26148,-67.49423,-67.75743,-70.006195,-72.23682,-74.593185,-68.85407,-68.027756,-69.78674,-72.455635,-74.42909,-73.91824,-77.0759,-79.1051,-75.84438,-76.566925,-74.62305,-72.92423,-77.876434,-80.0,-77.2605,-77.59424,-79.33147,-75.059746,-74.75302,-79.74472,-80.0,-77.3745,-76.99719,-79.99352,-80.0,-80.0,-80.0,-80.0,-80.0,-80.0,-78.38934,-80.0,-80.0,-80.0,-80.0,-80.0,-80.0,-80.0,-80.0,-80.0,-80.0,-80.0,-80.0,-80.0,-80.0,-80.0,-80.0,-80.0,-80.0,-80.0,-80.0,-80.0,-80.0,-80.0,-80.0,-80.0,-80.0,-80.0,-80.0,-80.0,-80.0,-65.91345,-57.051693,-55.027454,-57.337128,-55.39785,-59.57264,-66.56666,-66.45378,-61.40439,-63.14541,-67.8071,-67.043625,-63.556503,-66.00775,-67.17856,-73.08062,-74.881226,-70.250046,-68.927795,-69.61594,-71.541145,-76.85385,-77.72992,-76.29261,-71.931656,-70.82239,-71.68074,-75.31326,-78.94873,-80.0,-76.56729,-77.64909,-78.42178,-80.0,-80.0,-79.887314,-80.0,-80.0,-80.0,-80.0,-80.0,-80.0,-80.0,-80.0,-80.0,-80.0,-80.0,-80.0,-80.0,-80.0,-80.0,-80.0,-80.0,-80.0,-80.0,-80.0,-80.0,-80.0,-80.0,-80.0,-80.0,-80.0,-80.0,-80.0,-80.0,-80.0,-80.0,-80.0,-80.0,-80.0,-80.0,-80.0,-80.0,-80.0,-80.0,-80.0,-80.0,-80.0,-80.0,-80.0,-80.0,-80.0,-80.0,-80.0,-80.0,-80.0,-80.0,-80.0,-80.0,-80.0,-80.0,-80.0,-80.0,-80.0,-80.0,-80.0,-80.0,-80.0,-80.0,-80.0,-80.0,-80.0,-80.0,-80.0,-80.0,-80.0,-80.0,-80.0,-80.0,-80.0,-80.0,-80.0,-80.0,-80.0,-80.0,-80.0,-80.0,-80.0,-80.0,-80.0,-80.0,-80.0,-80.0,-80.0,-80.0,-80.0,-80.0,-80.0,-80.0,-80.0,-80.0,-80.0,-80.0,-80.0,-80.0,-80.0,-80.0,-80.0,-80.0,-80.0,-80.0,-80.0,-80.0,-80.0,-80.0,-80.0,-80.0,-80.0,-80.0,-80.0,-80.0,-80.0,-80.0,-80.0,-80.0,-80.0,-80.0,-80.0,-80.0,-80.0,-80.0,-80.0,-80.0,-80.0,-80.0,-80.0,-80.0,-80.0,-80.0,-80.0,-80.0,-80.0,-80.0,-80.0,-80.0,-80.0,-80.0,-80.0,-80.0,-80.0,-80.0,-80.0,-80.0,-80.0,-80.0,-80.0,-80.0,-80.0,-80.0,-80.0,-80.0,-80.0,-80.0,-80.0,-80.0,-80.0,-80.0,-80.0,-80.0,-80.0,-80.0,-80.0,-80.0,-80.0,-80.0,-80.0,-80.0,-80.0,-80.0,-80.0,-80.0,-80.0,-80.0,-80.0,-80.0,-80.0,-80.0,-80.0,-80.0,-80.0,-80.0,-80.0,-80.0,-80.0,-80.0,-80.0,-80.0,-80.0,-80.0,-80.0,-80.0,-80.0,-80.0,-80.0,-80.0,-80.0,-80.0,-80.0,-80.0,-80.0,-80.0,-80.0,-80.0,-80.0,-80.0,-80.0,-80.0,-80.0,-80.0,-80.0,-80.0,-80.0,-80.0,-80.0,-80.0,-80.0,-80.0,-80.0,-80.0,-80.0,-80.0,-80.0,-80.0,-80.0,-80.0,-80.0,-80.0,-80.0,-80.0,-80.0,-80.0,-80.0,-80.0,-80.0,-80.0,-80.0,-80.0,-80.0,-80.0,-80.0,-80.0,-80.0,-80.0,-80.0,-80.0,-80.0,-80.0,-80.0,-80.0,-80.0,-80.0,-80.0,-80.0,-80.0,-80.0,-80.0,-80.0,-80.0,-80.0,-80.0,-80.0,-80.0,-80.0,-80.0,-80.0,-80.0,-80.0,-80.0,-80.0,-80.0,-80.0,-80.0,-80.0,-80.0,-80.0,-80.0,-80.0,-80.0,-80.0,-80.0,-80.0,-80.0,-80.0,-80.0
-48.974155,-45.97193,-52.826515,-61.42752,-59.984756,-60.359474,-58.763477,-59.507095,-62.036293,-62.99548,-63.840225,-64.70575,-71.48047,-75.61719,-71.58699,-68.74043,-67.468956,-67.80905,-69.52249,-67.73218,-65.14432,-67.18639,-68.160194,-69.7773,-71.884605,-74.39686,-79.16497,-73.8011,-71.25758,-75.59752,-77.75187,-74.66499,-74.47023,-71.424194,-73.5038,-77.05554,-73.02557,-74.88053,-76.066025,-76.412895,-76.46451,-78.10605,-79.69801,-80.0,-80.0,-75.68854,-79.00929,-79.95581,-79.00441,-80.0,-80.0,-80.0,-80.0,-80.0,-80.0,-80.0,-79.92459,-80.0,-80.0,-80.0,-80.0,-80.0,-80.0,-80.0,-80.0,-80.0,-80.0,-80.0,-80.0,-80.0,-80.0,-80.0,-80.0,-80.0,-80.0,-80.0,-80.0,-80.0,-80.0,-80.0,-80.0,-80.0,-80.0,-80.0,-80.0,-80.0,-80.0,-80.0,-80.0,-66.7405,-58.66385,-59.35661,-55.26438,-54.17031,-58.673817,-64.37506,-64.139496,-63.634094,-64.767525,-68.03366,-66.02472,-64.01387,-67.139595,-66.73921,-65.46939,-67.73357,-74.24773,-72.82039,-70.1929,-68.85828,-68.78292,-74.427,-72.1566,-72.908554,-77.78616,-76.96064,-74.90875,-79.05556,-80.0,-80.0,-79.18121,-77.24811,-80.0,-80.0,-79.045685,-79.27251,-79.44173,-79.90135,-80.0,-80.0,-80.0,-80.0,-80.0,-80.0,-80.0,-80.0,-80.0,-80.0,-80.0,-80.0,-80.0,-80.0,-80.0,-80.0,-80.0,-80.0,-80.0,-80.0,-80.0,-80.0,-80.0,-80.0,-80.0,-80.0,-80.0,-80.0,-80.0,-80.0,-80.0,-80.0,-80.0,-80.0,-80.0,-80.0,-80.0,-80.0,-80.0,-80.0,-80.0,-80.0,-80.0,-80.0,-80.0,-80.0,-80.0,-80.0,-80.0,-80.0,-80.0,-80.0,-80.0,-80.0,-80.0,-80.0,-80.0,-80.0,-80.0,-80.0,-80.0,-80.0,-80.0,-80.0,-80.0,-80.0,-80.0,-80.0,-80.0,-80.0,-80.0,-80.0,-80.0,-80.0,-80.0,-80.0,-80.0,-80.0,-80.0,-80.0,-80.0,-80.0,-80.0,-80.0,-80.0,-80.0,-80.0,-80.0,-80.0,-80.0,-80.0,-80.0,-80.0,-80.0,-80.0,-80.0,-80.0,-80.0,-80.0,-80.0,-80.0,-80.0,-80.0,-80.0,-80.0,-80.0,-80.0,-80.0,-80.0,-80.0,-80.0,-80.0,-80.0,-80.0,-80.0,-80.0,-80.0,-80.0,-80.0,-80.0,-80.0,-80.0,-80.0,-80.0,-80.0,-80.0,-80.0,-80.0,-80.0,-80.0,-80.0,-80.0,-80.0,-80.0,-80.0,-80.0,-80.0,-80.0,-80.0,-80.0,-80.0,-80.0,-80.0,-80.0,-80.0,-80.0,-80.0,-80.0,-80.0,-80.0,-80.0,-80.0,-80.0,-80.0,-80.0,-80.0,-80.0,-80.0,-80.0,-80.0,-80.0,-80.0,-80.0,-80.0,-80.0,-80.0,-80.0,-80.0,-80.0,-80.0,-80.0,-80.0,-80.0,-80.0,-80.0,-80.0,-80.0,-80.0,-80.0,-80.0,-80.0,-80.0,-80.0,-80.0,-80.0,-80.0,-80.0,-80.0,-80.0,-80.0,-80.0,-80.0,-80.0,-80.0,-80.0,-80.0,-80.0,-80.0,-80.0,-80.0,-80.0,-80.0,-80.0,-80.0,-80.0,-80.0,-80.0,-80.0,-80.0,-80.0,-80.0,-80.0,-80.0,-80.0,-80.0,-80.0,-80.0,-80.0,-80.0,-80.0,-80.0,-80.0,-80.0,-80.0,-80.0,-80.0,-80.0,-80.0,-80.0,-80.0,-80.0,-80.0,-80.0,-80.0,-80.0,-80.0,-80.0,-80.0,-80.0,-80.0,-80.0,-80.0,-80.0,-80.0,-80.0,-80.0,-80.0,-80.0,-80.0,-80.0,-80.0,-80.0,-80.0,-80.0,-80.0,-80.0,-80.0,-80.0,-80.0,-80.0,-80.0,-80.0,-80.0,-80.0,-80.0,-80.0,-80.0,-80.0,-80.0,-80.0,-80.0,-80.0,-80.0,-80.0,-80.0,-80.0,-80.0,-80.0,-80.0,-80.0,-80.0,-80.0,-80.0,-80.0,-80.0
-52.486,-49.8481,-58.429127,-64.79491,-63.99668,-65.37451,-63.484352,-62.621773,-63.156036,-65.25397,-64.070946,-66.80908,-69.425186,-75.59651,-71.03275,-67.94678,-67.79462,-69.490974,-69.447,-74.46892,-77.42349,-75.08359,-75.885895,-74.97125,-74.06232,-74.358505,-77.31517,-75.47409,-74.97156,-80.0,-77.77623,-74.911125,-77.774315,-75.96588,-76.137665,-76.78906,-78.156784,-80.0,-80.0,-77.09906,-75.90052,-77.90419,-80.0,-80.0,-80.0,-80.0,-80.0,-80.0,-80.0,-80.0,-80.0,-77.934525,-80.0,-80.0,-80.0,-80.0,-80.0,-80.0,-80.0,-80.0,-80.0,-80.0,-80.0,-80.0,-80.0,-80.0,-80.0,-80.0,-80.0,-80.0,-80.0,-80.0,-80.0,-80.0,-80.0,-80.0,-80.0,-80.0,-80.0,-80.0,-80.0,-80.0,-80.0,-80.0,-80.0,-80.0,-80.0,-80.0,-80.0,-69.76036,-61.55183,-58.090218,-54.654526,-55.35274,-57.921062,-63.43869,-68.089905,-67.92059,-69.39502,-68.337135,-68.234146,-67.82555,-65.90521,-69.034996,-69.28801,-72.589325,-74.89733,-75.39876,-77.91159,-72.9115,-73.477356,-76.111534,-76.9066,-76.08319,-80.0,-78.67468,-80.0,-80.0,-79.23131,-80.0,-80.0,-78.02417,-80.0,-80.0,-78.259964,-80.0,-79.87933,-80.0,-80.0,-80.0,-80.0,-80.0,-80.0,-80.0,-80.0,-80.0,-80.0,-80.0,-80.0,-80.0,-80.0,-80.0,-80.0,-80.0,-80.0,-80.0,-80.0,-80.0,-80.0,-80.0,-80.0,-80.0,-80.0,-80.0,-80.0,-80.0,-80.0,-80.0,-80.0,-80.0,-80.0,-80.0,-80.0,-80.0,-80.0,-80.0,-80.0,-80.0,-80.0,-80.0,-80.0,-80.0,-80.0,-80.0,-80.0,-80.0,-80.0,-80.0,-80.0,-80.0,-80.0,-80.0,-80.0,-80.0,-80.0,-80.0,-80.0,-80.0,-80.0,-80.0,-80.0,-80.0,-80.0,-80.0,-80.0,-80.0,-80.0,-80.0,-80.0,-80.0,-80.0,-80.0,-80.0,-80.0,-80.0,-80.0,-80.0,-80.0,-80.0,-80.0,-80.0,-80.0,-80.0,-80.0,-80.0,-80.0,-80.0,-80.0,-80.0,-80.0,-80.0,-80.0,-80.0,-80.0,-80.0,-80.0,-80.0,-80.0,-80.0,-80.0,-80.0,-80.0,-80.0,-80.0,-80.0,-80.0,-80.0,-80.0,-80.0,-80.0,-80.0,-80.0,-80.0,-80.0,-80.0,-80.0,-80.0,-80.0,-80.0,-80.0,-80.0,-80.0,-80.0,-80.0,-80.0,-80.0,-80.0,-80.0,-80.0,-80.0,-80.0,-80.0,-80.0,-80.0,-80.0,-80.0,-80.0,-80.0,-80.0,-80.0,-80.0,-80.0,-80.0,-80.0,-80.0,-80.0,-80.0,-80.0,-80.0,-80.0,-80.0,-80.0,-80.0,-80.0,-80.0,-80.0,-80.0,-80.0,-80.0,-80.0,-80.0,-80.0,-80.0,-80.0,-80.0,-80.0,-80.0,-80.0,-80.0,-80.0,-80.0,-80.0,-80.0,-80.0,-80.0,-80.0,-80.0,-80.0,-80.0,-80.0,-80.0,-80.0,-80.0,-80.0,-80.0,-80.0,-80.0,-80.0,-80.0,-80.0,-80.0,-80.0,-80.0,-80.0,-80.0,-80.0,-80.0,-80.0,-80.0,-80.0,-80.0,-80.0,-80.0,-80.0,-80.0,-80.0,-80.0,-80.0,-80.0,-80.0,-80.0,-80.0,-80.0,-80.0,-80.0,-80.0,-80.0,-80.0,-80.0,-80.0,-80.0,-80.0,-80.0,-80.0,-80.0,-80.0,-80.0,-80.0,-80.0,-80.0,-80.0,-80.0,-80.0,-80.0,-80.0,-80.0,-80.0,-80.0,-80.0,-80.0,-80.0,-80.0,-80.0,-80.0,-80.0,-80.0,-80.0,-80.0,-80.0,-80.0,-80.0,-80.0,-80.0,-80.0,-80.0,-80.0,-80.0,-80.0,-80.0,-80.0,-80.0,-80.0,-80.0,-80.0,-80.0,-80.0,-80.0,-80.0,-80.0,-80.0,-80.0,-80.0,-80.0,-80.0,-80.0,-80.0,-80.0,-80.0,-80.0,-80.0,-80.0,-80.0,-80.0
-50.479965,-50.522953,-58.355247,-63.46553,-61.858154,-66.48149,-63.771957,-58.148514,-60.617928,-67.76002,-66.014534,-62.992775,-63.186745,-69.75833,-68.523285,-65.708855,-64.57345,-64.55495,-69.24519,-71.74202,-72.99095,-72.0531,-73.62663,-72.915924,-70.80394,-72.34001,-69.16363,-67.942696,-72.24816,-80.0,-77.88672,-74.98959,-75.735596,-76.58368,-76.58995,-75.946976,-76.70691,-77.42526,-75.004234,-72.0417,-71.25766,-69.98497,-73.20621,-78.14168,-80.0,-80.0,-80.0,-80.0,-80.0,-80.0,-76.99083,-73.32483,-76.2818,-80.0,-80.0,-80.0,-80.0,-80.0,-80.0,-80.0,-80.0,-80.0,-80.0,-80.0,-80.0,-80.0,-80.0,-80.0,-80.0,-80.0,-80.0,-80.0,-80.0,-80.0,-80.0,-80.0,-80.0,-80.0,-80.0,-80.0,-80.0,-80.0,-80.0,-80.0,-80.0,-80.0,-80.0,-80.0,-80.0,-72.613556,-64.95355,-61.071663,-56.30143,-57.43851,-62.06028,-64.53407,-67.15581,-67.911606,-69.94844,-67.985954,-66.242165,-70.75459,-71.20009,-69.95062,-71.6098,-78.30791,-76.685684,-76.70418,-72.90371,-72.42522,-78.86519,-78.308716,-76.39731,-75.78868,-77.94455,-79.014015,-80.0,-80.0,-77.97751,-79.90787,-80.0,-79.32764,-80.0,-80.0,-80.0,-80.0,-80.0,-80.0,-80.0,-80.0,-80.0,-80.0,-80.0,-80.0,-80.0,-80.0,-80.0,-80.0,-80.0,-80.0,-80.0,-80.0,-80.0,-80.0,-80.0,-80.0,-80.0,-80.0,-80.0,-80.0,-80.0,-80.0,-80.0,-80.0,-80.0,-80.0,-80.0,-80.0,-80.0,-80.0,-80.0,-80.0,-80.0,-80.0,-80.0,-80.0,-80.0,-80.0,-80.0,-80.0,-80.0,-80.0,-80.0,-80.0,-80.0,-80.0,-80.0,-80.0,-80.0,-80.0,-80.0,-80.0,-80.0,-80.0,-80.0,-80.0,-80.0,-80.0,-80.0,-80.0,-80.0,-80.0,-80.0,-80.0,-80.0,-80.0,-80.0,-80.0,-80.0,-80.0,-80.0,-80.0,-80.0,-80.0,-80.0,-80.0,-80.0,-80.0,-80.0,-80.0,-80.0,-80.0,-80.0,-80.0,-80.0,-80.0,-80.0,-80.0,-80.0,-80.0,-80.0,-80.0,-80.0,-80.0,-80.0,-80.0,-80.0,-80.0,-80.0,-80.0,-80.0,-80.0,-80.0,-80.0,-80.0,-80.0,-80.0,-80.0,-80.0,-80.0,-80.0,-80.0,-80.0,-80.0,-80.0,-80.0,-80.0,-80.0,-80.0,-80.0,-80.0,-80.0,-80.0,-80.0,-80.0,-80.0,-80.0,-80.0,-80.0,-80.0,-80.0,-80.0,-80.0,-80.0,-80.0,-80.0,-80.0,-80.0,-80.0,-80.0,-80.0,-80.0,-80.0,-80.0,-80.0,-80.0,-80.0,-80.0,-80.0,-80.0,-80.0,-80.0,-80.0,-80.0,-80.0,-80.0,-80.0,-80.0,-80.0,-80.0,-80.0,-80.0,-80.0,-80.0,-80.0,-80.0,-80.0,-80.0,-80.0,-80.0,-80.0,-80.0,-80.0,-80.0,-80.0,-80.0,-80.0,-80.0,-80.0,-80.0,-80.0,-80.0,-80.0,-80.0,-80.0,-80.0,-80.0,-80.0,-80.0,-80.0,-80.0,-80.0,-80.0,-80.0,-80.0,-80.0,-80.0,-80.0,-80.0,-80.0,-80.0,-80.0,-80.0,-80.0,-80.0,-80.0,-80.0,-80.0,-80.0,-80.0,-80.0,-80.0,-80.0,-80.0,-80.0,-80.0,-80.0,-80.0,-80.0,-80.0,-80.0,-80.0,-80.0,-80.0,-80.0,-80.0,-80.0,-80.0,-80.0,-80.0,-80.0,-80.0,-80.0,-80.0,-80.0,-80.0,-80.0,-80.0,-80.0,-80.0,-80.0,-80.0,-80.0,-80.0,-80.0,-80.0,-80.0,-80.0,-80.0,-80.0,-80.0,-80.0,-80.0,-80.0,-80.0,-80.0,-80.0,-80.0,-80.0,-80.0,-80.0,-80.0,-80.0,-80.0,-80.0,-80.0,-80.0,-80.0,-80.0,-80.0,-80.0,-80.0,-80.0,-80.0,-80.0,-80.0,-80.0,-80.0,-80.0,-80.0,-80.0,-80.0,-80.0
-51.70928,-51.20179,-54.43692,-60.640278,-63.40445,-64.2839,-65.554504,-64.357056,-68.007416,-69.26388,-70.764404,-70.26415,-69.281784,-71.834335,-71.035,-69.55098,-69.41519,-70.71597,-73.49951,-70.55289,-72.060684,-73.48689,-76.16402,-74.15644,-71.94507,-74.42872,-73.991196,-72.31487,-71.55722,-76.25395,-80.0,-80.0,-77.64433,-78.57996,-80.0,-79.50635,-77.84341,-79.082,-80.0,-80.0,-77.21619,-76.04872,-79.90964,-80.0,-80.0,-80.0,-80.0,-80.0,-80.0,-80.0,-80.0,-80.0,-80.0,-80.0,-80.0,-80.0,-80.0,-80.0,-80.0,-80.0,-80.0,-80.0,-80.0,-80.0,-80.0,-80.0,-80.0,-80.0,-80.0,-80.0,-80.0,-80.0,-80.0,-80.0,-80.0,-80.0,-80.0,-80.0,-80.0,-80.0,-80.0,-80.0,-80.0,-80.0,-80.0,-80.0,-80.0,-80.0,-80.0,-71.517075,-64.6713,-63.413017,-61.232433,-61.084595,-60.15229,-58.89834,-60.340622,-62.42672,-68.437515,-66.06985,-67.91474,-67.73857,-67.54436,-69.27986,-69.21642,-70.18074,-71.3401,-70.45696,-70.91877,-73.81947,-76.82855,-73.41936,-71.79126,-73.23921,-78.417755,-77.055786,-80.0,-79.35155,-75.415344,-77.24234,-78.49694,-75.88811,-76.970474,-79.82425,-80.0,-80.0,-80.0,-80.0,-80.0,-80.0,-80.0,-79.563965,-80.0,-80.0,-80.0,-80.0,-80.0,-80.0,-80.0,-80.0,-80.0,-80.0,-80.0,-80.0,-80.0,-80.0,-80.0,-80.0,-80.0,-80.0,-80.0,-80.0,-80.0,-80.0,-80.0,-80.0,-80.0,-80.0,-80.0,-80.0,-80.0,-80.0,-80.0,-80.0,-80.0,-80.0,-80.0,-80.0,-80.0,-80.0,-80.0,-80.0,-80.0,-80.0,-80.0,-80.0,-80.0,-80.0,-80.0,-80.0,-80.0,-80.0,-80.0,-80.0,-80.0,-80.0,-80.0,-80.0,-80.0,-80.0,-80.0,-80.0,-80.0,-80.0,-80.0,-80.0,-80.0,-80.0,-80.0,-80.0,-80.0,-80.0,-80.0,-80.0,-80.0,-80.0,-80.0,-80.0,-80.0,-80.0,-80.0,-80.0,-80.0,-80.0,-80.0,-80.0,-80.0,-80.0,-80.0,-80.0,-80.0,-80.0,-80.0,-80.0,-80.0,-80.0,-80.0,-80.0,-80.0,-80.0,-80.0,-80.0,-80.0,-80.0,-80.0,-80.0,-80.0,-80.0,-80.0,-80.0,-80.0,-80.0,-80.0,-80.0,-80.0,-80.0,-80.0,-80.0,-80.0,-80.0,-80.0,-80.0,-80.0,-80.0,-80.0,-80.0,-80.0,-80.0,-80.0,-80.0,-80.0,-80.0,-80.0,-80.0,-80.0,-80.0,-80.0,-80.0,-80.0,-80.0,-80.0,-80.0,-80.0,-80.0,-80.0,-80.0,-80.0,-80.0,-80.0,-80.0,-80.0,-80.0,-80.0,-80.0,-80.0,-80.0,-80.0,-80.0,-80.0,-80.0,-80.0,-80.0,-80.0,-80.0,-80.0,-80.0,-80.0,-80.0,-80.0,-80.0,-80.0,-80.0,-80.0,-80.0,-80.0,-80.0,-80.0,-80.0,-80.0,-80.0,-80.0,-80.0,-80.0,-80.0,-80.0,-80.0,-80.0,-80.0,-80.0,-80.0,-80.0,-80.0,-80.0,-80.0,-80.0,-80.0,-80.0,-80.0,-80.0,-80.0,-80.0,-80.0,-80.0,-80.0,-80.0,-80.0,-80.0,-80.0,-80.0,-80.0,-80.0,-80.0,-80.0,-80.0,-80.0,-80.0,-80.0,-80.0,-80.0,-80.0,-80.0,-80.0,-80.0,-80.0,-80.0,-80.0,-80.0,-80.0,-80.0,-80.0,-80.0,-80.0,-80.0,-80.0,-80.0,-80.0,-80.0,-80.0,-80.0,-80.0,-80.0,-80.0,-80.0,-80.0,-80.0,-80.0,-80.0,-80.0,-80.0,-80.0,-80.0,-80.0,-80.0,-80.0,-80.0,-80.0,-80.0,-80.0,-80.0,-80.0,-80.0,-80.0,-80.0,-80.0,-80.0,-80.0,-80.0,-80.0,-80.0,-80.0,-80.0,-80.0,-80.0,-80.0,-80.0,-80.0,-80.0,-80.0,-80.0,-80.0,-80.0,-80.0,-80.0
-53.47221,-50.612885,-54.071472,-59.091923,-65.37178,-65.285164,-65.02168,-66.02841,-68.58016,-70.10046,-67.62976,-69.06401,-71.86021,-71.24074,-72.212234,-74.181366,-76.60979,-79.78653,-74.43499,-72.26878,-74.194,-71.789925,-69.94151,-72.84799,-71.86855,-70.66873,-72.21709,-71.89508,-72.71785,-75.48865,-77.38394,-80.0,-79.82863,-79.19449,-80.0,-80.0,-80.0,-78.92663,-80.0,-80.0,-77.72313,-77.35117,-80.0,-80.0,-80.0,-80.0,-79.473206,-78.52696,-80.0,-80.0,-80.0,-80.0,-80.0,-80.0,-80.0,-80.0,-80.0,-80.0,-80.0,-80.0,-80.0,-80.0,-80.0,-80.0,-80.0,-80.0,-80.0,-80.0,-80.0,-80.0,-80.0,-80.0,-80.0,-80.0,-80.0,-80.0,-80.0,-80.0,-80.0,-80.0,-80.0,-80.0,-80.0,-80.0,-80.0,-80.0,-80.0,-80.0,-80.0,-69.04384,-62.245136,-63.13601,-60.74008,-61.04464,-62.943115,-57.676857,-59.374992,-67.02644,-67.40785,-67.69125,-66.53896,-68.06885,-70.52281,-75.29739,-77.632164,-73.88344,-72.293274,-75.84542,-74.05528,-72.98877,-78.14932,-80.0,-75.364685,-73.07086,-77.80211,-78.55269,-80.0,-80.0,-80.0,-79.39983,-78.964966,-80.0,-80.0,-78.991714,-79.61842,-80.0,-80.0,-80.0,-80.0,-80.0,-80.0,-80.0,-80.0,-80.0,-80.0,-80.0,-80.0,-80.0,-80.0,-80.0,-80.0,-80.0,-80.0,-80.0,-80.0,-80.0,-80.0,-80.0,-80.0,-80.0,-80.0,-80.0,-80.0,-80.0,-80.0,-80.0,-80.0,-80.0,-80.0,-80.0,-80.0,-80.0,-80.0,-80.0,-80.0,-80.0,-80.0,-80.0,-80.0,-80.0,-80.0,-80.0,-80.0,-80.0,-80.0,-80.0,-80.0,-80.0,-80.0,-80.0,-80.0,-80.0,-80.0,-80.0,-80.0,-80.0,-80.0,-80.0,-80.0,-80.0,-80.0,-80.0,-80.0,-80.0,-80.0,-80.0,-80.0,-80.0,-80.0,-80.0,-80.0,-80.0,-80.0,-80.0,-80.0,-80.0,-80.0,-80.0,-80.0,-80.0,-80.0,-80.0,-80.0,-80.0,-80.0,-80.0,-80.0,-80.0,-80.0,-80.0,-80.0,-80.0,-80.0,-80.0,-80.0,-80.0,-80.0,-80.0,-80.0,-80.0,-80.0,-80.0,-80.0,-80.0,-80.0,-80.0,-80.0,-80.0,-80.0,-80.0,-80.0,-80.0,-80.0,-80.0,-80.0,-80.0,-80.0,-80.0,-80.0,-80.0,-80.0,-80.0,-80.0,-80.0,-80.0,-80.0,-80.0,-80.0,-80.0,-80.0,-80.0,-80.0,-80.0,-80.0,-80.0,-80.0,-80.0,-80.0,-80.0,-80.0,-80.0,-80.0,-80.0,-80.0,-80.0,-80.0,-80.0,-80.0,-80.0,-80.0,-80.0,-80.0,-80.0,-80.0,-80.0,-80.0,-80.0,-80.0,-80.0,-80.0,-80.0,-80.0,-80.0,-80.0,-80.0,-80.0,-80.0,-80.0,-80.0,-80.0,-80.0,-80.0,-80.0,-80.0,-80.0,-80.0,-80.0,-80.0,-80.0,-80.0,-80.0,-80.0,-80.0,-80.0,-80.0,-80.0,-80.0,-80.0,-80.0,-80.0,-80.0,-80.0,-80.0,-80.0,-80.0,-80.0,-80.0,-80.0,-80.0,-80.0,-80.0,-80.0,-80.0,-80.0,-80.0,-80.0,-80.0,-80.0,-80.0,-80.0,-80.0,-80.0,-80.0,-80.0,-80.0,-80.0,-80.0,-80.0,-80.0,-80.0,-80.0,-80.0,-80.0,-80.0,-80.0,-80.0,-80.0,-80.0,-80.0,-80.0,-80.0,-80.0,-80.0,-80.0,-80.0,-80.0,-80.0,-80.0,-80.0,-80.0,-80.0,-80.0,-80.0,-80.0,-80.0,-80.0,-80.0,-80.0,-80.0,-80.0,-80.0,-80.0,-80.0,-80.0,-80.0,-80.0,-80.0,-80.0,-80.0,-80.0,-80.0,-80.0,-80.0,-80.0,-80.0,-80.0,-80.0,-80.0,-80.0,-80.0,-80.0,-80.0,-80.0,-80.0,-80.0,-80.0,-80.0,-80.0,-80.0,-80.0,-80.0,-80.0,-80.0
-50.67633,-48.637524,-52.37815,-60.39334,-64.98148,-68.11711,-69.15354,-72.70314,-70.41547,-71.422745,-70.70537,-69.10851,-71.1021,-67.10863,-67.75087,-71.89872,-72.86481,-76.08382,-72.61574,-69.337036,-73.45422,-72.45977,-72.327515,-75.254456,-74.58769,-70.638695,-69.175125,-70.10034,-74.40552,-79.03447,-79.632645,-80.0,-80.0,-79.40047,-80.0,-78.52864,-75.75452,-78.98194,-80.0,-80.0,-79.20597,-80.0,-80.0,-80.0,-80.0,-80.0,-80.0,-80.0,-80.0,-80.0,-80.0,-80.0,-80.0,-80.0,-80.0,-80.0,-80.0,-80.0,-80.0,-80.0,-80.0,-80.0,-80.0,-80.0,-80.0,-80.0,-80.0,-80.0,-80.0,-80.0,-80.0,-80.0,-80.0,-80.0,-80.0,-80.0,-80.0,-80.0,-80.0,-80.0,-80.0,-80.0,-80.0,-80.0,-80.0,-80.0,-80.0,-80.0,-80.0,-66.96715,-55.0737,-51.703384,-52.249237,-57.10341,-60.673832,-60.08662,-62.3584,-68.96542,-66.70257,-64.95122,-62.678513,-63.74444,-69.2352,-75.30254,-71.685196,-70.77583,-71.91788,-72.81389,-72.55574,-74.731964,-73.15622,-73.45068,-78.60898,-78.72334,-74.40126,-72.29189,-76.29208,-79.28499,-79.24751,-80.0,-80.0,-80.0,-80.0,-80.0,-79.8058,-80.0,-80.0,-80.0,-80.0,-80.0,-80.0,-80.0,-80.0,-80.0,-80.0,-80.0,-80.0,-80.0,-80.0,-80.0,-80.0,-80.0,-80.0,-80.0,-80.0,-80.0,-80.0,-80.0,-80.0,-80.0,-80.0,-80.0,-80.0,-80.0,-80.0,-80.0,-80.0,-80.0,-80.0,-80.0,-80.0,-80.0,-80.0,-80.0,-80.0,-80.0,-80.0,-80.0,-80.0,-80.0,-80.0,-80.0,-80.0,-80.0,-80.0,-80.0,-80.0,-80.0,-80.0,-80.0,-80.0,-80.0,-80.0,-80.0,-80.0,-80.0,-80.0,-80.0,-80.0,-80.0,-80.0,-80.0,-80.0,-80.0,-80.0,-80.0,-80.0,-80.0,-80.0,-80.0,-80.0,-80.0,-80.0,-80.0,-80.0,-80.0,-80.0,-80.0,-80.0,-80.0,-80.0,-80.0,-80.0,-80.0,-80.0,-80.0,-80.0,-80.0,-80.0,-80.0,-80.0,-80.0,-80.0,-80.0,-80.0,-80.0,-80.0,-80.0,-80.0,-80.0,-80.0,-80.0,-80.0,-80.0,-80.0,-80.0,-80.0,-80.0,-80.0,-80.0,-80.0,-80.0,-80.0,-80.0,-80.0,-80.0,-80.0,-80.0,-80.0,-80.0,-80.0,-80.0,-80.0,-80.0,-80.0,-80.0,-80.0,-80.0,-80.0,-80.0,-80.0,-80.0,-80.0,-80.0,-80.0,-80.0,-80.0,-80.0,-80.0,-80.0,-80.0,-80.0,-80.0,-80.0,-80.0,-80.0,-80.0,-80.0,-80.0,-80.0,-80.0,-80.0,-80.0,-80.0,-80.0,-80.0,-80.0,-80.0,-80.0,-80.0,-80.0,-80.0,-80.0,-80.0,-80.0,-80.0,-80.0,-80.0,-80.0,-80.0,-80.0,-80.0,-80.0,-80.0,-80.0,-80.0,-80.0,-80.0,-80.0,-80.0,-80.0,-80.0,-80.0,-80.0,-80.0,-80.0,-80.0,-80.0,-80.0,-80.0,-80.0,-80.0,-80.0,-80.0,-80.0,-80.0,-80.0,-80.0,-80.0,-80.0,-80.0,-80.0,-80.0,-80.0,-80.0,-80.0,-80.0,-80.0,-80.0,-80.0,-80.0,-80.0,-80.0,-80.0,-80.0,-80.0,-80.0,-80.0,-80.0,-80.0,-80.0,-80.0,-80.0,-80.0,-80.0,-80.0,-80.0,-80.0,-80.0,-80.0,-80.0,-80.0,-80.0,-80.0,-80.0,-80.0,-80.0,-80.0,-80.0,-80.0,-80.0,-80.0,-80.0,-80.0,-80.0,-80.0,-80.0,-80.0,-80.0,-80.0,-80.0,-80.0,-80.0,-80.0,-80.0,-80.0,-80.0,-80.0,-80.0,-80.0,-80.0,-80.0,-80.0,-80.0,-80.0,-80.0,-80.0,-80.0,-80.0,-80.0,-80.0,-80.0,-80.0,-80.0,-80.0,-80.0,-80.0,-80.0,-80.0,-80.0,-80.0,-80.0,-80.0
-55.11248,-54.019455,-54.35717,-62.61619,-68.744705,-70.66834,-67.33345,-66.9657,-68.304565,-66.144394,-70.86974,-74.33649,-71.87949,-70.8567,-72.17932,-71.66109,-70.6087,-74.12048,-70.93523,-72.92895,-74.89012,-68.62642,-69.79724,-69.09657,-71.932785,-75.01495,-74.49768,-78.5889,-73.28099,-74.73961,-79.66664,-76.97368,-77.053185,-79.13401,-78.64701,-79.67795,-79.471306,-79.82873,-79.26674,-79.37915,-78.63614,-80.0,-80.0,-80.0,-80.0,-80.0,-80.0,-80.0,-80.0,-80.0,-80.0,-80.0,-80.0,-80.0,-80.0,-80.0,-80.0,-80.0,-80.0,-80.0,-80.0,-80.0,-80.0,-80.0,-80.0,-80.0,-80.0,-80.0,-80.0,-80.0,-80.0,-80.0,-80.0,-80.0,-80.0,-80.0,-80.0,-80.0,-80.0,-80.0,-80.0,-80.0,-80.0,-80.0,-80.0,-80.0,-80.0,-80.0,-80.0,-69.332275,-55.772972,-52.04866,-54.440556,-57.170586,-62.9737,-63.70585,-63.19339,-67.708206,-72.08787,-70.00127,-66.348724,-67.340805,-69.94508,-69.74469,-68.27075,-68.0141,-74.15858,-75.58641,-74.51401,-72.10489,-72.96541,-74.317474,-77.40944,-78.92282,-75.49689,-76.50015,-76.14531,-78.418915,-78.99541,-77.49781,-80.0,-80.0,-80.0,-80.0,-80.0,-80.0,-80.0,-80.0,-80.0,-80.0,-80.0,-80.0,-80.0,-80.0,-80.0,-80.0,-80.0,-80.0,-80.0,-80.0,-80.0,-80.0,-80.0,-80.0,-80.0,-80.0,-80.0,-80.0,-80.0,-80.0,-80.0,-80.0,-80.0,-80.0,-80.0,-80.0,-80.0,-80.0,-80.0,-80.0,-80.0,-80.0,-80.0,-80.0,-80.0,-80.0,-80.0,-80.0,-80.0,-80.0,-80.0,-80.0,-80.0,-80.0,-80.0,-80.0,-80.0,-80.0,-80.0,-80.0,-80.0,-80.0,-80.0,-80.0,-80.0,-80.0,-80.0,-80.0,-80.0,-80.0,-80.0,-80.0,-80.0,-80.0,-80.0,-80.0,-80.0,-80.0,-80.0,-80.0,-80.0,-80.0,-80.0,-80.0,-80.0,-80.0,-80.0,-80.0,-80.0,-80.0,-80.0,-80.0,-80.0,-80.0,-80.0,-80.0,-80.0,-80.0,-80.0,-80.0,-80.0,-80.0,-80.0,-80.0,-80.0,-80.0,-80.0,-80.0,-80.0,-80.0,-80.0,-80.0,-80.0,-80.0,-80.0,-80.0,-80.0,-80.0,-80.0,-80.0,-80.0,-80.0,-80.0,-80.0,-80.0,-80.0,-80.0,-80.0,-80.0,-80.0,-80.0,-80.0,-80.0,-80.0,-80.0,-80.0,-80.0,-80.0,-80.0,-80.0,-80.0,-80.0,-80.0,-80.0,-80.0,-80.0,-80.0,-80.0,-80.0,-80.0,-80.0,-80.0,-80.0,-80.0,-80.0,-80.0,-80.0,-80.0,-80.0,-80.0,-80.0,-80.0,-80.0,-80.0,-80.0,-80.0,-80.0,-80.0,-80.0,-80.0,-80.0,-80.0,-80.0,-80.0,-80.0,-80.0,-80.0,-80.0,-80.0,-80.0,-80.0,-80.0,-80.0,-80.0,-80.0,-80.0,-80.0,-80.0,-80.0,-80.0,-80.0,-80.0,-80.0,-80.0,-80.0,-80.0,-80.0,-80.0,-80.0,-80.0,-80.0,-80.0,-80.0,-80.0,-80.0,-80.0,-80.0,-80.0,-80.0,-80.0,-80.0,-80.0,-80.0,-80.0,-80.0,-80.0,-80.0,-80.0,-80.0,-80.0,-80.0,-80.0,-80.0,-80.0,-80.0,-80.0,-80.0,-80.0,-80.0,-80.0,-80.0,-80.0,-80.0,-80.0,-80.0,-80.0,-80.0,-80.0,-80.0,-80.0,-80.0,-80.0,-80.0,-80.0,-80.0,-80.0,-80.0,-80.0,-80.0,-80.0,-80.0,-80.0,-80.0,-80.0,-80.0,-80.0,-80.0,-80.0,-80.0,-80.0,-80.0,-80.0,-80.0,-80.0,-80.0,-80.0,-80.0,-80.0,-80.0,-80.0,-80.0,-80.0,-80.0,-80.0,-80.0,-80.0,-80.0,-80.0,-80.0,-80.0,-80.0,-80.0,-80.0,-80.0,-80.0,-80.0,-80.0,-80.0,-80.0,-80.0,-80.0,-80.0,-80.0
-57.031494,-57.33635,-57.576378,-60.826584,-65.31627,-67.6727,-63.82058,-60.67614,-61.39006,-64.41233,-70.648056,-69.221664,-70.72058,-67.72017,-66.987915,-67.984314,-69.77387,-75.01802,-74.48654,-76.767944,-72.95882,-66.44757,-67.13379,-69.80217,-74.04401,-77.60034,-75.10197,-73.51657,-71.88469,-72.25084,-74.37449,-73.34158,-75.016174,-80.0,-77.95292,-79.06678,-80.0,-80.0,-80.0,-80.0,-80.0,-80.0,-80.0,-80.0,-80.0,-80.0,-80.0,-80.0,-80.0,-80.0,-80.0,-80.0,-80.0,-80.0,-80.0,-80.0,-80.0,-80.0,-80.0,-80.0,-80.0,-80.0,-80.0,-80.0,-80.0,-80.0,-80.0,-80.0,-80.0,-80.0,-80.0,-80.0,-80.0,-80.0,-80.0,-80.0,-80.0,-80.0,-80.0,-80.0,-80.0,-80.0,-80.0,-80.0,-80.0,-80.0,-80.0,-80.0,-80.0,-72.49606,-65.56613,-63.031143,-61.706673,-61.937267,-65.87106,-68.4472,-65.94069,-67.742065,-68.797615,-65.86185,-68.6539,-74.674995,-72.314224,-70.58115,-67.93536,-70.99771,-70.098785,-73.16258,-73.57944,-71.97565,-74.6658,-76.864075,-78.82099,-78.23513,-77.993286,-75.99457,-74.94205,-79.434235,-80.0,-77.64963,-75.7329,-80.0,-80.0,-80.0,-80.0,-80.0,-80.0,-80.0,-80.0,-80.0,-80.0,-80.0,-80.0,-80.0,-80.0,-80.0,-80.0,-80.0,-80.0,-80.0,-80.0,-80.0,-80.0,-80.0,-80.0,-80.0,-80.0,-80.0,-80.0,-80.0,-80.0,-80.0,-80.0,-80.0,-80.0,-80.0,-80.0,-80.0,-80.0,-80.0,-80.0,-80.0,-80.0,-80.0,-80.0,-80.0,-80.0,-80.0,-80.0,-80.0,-80.0,-80.0,-80.0,-80.0,-80.0,-80.0,-80.0,-80.0,-80.0,-80.0,-80.0,-80.0,-80.0,-80.0,-80.0,-80.0,-80.0,-80.0,-80.0,-80.0,-80.0,-80.0,-80.0,-80.0,-80.0,-80.0,-80.0,-80.0,-80.0,-80.0,-80.0,-80.0,-80.0,-80.0,-80.0,-80.0,-80.0,-80.0,-80.0,-80.0,-80.0,-80.0,-80.0,-80.0,-80.0,-80.0,-80.0,-80.0,-80.0,-80.0,-80.0,-80.0,-80.0,-80.0,-80.0,-80.0,-80.0,-80.0,-80.0,-80.0,-80.0,-80.0,-80.0,-80.0,-80.0,-80.0,-80.0,-80.0,-80.0,-80.0,-80.0,-80.0,-80.0,-80.0,-80.0,-80.0,-80.0,-80.0,-80.0,-80.0,-80.0,-80.0,-80.0,-80.0,-80.0,-80.0,-80.0,-80.0,-80.0,-80.0,-80.0,-80.0,-80.0,-80.0,-80.0,-80.0,-80.0,-80.0,-80.0,-80.0,-80.0,-80.0,-80.0,-80.0,-80.0,-80.0,-80.0,-80.0,-80.0,-80.0,-80.0,-80.0,-80.0,-80.0,-80.0,-80.0,-80.0,-80.0,-80.0,-80.0,-80.0,-80.0,-80.0,-80.0,-80.0,-80.0,-80.0,-80.0,-80.0,-80.0,-80.0,-80.0,-80.0,-80.0,-80.0,-80.0,-80.0,-80.0,-80.0,-80.0,-80.0,-80.0,-80.0,-80.0,-80.0,-80.0,-80.0,-80.0,-80.0,-80.0,-80.0,-80.0,-80.0,-80.0,-80.0,-80.0,-80.0,-80.0,-80.0,-80.0,-80.0,-80.0,-80.0,-80.0,-80.0,-80.0,-80.0,-80.0,-80.0,-80.0,-80.0,-80.0,-80.0,-80.0,-80.0,-80.0,-80.0,-80.0,-80.0,-80.0,-80.0,-80.0,-80.0,-80.0,-80.0,-80.0,-80.0,-80.0,-80.0,-80.0,-80.0,-80.0,-80.0,-80.0,-80.0,-80.0,-80.0,-80.0,-80.0,-80.0,-80.0,-80.0,-80.0,-80.0,-80.0,-80.0,-80.0,-80.0,-80.0,-80.0,-80.0,-80.0,-80.0,-80.0,-80.0,-80.0,-80.0,-80.0,-80.0,-80.0,-80.0,-80.0,-80.0,-80.0,-80.0,-80.0,-80.0,-80.0,-80.0,-80.0,-80.0,-80.0,-80.0,-80.0,-80.0,-80.0,-80.0,-80.0,-80.0,-80.0,-80.0,-80.0,-80.0
-53.835236,-52.34253,-55.04342,-59.658897,-64.11075,-66.38894,-68.30328,-68.01271,-66.6843,-69.64575,-67.46893,-63.97428,-65.10614,-70.09299,-71.00354,-68.23137,-69.94547,-70.62785,-71.71623,-74.28798,-71.1127,-72.61561,-75.39551,-72.606,-71.320244,-76.279144,-77.84755,-77.02576,-74.42163,-74.400604,-72.65495,-74.04295,-80.0,-80.0,-76.1712,-79.74571,-80.0,-80.0,-80.0,-80.0,-80.0,-80.0,-80.0,-80.0,-80.0,-80.0,-80.0,-80.0,-80.0,-80.0,-80.0,-80.0,-80.0,-80.0,-80.0,-80.0,-80.0,-80.0,-80.0,-80.0,-80.0,-80.0,-80.0,-80.0,-80.0,-80.0,-80.0,-80.0,-80.0,-80.0,-80.0,-80.0,-80.0,-80.0,-80.0,-80.0,-80.0,-80.0,-80.0,-80.0,-80.0,-80.0,-80.0,-80.0,-80.0,-80.0,-80.0,-80.0,-80.0,-68.8723,-61.130196,-64.026184,-64.08537,-62.165184,-63.31291,-63.231354,-63.707275,-68.0732,-68.55984,-67.95242,-71.21526,-73.10186,-74.4275,-69.62953,-66.25038,-68.27073,-68.13852,-71.83441,-74.28431,-75.79489,-74.15058,-74.798355,-74.493164,-75.81802,-76.54161,-76.48392,-77.866325,-80.0,-80.0,-77.48892,-75.909164,-80.0,-80.0,-80.0,-79.46062,-80.0,-80.0,-80.0,-80.0,-80.0,-80.0,-80.0,-80.0,-80.0,-80.0,-80.0,-80.0,-80.0,-80.0,-80.0,-80.0,-80.0,-80.0,-80.0,-80.0,-80.0,-80.0,-80.0,-80.0,-80.0,-80.0,-80.0,-80.0,-80.0,-80.0,-80.0,-80.0,-80.0,-80.0,-80.0,-80.0,-80.0,-80.0,-80.0,-80.0,-80.0,-80.0,-80.0,-80.0,-80.0,-80.0,-80.0,-80.0,-80.0,-80.0,-80.0,-80.0,-80.0,-80.0,-80.0,-80.0,-80.0,-80.0,-80.0,-80.0,-80.0,-80.0,-80.0,-80.0,-80.0,-80.0,-80.0,-80.0,-80.0,-80.0,-80.0,-80.0,-80.0,-80.0,-80.0,-80.0,-80.0,-80.0,-80.0,-80.0,-80.0,-80.0,-80.0,-80.0,-80.0,-80.0,-80.0,-80.0,-80.0,-80.0,-80.0,-80.0,-80.0,-80.0,-80.0,-80.0,-80.0,-80.0,-80.0,-80.0,-80.0,-80.0,-80.0,-80.0,-80.0,-80.0,-80.0,-80.0,-80.0,-80.0,-80.0,-80.0,-80.0,-80.0,-80.0,-80.0,-80.0,-80.0,-80.0,-80.0,-80.0,-80.0,-80.0,-80.0,-80.0,-80.0,-80.0,-80.0,-80.0,-80.0,-80.0,-80.0,-80.0,-80.0,-80.0,-80.0,-80.0,-80.0,-80.0,-80.0,-80.0,-80.0,-80.0,-80.0,-80.0,-80.0,-80.0,-80.0,-80.0,-80.0,-80.0,-80.0,-80.0,-80.0,-80.0,-80.0,-80.0,-80.0,-80.0,-80.0,-80.0,-80.0,-80.0,-80.0,-80.0,-80.0,-80.0,-80.0,-80.0,-80.0,-80.0,-80.0,-80.0,-80.0,-80.0,-80.0,-80.0,-80.0,-80.0,-80.0,-80.0,-80.0,-80.0,-80.0,-80.0,-80.0,-80.0,-80.0,-80.0,-80.0,-80.0,-80.0,-80.0,-80.0,-80.0,-80.0,-80.0,-80.0,-80.0,-80.0,-80.0,-80.0,-80.0,-80.0,-80.0,-80.0,-80.0,-80.0,-80.0,-80.0,-80.0,-80.0,-80.0,-80.0,-80.0,-80.0,-80.0,-80.0,-80.0,-80.0,-80.0,-80.0,-80.0,-80.0,-80.0,-80.0,-80.0,-80.0,-80.0,-80.0,-80.0,-80.0,-80.0,-80.0,-80.0,-80.0,-80.0,-80.0,-80.0,-80.0,-80.0,-80.0,-80.0,-80.0,-80.0,-80.0,-80.0,-80.0,-80.0,-80.0,-80.0,-80.0,-80.0,-80.0,-80.0,-80.0,-80.0,-80.0,-80.0,-80.0,-80.0,-80.0,-80.0,-80.0,-80.0,-80.0,-80.0,-80.0,-80.0,-80.0,-80.0,-80.0,-80.0,-80.0,-80.0,-80.0,-80.0,-80.0,-80.0,-80.0,-80.0,-80.0,-80.0,-80.0,-80.0,-80.0,-80.0,-80.0
-51.390747,-53.279686,-59.925255,-63.563263,-63.98833,-64.90109,-65.09991,-63.32803,-67.03674,-70.62596,-69.54007,-63.628433,-63.13724,-66.35927,-70.429855,-69.919365,-69.922485,-69.6024,-69.4285,-71.31198,-68.99281,-70.769745,-75.62525,-74.042145,-71.31148,-74.498184,-76.57605,-72.15051,-72.32683,-75.62157,-69.784256,-69.949425,-79.91547,-80.0,-80.0,-80.0,-80.0,-80.0,-79.24699,-80.0,-78.89405,-80.0,-80.0,-80.0,-80.0,-80.0,-80.0,-80.0,-80.0,-80.0,-80.0,-80.0,-80.0,-80.0,-80.0,-80.0,-80.0,-80.0,-80.0,-80.0,-80.0,-80.0,-80.0,-80.0,-80.0,-80.0,-80.0,-80.0,-80.0,-80.0,-80.0,-80.0,-80.0,-80.0,-80.0,-80.0,-80.0,-80.0,-80.0,-80.0,-80.0,-80.0,-80.0,-80.0,-80.0,-80.0,-80.0,-80.0,-80.0,-67.3494,-57.356937,-54.298233,-55.320335,-62.543858,-66.08199,-66.26742,-63.365753,-66.95622,-72.87215,-69.721405,-69.99737,-73.18698,-71.82306,-70.20601,-69.68189,-68.71173,-71.58001,-70.964645,-70.790245,-69.93109,-72.10274,-74.05875,-74.29173,-76.52681,-78.992294,-78.13196,-74.70277,-78.50499,-80.0,-78.14547,-75.124535,-76.378265,-75.62981,-79.0236,-80.0,-80.0,-80.0,-79.31937,-80.0,-80.0,-80.0,-80.0,-80.0,-80.0,-80.0,-80.0,-80.0,-80.0,-80.0,-80.0,-80.0,-80.0,-80.0,-80.0,-80.0,-80.0,-80.0,-80.0,-80.0,-80.0,-80.0,-80.0,-80.0,-80.0,-80.0,-80.0,-80.0,-80.0,-80.0,-80.0,-80.0,-80.0,-80.0,-80.0,-80.0,-80.0,-80.0,-80.0,-80.0,-80.0,-80.0,-80.0,-80.0,-80.0,-80.0,-80.0,-80.0,-80.0,-80.0,-80.0,-80.0,-80.0,-80.0,-80.0,-80.0,-80.0,-80.0,-80.0,-80.0,-80.0,-80.0,-80.0,-80.0,-80.0,-80.0,-80.0,-80.0,-80.0,-80.0,-80.0,-80.0,-80.0,-80.0,-80.0,-80.0,-80.0,-80.0,-80.0,-80.0,-80.0,-80.0,-80.0,-80.0,-80.0,-80.0,-80.0,-80.0,-80.0,-80.0,-80.0,-80.0,-80.0,-80.0,-80.0,-80.0,-80.0,-80.0,-80.0,-80.0,-80.0,-80.0,-80.0,-80.0,-80.0,-80.0,-80.0,-80.0,-80.0,-80.0,-80.0,-80.0,-80.0,-80.0,-80.0,-80.0,-80.0,-80.0,-80.0,-80.0,-80.0,-80.0,-80.0,-80.0,-80.0,-80.0,-80.0,-80.0,-80.0,-80.0,-80.0,-80.0,-80.0,-80.0,-80.0,-80.0,-80.0,-80.0,-80.0,-80.0,-80.0,-80.0,-80.0,-80.0,-80.0,-80.0,-80.0,-80.0,-80.0,-80.0,-80.0,-80.0,-80.0,-80.0,-80.0,-80.0,-80.0,-80.0,-80.0,-80.0,-80.0,-80.0,-80.0,-80.0,-80.0,-80.0,-80.0,-80.0,-80.0,-80.0,-80.0,-80.0,-80.0,-80.0,-80.0,-80.0,-80.0,-80.0,-80.0,-80.0,-80.0,-80.0,-80.0,-80.0,-80.0,-80.0,-80.0,-80.0,-80.0,-80.0,-80.0,-80.0,-80.0,-80.0,-80.0,-80.0,-80.0,-80.0,-80.0,-80.0,-80.0,-80.0,-80.0,-80.0,-80.0,-80.0,-80.0,-80.0,-80.0,-80.0,-80.0,-80.0,-80.0,-80.0,-80.0,-80.0,-80.0,-80.0,-80.0,-80.0,-80.0,-80.0,-80.0,-80.0,-80.0,-80.0,-80.0,-80.0,-80.0,-80.0,-80.0,-80.0,-80.0,-80.0,-80.0,-80.0,-80.0,-80.0,-80.0,-80.0,-80.0,-80.0,-80.0,-80.0,-80.0,-80.0,-80.0,-80.0,-80.0,-80.0,-80.0,-80.0,-80.0,-80.0,-80.0,-80.0,-80.0,-80.0,-80.0,-80.0,-80.0,-80.0,-80.0,-80.0,-80.0,-80.0,-80.0,-80.0,-80.0,-80.0,-80.0,-80.0,-80.0,-80.0,-80.0,-80.0,-80.0,-80.0,-80.0,-80.0,-80.0,-80.0,-80.0,-80.0
-52.74466,-54.004486,-56.269054,-61.01106,-61.70529,-63.380424,-67.66672,-71.07382,-68.372025,-67.60109,-69.60664,-68.017,-68.87137,-67.225204,-70.04353,-72.910645,-72.72206,-72.7012,-70.44038,-72.51523,-73.00746,-71.561325,-72.85637,-74.92677,-72.26898,-73.11642,-74.56174,-73.36529,-74.35688,-74.89679,-74.39865,-74.99327,-77.840576,-80.0,-80.0,-80.0,-79.27102,-76.01685,-77.94543,-79.93031,-79.74457,-80.0,-79.62125,-80.0,-80.0,-80.0,-80.0,-80.0,-80.0,-80.0,-80.0,-80.0,-80.0,-80.0,-80.0,-80.0,-80.0,-80.0,-80.0,-80.0,-80.0,-80.0,-80.0,-80.0,-80.0,-80.0,-80.0,-80.0,-80.0,-80.0,-80.0,-80.0,-80.0,-80.0,-80.0,-80.0,-80.0,-80.0,-80.0,-80.0,-80.0,-80.0,-80.0,-80.0,-80.0,-80.0,-80.0,-80.0,-80.0,-68.03862,-59.844746,-59.69814,-60.544807,-64.31588,-65.82019,-66.721306,-63.573563,-64.515114,-70.987816,-70.79439,-70.299965,-73.99758,-71.78393,-72.79628,-71.25977,-70.233215,-71.378265,-69.891525,-70.252686,-73.38516,-73.72514,-75.26613,-74.7684,-78.38562,-79.26825,-77.062614,-75.88227,-77.982185,-77.57796,-77.35579,-77.408325,-78.35161,-78.497345,-77.26233,-80.0,-80.0,-80.0,-80.0,-80.0,-80.0,-80.0,-80.0,-80.0,-80.0,-80.0,-80.0,-80.0,-80.0,-80.0,-80.0,-80.0,-80.0,-80.0,-80.0,-80.0,-80.0,-80.0,-80.0,-80.0,-80.0,-80.0,-80.0,-80.0,-80.0,-80.0,-80.0,-80.0,-80.0,-80.0,-80.0,-80.0,-80.0,-80.0,-80.0,-80.0,-80.0,-80.0,-80.0,-80.0,-80.0,-80.0,-80.0,-80.0,-80.0,-80.0,-80.0,-80.0,-80.0,-80.0,-80.0,-80.0,-80.0,-80.0,-80.0,-80.0,-80.0,-80.0,-80.0,-80.0,-80.0,-80.0,-80.0,-80.0,-80.0,-80.0,-80.0,-80.0,-80.0,-80.0,-80.0,-80.0,-80.0,-80.0,-80.0,-80.0,-80.0,-80.0,-80.0,-80.0,-80.0,-80.0,-80.0,-80.0,-80.0,-80.0,-80.0,-80.0,-80.0,-80.0,-80.0,-80.0,-80.0,-80.0,-80.0,-80.0,-80.0,-80.0,-80.0,-80.0,-80.0,-80.0,-80.0,-80.0,-80.0,-80.0,-80.0,-80.0,-80.0,-80.0,-80.0,-80.0,-80.0,-80.0,-80.0,-80.0,-80.0,-80.0,-80.0,-80.0,-80.0,-80.0,-80.0,-80.0,-80.0,-80.0,-80.0,-80.0,-80.0,-80.0,-80.0,-80.0,-80.0,-80.0,-80.0,-80.0,-80.0,-80.0,-80.0,-80.0,-80.0,-80.0,-80.0,-80.0,-80.0,-80.0,-80.0,-80.0,-80.0,-80.0,-80.0,-80.0,-80.0,-80.0,-80.0,-80.0,-80.0,-80.0,-80.0,-80.0,-80.0,-80.0,-80.0,-80.0,-80.0,-80.0,-80.0,-80.0,-80.0,-80.0,-80.0,-80.0,-80.0,-80.0,-80.0,-80.0,-80.0,-80.0,-80.0,-80.0,-80.0,-80.0,-80.0,-80.0,-80.0,-80.0,-80.0,-80.0,-80.0,-80.0,-80.0,-80.0,-80.0,-80.0,-80.0,-80.0,-80.0,-80.0,-80.0,-80.0,-80.0,-80.0,-80.0,-80.0,-80.0,-80.0,-80.0,-80.0,-80.0,-80.0,-80.0,-80.0,-80.0,-80.0,-80.0,-80.0,-80.0,-80.0,-80.0,-80.0,-80.0,-80.0,-80.0,-80.0,-80.0,-80.0,-80.0,-80.0,-80.0,-80.0,-80.0,-80.0,-80.0,-80.0,-80.0,-80.0,-80.0,-80.0,-80.0,-80.0,-80.0,-80.0,-80.0,-80.0,-80.0,-80.0,-80.0,-80.0,-80.0,-80.0,-80.0,-80.0,-80.0,-80.0,-80.0,-80.0,-80.0,-80.0,-80.0,-80.0,-80.0,-80.0,-80.0,-80.0,-80.0,-80.0,-80.0,-80.0,-80.0,-80.0,-80.0,-80.0,-80.0,-80.0,-80.0,-80.0,-80.0,-80.0,-80.0,-80.0,-80.0,-80.0,-80.0,-80.0
-53.675034,-54.62378,-57.185158,-62.415718,-64.37096,-65.79306,-69.87149,-69.45435,-63.10857,-63.298725,-66.352875,-68.232666,-70.95895,-73.60278,-75.81569,-76.51227,-76.81981,-74.33057,-72.74394,-74.031166,-72.402435,-73.30558,-75.3896,-77.221725,-73.61806,-74.77583,-75.9194,-78.40758,-76.823524,-77.733536,-80.0,-80.0,-80.0,-80.0,-80.0,-79.19764,-79.85019,-78.367485,-80.0,-80.0,-80.0,-80.0,-80.0,-80.0,-80.0,-80.0,-80.0,-80.0,-80.0,-80.0,-80.0,-80.0,-80.0,-80.0,-80.0,-80.0,-80.0,-80.0,-80.0,-80.0,-80.0,-80.0,-80.0,-80.0,-80.0,-80.0,-80.0,-80.0,-80.0,-80.0,-80.0,-80.0,-80.0,-80.0,-80.0,-80.0,-80.0,-80.0,-80.0,-80.0,-80.0,-80.0,-80.0,-80.0,-80.0,-80.0,-80.0,-80.0,-80.0,-68.76781,-59.07978,-59.17692,-62.249847,-64.66143,-63.63247,-65.87239,-65.35643,-63.97161,-68.77769,-74.09067,-78.20044,-73.97307,-69.56998,-69.879265,-70.350174,-69.460175,-67.39691,-67.37363,-67.25541,-72.66121,-72.026215,-73.81114,-73.391266,-73.66269,-74.68004,-76.41942,-75.04837,-80.0,-80.0,-79.71733,-80.0,-80.0,-80.0,-80.0,-80.0,-80.0,-80.0,-80.0,-80.0,-80.0,-79.43756,-80.0,-80.0,-80.0,-80.0,-80.0,-80.0,-80.0,-80.0,-80.0,-80.0,-80.0,-80.0,-80.0,-80.0,-80.0,-80.0,-80.0,-80.0,-80.0,-80.0,-80.0,-80.0,-80.0,-80.0,-80.0,-80.0,-80.0,-80.0,-80.0,-80.0,-80.0,-80.0,-80.0,-80.0,-80.0,-80.0,-80.0,-80.0,-80.0,-80.0,-80.0,-80.0,-80.0,-80.0,-80.0,-80.0,-80.0,-80.0,-80.0,-80.0,-80.0,-80.0,-80.0,-80.0,-80.0,-80.0,-80.0,-80.0,-80.0,-80.0,-80.0,-80.0,-80.0,-80.0,-80.0,-80.0,-80.0,-80.0,-80.0,-80.0,-80.0,-80.0,-80.0,-80.0,-80.0,-80.0,-80.0,-80.0,-80.0,-80.0,-80.0,-80.0,-80.0,-80.0,-80.0,-80.0,-80.0,-80.0,-80.0,-80.0,-80.0,-80.0,-80.0,-80.0,-80.0,-80.0,-80.0,-80.0,-80.0,-80.0,-80.0,-80.0,-80.0,-80.0,-80.0,-80.0,-80.0,-80.0,-80.0,-80.0,-80.0,-80.0,-80.0,-80.0,-80.0,-80.0,-80.0,-80.0,-80.0,-80.0,-80.0,-80.0,-80.0,-80.0,-80.0,-80.0,-80.0,-80.0,-80.0,-80.0,-80.0,-80.0,-80.0,-80.0,-80.0,-80.0,-80.0,-80.0,-80.0,-80.0,-80.0,-80.0,-80.0,-80.0,-80.0,-80.0,-80.0,-80.0,-80.0,-80.0,-80.0,-80.0,-80.0,-80.0,-80.0,-80.0,-80.0,-80.0,-80.0,-80.0,-80.0,-80.0,-80.0,-80.0,-80.0,-80.0,-80.0,-80.0,-80.0,-80.0,-80.0,-80.0,-80.0,-80.0,-80.0,-80.0,-80.0,-80.0,-80.0,-80.0,-80.0,-80.0,-80.0,-80.0,-80.0,-80.0,-80.0,-80.0,-80.0,-80.0,-80.0,-80.0,-80.0,-80.0,-80.0,-80.0,-80.0,-80.0,-80.0,-80.0,-80.0,-80.0,-80.0,-80.0,-80.0,-80.0,-80.0,-80.0,-80.0,-80.0,-80.0,-80.0,-80.0,-80.0,-80.0,-80.0,-80.0,-80.0,-80.0,-80.0,-80.0,-80.0,-80.0,-80.0,-80.0,-80.0,-80.0,-80.0,-80.0,-80.0,-80.0,-80.0,-80.0,-80.0,-80.0,-80.0,-80.0,-80.0,-80.0,-80.0,-80.0,-80.0,-80.0,-80.0,-80.0,-80.0,-80.0,-80.0,-80.0,-80.0,-80.0,-80.0,-80.0,-80.0,-80.0,-80.0,-80.0,-80.0,-80.0,-80.0,-80.0,-80.0,-80.0,-80.0,-80.0,-80.0,-80.0,-80.0,-80.0,-80.0,-80.0,-80.0,-80.0,-80.0,-80.0,-80.0,-80.0,-80.0,-80.0,-80.0,-80.0,-80.0
-50.451714,-51.173027,-55.70204,-60.451225,-64.71428,-68.526505,-69.733,-66.39079,-63.964756,-63.65024,-64.81146,-67.73152,-69.86911,-69.06879,-67.52452,-70.01146,-70.08,-70.93544,-73.30574,-71.46275,-71.08873,-72.06951,-74.41758,-73.777695,-75.82437,-77.32916,-73.2026,-73.23169,-79.116325,-80.0,-79.859924,-78.90718,-79.22479,-80.0,-77.05917,-78.69623,-79.64646,-80.0,-80.0,-80.0,-80.0,-80.0,-80.0,-80.0,-80.0,-80.0,-80.0,-80.0,-80.0,-80.0,-80.0,-80.0,-80.0,-80.0,-80.0,-80.0,-80.0,-80.0,-80.0,-80.0,-80.0,-80.0,-80.0,-80.0,-80.0,-80.0,-80.0,-80.0,-80.0,-80.0,-80.0,-80.0,-80.0,-80.0,-80.0,-80.0,-80.0,-80.0,-80.0,-80.0,-80.0,-80.0,-80.0,-80.0,-80.0,-80.0,-80.0,-80.0,-80.0,-72.3625,-60.930702,-56.276543,-58.841965,-61.866936,-65.884155,-69.433624,-68.38631,-66.332794,-68.48581,-70.41261,-69.12451,-67.57245,-69.93012,-72.1528,-72.009476,-70.87727,-69.87319,-73.735916,-74.80356,-76.91933,-73.76094,-75.4792,-75.232025,-74.91196,-79.21799,-80.0,-80.0,-80.0,-80.0,-78.35042,-78.3419,-80.0,-80.0,-80.0,-80.0,-80.0,-80.0,-80.0,-80.0,-80.0,-80.0,-80.0,-80.0,-80.0,-80.0,-80.0,-80.0,-80.0,-80.0,-80.0,-80.0,-80.0,-80.0,-80.0,-80.0,-80.0,-80.0,-80.0,-80.0,-80.0,-80.0,-80.0,-80.0,-80.0,-80.0,-80.0,-80.0,-80.0,-80.0,-80.0,-80.0,-80.0,-80.0,-80.0,-80.0,-80.0,-80.0,-80.0,-80.0,-80.0,-80.0,-80.0,-80.0,-80.0,-80.0,-80.0,-80.0,-80.0,-80.0,-80.0,-80.0,-80.0,-80.0,-80.0,-80.0,-80.0,-80.0,-80.0,-80.0,-80.0,-80.0,-80.0,-80.0,-80.0,-80.0,-80.0,-80.0,-80.0,-80.0,-80.0,-80.0,-80.0,-80.0,-80.0,-80.0,-80.0,-80.0,-80.0,-80.0,-80.0,-80.0,-80.0,-80.0,-80.0,-80.0,-80.0,-80.0,-80.0,-80.0,-80.0,-80.0,-80.0,-80.0,-80.0,-80.0,-80.0,-80.0,-80.0,-80.0,-80.0,-80.0,-80.0,-80.0,-80.0,-80.0,-80.0,-80.0,-80.0,-80.0,-80.0,-80.0,-80.0,-80.0,-80.0,-80.0,-80.0,-80.0,-80.0,-80.0,-80.0,-80.0,-80.0,-80.0,-80.0,-80.0,-80.0,-80.0,-80.0,-80.0,-80.0,-80.0,-80.0,-80.0,-80.0,-80.0,-80.0,-80.0,-80.0,-80.0,-80.0,-80.0,-80.0,-80.0,-80.0,-80.0,-80.0,-80.0,-80.0,-80.0,-80.0,-80.0,-80.0,-80.0,-80.0,-80.0,-80.0,-80.0,-80.0,-80.0,-80.0,-80.0,-80.0,-80.0,-80.0,-80.0,-80.0,-80.0,-80.0,-80.0,-80.0,-80.0,-80.0,-80.0,-80.0,-80.0,-80.0,-80.0,-80.0,-80.0,-80.0,-80.0,-80.0,-80.0,-80.0,-80.0,-80.0,-80.0,-80.0,-80.0,-80.0,-80.0,-80.0,-80.0,-80.0,-80.0,-80.0,-80.0,-80.0,-80.0,-80.0,-80.0,-80.0,-80.0,-80.0,-80.0,-80.0,-80.0,-80.0,-80.0,-80.0,-80.0,-80.0,-80.0,-80.0,-80.0,-80.0,-80.0,-80.0,-80.0,-80.0,-80.0,-80.0,-80.0,-80.0,-80.0,-80.0,-80.0,-80.0,-80.0,-80.0,-80.0,-80.0,-80.0,-80.0,-80.0,-80.0,-80.0,-80.0,-80.0,-80.0,-80.0,-80.0,-80.0,-80.0,-80.0,-80.0,-80.0,-80.0,-80.0,-80.0,-80.0,-80.0,-80.0,-80.0,-80.0,-80.0,-80.0,-80.0,-80.0,-80.0,-80.0,-80.0,-80.0,-80.0,-80.0,-80.0,-80.0,-80.0,-80.0,-80.0,-80.0,-80.0,-80.0,-80.0,-80.0,-80.0,-80.0,-80.0,-80.0,-80.0,-80.0,-80.0,-80.0
-49.4546,-48.490494,-53.5666,-57.920147,-64.48491,-66.1989,-65.3858,-66.14405,-67.9784,-69.91585,-70.04956,-73.62841,-71.82519,-69.59501,-68.23013,-67.819534,-70.21389,-72.74065,-72.34444,-72.37736,-73.58409,-75.947464,-75.803925,-76.48539,-76.353546,-77.562485,-78.80617,-77.27333,-78.95648,-80.0,-80.0,-80.0,-80.0,-79.55733,-79.86056,-80.0,-79.774414,-79.44458,-80.0,-80.0,-80.0,-80.0,-80.0,-80.0,-80.0,-80.0,-80.0,-80.0,-80.0,-80.0,-80.0,-80.0,-80.0,-80.0,-80.0,-80.0,-80.0,-80.0,-80.0,-80.0,-80.0,-80.0,-80.0,-80.0,-80.0,-80.0,-80.0,-80.0,-80.0,-80.0,-80.0,-80.0,-80.0,-80.0,-80.0,-80.0,-80.0,-80.0,-80.0,-80.0,-80.0,-80.0,-80.0,-80.0,-80.0,-80.0,-80.0,-80.0,-80.0,-74.15007,-65.62889,-58.533615,-57.13468,-60.80608,-68.14748,-69.071014,-67.35033,-68.44339,-68.72606,-69.90132,-73.36278,-73.77844,-72.33144,-73.466934,-72.4446,-73.378296,-71.03229,-71.72418,-75.31636,-77.05513,-76.85521,-77.56676,-75.25652,-75.87549,-78.794426,-79.397675,-80.0,-80.0,-78.77224,-79.71896,-79.21513,-76.916565,-76.95954,-80.0,-80.0,-80.0,-80.0,-80.0,-80.0,-80.0,-80.0,-80.0,-80.0,-80.0,-80.0,-80.0,-80.0,-80.0,-80.0,-80.0,-80.0,-80.0,-80.0,-80.0,-80.0,-80.0,-80.0,-80.0,-80.0,-80.0,-80.0,-80.0,-80.0,-80.0,-80.0,-80.0,-80.0,-80.0,-80.0,-80.0,-80.0,-80.0,-80.0,-80.0,-80.0,-80.0,-80.0,-80.0,-80.0,-80.0,-80.0,-80.0,-80.0,-80.0,-80.0,-80.0,-80.0,-80.0,-80.0,-80.0,-80.0,-80.0,-80.0,-80.0,-80.0,-80.0,-80.0,-80.0,-80.0,-80.0,-80.0,-80.0,-80.0,-80.0,-80.0,-80.0,-80.0,-80.0,-80.0,-80.0,-80.0,-80.0,-80.0,-80.0,-80.0,-80.0,-80.0,-80.0,-80.0,-80.0,-80.0,-80.0,-80.0,-80.0,-80.0,-80.0,-80.0,-80.0,-80.0,-80.0,-80.0,-80.0,-80.0,-80.0,-80.0,-80.0,-80.0,-80.0,-80.0,-80.0,-80.0,-80.0,-80.0,-80.0,-80.0,-80.0,-80.0,-80.0,-80.0,-80.0,-80.0,-80.0,-80.0,-80.0,-80.0,-80.0,-80.0,-80.0,-80.0,-80.0,-80.0,-80.0,-80.0,-80.0,-80.0,-80.0,-80.0,-80.0,-80.0,-80.0,-80.0,-80.0,-80.0,-80.0,-80.0,-80.0,-80.0,-80.0,-80.0,-80.0,-80.0,-80.0,-80.0,-80.0,-80.0,-80.0,-80.0,-80.0,-80.0,-80.0,-80.0,-80.0,-80.0,-80.0,-80.0,-80.0,-80.0,-80.0,-80.0,-80.0,-80.0,-80.0,-80.0,-80.0,-80.0,-80.0,-80.0,-80.0,-80.0,-80.0,-80.0,-80.0,-80.0,-80.0,-80.0,-80.0,-80.0,-80.0,-80.0,-80.0,-80.0,-80.0,-80.0,-80.0,-80.0,-80.0,-80.0,-80.0,-80.0,-80.0,-80.0,-80.0,-80.0,-80.0,-80.0,-80.0,-80.0,-80.0,-80.0,-80.0,-80.0,-80.0,-80.0,-80.0,-80.0,-80.0,-80.0,-80.0,-80.0,-80.0,-80.0,-80.0,-80.0,-80.0,-80.0,-80.0,-80.0,-80.0,-80.0,-80.0,-80.0,-80.0,-80.0,-80.0,-80.0,-80.0,-80.0,-80.0,-80.0,-80.0,-80.0,-80.0,-80.0,-80.0,-80.0,-80.0,-80.0,-80.0,-80.0,-80.0,-80.0,-80.0,-80.0,-80.0,-80.0,-80.0,-80.0,-80.0,-80.0,-80.0,-80.0,-80.0,-80.0,-80.0,-80.0,-80.0,-80.0,-80.0,-80.0,-80.0,-80.0,-80.0,-80.0,-80.0,-80.0,-80.0,-80.0,-80.0,-80.0,-80.0,-80.0,-80.0,-80.0,-80.0,-80.0,-80.0,-80.0,-80.0,-80.0,-80.0,-80.0,-80.0,-80.0
-55.739643,-52.432396,-53.679745,-57.290695,-59.487316,-62.605614,-63.625538,-65.60518,-64.18408,-65.69749,-70.30946,-72.98634,-73.340256,-74.87744,-72.220276,-74.4482,-72.896835,-68.96289,-68.222694,-68.91785,-72.27507,-75.61575,-78.89134,-80.0,-79.64588,-79.35501,-79.69359,-79.395966,-77.51402,-79.00427,-79.505585,-80.0,-80.0,-78.44736,-80.0,-80.0,-80.0,-80.0,-80.0,-80.0,-80.0,-80.0,-80.0,-80.0,-80.0,-80.0,-80.0,-80.0,-80.0,-80.0,-80.0,-80.0,-80.0,-80.0,-80.0,-80.0,-80.0,-80.0,-80.0,-80.0,-80.0,-80.0,-80.0,-80.0,-80.0,-80.0,-80.0,-80.0,-80.0,-80.0,-80.0,-80.0,-80.0,-80.0,-80.0,-80.0,-80.0,-80.0,-80.0,-80.0,-80.0,-80.0,-80.0,-80.0,-80.0,-80.0,-80.0,-80.0,-80.0,-71.7117,-63.01667,-64.01002,-65.09934,-67.227295,-71.286316,-70.4539,-67.512436,-70.22064,-71.97014,-72.280594,-72.86342,-77.63014,-74.89824,-72.360954,-73.413574,-76.80948,-75.079895,-75.9433,-80.0,-77.348755,-76.97221,-80.0,-80.0,-80.0,-79.963104,-80.0,-80.0,-80.0,-80.0,-80.0,-80.0,-80.0,-80.0,-80.0,-80.0,-80.0,-80.0,-80.0,-80.0,-80.0,-80.0,-80.0,-80.0,-80.0,-80.0,-80.0,-80.0,-80.0,-80.0,-80.0,-80.0,-80.0,-80.0,-80.0,-80.0,-80.0,-80.0,-80.0,-80.0,-80.0,-80.0,-80.0,-80.0,-80.0,-80.0,-80.0,-80.0,-80.0,-80.0,-80.0,-80.0,-80.0,-80.0,-80.0,-80.0,-80.0,-80.0,-80.0,-80.0,-80.0,-80.0,-80.0,-80.0,-80.0,-80.0,-80.0,-80.0,-80.0,-80.0,-80.0,-80.0,-80.0,-80.0,-80.0,-80.0,-80.0,-80.0,-80.0,-80.0,-80.0,-80.0,-80.0,-80.0,-80.0,-80.0,-80.0,-80.0,-80.0,-80.0,-80.0,-80.0,-80.0,-80.0,-80.0,-80.0,-80.0,-80.0,-80.0,-80.0,-80.0,-80.0,-80.0,-80.0,-80.0,-80.0,-80.0,-80.0,-80.0,-80.0,-80.0,-80.0,-80.0,-80.0,-80.0,-80.0,-80.0,-80.0,-80.0,-80.0,-80.0,-80.0,-80.0,-80.0,-80.0,-80.0,-80.0,-80.0,-80.0,-80.0,-80.0,-80.0,-80.0,-80.0,-80.0,-80.0,-80.0,-80.0,-80.0,-80.0,-80.0,-80.0,-80.0,-80.0,-80.0,-80.0,-80.0,-80.0,-80.0,-80.0,-80.0,-80.0,-80.0,-80.0,-80.0,-80.0,-80.0,-80.0,-80.0,-80.0,-80.0,-80.0,-80.0,-80.0,-80.0,-80.0,-80.0,-80.0,-80.0,-80.0,-80.0,-80.0,-80.0,-80.0,-80.0,-80.0,-80.0,-80.0,-80.0,-80.0,-80.0,-80.0,-80.0,-80.0,-80.0,-80.0,-80.0,-80.0,-80.0,-80.0,-80.0,-80.0,-80.0,-80.0,-80.0,-80.0,-80.0,-80.0,-80.0,-80.0,-80.0,-80.0,-80.0,-80.0,-80.0,-80.0,-80.0,-80.0,-80.0,-80.0,-80.0,-80.0,-80.0,-80.0,-80.0,-80.0,-80.0,-80.0,-80.0,-80.0,-80.0,-80.0,-80.0,-80.0,-80.0,-80.0,-80.0,-80.0,-80.0,-80.0,-80.0,-80.0,-80.0,-80.0,-80.0,-80.0,-80.0,-80.0,-80.0,-80.0,-80.0,-80.0,-80.0,-80.0,-80.0,-80.0,-80.0,-80.0,-80.0,-80.0,-80.0,-80.0,-80.0,-80.0,-80.0,-80.0,-80.0,-80.0,-80.0,-80.0,-80.0,-80.0,-80.0,-80.0,-80.0,-80.0,-80.0,-80.0,-80.0,-80.0,-80.0,-80.0,-80.0,-80.0,-80.0,-80.0,-80.0,-80.0,-80.0,-80.0,-80.0,-80.0,-80.0,-80.0,-80.0,-80.0,-80.0,-80.0,-80.0,-80.0,-80.0,-80.0,-80.0,-80.0,-80.0,-80.0,-80.0,-80.0,-80.0,-80.0,-80.0,-80.0,-80.0,-80.0
-55.27374,-55.96823,-59.654266,-62.955223,-61.02095,-62.164017,-64.23421,-67.75707,-64.141525,-63.558487,-66.51001,-68.49844,-73.028915,-73.65933,-70.91609,-71.17198,-72.80595,-70.035576,-70.870865,-70.69336,-72.74264,-73.73551,-75.363434,-79.731674,-76.323395,-76.43201,-80.0,-80.0,-76.73595,-76.914154,-80.0,-77.69242,-80.0,-80.0,-80.0,-80.0,-80.0,-80.0,-80.0,-80.0,-80.0,-80.0,-80.0,-80.0,-80.0,-80.0,-80.0,-80.0,-80.0,-80.0,-80.0,-80.0,-80.0,-80.0,-80.0,-80.0,-80.0,-80.0,-80.0,-80.0,-80.0,-80.0,-80.0,-80.0,-80.0,-80.0,-80.0,-80.0,-80.0,-80.0,-80.0,-80.0,-80.0,-80.0,-80.0,-80.0,-80.0,-80.0,-80.0,-80.0,-80.0,-80.0,-80.0,-80.0,-80.0,-80.0,-80.0,-80.0,-80.0,-72.36757,-64.31288,-64.16467,-66.32468,-66.463425,-65.07213,-68.26091,-68.16641,-73.65689,-76.36214,-72.10135,-69.66806,-74.274506,-73.05504,-70.321365,-71.45081,-72.07586,-70.65195,-72.61337,-76.6319,-74.0262,-73.530045,-80.0,-77.84638,-79.41698,-80.0,-80.0,-80.0,-80.0,-80.0,-80.0,-80.0,-80.0,-80.0,-80.0,-80.0,-80.0,-80.0,-80.0,-80.0,-80.0,-80.0,-80.0,-80.0,-80.0,-80.0,-80.0,-80.0,-80.0,-80.0,-80.0,-80.0,-80.0,-80.0,-80.0,-80.0,-80.0,-80.0,-80.0,-80.0,-80.0,-80.0,-80.0,-80.0,-80.0,-80.0,-80.0,-80.0,-80.0,-80.0,-80.0,-80.0,-80.0,-80.0,-80.0,-80.0,-80.0,-80.0,-80.0,-80.0,-80.0,-80.0,-80.0,-80.0,-80.0,-80.0,-80.0,-80.0,-80.0,-80.0,-80.0,-80.0,-80.0,-80.0,-80.0,-80.0,-80.0,-80.0,-80.0,-80.0,-80.0,-80.0,-80.0,-80.0,-80.0,-80.0,-80.0,-80.0,-80.0,-80.0,-80.0,-80.0,-80.0,-80.0,-80.0,-80.0,-80.0,-80.0,-80.0,-80.0,-80.0,-80.0,-80.0,-80.0,-80.0,-80.0,-80.0,-80.0,-80.0,-80.0,-80.0,-80.0,-80.0,-80.0,-80.0,-80.0,-80.0,-80.0,-80.0,-80.0,-80.0,-80.0,-80.0,-80.0,-80.0,-80.0,-80.0,-80.0,-80.0,-80.0,-80.0,-80.0,-80.0,-80.0,-80.0,-80.0,-80.0,-80.0,-80.0,-80.0,-80.0,-80.0,-80.0,-80.0,-80.0,-80.0,-80.0,-80.0,-80.0,-80.0,-80.0,-80.0,-80.0,-80.0,-80.0,-80.0,-80.0,-80.0,-80.0,-80.0,-80.0,-80.0,-80.0,-80.0,-80.0,-80.0,-80.0,-80.0,-80.0,-80.0,-80.0,-80.0,-80.0,-80.0,-80.0,-80.0,-80.0,-80.0,-80.0,-80.0,-80.0,-80.0,-80.0,-80.0,-80.0,-80.0,-80.0,-80.0,-80.0,-80.0,-80.0,-80.0,-80.0,-80.0,-80.0,-80.0,-80.0,-80.0,-80.0,-80.0,-80.0,-80.0,-80.0,-80.0,-80.0,-80.0,-80.0,-80.0,-80.0,-80.0,-80.0,-80.0,-80.0,-80.0,-80.0,-80.0,-80.0,-80.0,-80.0,-80.0,-80.0,-80.0,-80.0,-80.0,-80.0,-80.0,-80.0,-80.0,-80.0,-80.0,-80.0,-80.0,-80.0,-80.0,-80.0,-80.0,-80.0,-80.0,-80.0,-80.0,-80.0,-80.0,-80.0,-80.0,-80.0,-80.0,-80.0,-80.0,-80.0,-80.0,-80.0,-80.0,-80.0,-80.0,-80.0,-80.0,-80.0,-80.0,-80.0,-80.0,-80.0,-80.0,-80.0,-80.0,-80.0,-80.0,-80.0,-80.0,-80.0,-80.0,-80.0,-80.0,-80.0,-80.0,-80.0,-80.0,-80.0,-80.0,-80.0,-80.0,-80.0,-80.0,-80.0,-80.0,-80.0,-80.0,-80.0,-80.0,-80.0,-80.0,-80.0,-80.0,-80.0,-80.0,-80.0,-80.0,-80.0,-80.0,-80.0,-80.0,-80.0,-80.0,-80.0,-80.0
-49.609295,-51.42549,-60.55406,-60.352192,-65.61145,-64.79132,-63.321995,-67.04434,-67.568375,-69.4478,-69.8127,-70.939156,-70.545975,-71.14958,-69.751175,-70.075806,-73.14522,-75.542725,-74.16652,-74.8338,-75.59387,-73.80345,-73.57408,-78.55554,-75.26484,-75.047844,-75.90825,-76.465,-74.94281,-77.81528,-79.12979,-78.50958,-79.67766,-80.0,-80.0,-80.0,-80.0,-80.0,-80.0,-80.0,-80.0,-80.0,-80.0,-80.0,-80.0,-80.0,-80.0,-80.0,-80.0,-80.0,-80.0,-80.0,-80.0,-80.0,-80.0,-80.0,-80.0,-80.0,-80.0,-80.0,-80.0,-80.0,-80.0,-80.0,-80.0,-80.0,-80.0,-80.0,-80.0,-80.0,-80.0,-80.0,-80.0,-80.0,-80.0,-80.0,-80.0,-80.0,-80.0,-80.0,-80.0,-80.0,-80.0,-80.0,-80.0,-80.0,-80.0,-80.0,-80.0,-70.01523,-60.625,-59.706223,-61.351196,-68.023476,-66.404434,-65.20203,-65.14443,-69.05649,-70.03493,-68.43829,-69.39628,-72.34959,-71.045425,-70.40297,-72.622574,-74.470795,-75.74755,-75.2618,-69.588715,-69.53648,-70.69852,-72.78137,-71.531,-75.888565,-73.83059,-72.73443,-76.8022,-77.933334,-73.93486,-75.576385,-80.0,-80.0,-78.41849,-79.20685,-80.0,-80.0,-78.39839,-80.0,-80.0,-80.0,-80.0,-80.0,-80.0,-80.0,-80.0,-80.0,-80.0,-80.0,-80.0,-80.0,-80.0,-80.0,-80.0,-80.0,-80.0,-80.0,-80.0,-80.0,-80.0,-80.0,-80.0,-80.0,-80.0,-80.0,-80.0,-80.0,-80.0,-80.0,-80.0,-80.0,-80.0,-80.0,-80.0,-80.0,-80.0,-80.0,-80.0,-80.0,-80.0,-80.0,-80.0,-80.0,-80.0,-80.0,-80.0,-80.0,-80.0,-80.0,-80.0,-80.0,-80.0,-80.0,-80.0,-80.0,-80.0,-80.0,-80.0,-80.0,-80.0,-80.0,-80.0,-80.0,-80.0,-80.0,-80.0,-80.0,-80.0,-80.0,-80.0,-80.0,-80.0,-80.0,-80.0,-80.0,-80.0,-80.0,-80.0,-80.0,-80.0,-80.0,-80.0,-80.0,-80.0,-80.0,-80.0,-80.0,-80.0,-80.0,-80.0,-80.0,-80.0,-80.0,-80.0,-80.0,-80.0,-80.0,-80.0,-80.0,-80.0,-80.0,-80.0,-80.0,-80.0,-80.0,-80.0,-80.0,-80.0,-80.0,-80.0,-80.0,-80.0,-80.0,-80.0,-80.0,-80.0,-80.0,-80.0,-80.0,-80.0,-80.0,-80.0,-80.0,-80.0,-80.0,-80.0,-80.0,-80.0,-80.0,-80.0,-80.0,-80.0,-80.0,-80.0,-80.0,-80.0,-80.0,-80.0,-80.0,-80.0,-80.0,-80.0,-80.0,-80.0,-80.0,-80.0,-80.0,-80.0,-80.0,-80.0,-80.0,-80.0,-80.0,-80.0,-80.0,-80.0,-80.0,-80.0,-80.0,-80.0,-80.0,-80.0,-80.0,-80.0,-80.0,-80.0,-80.0,-80.0,-80.0,-80.0,-80.0,-80.0,-80.0,-80.0,-80.0,-80.0,-80.0,-80.0,-80.0,-80.0,-80.0,-80.0,-80.0,-80.0,-80.0,-80.0,-80.0,-80.0,-80.0,-80.0,-80.0,-80.0,-80.0,-80.0,-80.0,-80.0,-80.0,-80.0,-80.0,-80.0,-80.0,-80.0,-80.0,-80.0,-80.0,-80.0,-80.0,-80.0,-80.0,-80.0,-80.0,-80.0,-80.0,-80.0,-80.0,-80.0,-80.0,-80.0,-80.0,-80.0,-80.0,-80.0,-80.0,-80.0,-80.0,-80.0,-80.0,-80.0,-80.0,-80.0,-80.0,-80.0,-80.0,-80.0,-80.0,-80.0,-80.0,-80.0,-80.0,-80.0,-80.0,-80.0,-80.0,-80.0,-80.0,-80.0,-80.0,-80.0,-80.0,-80.0,-80.0,-80.0,-80.0,-80.0,-80.0,-80.0,-80.0,-80.0,-80.0,-80.0,-80.0,-80.0,-80.0,-80.0,-80.0,-80.0,-80.0,-80.0,-80.0,-80.0,-80.0,-80.0,-80.0,-80.0,-80.0,-80.0,-80.0,-80.0,-80.0,-80.0,-80.0,-80.0,-80.0,-80.0
-49.852615,-51.703033,-58.09637,-59.678017,-65.14566,-72.27603,-68.2366,-68.59067,-70.765976,-69.21576,-66.89649,-66.595764,-69.37277,-74.08474,-69.89949,-67.72911,-70.37985,-68.54661,-68.819244,-72.53436,-77.14848,-76.26012,-76.554344,-75.74185,-78.82939,-80.0,-75.74011,-77.25188,-80.0,-79.0632,-80.0,-80.0,-79.27883,-79.90233,-80.0,-80.0,-80.0,-80.0,-80.0,-80.0,-80.0,-80.0,-80.0,-80.0,-80.0,-80.0,-80.0,-80.0,-80.0,-80.0,-80.0,-80.0,-80.0,-80.0,-80.0,-80.0,-80.0,-80.0,-80.0,-80.0,-80.0,-80.0,-80.0,-80.0,-80.0,-80.0,-80.0,-80.0,-80.0,-80.0,-80.0,-80.0,-80.0,-80.0,-80.0,-80.0,-80.0,-80.0,-80.0,-80.0,-80.0,-80.0,-80.0,-80.0,-80.0,-80.0,-80.0,-80.0,-80.0,-69.045494,-59.83504,-59.554005,-61.00528,-66.87117,-66.18173,-61.572563,-64.73781,-68.558044,-72.35051,-72.095474,-72.64117,-72.42566,-69.43788,-70.024475,-72.67445,-73.76509,-70.18654,-66.49338,-66.368546,-67.17325,-68.46387,-71.083206,-72.09819,-72.188934,-74.19823,-77.04007,-80.0,-79.49704,-75.90445,-73.93208,-74.506226,-75.811584,-79.52449,-78.022575,-77.787415,-80.0,-80.0,-77.87932,-80.0,-79.29544,-78.76967,-80.0,-80.0,-80.0,-80.0,-80.0,-80.0,-80.0,-80.0,-80.0,-80.0,-80.0,-80.0,-80.0,-80.0,-80.0,-80.0,-80.0,-80.0,-80.0,-80.0,-80.0,-80.0,-80.0,-80.0,-80.0,-80.0,-80.0,-80.0,-80.0,-80.0,-80.0,-80.0,-80.0,-80.0,-80.0,-80.0,-80.0,-80.0,-80.0,-80.0,-80.0,-80.0,-80.0,-80.0,-80.0,-80.0,-80.0,-80.0,-80.0,-80.0,-80.0,-80.0,-80.0,-80.0,-80.0,-80.0,-80.0,-80.0,-80.0,-80.0,-80.0,-80.0,-80.0,-80.0,-80.0,-80.0,-80.0,-80.0,-80.0,-80.0,-80.0,-80.0,-80.0,-80.0,-80.0,-80.0,-80.0,-80.0,-80.0,-80.0,-80.0,-80.0,-80.0,-80.0,-80.0,-80.0,-80.0,-80.0,-80.0,-80.0,-80.0,-80.0,-80.0,-80.0,-80.0,-80.0,-80.0,-80.0,-80.0,-80.0,-80.0,-80.0,-80.0,-80.0,-80.0,-80.0,-80.0,-80.0,-80.0,-80.0,-80.0,-80.0,-80.0,-80.0,-80.0,-80.0,-80.0,-80.0,-80.0,-80.0,-80.0,-80.0,-80.0,-80.0,-80.0,-80.0,-80.0,-80.0,-80.0,-80.0,-80.0,-80.0,-80.0,-80.0,-80.0,-80.0,-80.0,-80.0,-80.0,-80.0,-80.0,-80.0,-80.0,-80.0,-80.0,-80.0,-80.0,-80.0,-80.0,-80.0,-80.0,-80.0,-80.0,-80.0,-80.0,-80.0,-80.0,-80.0,-80.0,-80.0,-80.0,-80.0,-80.0,-80.0,-80.0,-80.0,-80.0,-80.0,-80.0,-80.0,-80.0,-80.0,-80.0,-80.0,-80.0,-80.0,-80.0,-80.0,-80.0,-80.0,-80.0,-80.0,-80.0,-80.0,-80.0,-80.0,-80.0,-80.0,-80.0,-80.0,-80.0,-80.0,-80.0,-80.0,-80.0,-80.0,-80.0,-80.0,-80.0,-80.0,-80.0,-80.0,-80.0,-80.0,-80.0,-80.0,-80.0,-80.0,-80.0,-80.0,-80.0,-80.0,-80.0,-80.0,-80.0,-80.0,-80.0,-80.0,-80.0,-80.0,-80.0,-80.0,-80.0,-80.0,-80.0,-80.0,-80.0,-80.0,-80.0,-80.0,-80.0,-80.0,-80.0,-80.0,-80.0,-80.0,-80.0,-80.0,-80.0,-80.0,-80.0,-80.0,-80.0,-80.0,-80.0,-80.0,-80.0,-80.0,-80.0,-80.0,-80.0,-80.0,-80.0,-80.0,-80.0,-80.0,-80.0,-80.0,-80.0,-80.0,-80.0,-80.0,-80.0,-80.0,-80.0,-80.0,-80.0,-80.0,-80.0,-80.0,-80.0,-80.0,-80.0,-80.0,-80.0,-80.0,-80.0,-80.0,-80.0,-80.0,-80.0,-80.0
-53.93364,-50.260624,-53.519005,-60.504784,-62.658737,-66.90022,-70.17082,-69.93291,-75.18088,-74.17377,-71.178024,-70.941986,-71.00722,-71.799805,-72.31797,-71.32572,-75.78465,-73.53348,-74.61602,-74.44553,-77.85742,-80.0,-80.0,-78.41334,-80.0,-80.0,-79.96273,-80.0,-79.893814,-79.88415,-80.0,-80.0,-80.0,-80.0,-80.0,-80.0,-80.0,-80.0,-80.0,-80.0,-80.0,-80.0,-80.0,-80.0,-80.0,-80.0,-80.0,-80.0,-80.0,-80.0,-80.0,-80.0,-80.0,-80.0,-80.0,-80.0,-80.0,-80.0,-80.0,-80.0,-80.0,-80.0,-80.0,-80.0,-80.0,-80.0,-80.0,-80.0,-80.0,-80.0,-80.0,-80.0,-80.0,-80.0,-80.0,-80.0,-80.0,-80.0,-80.0,-80.0,-80.0,-80.0,-80.0,-80.0,-80.0,-80.0,-80.0,-80.0,-80.0,-70.971985,-63.1666,-62.67922,-60.24496,-62.59234,-63.62964,-61.72647,-64.38438,-67.19362,-70.8494,-69.94708,-67.81787,-69.79422,-71.24971,-71.90333,-70.81301,-69.66776,-69.71753,-68.62517,-68.94031,-69.001724,-68.11821,-70.53536,-75.328255,-80.0,-79.24702,-78.515625,-78.28316,-77.90044,-77.27975,-77.04892,-78.19524,-80.0,-80.0,-80.0,-80.0,-79.81773,-80.0,-80.0,-80.0,-80.0,-80.0,-80.0,-80.0,-80.0,-80.0,-80.0,-80.0,-80.0,-80.0,-80.0,-80.0,-80.0,-80.0,-80.0,-80.0,-80.0,-80.0,-80.0,-80.0,-80.0,-80.0,-80.0,-80.0,-80.0,-80.0,-80.0,-80.0,-80.0,-80.0,-80.0,-80.0,-80.0,-80.0,-80.0,-80.0,-80.0,-80.0,-80.0,-80.0,-80.0,-80.0,-80.0,-80.0,-80.0,-80.0,-80.0,-80.0,-80.0,-80.0,-80.0,-80.0,-80.0,-80.0,-80.0,-80.0,-80.0,-80.0,-80.0,-80.0,-80.0,-80.0,-80.0,-80.0,-80.0,-80.0,-80.0,-80.0,-80.0,-80.0,-80.0,-80.0,-80.0,-80.0,-80.0,-80.0,-80.0,-80.0,-80.0,-80.0,-80.0,-80.0,-80.0,-80.0,-80.0,-80.0,-80.0,-80.0,-80.0,-80.0,-80.0,-80.0,-80.0,-80.0,-80.0,-80.0,-80.0,-80.0,-80.0,-80.0,-80.0,-80.0,-80.0,-80.0,-80.0,-80.0,-80.0,-80.0,-80.0,-80.0,-80.0,-80.0,-80.0,-80.0,-80.0,-80.0,-80.0,-80.0,-80.0,-80.0,-80.0,-80.0,-80.0,-80.0,-80.0,-80.0,-80.0,-80.0,-80.0,-80.0,-80.0,-80.0,-80.0,-80.0,-80.0,-80.0,-80.0,-80.0,-80.0,-80.0,-80.0,-80.0,-80.0,-80.0,-80.0,-80.0,-80.0,-80.0,-80.0,-80.0,-80.0,-80.0,-80.0,-80.0,-80.0,-80.0,-80.0,-80.0,-80.0,-80.0,-80.0,-80.0,-80.0,-80.0,-80.0,-80.0,-80.0,-80.0,-80.0,-80.0,-80.0,-80.0,-80.0,-80.0,-80.0,-80.0,-80.0,-80.0,-80.0,-80.0,-80.0,-80.0,-80.0,-80.0,-80.0,-80.0,-80.0,-80.0,-80.0,-80.0,-80.0,-80.0,-80.0,-80.0,-80.0,-80.0,-80.0,-80.0,-80.0,-80.0,-80.0,-80.0,-80.0,-80.0,-80.0,-80.0,-80.0,-80.0,-80.0,-80.0,-80.0,-80.0,-80.0,-80.0,-80.0,-80.0,-80.0,-80.0,-80.0,-80.0,-80.0,-80.0,-80.0,-80.0,-80.0,-80.0,-80.0,-80.0,-80.0,-80.0,-80.0,-80.0,-80.0,-80.0,-80.0,-80.0,-80.0,-80.0,-80.0,-80.0,-80.0,-80.0,-80.0,-80.0,-80.0,-80.0,-80.0,-80.0,-80.0,-80.0,-80.0,-80.0,-80.0,-80.0,-80.0,-80.0,-80.0,-80.0,-80.0,-80.0,-80.0,-80.0,-80.0,-80.0,-80.0,-80.0,-80.0,-80.0,-80.0,-80.0,-80.0,-80.0,-80.0,-80.0,-80.0,-80.0,-80.0,-80.0,-80.0,-80.0,-80.0,-80.0,-80.0,-80.0
-60.014477,-54.567398,-55.35202,-63.98441,-63.899017,-66.78667,-67.36694,-68.0234,-70.14575,-73.72014,-71.53031,-75.28471,-79.429184,-80.0,-78.13747,-76.425476,-78.78323,-77.68418,-75.51686,-76.880325,-79.63757,-80.0,-80.0,-80.0,-80.0,-80.0,-80.0,-80.0,-80.0,-80.0,-80.0,-80.0,-80.0,-80.0,-80.0,-80.0,-80.0,-80.0,-80.0,-80.0,-80.0,-80.0,-80.0,-80.0,-80.0,-80.0,-80.0,-80.0,-80.0,-80.0,-80.0,-80.0,-80.0,-80.0,-80.0,-80.0,-80.0,-80.0,-80.0,-80.0,-80.0,-80.0,-80.0,-80.0,-80.0,-80.0,-80.0,-80.0,-80.0,-80.0,-80.0,-80.0,-80.0,-80.0,-80.0,-80.0,-80.0,-80.0,-80.0,-80.0,-80.0,-80.0,-80.0,-80.0,-80.0,-80.0,-80.0,-80.0,-80.0,-72.033356,-61.840122,-57.752518,-54.638348,-57.168335,-63.315464,-64.9959,-64.03708,-66.03681,-65.82086,-66.33104,-64.69986,-65.73712,-64.15636,-65.48297,-67.80976,-68.48854,-69.061264,-68.77011,-64.574036,-65.55287,-69.429695,-70.38788,-71.08638,-75.881294,-75.13367,-71.5986,-71.19791,-73.878525,-73.58397,-76.37246,-80.0,-79.01698,-78.026794,-80.0,-80.0,-80.0,-80.0,-80.0,-80.0,-80.0,-78.83612,-80.0,-80.0,-80.0,-80.0,-80.0,-80.0,-80.0,-80.0,-80.0,-80.0,-80.0,-80.0,-80.0,-80.0,-80.0,-80.0,-80.0,-80.0,-80.0,-80.0,-80.0,-80.0,-80.0,-80.0,-80.0,-80.0,-80.0,-80.0,-80.0,-80.0,-80.0,-80.0,-80.0,-80.0,-80.0,-80.0,-80.0,-80.0,-80.0,-80.0,-80.0,-80.0,-80.0,-80.0,-80.0,-80.0,-80.0,-80.0,-80.0,-80.0,-80.0,-80.0,-80.0,-80.0,-80.0,-80.0,-80.0,-80.0,-80.0,-80.0,-80.0,-80.0,-80.0,-80.0,-80.0,-80.0,-80.0,-80.0,-80.0,-80.0,-80.0,-80.0,-80.0,-80.0,-80.0,-80.0,-80.0,-80.0,-80.0,-80.0,-80.0,-80.0,-80.0,-80.0,-80.0,-80.0,-80.0,-80.0,-80.0,-80.0,-80.0,-80.0,-80.0,-80.0,-80.0,-80.0,-80.0,-80.0,-80.0,-80.0,-80.0,-80.0,-80.0,-80.0,-80.0,-80.0,-80.0,-80.0,-80.0,-80.0,-80.0,-80.0,-80.0,-80.0,-80.0,-80.0,-80.0,-80.0,-80.0,-80.0,-80.0,-80.0,-80.0,-80.0,-80.0,-80.0,-80.0,-80.0,-80.0,-80.0,-80.0,-80.0,-80.0,-80.0,-80.0,-80.0,-80.0,-80.0,-80.0,-80.0,-80.0,-80.0,-80.0,-80.0,-80.0,-80.0,-80.0,-80.0,-80.0,-80.0,-80.0,-80.0,-80.0,-80.0,-80.0,-80.0,-80.0,-80.0,-80.0,-80.0,-80.0,-80.0,-80.0,-80.0,-80.0,-80.0,-80.0,-80.0,-80.0,-80.0,-80.0,-80.0,-80.0,-80.0,-80.0,-80.0,-80.0,-80.0,-80.0,-80.0,-80.0,-80.0,-80.0,-80.0,-80.0,-80.0,-80.0,-80.0,-80.0,-80.0,-80.0,-80.0,-80.0,-80.0,-80.0,-80.0,-80.0,-80.0,-80.0,-80.0,-80.0,-80.0,-80.0,-80.0,-80.0,-80.0,-80.0,-80.0,-80.0,-80.0,-80.0,-80.0,-80.0,-80.0,-80.0,-80.0,-80.0,-80.0,-80.0,-80.0,-80.0,-80.0,-80.0,-80.0,-80.0,-80.0,-80.0,-80.0,-80.0,-80.0,-80.0,-80.0,-80.0,-80.0,-80.0,-80.0,-80.0,-80.0,-80.0,-80.0,-80.0,-80.0,-80.0,-80.0,-80.0,-80.0,-80.0,-80.0,-80.0,-80.0,-80.0,-80.0,-80.0,-80.0,-80.0,-80.0,-80.0,-80.0,-80.0,-80.0,-80.0,-80.0,-80.0,-80.0,-80.0,-80.0,-80.0,-80.0,-80.0,-80.0,-80.0,-80.0,-80.0,-80.0,-80.0,-80.0,-80.0,-80.0,-80.0,-80.0,-80.0,-80.0
-58.124443,-57.90322,-61.08303,-64.35809,-67.54312,-67.14374,-68.92685,-71.602005,-70.49812,-69.88881,-69.94661,-71.47754,-75.633415,-76.27641,-77.056,-80.0,-80.0,-76.29456,-75.75716,-80.0,-78.02792,-80.0,-80.0,-80.0,-80.0,-80.0,-80.0,-80.0,-80.0,-79.540054,-80.0,-80.0,-80.0,-80.0,-80.0,-80.0,-80.0,-80.0,-80.0,-80.0,-80.0,-80.0,-80.0,-80.0,-80.0,-80.0,-80.0,-80.0,-80.0,-80.0,-80.0,-80.0,-80.0,-80.0,-80.0,-80.0,-80.0,-80.0,-80.0,-80.0,-80.0,-80.0,-80.0,-80.0,-80.0,-80.0,-80.0,-80.0,-80.0,-80.0,-80.0,-80.0,-80.0,-80.0,-80.0,-80.0,-80.0,-80.0,-80.0,-80.0,-80.0,-80.0,-80.0,-80.0,-80.0,-80.0,-80.0,-80.0,-80.0,-73.291,-63.933666,-59.26348,-58.933907,-58.407703,-59.31555,-62.82017,-63.219643,-61.26343,-61.63232,-64.71851,-64.89691,-64.45166,-68.071754,-68.83805,-67.471596,-67.79497,-69.30832,-67.35985,-68.675934,-71.86197,-73.249725,-72.45632,-71.96794,-75.232925,-76.177795,-72.83249,-73.12799,-76.89562,-77.40205,-77.91865,-80.0,-79.18413,-80.0,-80.0,-80.0,-80.0,-80.0,-80.0,-80.0,-80.0,-79.83554,-79.40227,-80.0,-80.0,-80.0,-80.0,-80.0,-80.0,-80.0,-80.0,-80.0,-80.0,-80.0,-80.0,-80.0,-80.0,-80.0,-80.0,-80.0,-80.0,-80.0,-80.0,-80.0,-80.0,-80.0,-80.0,-80.0,-80.0,-80.0,-80.0,-80.0,-80.0,-80.0,-80.0,-80.0,-80.0,-80.0,-80.0,-80.0,-80.0,-80.0,-80.0,-80.0,-80.0,-80.0,-80.0,-80.0,-80.0,-80.0,-80.0,-80.0,-80.0,-80.0,-80.0,-80.0,-80.0,-80.0,-80.0,-80.0,-80.0,-80.0,-80.0,-80.0,-80.0,-80.0,-80.0,-80.0,-80.0,-80.0,-80.0,-80.0,-80.0,-80.0,-80.0,-80.0,-80.0,-80.0,-80.0,-80.0,-80.0,-80.0,-80.0,-80.0,-80.0,-80.0,-80.0,-80.0,-80.0,-80.0,-80.0,-80.0,-80.0,-80.0,-80.0,-80.0,-80.0,-80.0,-80.0,-80.0,-80.0,-80.0,-80.0,-80.0,-80.0,-80.0,-80.0,-80.0,-80.0,-80.0,-80.0,-80.0,-80.0,-80.0,-80.0,-80.0,-80.0,-80.0,-80.0,-80.0,-80.0,-80.0,-80.0,-80.0,-80.0,-80.0,-80.0,-80.0,-80.0,-80.0,-80.0,-80.0,-80.0,-80.0,-80.0,-80.0,-80.0,-80.0,-80.0,-80.0,-80.0,-80.0,-80.0,-80.0,-80.0,-80.0,-80.0,-80.0,-80.0,-80.0,-80.0,-80.0,-80.0,-80.0,-80.0,-80.0,-80.0,-80.0,-80.0,-80.0,-80.0,-80.0,-80.0,-80.0,-80.0,-80.0,-80.0,-80.0,-80.0,-80.0,-80.0,-80.0,-80.0,-80.0,-80.0,-80.0,-80.0,-80.0,-80.0,-80.0,-80.0,-80.0,-80.0,-80.0,-80.0,-80.0,-80.0,-80.0,-80.0,-80.0,-80.0,-80.0,-80.0,-80.0,-80.0,-80.0,-80.0,-80.0,-80.0,-80.0,-80.0,-80.0,-80.0,-80.0,-80.0,-80.0,-80.0,-80.0,-80.0,-80.0,-80.0,-80.0,-80.0,-80.0,-80.0,-80.0,-80.0,-80.0,-80.0,-80.0,-80.0,-80.0,-80.0,-80.0,-80.0,-80.0,-80.0,-80.0,-80.0,-80.0,-80.0,-80.0,-80.0,-80.0,-80.0,-80.0,-80.0,-80.0,-80.0,-80.0,-80.0,-80.0,-80.0,-80.0,-80.0,-80.0,-80.0,-80.0,-80.0,-80.0,-80.0,-80.0,-80.0,-80.0,-80.0,-80.0,-80.0,-80.0,-80.0,-80.0,-80.0,-80.0,-80.0,-80.0,-80.0,-80.0,-80.0,-80.0,-80.0,-80.0,-80.0,-80.0,-80.0,-80.0,-80.0,-80.0,-80.0,-80.0,-80.0,-80.0,-80.0,-80.0,-80.0,-80.0
-53.605312,-53.29437,-58.306118,-63.14846,-65.23238,-67.099396,-68.77814,-73.587456,-75.3127,-66.73442,-67.23947,-74.293335,-75.1219,-73.10426,-74.94057,-80.0,-79.01575,-79.62157,-76.04967,-78.66249,-79.09252,-80.0,-80.0,-79.39563,-78.34851,-80.0,-80.0,-80.0,-80.0,-80.0,-80.0,-80.0,-80.0,-80.0,-80.0,-80.0,-80.0,-80.0,-80.0,-80.0,-80.0,-80.0,-80.0,-80.0,-80.0,-80.0,-80.0,-80.0,-80.0,-80.0,-80.0,-80.0,-80.0,-80.0,-80.0,-80.0,-80.0,-80.0,-80.0,-80.0,-80.0,-80.0,-80.0,-80.0,-80.0,-80.0,-80.0,-80.0,-80.0,-80.0,-80.0,-80.0,-80.0,-80.0,-80.0,-80.0,-80.0,-80.0,-80.0,-80.0,-80.0,-80.0,-80.0,-80.0,-80.0,-80.0,-80.0,-80.0,-80.0,-71.52263,-60.71318,-56.77402,-56.624653,-59.83532,-58.475582,-62.66722,-62.90219,-61.23001,-61.183212,-65.94151,-71.65163,-72.79068,-69.93492,-67.44481,-65.548355,-66.21982,-67.68782,-64.65252,-66.74918,-69.83583,-73.34099,-74.14522,-76.25415,-75.916504,-73.15884,-71.59415,-75.92867,-76.06553,-76.97066,-77.367096,-76.92654,-78.93056,-80.0,-78.47809,-75.71411,-80.0,-80.0,-80.0,-78.87287,-77.107025,-80.0,-80.0,-80.0,-80.0,-80.0,-80.0,-80.0,-80.0,-80.0,-80.0,-80.0,-80.0,-80.0,-80.0,-80.0,-80.0,-80.0,-80.0,-80.0,-80.0,-80.0,-80.0,-80.0,-80.0,-80.0,-80.0,-80.0,-80.0,-80.0,-80.0,-80.0,-80.0,-80.0,-80.0,-80.0,-80.0,-80.0,-80.0,-80.0,-80.0,-80.0,-80.0,-80.0,-80.0,-80.0,-80.0,-80.0,-80.0,-80.0,-80.0,-80.0,-80.0,-80.0,-80.0,-80.0,-80.0,-80.0,-80.0,-80.0,-80.0,-80.0,-80.0,-80.0,-80.0,-80.0,-80.0,-80.0,-80.0,-80.0,-80.0,-80.0,-80.0,-80.0,-80.0,-80.0,-80.0,-80.0,-80.0,-80.0,-80.0,-80.0,-80.0,-80.0,-80.0,-80.0,-80.0,-80.0,-80.0,-80.0,-80.0,-80.0,-80.0,-80.0,-80.0,-80.0,-80.0,-80.0,-80.0,-80.0,-80.0,-80.0,-80.0,-80.0,-80.0,-80.0,-80.0,-80.0,-80.0,-80.0,-80.0,-80.0,-80.0,-80.0,-80.0,-80.0,-80.0,-80.0,-80.0,-80.0,-80.0,-80.0,-80.0,-80.0,-80.0,-80.0,-80.0,-80.0,-80.0,-80.0,-80.0,-80.0,-80.0,-80.0,-80.0,-80.0,-80.0,-80.0,-80.0,-80.0,-80.0,-80.0,-80.0,-80.0,-80.0,-80.0,-80.0,-80.0,-80.0,-80.0,-80.0,-80.0,-80.0,-80.0,-80.0,-80.0,-80.0,-80.0,-80.0,-80.0,-80.0,-80.0,-80.0,-80.0,-80.0,-80.0,-80.0,-80.0,-80.0,-80.0,-80.0,-80.0,-80.0,-80.0,-80.0,-80.0,-80.0,-80.0,-80.0,-80.0,-80.0,-80.0,-80.0,-80.0,-80.0,-80.0,-80.0,-80.0,-80.0,-80.0,-80.0,-80.0,-80.0,-80.0,-80.0,-80.0,-80.0,-80.0,-80.0,-80.0,-80.0,-80.0,-80.0,-80.0,-80.0,-80.0,-80.0,-80.0,-80.0,-80.0,-80.0,-80.0,-80.0,-80.0,-80.0,-80.0,-80.0,-80.0,-80.0,-80.0,-80.0,-80.0,-80.0,-80.0,-80.0,-80.0,-80.0,-80.0,-80.0,-80.0,-80.0,-80.0,-80.0,-80.0,-80.0,-80.0,-80.0,-80.0,-80.0,-80.0,-80.0,-80.0,-80.0,-80.0,-80.0,-80.0,-80.0,-80.0,-80.0,-80.0,-80.0,-80.0,-80.0,-80.0,-80.0,-80.0,-80.0,-80.0,-80.0,-80.0,-80.0,-80.0,-80.0,-80.0,-80.0,-80.0,-80.0,-80.0,-80.0,-80.0,-80.0,-80.0,-80.0,-80.0,-80.0,-80.0,-80.0,-80.0,-80.0,-80.0,-80.0,-80.0,-80.0,-80.0
-45.62984,-43.408325,-50.685226,-60.360394,-62.59838,-64.20416,-64.36564,-68.31865,-69.58136,-66.32623,-66.6814,-74.49426,-73.95546,-67.66416,-69.64882,-76.22366,-71.589035,-73.6817,-73.70258,-68.59503,-69.857346,-72.035385,-71.903244,-70.95379,-72.4021,-76.21068,-75.09581,-78.869934,-80.0,-79.749725,-80.0,-80.0,-80.0,-80.0,-80.0,-80.0,-80.0,-80.0,-80.0,-80.0,-80.0,-80.0,-80.0,-80.0,-80.0,-80.0,-80.0,-80.0,-80.0,-80.0,-80.0,-80.0,-80.0,-80.0,-80.0,-80.0,-80.0,-80.0,-80.0,-80.0,-80.0,-80.0,-80.0,-80.0,-80.0,-80.0,-80.0,-80.0,-80.0,-80.0,-80.0,-80.0,-80.0,-80.0,-80.0,-80.0,-80.0,-80.0,-80.0,-80.0,-80.0,-80.0,-80.0,-80.0,-80.0,-80.0,-80.0,-80.0,-80.0,-77.36148,-60.69506,-52.787098,-52.252556,-58.27189,-61.537952,-59.92347,-59.20246,-63.093803,-66.77345,-63.549427,-63.54853,-68.102325,-69.61943,-67.06297,-65.85933,-67.06265,-70.01329,-68.820786,-69.4886,-71.68779,-70.924545,-71.63965,-72.56703,-77.76631,-76.39027,-75.0188,-78.045006,-78.56999,-78.384155,-75.781525,-76.7345,-80.0,-80.0,-80.0,-80.0,-80.0,-80.0,-80.0,-80.0,-80.0,-80.0,-80.0,-80.0,-80.0,-80.0,-80.0,-80.0,-80.0,-80.0,-80.0,-80.0,-80.0,-80.0,-80.0,-80.0,-80.0,-80.0,-80.0,-80.0,-80.0,-80.0,-80.0,-80.0,-80.0,-80.0,-80.0,-80.0,-80.0,-80.0,-80.0,-80.0,-80.0,-80.0,-80.0,-80.0,-80.0,-80.0,-80.0,-80.0,-80.0,-80.0,-80.0,-80.0,-80.0,-80.0,-80.0,-80.0,-80.0,-80.0,-80.0,-80.0,-80.0,-80.0,-80.0,-80.0,-80.0,-80.0,-80.0,-80.0,-80.0,-80.0,-80.0,-80.0,-80.0,-80.0,-80.0,-80.0,-80.0,-80.0,-80.0,-80.0,-80.0,-80.0,-80.0,-80.0,-80.0,-80.0,-80.0,-80.0,-80.0,-80.0,-80.0,-80.0,-80.0,-80.0,-80.0,-80.0,-80.0,-80.0,-80.0,-80.0,-80.0,-80.0,-80.0,-80.0,-80.0,-80.0,-80.0,-80.0,-80.0,-80.0,-80.0,-80.0,-80.0,-80.0,-80.0,-80.0,-80.0,-80.0,-80.0,-80.0,-80.0,-80.0,-80.0,-80.0,-80.0,-80.0,-80.0,-80.0,-80.0,-80.0,-80.0,-80.0,-80.0,-80.0,-80.0,-80.0,-80.0,-80.0,-80.0,-80.0,-80.0,-80.0,-80.0,-80.0,-80.0,-80.0,-80.0,-80.0,-80.0,-80.0,-80.0,-80.0,-80.0,-80.0,-80.0,-80.0,-80.0,-80.0,-80.0,-80.0,-80.0,-80.0,-80.0,-80.0,-80.0,-80.0,-80.0,-80.0,-80.0,-80.0,-80.0,-80.0,-80.0,-80.0,-80.0,-80.0,-80.0,-80.0,-80.0,-80.0,-80.0,-80.0,-80.0,-80.0,-80.0,-80.0,-80.0,-80.0,-80.0,-80.0,-80.0,-80.0,-80.0,-80.0,-80.0,-80.0,-80.0,-80.0,-80.0,-80.0,-80.0,-80.0,-80.0,-80.0,-80.0,-80.0,-80.0,-80.0,-80.0,-80.0,-80.0,-80.0,-80.0,-80.0,-80.0,-80.0,-80.0,-80.0,-80.0,-80.0,-80.0,-80.0,-80.0,-80.0,-80.0,-80.0,-80.0,-80.0,-80.0,-80.0,-80.0,-80.0,-80.0,-80.0,-80.0,-80.0,-80.0,-80.0,-80.0,-80.0,-80.0,-80.0,-80.0,-80.0,-80.0,-80.0,-80.0,-80.0,-80.0,-80.0,-80.0,-80.0,-80.0,-80.0,-80.0,-80.0,-80.0,-80.0,-80.0,-80.0,-80.0,-80.0,-80.0,-80.0,-80.0,-80.0,-80.0,-80.0,-80.0,-80.0,-80.0,-80.0,-80.0,-80.0,-80.0,-80.0,-80.0,-80.0,-80.0,-80.0,-80.0,-80.0,-80.0,-80.0,-80.0,-80.0,-80.0,-80.0,-80.0,-80.0,-80.0,-80.0
-48.68132,-46.560947,-54.401436,-65.46327,-65.3322,-64.846016,-65.548615,-66.284836,-68.45108,-67.43588,-66.172165,-69.79248,-70.961464,-68.309875,-68.42636,-69.28302,-71.57871,-76.45726,-75.47975,-72.38426,-73.52669,-72.839966,-74.98012,-76.848434,-79.289154,-78.46284,-79.4126,-80.0,-80.0,-80.0,-80.0,-80.0,-80.0,-80.0,-80.0,-80.0,-80.0,-80.0,-80.0,-80.0,-80.0,-80.0,-80.0,-80.0,-80.0,-80.0,-80.0,-80.0,-80.0,-80.0,-80.0,-80.0,-80.0,-80.0,-80.0,-80.0,-80.0,-80.0,-80.0,-80.0,-80.0,-80.0,-80.0,-80.0,-80.0,-80.0,-80.0,-80.0,-80.0,-80.0,-80.0,-80.0,-80.0,-80.0,-80.0,-80.0,-80.0,-80.0,-80.0,-80.0,-80.0,-80.0,-80.0,-80.0,-80.0,-80.0,-80.0,-80.0,-80.0,-76.96837,-59.514828,-50.148655,-49.69301,-55.154697,-62.54314,-65.557205,-62.755272,-63.217148,-66.70311,-65.848526,-66.91791,-68.21918,-70.50006,-64.90378,-64.104935,-67.98195,-73.53757,-73.04785,-75.957115,-74.05748,-71.77963,-73.9367,-75.87508,-77.6691,-75.95958,-75.1861,-75.81566,-74.21608,-76.33429,-77.34035,-80.0,-80.0,-80.0,-80.0,-80.0,-80.0,-80.0,-80.0,-80.0,-80.0,-80.0,-80.0,-80.0,-80.0,-80.0,-80.0,-80.0,-80.0,-80.0,-80.0,-80.0,-80.0,-80.0,-80.0,-80.0,-80.0,-80.0,-80.0,-80.0,-80.0,-80.0,-80.0,-80.0,-80.0,-80.0,-80.0,-80.0,-80.0,-80.0,-80.0,-80.0,-80.0,-80.0,-80.0,-80.0,-80.0,-80.0,-80.0,-80.0,-80.0,-80.0,-80.0,-80.0,-80.0,-80.0,-80.0,-80.0,-80.0,-80.0,-80.0,-80.0,-80.0,-80.0,-80.0,-80.0,-80.0,-80.0,-80.0,-80.0,-80.0,-80.0,-80.0,-80.0,-80.0,-80.0,-80.0,-80.0,-80.0,-80.0,-80.0,-80.0,-80.0,-80.0,-80.0,-80.0,-80.0,-80.0,-80.0,-80.0,-80.0,-80.0,-80.0,-80.0,-80.0,-80.0,-80.0,-80.0,-80.0,-80.0,-80.0,-80.0,-80.0,-80.0,-80.0,-80.0,-80.0,-80.0,-80.0,-80.0,-80.0,-80.0,-80.0,-80.0,-80.0,-80.0,-80.0,-80.0,-80.0,-80.0,-80.0,-80.0,-80.0,-80.0,-80.0,-80.0,-80.0,-80.0,-80.0,-80.0,-80.0,-80.0,-80.0,-80.0,-80.0,-80.0,-80.0,-80.0,-80.0,-80.0,-80.0,-80.0,-80.0,-80.0,-80.0,-80.0,-80.0,-80.0,-80.0,-80.0,-80.0,-80.0,-80.0,-80.0,-80.0,-80.0,-80.0,-80.0,-80.0,-80.0,-80.0,-80.0,-80.0,-80.0,-80.0,-80.0,-80.0,-80.0,-80.0,-80.0,-80.0,-80.0,-80.0,-80.0,-80.0,-80.0,-80.0,-80.0,-80.0,-80.0,-80.0,-80.0,-80.0,-80.0,-80.0,-80.0,-80.0,-80.0,-80.0,-80.0,-80.0,-80.0,-80.0,-80.0,-80.0,-80.0,-80.0,-80.0,-80.0,-80.0,-80.0,-80.0,-80.0,-80.0,-80.0,-80.0,-80.0,-80.0,-80.0,-80.0,-80.0,-80.0,-80.0,-80.0,-80.0,-80.0,-80.0,-80.0,-80.0,-80.0,-80.0,-80.0,-80.0,-80.0,-80.0,-80.0,-80.0,-80.0,-80.0,-80.0,-80.0,-80.0,-80.0,-80.0,-80.0,-80.0,-80.0,-80.0,-80.0,-80.0,-80.0,-80.0,-80.0,-80.0,-80.0,-80.0,-80.0,-80.0,-80.0,-80.0,-80.0,-80.0,-80.0,-80.0,-80.0,-80.0,-80.0,-80.0,-80.0,-80.0,-80.0,-80.0,-80.0,-80.0,-80.0,-80.0,-80.0,-80.0,-80.0,-80.0,-80.0,-80.0,-80.0,-80.0,-80.0,-80.0,-80.0,-80.0,-80.0,-80.0,-80.0,-80.0,-80.0,-80.0,-80.0,-80.0,-80.0,-80.0,-80.0,-80.0,-80.0,-80.0,-80.0,-80.0
-52.820114,-53.771362,-58.155754,-62.740273,-64.71239,-65.61754,-66.901855,-66.90921,-65.78664,-67.58354,-67.404976,-71.56352,-73.811844,-71.3739,-72.04778,-71.89052,-74.7514,-77.59897,-74.10371,-75.09568,-79.48067,-80.0,-79.81683,-78.63478,-78.63989,-77.138824,-80.0,-79.688,-80.0,-80.0,-80.0,-80.0,-80.0,-80.0,-80.0,-80.0,-80.0,-80.0,-80.0,-80.0,-80.0,-80.0,-80.0,-80.0,-80.0,-80.0,-80.0,-80.0,-80.0,-80.0,-80.0,-80.0,-80.0,-80.0,-80.0,-80.0,-80.0,-80.0,-80.0,-80.0,-80.0,-80.0,-80.0,-80.0,-80.0,-80.0,-80.0,-80.0,-80.0,-80.0,-80.0,-80.0,-80.0,-80.0,-80.0,-80.0,-80.0,-80.0,-80.0,-80.0,-80.0,-80.0,-80.0,-80.0,-80.0,-80.0,-80.0,-80.0,-80.0,-75.975,-64.70765,-57.88228,-56.472954,-58.880226,-63.47924,-65.04246,-61.333122,-58.886787,-62.365395,-67.1338,-69.71891,-72.70509,-72.88582,-71.1481,-67.0723,-67.75865,-71.245766,-73.15444,-75.1357,-75.916626,-77.74191,-76.11492,-74.17244,-78.03315,-76.082794,-76.48854,-79.84543,-80.0,-80.0,-80.0,-80.0,-80.0,-80.0,-80.0,-80.0,-80.0,-80.0,-80.0,-80.0,-80.0,-80.0,-80.0,-80.0,-80.0,-80.0,-80.0,-80.0,-80.0,-80.0,-80.0,-80.0,-80.0,-80.0,-80.0,-80.0,-80.0,-80.0,-80.0,-80.0,-80.0,-80.0,-80.0,-80.0,-80.0,-80.0,-80.0,-80.0,-80.0,-80.0,-80.0,-80.0,-80.0,-80.0,-80.0,-80.0,-80.0,-80.0,-80.0,-80.0,-80.0,-80.0,-80.0,-80.0,-80.0,-80.0,-80.0,-80.0,-80.0,-80.0,-80.0,-80.0,-80.0,-80.0,-80.0,-80.0,-80.0,-80.0,-80.0,-80.0,-80.0,-80.0,-80.0,-80.0,-80.0,-80.0,-80.0,-80.0,-80.0,-80.0,-80.0,-80.0,-80.0,-80.0,-80.0,-80.0,-80.0,-80.0,-80.0,-80.0,-80.0,-80.0,-80.0,-80.0,-80.0,-80.0,-80.0,-80.0,-80.0,-80.0,-80.0,-80.0,-80.0,-80.0,-80.0,-80.0,-80.0,-80.0,-80.0,-80.0,-80.0,-80.0,-80.0,-80.0,-80.0,-80.0,-80.0,-80.0,-80.0,-80.0,-80.0,-80.0,-80.0,-80.0,-80.0,-80.0,-80.0,-80.0,-80.0,-80.0,-80.0,-80.0,-80.0,-80.0,-80.0,-80.0,-80.0,-80.0,-80.0,-80.0,-80.0,-80.0,-80.0,-80.0,-80.0,-80.0,-80.0,-80.0,-80.0,-80.0,-80.0,-80.0,-80.0,-80.0,-80.0,-80.0,-80.0,-80.0,-80.0,-80.0,-80.0,-80.0,-80.0,-80.0,-80.0,-80.0,-80.0,-80.0,-80.0,-80.0,-80.0,-80.0,-80.0,-80.0,-80.0,-80.0,-80.0,-80.0,-80.0,-80.0,-80.0,-80.0,-80.0,-80.0,-80.0,-80.0,-80.0,-80.0,-80.0,-80.0,-80.0,-80.0,-80.0,-80.0,-80.0,-80.0,-80.0,-80.0,-80.0,-80.0,-80.0,-80.0,-80.0,-80.0,-80.0,-80.0,-80.0,-80.0,-80.0,-80.0,-80.0,-80.0,-80.0,-80.0,-80.0,-80.0,-80.0,-80.0,-80.0,-80.0,-80.0,-80.0,-80.0,-80.0,-80.0,-80.0,-80.0,-80.0,-80.0,-80.0,-80.0,-80.0,-80.0,-80.0,-80.0,-80.0,-80.0,-80.0,-80.0,-80.0,-80.0,-80.0,-80.0,-80.0,-80.0,-80.0,-80.0,-80.0,-80.0,-80.0,-80.0,-80.0,-80.0,-80.0,-80.0,-80.0,-80.0,-80.0,-80.0,-80.0,-80.0,-80.0,-80.0,-80.0,-80.0,-80.0,-80.0,-80.0,-80.0,-80.0,-80.0,-80.0,-80.0,-80.0,-80.0,-80.0,-80.0,-80.0,-80.0,-80.0,-80.0,-80.0,-80.0,-80.0,-80.0,-80.0,-80.0,-80.0,-80.0,-80.0,-80.0,-80.0,-80.0,-80.0
-55.270363,-57.881435,-65.27864,-66.41594,-69.13635,-68.79817,-69.52051,-71.13121,-74.854996,-69.95418,-70.852066,-73.57653,-72.24156,-73.89232,-73.31436,-74.29671,-75.87781,-77.823715,-79.46852,-80.0,-80.0,-80.0,-80.0,-80.0,-80.0,-80.0,-80.0,-80.0,-80.0,-80.0,-80.0,-80.0,-80.0,-80.0,-80.0,-80.0,-80.0,-80.0,-80.0,-80.0,-80.0,-80.0,-80.0,-80.0,-80.0,-80.0,-80.0,-80.0,-80.0,-80.0,-80.0,-80.0,-80.0,-80.0,-80.0,-80.0,-80.0,-80.0,-80.0,-80.0,-80.0,-80.0,-80.0,-80.0,-80.0,-80.0,-80.0,-80.0,-80.0,-80.0,-80.0,-80.0,-80.0,-80.0,-80.0,-80.0,-80.0,-80.0,-80.0,-80.0,-80.0,-80.0,-80.0,-80.0,-80.0,-80.0,-80.0,-80.0,-80.0,-71.83043,-62.37333,-59.26517,-57.764233,-56.623653,-62.672447,-66.5664,-65.63399,-66.00931,-68.68411,-67.77463,-69.657394,-70.28511,-72.49547,-73.74272,-71.076614,-69.35634,-71.28373,-70.88466,-72.59633,-75.65825,-80.0,-79.139595,-77.85977,-80.0,-77.519455,-77.59909,-80.0,-80.0,-80.0,-80.0,-80.0,-80.0,-80.0,-80.0,-80.0,-80.0,-80.0,-80.0,-80.0,-80.0,-80.0,-80.0,-80.0,-80.0,-80.0,-80.0,-80.0,-80.0,-80.0,-80.0,-80.0,-80.0,-80.0,-80.0,-80.0,-80.0,-80.0,-80.0,-80.0,-80.0,-80.0,-80.0,-80.0,-80.0,-80.0,-80.0,-80.0,-80.0,-80.0,-80.0,-80.0,-80.0,-80.0,-80.0,-80.0,-80.0,-80.0,-80.0,-80.0,-80.0,-80.0,-80.0,-80.0,-80.0,-80.0,-80.0,-80.0,-80.0,-80.0,-80.0,-80.0,-80.0,-80.0,-80.0,-80.0,-80.0,-80.0,-80.0,-80.0,-80.0,-80.0,-80.0,-80.0,-80.0,-80.0,-80.0,-80.0,-80.0,-80.0,-80.0,-80.0,-80.0,-80.0,-80.0,-80.0,-80.0,-80.0,-80.0,-80.0,-80.0,-80.0,-80.0,-80.0,-80.0,-80.0,-80.0,-80.0,-80.0,-80.0,-80.0,-80.0,-80.0,-80.0,-80.0,-80.0,-80.0,-80.0,-80.0,-80.0,-80.0,-80.0,-80.0,-80.0,-80.0,-80.0,-80.0,-80.0,-80.0,-80.0,-80.0,-80.0,-80.0,-80.0,-80.0,-80.0,-80.0,-80.0,-80.0,-80.0,-80.0,-80.0,-80.0,-80.0,-80.0,-80.0,-80.0,-80.0,-80.0,-80.0,-80.0,-80.0,-80.0,-80.0,-80.0,-80.0,-80.0,-80.0,-80.0,-80.0,-80.0,-80.0,-80.0,-80.0,-80.0,-80.0,-80.0,-80.0,-80.0,-80.0,-80.0,-80.0,-80.0,-80.0,-80.0,-80.0,-80.0,-80.0,-80.0,-80.0,-80.0,-80.0,-80.0,-80.0,-80.0,-80.0,-80.0,-80.0,-80.0,-80.0,-80.0,-80.0,-80.0,-80.0,-80.0,-80.0,-80.0,-80.0,-80.0,-80.0,-80.0,-80.0,-80.0,-80.0,-80.0,-80.0,-80.0,-80.0,-80.0,-80.0,-80.0,-80.0,-80.0,-80.0,-80.0,-80.0,-80.0,-80.0,-80.0,-80.0,-80.0,-80.0,-80.0,-80.0,-80.0,-80.0,-80.0,-80.0,-80.0,-80.0,-80.0,-80.0,-80.0,-80.0,-80.0,-80.0,-80.0,-80.0,-80.0,-80.0,-80.0,-80.0,-80.0,-80.0,-80.0,-80.0,-80.0,-80.0,-80.0,-80.0,-80.0,-80.0,-80.0,-80.0,-80.0,-80.0,-80.0,-80.0,-80.0,-80.0,-80.0,-80.0,-80.0,-80.0,-80.0,-80.0,-80.0,-80.0,-80.0,-80.0,-80.0,-80.0,-80.0,-80.0,-80.0,-80.0,-80.0,-80.0,-80.0,-80.0,-80.0,-80.0,-80.0,-80.0,-80.0,-80.0,-80.0,-80.0,-80.0,-80.0,-80.0,-80.0,-80.0,-80.0,-80.0,-80.0,-80.0,-80.0,-80.0,-80.0,-80.0,-80.0,-80.0,-80.0
-54.355186,-52.76631,-56.916214,-64.78209,-70.5168,-71.31006,-70.474365,-68.91086,-67.686356,-69.333176,-69.86699,-68.535736,-67.506744,-67.89914,-68.43667,-68.46013,-69.89805,-73.871155,-80.0,-79.70909,-77.152695,-77.075005,-76.85599,-77.6673,-77.82494,-80.0,-80.0,-80.0,-80.0,-80.0,-80.0,-80.0,-80.0,-80.0,-80.0,-80.0,-80.0,-80.0,-80.0,-80.0,-80.0,-80.0,-80.0,-80.0,-80.0,-80.0,-80.0,-80.0,-80.0,-80.0,-80.0,-80.0,-80.0,-80.0,-80.0,-80.0,-80.0,-80.0,-80.0,-80.0,-80.0,-80.0,-80.0,-80.0,-80.0,-80.0,-80.0,-80.0,-80.0,-80.0,-80.0,-80.0,-80.0,-80.0,-80.0,-80.0,-80.0,-80.0,-80.0,-80.0,-80.0,-80.0,-80.0,-80.0,-80.0,-80.0,-80.0,-80.0,-80.0,-71.72926,-61.08189,-56.605774,-56.702415,-62.185482,-66.735,-63.864532,-64.91154,-68.90222,-70.342896,-71.19331,-71.92817,-72.71681,-72.05592,-69.265335,-68.37947,-68.819565,-70.1688,-71.731125,-71.87454,-71.87703,-75.59764,-80.0,-80.0,-80.0,-79.03998,-80.0,-80.0,-80.0,-79.191696,-78.666115,-80.0,-77.80826,-79.94972,-80.0,-80.0,-80.0,-80.0,-80.0,-80.0,-80.0,-80.0,-80.0,-80.0,-80.0,-80.0,-80.0,-80.0,-80.0,-80.0,-80.0,-80.0,-80.0,-80.0,-80.0,-80.0,-80.0,-80.0,-80.0,-80.0,-80.0,-80.0,-80.0,-80.0,-80.0,-80.0,-80.0,-80.0,-80.0,-80.0,-80.0,-80.0,-80.0,-80.0,-80.0,-80.0,-80.0,-80.0,-80.0,-80.0,-80.0,-80.0,-80.0,-80.0,-80.0,-80.0,-80.0,-80.0,-80.0,-80.0,-80.0,-80.0,-80.0,-80.0,-80.0,-80.0,-80.0,-80.0,-80.0,-80.0,-80.0,-80.0,-80.0,-80.0,-80.0,-80.0,-80.0,-80.0,-80.0,-80.0,-80.0,-80.0,-80.0,-80.0,-80.0,-80.0,-80.0,-80.0,-80.0,-80.0,-80.0,-80.0,-80.0,-80.0,-80.0,-80.0,-80.0,-80.0,-80.0,-80.0,-80.0,-80.0,-80.0,-80.0,-80.0,-80.0,-80.0,-80.0,-80.0,-80.0,-80.0,-80.0,-80.0,-80.0,-80.0,-80.0,-80.0,-80.0,-80.0,-80.0,-80.0,-80.0,-80.0,-80.0,-80.0,-80.0,-80.0,-80.0,-80.0,-80.0,-80.0,-80.0,-80.0,-80.0,-80.0,-80.0,-80.0,-80.0,-80.0,-80.0,-80.0,-80.0,-80.0,-80.0,-80.0,-80.0,-80.0,-80.0,-80.0,-80.0,-80.0,-80.0,-80.0,-80.0,-80.0,-80.0,-80.0,-80.0,-80.0,-80.0,-80.0,-80.0,-80.0,-80.0,-80.0,-80.0,-80.0,-80.0,-80.0,-80.0,-80.0,-80.0,-80.0,-80.0,-80.0,-80.0,-80.0,-80.0,-80.0,-80.0,-80.0,-80.0,-80.0,-80.0,-80.0,-80.0,-80.0,-80.0,-80.0,-80.0,-80.0,-80.0,-80.0,-80.0,-80.0,-80.0,-80.0,-80.0,-80.0,-80.0,-80.0,-80.0,-80.0,-80.0,-80.0,-80.0,-80.0,-80.0,-80.0,-80.0,-80.0,-80.0,-80.0,-80.0,-80.0,-80.0,-80.0,-80.0,-80.0,-80.0,-80.0,-80.0,-80.0,-80.0,-80.0,-80.0,-80.0,-80.0,-80.0,-80.0,-80.0,-80.0,-80.0,-80.0,-80.0,-80.0,-80.0,-80.0,-80.0,-80.0,-80.0,-80.0,-80.0,-80.0,-80.0,-80.0,-80.0,-80.0,-80.0,-80.0,-80.0,-80.0,-80.0,-80.0,-80.0,-80.0,-80.0,-80.0,-80.0,-80.0,-80.0,-80.0,-80.0,-80.0,-80.0,-80.0,-80.0,-80.0,-80.0,-80.0,-80.0,-80.0,-80.0,-80.0,-80.0,-80.0,-80.0,-80.0,-80.0,-80.0,-80.0,-80.0,-80.0,-80.0,-80.0,-80.0,-80.0,-80.0,-80.0,-80.0,-80.0,-80.0,-80.0,-80.0
-59.01906,-56.53566,-60.266567,-65.23709,-68.118095,-69.99536,-70.16739,-70.14221,-70.95061,-73.59235,-70.443016,-69.96985,-70.09883,-70.93976,-70.72858,-71.32952,-74.02428,-77.065155,-80.0,-80.0,-80.0,-80.0,-80.0,-80.0,-78.89748,-80.0,-80.0,-80.0,-80.0,-80.0,-80.0,-80.0,-80.0,-80.0,-80.0,-80.0,-80.0,-80.0,-80.0,-80.0,-80.0,-80.0,-80.0,-80.0,-80.0,-80.0,-80.0,-80.0,-80.0,-80.0,-80.0,-80.0,-80.0,-80.0,-80.0,-80.0,-80.0,-80.0,-80.0,-80.0,-80.0,-80.0,-80.0,-80.0,-80.0,-80.0,-80.0,-80.0,-80.0,-80.0,-80.0,-80.0,-80.0,-80.0,-80.0,-80.0,-80.0,-80.0,-80.0,-80.0,-80.0,-80.0,-80.0,-80.0,-80.0,-80.0,-80.0,-80.0,-80.0,-75.022766,-64.1208,-57.79663,-56.78441,-60.328697,-66.91109,-65.29731,-65.12036,-66.191345,-70.140274,-69.56459,-70.73231,-72.697075,-71.474884,-67.41884,-65.87902,-68.958405,-70.51541,-70.20905,-69.69218,-72.025085,-75.17307,-75.30408,-80.0,-80.0,-80.0,-78.91118,-78.56403,-79.30434,-75.94467,-77.77202,-79.91652,-80.0,-80.0,-80.0,-80.0,-80.0,-80.0,-80.0,-80.0,-80.0,-80.0,-80.0,-80.0,-80.0,-80.0,-80.0,-80.0,-80.0,-80.0,-80.0,-80.0,-80.0,-80.0,-80.0,-80.0,-80.0,-80.0,-80.0,-80.0,-80.0,-80.0,-80.0,-80.0,-80.0,-80.0,-80.0,-80.0,-80.0,-80.0,-80.0,-80.0,-80.0,-80.0,-80.0,-80.0,-80.0,-80.0,-80.0,-80.0,-80.0,-80.0,-80.0,-80.0,-80.0,-80.0,-80.0,-80.0,-80.0,-80.0,-80.0,-80.0,-80.0,-80.0,-80.0,-80.0,-80.0,-80.0,-80.0,-80.0,-80.0,-80.0,-80.0,-80.0,-80.0,-80.0,-80.0,-80.0,-80.0,-80.0,-80.0,-80.0,-80.0,-80.0,-80.0,-80.0,-80.0,-80.0,-80.0,-80.0,-80.0,-80.0,-80.0,-80.0,-80.0,-80.0,-80.0,-80.0,-80.0,-80.0,-80.0,-80.0,-80.0,-80.0,-80.0,-80.0,-80.0,-80.0,-80.0,-80.0,-80.0,-80.0,-80.0,-80.0,-80.0,-80.0,-80.0,-80.0,-80.0,-80.0,-80.0,-80.0,-80.0,-80.0,-80.0,-80.0,-80.0,-80.0,-80.0,-80.0,-80.0,-80.0,-80.0,-80.0,-80.0,-80.0,-80.0,-80.0,-80.0,-80.0,-80.0,-80.0,-80.0,-80.0,-80.0,-80.0,-80.0,-80.0,-80.0,-80.0,-80.0,-80.0,-80.0,-80.0,-80.0,-80.0,-80.0,-80.0,-80.0,-80.0,-80.0,-80.0,-80.0,-80.0,-80.0,-80.0,-80.0,-80.0,-80.0,-80.0,-80.0,-80.0,-80.0,-80.0,-80.0,-80.0,-80.0,-80.0,-80.0,-80.0,-80.0,-80.0,-80.0,-80.0,-80.0,-80.0,-80.0,-80.0,-80.0,-80.0,-80.0,-80.0,-80.0,-80.0,-80.0,-80.0,-80.0,-80.0,-80.0,-80.0,-80.0,-80.0,-80.0,-80.0,-80.0,-80.0,-80.0,-80.0,-80.0,-80.0,-80.0,-80.0,-80.0,-80.0,-80.0,-80.0,-80.0,-80.0,-80.0,-80.0,-80.0,-80.0,-80.0,-80.0,-80.0,-80.0,-80.0,-80.0,-80.0,-80.0,-80.0,-80.0,-80.0,-80.0,-80.0,-80.0,-80.0,-80.0,-80.0,-80.0,-80.0,-80.0,-80.0,-80.0,-80.0,-80.0,-80.0,-80.0,-80.0,-80.0,-80.0,-80.0,-80.0,-80.0,-80.0,-80.0,-80.0,-80.0,-80.0,-80.0,-80.0,-80.0,-80.0,-80.0,-80.0,-80.0,-80.0,-80.0,-80.0,-80.0,-80.0,-80.0,-80.0,-80.0,-80.0,-80.0,-80.0,-80.0,-80.0,-80.0,-80.0,-80.0,-80.0,-80.0,-80.0,-80.0,-80.0,-80.0,-80.0,-80.0,-80.0,-80.0,-80.0,-80.0
-63.21733,-61.948555,-63.21306,-65.316154,-67.25414,-70.829735,-69.759476,-70.27743,-76.52116,-78.72107,-74.557495,-74.19493,-75.54355,-77.133675,-75.46887,-77.8752,-80.0,-80.0,-80.0,-80.0,-80.0,-80.0,-80.0,-80.0,-80.0,-80.0,-80.0,-80.0,-80.0,-80.0,-80.0,-80.0,-80.0,-80.0,-80.0,-80.0,-80.0,-80.0,-80.0,-80.0,-80.0,-80.0,-80.0,-80.0,-80.0,-80.0,-80.0,-80.0,-80.0,-80.0,-80.0,-80.0,-80.0,-80.0,-80.0,-80.0,-80.0,-80.0,-80.0,-80.0,-80.0,-80.0,-80.0,-80.0,-80.0,-80.0,-80.0,-80.0,-80.0,-80.0,-80.0,-80.0,-80.0,-80.0,-80.0,-80.0,-80.0,-80.0,-80.0,-80.0,-80.0,-80.0,-80.0,-80.0,-80.0,-80.0,-80.0,-80.0,-80.0,-74.23572,-63.315506,-57.603477,-59.951103,-64.386215,-66.16669,-63.845966,-63.253494,-65.39346,-67.50952,-69.756256,-68.61653,-69.36929,-69.227325,-69.0389,-67.003006,-71.99231,-75.86043,-74.15251,-73.222275,-76.93709,-77.37198,-79.25375,-80.0,-80.0,-80.0,-80.0,-80.0,-80.0,-80.0,-80.0,-80.0,-80.0,-80.0,-80.0,-80.0,-80.0,-80.0,-80.0,-80.0,-80.0,-80.0,-80.0,-80.0,-80.0,-80.0,-80.0,-80.0,-80.0,-80.0,-80.0,-80.0,-80.0,-80.0,-80.0,-80.0,-80.0,-80.0,-80.0,-80.0,-80.0,-80.0,-80.0,-80.0,-80.0,-80.0,-80.0,-80.0,-80.0,-80.0,-80.0,-80.0,-80.0,-80.0,-80.0,-80.0,-80.0,-80.0,-80.0,-80.0,-80.0,-80.0,-80.0,-80.0,-80.0,-80.0,-80.0,-80.0,-80.0,-80.0,-80.0,-80.0,-80.0,-80.0,-80.0,-80.0,-80.0,-80.0,-80.0,-80.0,-80.0,-80.0,-80.0,-80.0,-80.0,-80.0,-80.0,-80.0,-80.0,-80.0,-80.0,-80.0,-80.0,-80.0,-80.0,-80.0,-80.0,-80.0,-80.0,-80.0,-80.0,-80.0,-80.0,-80.0,-80.0,-80.0,-80.0,-80.0,-80.0,-80.0,-80.0,-80.0,-80.0,-80.0,-80.0,-80.0,-80.0,-80.0,-80.0,-80.0,-80.0,-80.0,-80.0,-80.0,-80.0,-80.0,-80.0,-80.0,-80.0,-80.0,-80.0,-80.0,-80.0,-80.0,-80.0,-80.0,-80.0,-80.0,-80.0,-80.0,-80.0,-80.0,-80.0,-80.0,-80.0,-80.0,-80.0,-80.0,-80.0,-80.0,-80.0,-80.0,-80.0,-80.0,-80.0,-80.0,-80.0,-80.0,-80.0,-80.0,-80.0,-80.0,-80.0,-80.0,-80.0,-80.0,-80.0,-80.0,-80.0,-80.0,-80.0,-80.0,-80.0,-80.0,-80.0,-80.0,-80.0,-80.0,-80.0,-80.0,-80.0,-80.0,-80.0,-80.0,-80.0,-80.0,-80.0,-80.0,-80.0,-80.0,-80.0,-80.0,-80.0,-80.0,-80.0,-80.0,-80.0,-80.0,-80.0,-80.0,-80.0,-80.0,-80.0,-80.0,-80.0,-80.0,-80.0,-80.0,-80.0,-80.0,-80.0,-80.0,-80.0,-80.0,-80.0,-80.0,-80.0,-80.0,-80.0,-80.0,-80.0,-80.0,-80.0,-80.0,-80.0,-80.0,-80.0,-80.0,-80.0,-80.0,-80.0,-80.0,-80.0,-80.0,-80.0,-80.0,-80.0,-80.0,-80.0,-80.0,-80.0,-80.0,-80.0,-80.0,-80.0,-80.0,-80.0,-80.0,-80.0,-80.0,-80.0,-80.0,-80.0,-80.0,-80.0,-80.0,-80.0,-80.0,-80.0,-80.0,-80.0,-80.0,-80.0,-80.0,-80.0,-80.0,-80.0,-80.0,-80.0,-80.0,-80.0,-80.0,-80.0,-80.0,-80.0,-80.0,-80.0,-80.0,-80.0,-80.0,-80.0,-80.0,-80.0,-80.0,-80.0,-80.0,-80.0,-80.0,-80.0,-80.0,-80.0,-80.0,-80.0,-80.0,-80.0,-80.0,-80.0,-80.0,-80.0,-80.0,-80.0,-80.0,-80.0,-80.0
-60.668186,-60.09724,-68.58467,-72.62841,-74.62715,-76.44032,-75.404686,-76.88193,-79.59874,-79.346115,-77.021835,-76.0347,-78.14621,-77.40669,-77.7561,-79.808754,-80.0,-80.0,-80.0,-79.58255,-80.0,-80.0,-80.0,-80.0,-80.0,-80.0,-80.0,-80.0,-80.0,-80.0,-80.0,-80.0,-80.0,-80.0,-80.0,-80.0,-80.0,-80.0,-80.0,-80.0,-80.0,-80.0,-80.0,-80.0,-80.0,-80.0,-80.0,-80.0,-80.0,-80.0,-80.0,-80.0,-80.0,-80.0,-80.0,-80.0,-80.0,-80.0,-80.0,-80.0,-80.0,-80.0,-80.0,-80.0,-80.0,-80.0,-80.0,-80.0,-80.0,-80.0,-80.0,-80.0,-80.0,-80.0,-80.0,-80.0,-80.0,-80.0,-80.0,-80.0,-80.0,-80.0,-80.0,-80.0,-80.0,-80.0,-80.0,-80.0,-80.0,-79.29028,-67.06436,-58.854015,-59.715546,-61.46855,-62.908207,-67.68268,-66.20018,-64.98654,-67.15433,-71.237,-71.442184,-69.636734,-71.32151,-74.86464,-80.0,-80.0,-78.618416,-76.97186,-77.18241,-74.81974,-75.88913,-80.0,-80.0,-80.0,-80.0,-80.0,-80.0,-80.0,-80.0,-80.0,-80.0,-80.0,-80.0,-80.0,-80.0,-80.0,-80.0,-80.0,-80.0,-80.0,-80.0,-80.0,-80.0,-80.0,-80.0,-80.0,-80.0,-80.0,-80.0,-80.0,-80.0,-80.0,-80.0,-80.0,-80.0,-80.0,-80.0,-80.0,-80.0,-80.0,-80.0,-80.0,-80.0,-80.0,-80.0,-80.0,-80.0,-80.0,-80.0,-80.0,-80.0,-80.0,-80.0,-80.0,-80.0,-80.0,-80.0,-80.0,-80.0,-80.0,-80.0,-80.0,-80.0,-80.0,-80.0,-80.0,-80.0,-80.0,-80.0,-80.0,-80.0,-80.0,-80.0,-80.0,-80.0,-80.0,-80.0,-80.0,-80.0,-80.0,-80.0,-80.0,-80.0,-80.0,-80.0,-80.0,-80.0,-80.0,-80.0,-80.0,-80.0,-80.0,-80.0,-80.0,-80.0,-80.0,-80.0,-80.0,-80.0,-80.0,-80.0,-80.0,-80.0,-80.0,-80.0,-80.0,-80.0,-80.0,-80.0,-80.0,-80.0,-80.0,-80.0,-80.0,-80.0,-80.0,-80.0,-80.0,-80.0,-80.0,-80.0,-80.0,-80.0,-80.0,-80.0,-80.0,-80.0,-80.0,-80.0,-80.0,-80.0,-80.0,-80.0,-80.0,-80.0,-80.0,-80.0,-80.0,-80.0,-80.0,-80.0,-80.0,-80.0,-80.0,-80.0,-80.0,-80.0,-80.0,-80.0,-80.0,-80.0,-80.0,-80.0,-80.0,-80.0,-80.0,-80.0,-80.0,-80.0,-80.0,-80.0,-80.0,-80.0,-80.0,-80.0,-80.0,-80.0,-80.0,-80.0,-80.0,-80.0,-80.0,-80.0,-80.0,-80.0,-80.0,-80.0,-80.0,-80.0,-80.0,-80.0,-80.0,-80.0,-80.0,-80.0,-80.0,-80.0,-80.0,-80.0,-80.0,-80.0,-80.0,-80.0,-80.0,-80.0,-80.0,-80.0,-80.0,-80.0,-80.0,-80.0,-80.0,-80.0,-80.0,-80.0,-80.0,-80.0,-80.0,-80.0,-80.0,-80.0,-80.0,-80.0,-80.0,-80.0,-80.0,-80.0,-80.0,-80.0,-80.0,-80.0,-80.0,-80.0,-80.0,-80.0,-80.0,-80.0,-80.0,-80.0,-80.0,-80.0,-80.0,-80.0,-80.0,-80.0,-80.0,-80.0,-80.0,-80.0,-80.0,-80.0,-80.0,-80.0,-80.0,-80.0,-80.0,-80.0,-80.0,-80.0,-80.0,-80.0,-80.0,-80.0,-80.0,-80.0,-80.0,-80.0,-80.0,-80.0,-80.0,-80.0,-80.0,-80.0,-80.0,-80.0,-80.0,-80.0,-80.0,-80.0,-80.0,-80.0,-80.0,-80.0,-80.0,-80.0,-80.0,-80.0,-80.0,-80.0,-80.0,-80.0,-80.0,-80.0,-80.0,-80.0,-80.0,-80.0,-80.0,-80.0,-80.0,-80.0,-80.0,-80.0,-80.0,-80.0,-80.0,-80.0,-80.0,-80.0,-80.0,-80.0,-80.0,-80.0
-57.461246,-58.63615,-66.30386,-65.73654,-68.56267,-72.6965,-70.98891,-75.551895,-74.77498,-74.53197,-76.241776,-75.449585,-74.9014,-75.33014,-73.00681,-74.339905,-78.05781,-80.0,-80.0,-79.19348,-80.0,-80.0,-80.0,-80.0,-80.0,-80.0,-80.0,-80.0,-80.0,-80.0,-80.0,-80.0,-80.0,-80.0,-80.0,-80.0,-80.0,-80.0,-80.0,-80.0,-80.0,-80.0,-80.0,-80.0,-80.0,-80.0,-80.0,-80.0,-80.0,-80.0,-80.0,-80.0,-80.0,-80.0,-80.0,-80.0,-80.0,-80.0,-80.0,-80.0,-80.0,-80.0,-80.0,-80.0,-80.0,-80.0,-80.0,-80.0,-80.0,-80.0,-80.0,-80.0,-80.0,-80.0,-80.0,-80.0,-80.0,-80.0,-80.0,-80.0,-80.0,-80.0,-80.0,-80.0,-80.0,-80.0,-80.0,-80.0,-80.0,-74.99125,-62.231358,-59.414272,-61.510796,-63.098854,-62.457664,-64.59292,-68.93956,-68.42672,-71.42216,-72.77469,-70.79894,-70.5405,-71.09743,-71.970184,-74.44121,-76.51787,-76.719894,-76.95671,-79.60467,-76.77744,-73.77571,-76.936745,-80.0,-80.0,-80.0,-80.0,-80.0,-80.0,-80.0,-80.0,-80.0,-80.0,-80.0,-80.0,-80.0,-80.0,-80.0,-80.0,-80.0,-80.0,-80.0,-80.0,-80.0,-80.0,-80.0,-80.0,-80.0,-80.0,-80.0,-80.0,-80.0,-80.0,-80.0,-80.0,-80.0,-80.0,-80.0,-80.0,-80.0,-80.0,-80.0,-80.0,-80.0,-80.0,-80.0,-80.0,-80.0,-80.0,-80.0,-80.0,-80.0,-80.0,-80.0,-80.0,-80.0,-80.0,-80.0,-80.0,-80.0,-80.0,-80.0,-80.0,-80.0,-80.0,-80.0,-80.0,-80.0,-80.0,-80.0,-80.0,-80.0,-80.0,-80.0,-80.0,-80.0,-80.0,-80.0,-80.0,-80.0,-80.0,-80.0,-80.0,-80.0,-80.0,-80.0,-80.0,-80.0,-80.0,-80.0,-80.0,-80.0,-80.0,-80.0,-80.0,-80.0,-80.0,-80.0,-80.0,-80.0,-80.0,-80.0,-80.0,-80.0,-80.0,-80.0,-80.0,-80.0,-80.0,-80.0,-80.0,-80.0,-80.0,-80.0,-80.0,-80.0,-80.0,-80.0,-80.0,-80.0,-80.0,-80.0,-80.0,-80.0,-80.0,-80.0,-80.0,-80.0,-80.0,-80.0,-80.0,-80.0,-80.0,-80.0,-80.0,-80.0,-80.0,-80.0,-80.0,-80.0,-80.0,-80.0,-80.0,-80.0,-80.0,-80.0,-80.0,-80.0,-80.0,-80.0,-80.0,-80.0,-80.0,-80.0,-80.0,-80.0,-80.0,-80.0,-80.0,-80.0,-80.0,-80.0,-80.0,-80.0,-80.0,-80.0,-80.0,-80.0,-80.0,-80.0,-80.0,-80.0,-80.0,-80.0,-80.0,-80.0,-80.0,-80.0,-80.0,-80.0,-80.0,-80.0,-80.0,-80.0,-80.0,-80.0,-80.0,-80.0,-80.0,-80.0,-80.0,-80.0,-80.0,-80.0,-80.0,-80.0,-80.0,-80.0,-80.0,-80.0,-80.0,-80.0,-80.0,-80.0,-80.0,-80.0,-80.0,-80.0,-80.0,-80.0,-80.0,-80.0,-80.0,-80.0,-80.0,-80.0,-80.0,-80.0,-80.0,-80.0,-80.0,-80.0,-80.0,-80.0,-80.0,-80.0,-80.0,-80.0,-80.0,-80.0,-80.0,-80.0,-80.0,-80.0,-80.0,-80.0,-80.0,-80.0,-80.0,-80.0,-80.0,-80.0,-80.0,-80.0,-80.0,-80.0,-80.0,-80.0,-80.0,-80.0,-80.0,-80.0,-80.0,-80.0,-80.0,-80.0,-80.0,-80.0,-80.0,-80.0,-80.0,-80.0,-80.0,-80.0,-80.0,-80.0,-80.0,-80.0,-80.0,-80.0,-80.0,-80.0,-80.0,-80.0,-80.0,-80.0,-80.0,-80.0,-80.0,-80.0,-80.0,-80.0,-80.0,-80.0,-80.0,-80.0,-80.0,-80.0,-80.0,-80.0,-80.0,-80.0,-80.0,-80.0,-80.0,-80.0,-80.0,-80.0,-80.0,-80.0,-80.0,-80.0,-80.0,-80.0
-59.863197,-60.495956,-64.36519,-65.38947,-66.951294,-68.52038,-70.96948,-71.92942,-71.11228,-73.702484,-74.26897,-75.83876,-78.99672,-77.086136,-73.088806,-75.76769,-79.12981,-80.0,-80.0,-80.0,-80.0,-80.0,-80.0,-80.0,-80.0,-80.0,-80.0,-80.0,-80.0,-80.0,-80.0,-80.0,-80.0,-80.0,-80.0,-80.0,-80.0,-80.0,-80.0,-80.0,-80.0,-80.0,-80.0,-80.0,-80.0,-80.0,-80.0,-80.0,-80.0,-80.0,-80.0,-80.0,-80.0,-80.0,-80.0,-80.0,-80.0,-80.0,-80.0,-80.0,-80.0,-80.0,-80.0,-80.0,-80.0,-80.0,-80.0,-80.0,-80.0,-80.0,-80.0,-80.0,-80.0,-80.0,-80.0,-80.0,-80.0,-80.0,-80.0,-80.0,-80.0,-80.0,-80.0,-80.0,-80.0,-80.0,-80.0,-80.0,-80.0,-72.59697,-59.32215,-54.462097,-56.738537,-62.501762,-63.124226,-63.263233,-67.208725,-69.161026,-75.155975,-78.87798,-70.12023,-69.29904,-70.666214,-72.70929,-75.09915,-77.933044,-75.07504,-75.09833,-80.0,-80.0,-78.7581,-78.501076,-80.0,-80.0,-80.0,-80.0,-80.0,-80.0,-80.0,-80.0,-80.0,-80.0,-80.0,-80.0,-80.0,-80.0,-80.0,-80.0,-80.0,-80.0,-80.0,-80.0,-80.0,-80.0,-80.0,-80.0,-80.0,-80.0,-80.0,-80.0,-80.0,-80.0,-80.0,-80.0,-80.0,-80.0,-80.0,-80.0,-80.0,-80.0,-80.0,-80.0,-80.0,-80.0,-80.0,-80.0,-80.0,-80.0,-80.0,-80.0,-80.0,-80.0,-80.0,-80.0,-80.0,-80.0,-80.0,-80.0,-80.0,-80.0,-80.0,-80.0,-80.0,-80.0,-80.0,-80.0,-80.0,-80.0,-80.0,-80.0,-80.0,-80.0,-80.0,-80.0,-80.0,-80.0,-80.0,-80.0,-80.0,-80.0,-80.0,-80.0,-80.0,-80.0,-80.0,-80.0,-80.0,-80.0,-80.0,-80.0,-80.0,-80.0,-80.0,-80.0,-80.0,-80.0,-80.0,-80.0,-80.0,-80.0,-80.0,-80.0,-80.0,-80.0,-80.0,-80.0,-80.0,-80.0,-80.0,-80.0,-80.0,-80.0,-80.0,-80.0,-80.0,-80.0,-80.0,-80.0,-80.0,-80.0,-80.0,-80.0,-80.0,-80.0,-80.0,-80.0,-80.0,-80.0,-80.0,-80.0,-80.0,-80.0,-80.0,-80.0,-80.0,-80.0,-80.0,-80.0,-80.0,-80.0,-80.0,-80.0,-80.0,-80.0,-80.0,-80.0,-80.0,-80.0,-80.0,-80.0,-80.0,-80.0,-80.0,-80.0,-80.0,-80.0,-80.0,-80.0,-80.0,-80.0,-80.0,-80.0,-80.0,-80.0,-80.0,-80.0,-80.0,-80.0,-80.0,-80.0,-80.0,-80.0,-80.0,-80.0,-80.0,-80.0,-80.0,-80.0,-80.0,-80.0,-80.0,-80.0,-80.0,-80.0,-80.0,-80.0,-80.0,-80.0,-80.0,-80.0,-80.0,-80.0,-80.0,-80.0,-80.0,-80.0,-80.0,-80.0,-80.0,-80.0,-80.0,-80.0,-80.0,-80.0,-80.0,-80.0,-80.0,-80.0,-80.0,-80.0,-80.0,-80.0,-80.0,-80.0,-80.0,-80.0,-80.0,-80.0,-80.0,-80.0,-80.0,-80.0,-80.0,-80.0,-80.0,-80.0,-80.0,-80.0,-80.0,-80.0,-80.0,-80.0,-80.0,-80.0,-80.0,-80.0,-80.0,-80.0,-80.0,-80.0,-80.0,-80.0,-80.0,-80.0,-80.0,-80.0,-80.0,-80.0,-80.0,-80.0,-80.0,-80.0,-80.0,-80.0,-80.0,-80.0,-80.0,-80.0,-80.0,-80.0,-80.0,-80.0,-80.0,-80.0,-80.0,-80.0,-80.0,-80.0,-80.0,-80.0,-80.0,-80.0,-80.0,-80.0,-80.0,-80.0,-80.0,-80.0,-80.0,-80.0,-80.0,-80.0,-80.0,-80.0,-80.0,-80.0,-80.0,-80.0,-80.0,-80.0,-80.0,-80.0,-80.0,-80.0,-80.0,-80.0,-80.0,-80.0,-80.0,-80.0,-80.0,-80.0,-80.0
-65.173096,-60.42021,-58.494926,-65.60138,-73.98123,-70.92236,-71.51514,-74.32591,-73.075874,-71.22661,-72.18642,-74.061386,-76.50214,-77.862366,-79.46921,-79.97354,-79.498,-80.0,-80.0,-79.54817,-76.67942,-77.53552,-79.92932,-78.68834,-80.0,-80.0,-80.0,-80.0,-80.0,-80.0,-80.0,-80.0,-80.0,-80.0,-80.0,-80.0,-80.0,-80.0,-80.0,-80.0,-80.0,-80.0,-80.0,-80.0,-80.0,-80.0,-80.0,-80.0,-80.0,-80.0,-80.0,-80.0,-80.0,-80.0,-80.0,-80.0,-80.0,-80.0,-80.0,-80.0,-80.0,-80.0,-80.0,-80.0,-80.0,-80.0,-80.0,-80.0,-80.0,-80.0,-80.0,-80.0,-80.0,-80.0,-80.0,-80.0,-80.0,-80.0,-80.0,-80.0,-80.0,-80.0,-80.0,-80.0,-80.0,-80.0,-80.0,-80.0,-80.0,-77.66028,-62.945885,-58.69737,-62.161816,-65.38876,-64.46985,-63.711845,-65.20839,-70.70503,-72.70762,-77.59913,-70.48637,-69.90605,-71.52464,-74.857254,-78.48071,-77.5465,-76.14857,-76.328186,-75.780624,-77.469864,-79.236786,-78.75746,-78.96939,-80.0,-79.4919,-79.25467,-80.0,-80.0,-80.0,-80.0,-80.0,-80.0,-80.0,-80.0,-80.0,-80.0,-80.0,-80.0,-80.0,-80.0,-80.0,-80.0,-80.0,-80.0,-80.0,-80.0,-80.0,-80.0,-80.0,-80.0,-80.0,-80.0,-80.0,-80.0,-80.0,-80.0,-80.0,-80.0,-80.0,-80.0,-80.0,-80.0,-80.0,-80.0,-80.0,-80.0,-80.0,-80.0,-80.0,-80.0,-80.0,-80.0,-80.0,-80.0,-80.0,-80.0,-80.0,-80.0,-80.0,-80.0,-80.0,-80.0,-80.0,-80.0,-80.0,-80.0,-80.0,-80.0,-80.0,-80.0,-80.0,-80.0,-80.0,-80.0,-80.0,-80.0,-80.0,-80.0,-80.0,-80.0,-80.0,-80.0,-80.0,-80.0,-80.0,-80.0,-80.0,-80.0,-80.0,-80.0,-80.0,-80.0,-80.0,-80.0,-80.0,-80.0,-80.0,-80.0,-80.0,-80.0,-80.0,-80.0,-80.0,-80.0,-80.0,-80.0,-80.0,-80.0,-80.0,-80.0,-80.0,-80.0,-80.0,-80.0,-80.0,-80.0,-80.0,-80.0,-80.0,-80.0,-80.0,-80.0,-80.0,-80.0,-80.0,-80.0,-80.0,-80.0,-80.0,-80.0,-80.0,-80.0,-80.0,-80.0,-80.0,-80.0,-80.0,-80.0,-80.0,-80.0,-80.0,-80.0,-80.0,-80.0,-80.0,-80.0,-80.0,-80.0,-80.0,-80.0,-80.0,-80.0,-80.0,-80.0,-80.0,-80.0,-80.0,-80.0,-80.0,-80.0,-80.0,-80.0,-80.0,-80.0,-80.0,-80.0,-80.0,-80.0,-80.0,-80.0,-80.0,-80.0,-80.0,-80.0,-80.0,-80.0,-80.0,-80.0,-80.0,-80.0,-80.0,-80.0,-80.0,-80.0,-80.0,-80.0,-80.0,-80.0,-80.0,-80.0,-80.0,-80.0,-80.0,-80.0,-80.0,-80.0,-80.0,-80.0,-80.0,-80.0,-80.0,-80.0,-80.0,-80.0,-80.0,-80.0,-80.0,-80.0,-80.0,-80.0,-80.0,-80.0,-80.0,-80.0,-80.0,-80.0,-80.0,-80.0,-80.0,-80.0,-80.0,-80.0,-80.0,-80.0,-80.0,-80.0,-80.0,-80.0,-80.0,-80.0,-80.0,-80.0,-80.0,-80.0,-80.0,-80.0,-80.0,-80.0,-80.0,-80.0,-80.0,-80.0,-80.0,-80.0,-80.0,-80.0,-80.0,-80.0,-80.0,-80.0,-80.0,-80.0,-80.0,-80.0,-80.0,-80.0,-80.0,-80.0,-80.0,-80.0,-80.0,-80.0,-80.0,-80.0,-80.0,-80.0,-80.0,-80.0,-80.0,-80.0,-80.0,-80.0,-80.0,-80.0,-80.0,-80.0,-80.0,-80.0,-80.0,-80.0,-80.0,-80.0,-80.0,-80.0,-80.0,-80.0,-80.0,-80.0,-80.0,-80.0,-80.0,-80.0,-80.0,-80.0,-80.0,-80.0,-80.0,-80.0,-80.0,-80.0,-80.0,-80.0,-80.0
-58.76085,-57.488728,-63.982594,-70.28621,-72.72658,-71.048065,-72.33069,-73.72093,-70.50719,-71.63101,-74.15636,-76.22421,-77.76854,-78.30496,-79.11035,-79.41325,-75.81886,-76.50066,-79.34834,-78.783875,-78.94414,-80.0,-80.0,-80.0,-80.0,-80.0,-80.0,-80.0,-80.0,-80.0,-80.0,-80.0,-80.0,-80.0,-80.0,-80.0,-80.0,-80.0,-80.0,-80.0,-80.0,-80.0,-80.0,-80.0,-80.0,-80.0,-80.0,-80.0,-80.0,-80.0,-80.0,-80.0,-80.0,-80.0,-80.0,-80.0,-80.0,-80.0,-80.0,-80.0,-80.0,-80.0,-80.0,-80.0,-80.0,-80.0,-80.0,-80.0,-80.0,-80.0,-80.0,-80.0,-80.0,-80.0,-80.0,-80.0,-80.0,-80.0,-80.0,-80.0,-80.0,-80.0,-80.0,-80.0,-80.0,-80.0,-80.0,-80.0,-80.0,-80.0,-66.38185,-60.982845,-60.127,-62.67028,-64.31313,-63.906437,-64.497955,-70.63159,-73.33279,-70.76201,-70.635216,-73.31683,-75.3555,-71.915924,-71.8687,-75.72251,-79.9525,-79.63429,-80.0,-79.6798,-77.52875,-77.36055,-78.199844,-80.0,-80.0,-80.0,-80.0,-80.0,-80.0,-80.0,-80.0,-80.0,-80.0,-80.0,-80.0,-80.0,-80.0,-80.0,-80.0,-80.0,-80.0,-80.0,-80.0,-80.0,-80.0,-80.0,-80.0,-80.0,-80.0,-80.0,-80.0,-80.0,-80.0,-80.0,-80.0,-80.0,-80.0,-80.0,-80.0,-80.0,-80.0,-80.0,-80.0,-80.0,-80.0,-80.0,-80.0,-80.0,-80.0,-80.0,-80.0,-80.0,-80.0,-80.0,-80.0,-80.0,-80.0,-80.0,-80.0,-80.0,-80.0,-80.0,-80.0,-80.0,-80.0,-80.0,-80.0,-80.0,-80.0,-80.0,-80.0,-80.0,-80.0,-80.0,-80.0,-80.0,-80.0,-80.0,-80.0,-80.0,-80.0,-80.0,-80.0,-80.0,-80.0,-80.0,-80.0,-80.0,-80.0,-80.0,-80.0,-80.0,-80.0,-80.0,-80.0,-80.0,-80.0,-80.0,-80.0,-80.0,-80.0,-80.0,-80.0,-80.0,-80.0,-80.0,-80.0,-80.0,-80.0,-80.0,-80.0,-80.0,-80.0,-80.0,-80.0,-80.0,-80.0,-80.0,-80.0,-80.0,-80.0,-80.0,-80.0,-80.0,-80.0,-80.0,-80.0,-80.0,-80.0,-80.0,-80.0,-80.0,-80.0,-80.0,-80.0,-80.0,-80.0,-80.0,-80.0,-80.0,-80.0,-80.0,-80.0,-80.0,-80.0,-80.0,-80.0,-80.0,-80.0,-80.0,-80.0,-80.0,-80.0,-80.0,-80.0,-80.0,-80.0,-80.0,-80.0,-80.0,-80.0,-80.0,-80.0,-80.0,-80.0,-80.0,-80.0,-80.0,-80.0,-80.0,-80.0,-80.0,-80.0,-80.0,-80.0,-80.0,-80.0,-80.0,-80.0,-80.0,-80.0,-80.0,-80.0,-80.0,-80.0,-80.0,-80.0,-80.0,-80.0,-80.0,-80.0,-80.0,-80.0,-80.0,-80.0,-80.0,-80.0,-80.0,-80.0,-80.0,-80.0,-80.0,-80.0,-80.0,-80.0,-80.0,-80.0,-80.0,-80.0,-80.0,-80.0,-80.0,-80.0,-80.0,-80.0,-80.0,-80.0,-80.0,-80.0,-80.0,-80.0,-80.0,-80.0,-80.0,-80.0,-80.0,-80.0,-80.0,-80.0,-80.0,-80.0,-80.0,-80.0,-80.0,-80.0,-80.0,-80.0,-80.0,-80.0,-80.0,-80.0,-80.0,-80.0,-80.0,-80.0,-80.0,-80.0,-80.0,-80.0,-80.0,-80.0,-80.0,-80.0,-80.0,-80.0,-80.0,-80.0,-80.0,-80.0,-80.0,-80.0,-80.0,-80.0,-80.0,-80.0,-80.0,-80.0,-80.0,-80.0,-80.0,-80.0,-80.0,-80.0,-80.0,-80.0,-80.0,-80.0,-80.0,-80.0,-80.0,-80.0,-80.0,-80.0,-80.0,-80.0,-80.0,-80.0,-80.0,-80.0,-80.0,-80.0,-80.0,-80.0,-80.0,-80.0,-80.0,-80.0,-80.0,-80.0,-80.0,-80.0,-80.0,-80.0
-57.094536,-56.335793,-65.01939,-69.66797,-73.14581,-75.14487,-74.53204,-72.7186,-72.544785,-75.774826,-76.75368,-78.41962,-80.0,-80.0,-80.0,-80.0,-79.72635,-80.0,-80.0,-80.0,-80.0,-80.0,-80.0,-80.0,-80.0,-80.0,-80.0,-80.0,-80.0,-80.0,-80.0,-80.0,-80.0,-80.0,-80.0,-80.0,-80.0,-80.0,-80.0,-80.0,-80.0,-80.0,-80.0,-80.0,-80.0,-80.0,-80.0,-80.0,-80.0,-80.0,-80.0,-80.0,-80.0,-80.0,-80.0,-80.0,-80.0,-80.0,-80.0,-80.0,-80.0,-80.0,-80.0,-80.0,-80.0,-80.0,-80.0,-80.0,-80.0,-80.0,-80.0,-80.0,-80.0,-80.0,-80.0,-80.0,-80.0,-80.0,-80.0,-80.0,-80.0,-80.0,-80.0,-80.0,-80.0,-80.0,-80.0,-80.0,-80.0,-80.0,-70.92885,-63.471638,-60.648098,-62.431515,-62.86239,-64.036545,-62.77343,-67.37771,-71.78637,-70.611374,-72.22507,-73.0956,-71.8737,-69.57144,-70.793686,-75.35357,-77.28808,-78.02872,-79.83511,-79.96037,-79.187035,-80.0,-80.0,-80.0,-80.0,-80.0,-80.0,-80.0,-80.0,-80.0,-80.0,-80.0,-80.0,-80.0,-80.0,-80.0,-80.0,-80.0,-80.0,-80.0,-80.0,-80.0,-80.0,-80.0,-80.0,-80.0,-80.0,-80.0,-80.0,-80.0,-80.0,-80.0,-80.0,-80.0,-80.0,-80.0,-80.0,-80.0,-80.0,-80.0,-80.0,-80.0,-80.0,-80.0,-80.0,-80.0,-80.0,-80.0,-80.0,-80.0,-80.0,-80.0,-80.0,-80.0,-80.0,-80.0,-80.0,-80.0,-80.0,-80.0,-80.0,-80.0,-80.0,-80.0,-80.0,-80.0,-80.0,-80.0,-80.0,-80.0,-80.0,-80.0,-80.0,-80.0,-80.0,-80.0,-80.0,-80.0,-80.0,-80.0,-80.0,-80.0,-80.0,-80.0,-80.0,-80.0,-80.0,-80.0,-80.0,-80.0,-80.0,-80.0,-80.0,-80.0,-80.0,-80.0,-80.0,-80.0,-80.0,-80.0,-80.0,-80.0,-80.0,-80.0,-80.0,-80.0,-80.0,-80.0,-80.0,-80.0,-80.0,-80.0,-80.0,-80.0,-80.0,-80.0,-80.0,-80.0,-80.0,-80.0,-80.0,-80.0,-80.0,-80.0,-80.0,-80.0,-80.0,-80.0,-80.0,-80.0,-80.0,-80.0,-80.0,-80.0,-80.0,-80.0,-80.0,-80.0,-80.0,-80.0,-80.0,-80.0,-80.0,-80.0,-80.0,-80.0,-80.0,-80.0,-80.0,-80.0,-80.0,-80.0,-80.0,-80.0,-80.0,-80.0,-80.0,-80.0,-80.0,-80.0,-80.0,-80.0,-80.0,-80.0,-80.0,-80.0,-80.0,-80.0,-80.0,-80.0,-80.0,-80.0,-80.0,-80.0,-80.0,-80.0,-80.0,-80.0,-80.0,-80.0,-80.0,-80.0,-80.0,-80.0,-80.0,-80.0,-80.0,-80.0,-80.0,-80.0,-80.0,-80.0,-80.0,-80.0,-80.0,-80.0,-80.0,-80.0,-80.0,-80.0,-80.0,-80.0,-80.0,-80.0,-80.0,-80.0,-80.0,-80.0,-80.0,-80.0,-80.0,-80.0,-80.0,-80.0,-80.0,-80.0,-80.0,-80.0,-80.0,-80.0,-80.0,-80.0,-80.0,-80.0,-80.0,-80.0,-80.0,-80.0,-80.0,-80.0,-80.0,-80.0,-80.0,-80.0,-80.0,-80.0,-80.0,-80.0,-80.0,-80.0,-80.0,-80.0,-80.0,-80.0,-80.0,-80.0,-80.0,-80.0,-80.0,-80.0,-80.0,-80.0,-80.0,-80.0,-80.0,-80.0,-80.0,-80.0,-80.0,-80.0,-80.0,-80.0,-80.0,-80.0,-80.0,-80.0,-80.0,-80.0,-80.0,-80.0,-80.0,-80.0,-80.0,-80.0,-80.0,-80.0,-80.0,-80.0,-80.0,-80.0,-80.0,-80.0,-80.0,-80.0,-80.0,-80.0,-80.0,-80.0,-80.0,-80.0,-80.0,-80.0,-80.0,-80.0,-80.0,-80.0,-80.0,-80.0,-80.0,-80.0,-80.0,-80.0,-80.0
-59.182915,-58.366226,-61.464607,-65.7364,-71.4182,-70.92633,-70.31529,-69.99378,-72.210434,-76.9156,-78.781685,-80.0,-77.936295,-78.28905,-80.0,-80.0,-80.0,-79.826675,-80.0,-80.0,-80.0,-80.0,-80.0,-80.0,-80.0,-80.0,-80.0,-80.0,-80.0,-80.0,-80.0,-80.0,-80.0,-80.0,-80.0,-80.0,-80.0,-80.0,-80.0,-80.0,-80.0,-80.0,-80.0,-80.0,-80.0,-80.0,-80.0,-80.0,-80.0,-80.0,-80.0,-80.0,-80.0,-80.0,-80.0,-80.0,-80.0,-80.0,-80.0,-80.0,-80.0,-80.0,-80.0,-80.0,-80.0,-80.0,-80.0,-80.0,-80.0,-80.0,-80.0,-80.0,-80.0,-80.0,-80.0,-80.0,-80.0,-80.0,-80.0,-80.0,-80.0,-80.0,-80.0,-80.0,-80.0,-80.0,-80.0,-80.0,-80.0,-74.82941,-62.314476,-59.851803,-57.995285,-57.843075,-61.537712,-64.965775,-65.00356,-64.90487,-70.77394,-77.66226,-73.70644,-70.30589,-71.98001,-72.0215,-74.20792,-77.288475,-77.458115,-79.05844,-80.0,-78.74542,-77.80899,-80.0,-80.0,-80.0,-80.0,-80.0,-80.0,-80.0,-80.0,-80.0,-80.0,-80.0,-80.0,-80.0,-80.0,-80.0,-80.0,-80.0,-80.0,-80.0,-80.0,-80.0,-80.0,-80.0,-80.0,-80.0,-80.0,-80.0,-80.0,-80.0,-80.0,-80.0,-80.0,-80.0,-80.0,-80.0,-80.0,-80.0,-80.0,-80.0,-80.0,-80.0,-80.0,-80.0,-80.0,-80.0,-80.0,-80.0,-80.0,-80.0,-80.0,-80.0,-80.0,-80.0,-80.0,-80.0,-80.0,-80.0,-80.0,-80.0,-80.0,-80.0,-80.0,-80.0,-80.0,-80.0,-80.0,-80.0,-80.0,-80.0,-80.0,-80.0,-80.0,-80.0,-80.0,-80.0,-80.0,-80.0,-80.0,-80.0,-80.0,-80.0,-80.0,-80.0,-80.0,-80.0,-80.0,-80.0,-80.0,-80.0,-80.0,-80.0,-80.0,-80.0,-80.0,-80.0,-80.0,-80.0,-80.0,-80.0,-80.0,-80.0,-80.0,-80.0,-80.0,-80.0,-80.0,-80.0,-80.0,-80.0,-80.0,-80.0,-80.0,-80.0,-80.0,-80.0,-80.0,-80.0,-80.0,-80.0,-80.0,-80.0,-80.0,-80.0,-80.0,-80.0,-80.0,-80.0,-80.0,-80.0,-80.0,-80.0,-80.0,-80.0,-80.0,-80.0,-80.0,-80.0,-80.0,-80.0,-80.0,-80.0,-80.0,-80.0,-80.0,-80.0,-80.0,-80.0,-80.0,-80.0,-80.0,-80.0,-80.0,-80.0,-80.0,-80.0,-80.0,-80.0,-80.0,-80.0,-80.0,-80.0,-80.0,-80.0,-80.0,-80.0,-80.0,-80.0,-80.0,-80.0,-80.0,-80.0,-80.0,-80.0,-80.0,-80.0,-80.0,-80.0,-80.0,-80.0,-80.0,-80.0,-80.0,-80.0,-80.0,-80.0,-80.0,-80.0,-80.0,-80.0,-80.0,-80.0,-80.0,-80.0,-80.0,-80.0,-80.0,-80.0,-80.0,-80.0,-80.0,-80.0,-80.0,-80.0,-80.0,-80.0,-80.0,-80.0,-80.0,-80.0,-80.0,-80.0,-80.0,-80.0,-80.0,-80.0,-80.0,-80.0,-80.0,-80.0,-80.0,-80.0,-80.0,-80.0,-80.0,-80.0,-80.0,-80.0,-80.0,-80.0,-80.0,-80.0,-80.0,-80.0,-80.0,-80.0,-80.0,-80.0,-80.0,-80.0,-80.0,-80.0,-80.0,-80.0,-80.0,-80.0,-80.0,-80.0,-80.0,-80.0,-80.0,-80.0,-80.0,-80.0,-80.0,-80.0,-80.0,-80.0,-80.0,-80.0,-80.0,-80.0,-80.0,-80.0,-80.0,-80.0,-80.0,-80.0,-80.0,-80.0,-80.0,-80.0,-80.0,-80.0,-80.0,-80.0,-80.0,-80.0,-80.0,-80.0,-80.0,-80.0,-80.0,-80.0,-80.0,-80.0,-80.0,-80.0,-80.0,-80.0,-80.0,-80.0,-80.0,-80.0,-80.0,-80.0,-80.0,-80.0,-80.0,-80.0,-80.0,-80.0,-80.0
-57.682076,-57.097656,-63.181496,-68.84789,-71.64998,-73.22458,-75.29132,-78.61929,-80.0,-76.72594,-74.28862,-77.99968,-75.71153,-76.53086,-76.71347,-78.45381,-79.48442,-78.96956,-80.0,-80.0,-80.0,-80.0,-80.0,-80.0,-80.0,-80.0,-80.0,-80.0,-80.0,-80.0,-80.0,-80.0,-80.0,-80.0,-80.0,-80.0,-80.0,-80.0,-80.0,-80.0,-80.0,-80.0,-80.0,-80.0,-80.0,-80.0,-80.0,-80.0,-80.0,-80.0,-80.0,-80.0,-80.0,-80.0,-80.0,-80.0,-80.0,-80.0,-80.0,-80.0,-80.0,-80.0,-80.0,-80.0,-80.0,-80.0,-80.0,-80.0,-80.0,-80.0,-80.0,-80.0,-80.0,-80.0,-80.0,-80.0,-80.0,-80.0,-80.0,-80.0,-80.0,-80.0,-80.0,-80.0,-80.0,-80.0,-80.0,-80.0,-80.0,-77.53818,-64.8695,-62.459793,-63.603645,-63.88878,-67.707634,-68.75162,-65.22292,-66.069855,-72.77791,-75.72345,-73.28844,-72.77345,-76.353615,-74.15251,-73.98697,-75.57132,-78.418564,-80.0,-80.0,-80.0,-80.0,-80.0,-80.0,-80.0,-80.0,-80.0,-80.0,-80.0,-80.0,-80.0,-80.0,-80.0,-80.0,-80.0,-80.0,-80.0,-80.0,-80.0,-80.0,-80.0,-80.0,-80.0,-80.0,-80.0,-80.0,-80.0,-80.0,-80.0,-80.0,-80.0,-80.0,-80.0,-80.0,-80.0,-80.0,-80.0,-80.0,-80.0,-80.0,-80.0,-80.0,-80.0,-80.0,-80.0,-80.0,-80.0,-80.0,-80.0,-80.0,-80.0,-80.0,-80.0,-80.0,-80.0,-80.0,-80.0,-80.0,-80.0,-80.0,-80.0,-80.0,-80.0,-80.0,-80.0,-80.0,-80.0,-80.0,-80.0,-80.0,-80.0,-80.0,-80.0,-80.0,-80.0,-80.0,-80.0,-80.0,-80.0,-80.0,-80.0,-80.0,-80.0,-80.0,-80.0,-80.0,-80.0,-80.0,-80.0,-80.0,-80.0,-80.0,-80.0,-80.0,-80.0,-80.0,-80.0,-80.0,-80.0,-80.0,-80.0,-80.0,-80.0,-80.0,-80.0,-80.0,-80.0,-80.0,-80.0,-80.0,-80.0,-80.0,-80.0,-80.0,-80.0,-80.0,-80.0,-80.0,-80.0,-80.0,-80.0,-80.0,-80.0,-80.0,-80.0,-80.0,-80.0,-80.0,-80.0,-80.0,-80.0,-80.0,-80.0,-80.0,-80.0,-80.0,-80.0,-80.0,-80.0,-80.0,-80.0,-80.0,-80.0,-80.0,-80.0,-80.0,-80.0,-80.0,-80.0,-80.0,-80.0,-80.0,-80.0,-80.0,-80.0,-80.0,-80.0,-80.0,-80.0,-80.0,-80.0,-80.0,-80.0,-80.0,-80.0,-80.0,-80.0,-80.0,-80.0,-80.0,-80.0,-80.0,-80.0,-80.0,-80.0,-80.0,-80.0,-80.0,-80.0,-80.0,-80.0,-80.0,-80.0,-80.0,-80.0,-80.0,-80.0,-80.0,-80.0,-80.0,-80.0,-80.0,-80.0,-80.0,-80.0,-80.0,-80.0,-80.0,-80.0,-80.0,-80.0,-80.0,-80.0,-80.0,-80.0,-80.0,-80.0,-80.0,-80.0,-80.0,-80.0,-80.0,-80.0,-80.0,-80.0,-80.0,-80.0,-80.0,-80.0,-80.0,-80.0,-80.0,-80.0,-80.0,-80.0,-80.0,-80.0,-80.0,-80.0,-80.0,-80.0,-80.0,-80.0,-80.0,-80.0,-80.0,-80.0,-80.0,-80.0,-80.0,-80.0,-80.0,-80.0,-80.0,-80.0,-80.0,-80.0,-80.0,-80.0,-80.0,-80.0,-80.0,-80.0,-80.0,-80.0,-80.0,-80.0,-80.0,-80.0,-80.0,-80.0,-80.0,-80.0,-80.0,-80.0,-80.0,-80.0,-80.0,-80.0,-80.0,-80.0,-80.0,-80.0,-80.0,-80.0,-80.0,-80.0,-80.0,-80.0,-80.0,-80.0,-80.0,-80.0,-80.0,-80.0,-80.0,-80.0,-80.0,-80.0,-80.0,-80.0,-80.0,-80.0,-80.0,-80.0,-80.0,-80.0,-80.0,-80.0,-80.0,-80.0,-80.0,-80.0,-80.0
-62.07131,-60.8571,-64.983154,-71.20762,-80.0,-79.02591,-77.22332,-76.89497,-78.82422,-79.816315,-80.0,-80.0,-80.0,-80.0,-80.0,-80.0,-80.0,-80.0,-80.0,-80.0,-80.0,-80.0,-80.0,-80.0,-80.0,-80.0,-80.0,-80.0,-80.0,-80.0,-80.0,-80.0,-80.0,-80.0,-80.0,-80.0,-80.0,-80.0,-80.0,-80.0,-80.0,-80.0,-80.0,-80.0,-80.0,-80.0,-80.0,-80.0,-80.0,-80.0,-80.0,-80.0,-80.0,-80.0,-80.0,-80.0,-80.0,-80.0,-80.0,-80.0,-80.0,-80.0,-80.0,-80.0,-80.0,-80.0,-80.0,-80.0,-80.0,-80.0,-80.0,-80.0,-80.0,-80.0,-80.0,-80.0,-80.0,-80.0,-80.0,-80.0,-80.0,-80.0,-80.0,-80.0,-80.0,-80.0,-80.0,-80.0,-80.0,-77.12372,-66.076294,-60.483986,-61.87222,-67.043915,-68.64646,-68.64658,-71.11124,-70.478134,-72.42389,-75.43148,-76.25357,-76.32213,-77.26099,-74.44325,-75.16168,-76.0515,-78.47667,-80.0,-80.0,-80.0,-80.0,-80.0,-80.0,-80.0,-80.0,-80.0,-80.0,-80.0,-80.0,-80.0,-80.0,-80.0,-80.0,-80.0,-80.0,-80.0,-80.0,-80.0,-80.0,-80.0,-80.0,-80.0,-80.0,-80.0,-80.0,-80.0,-80.0,-80.0,-80.0,-80.0,-80.0,-80.0,-80.0,-80.0,-80.0,-80.0,-80.0,-80.0,-80.0,-80.0,-80.0,-80.0,-80.0,-80.0,-80.0,-80.0,-80.0,-80.0,-80.0,-80.0,-80.0,-80.0,-80.0,-80.0,-80.0,-80.0,-80.0,-80.0,-80.0,-80.0,-80.0,-80.0,-80.0,-80.0,-80.0,-80.0,-80.0,-80.0,-80.0,-80.0,-80.0,-80.0,-80.0,-80.0,-80.0,-80.0,-80.0,-80.0,-80.0,-80.0,-80.0,-80.0,-80.0,-80.0,-80.0,-80.0,-80.0,-80.0,-80.0,-80.0,-80.0,-80.0,-80.0,-80.0,-80.0,-80.0,-80.0,-80.0,-80.0,-80.0,-80.0,-80.0,-80.0,-80.0,-80.0,-80.0,-80.0,-80.0,-80.0,-80.0,-80.0,-80.0,-80.0,-80.0,-80.0,-80.0,-80.0,-80.0,-80.0,-80.0,-80.0,-80.0,-80.0,-80.0,-80.0,-80.0,-80.0,-80.0,-80.0,-80.0,-80.0,-80.0,-80.0,-80.0,-80.0,-80.0,-80.0,-80.0,-80.0,-80.0,-80.0,-80.0,-80.0,-80.0,-80.0,-80.0,-80.0,-80.0,-80.0,-80.0,-80.0,-80.0,-80.0,-80.0,-80.0,-80.0,-80.0,-80.0,-80.0,-80.0,-80.0,-80.0,-80.0,-80.0,-80.0,-80.0,-80.0,-80.0,-80.0,-80.0,-80.0,-80.0,-80.0,-80.0,-80.0,-80.0,-80.0,-80.0,-80.0,-80.0,-80.0,-80.0,-80.0,-80.0,-80.0,-80.0,-80.0,-80.0,-80.0,-80.0,-80.0,-80.0,-80.0,-80.0,-80.0,-80.0,-80.0,-80.0,-80.0,-80.0,-80.0,-80.0,-80.0,-80.0,-80.0,-80.0,-80.0,-80.0,-80.0,-80.0,-80.0,-80.0,-80.0,-80.0,-80.0,-80.0,-80.0,-80.0,-80.0,-80.0,-80.0,-80.0,-80.0,-80.0,-80.0,-80.0,-80.0,-80.0,-80.0,-80.0,-80.0,-80.0,-80.0,-80.0,-80.0,-80.0,-80.0,-80.0,-80.0,-80.0,-80.0,-80.0,-80.0,-80.0,-80.0,-80.0,-80.0,-80.0,-80.0,-80.0,-80.0,-80.0,-80.0,-80.0,-80.0,-80.0,-80.0,-80.0,-80.0,-80.0,-80.0,-80.0,-80.0,-80.0,-80.0,-80.0,-80.0,-80.0,-80.0,-80.0,-80.0,-80.0,-80.0,-80.0,-80.0,-80.0,-80.0,-80.0,-80.0,-80.0,-80.0,-80.0,-80.0,-80.0,-80.0,-80.0,-80.0,-80.0,-80.0,-80.0,-80.0,-80.0,-80.0,-80.0,-80.0,-80.0,-80.0,-80.0,-80.0,-80.0,-80.0,-80.0,-80.0
-62.67363,-64.71826,-66.11789,-70.715546,-75.824265,-76.234924,-75.61657,-77.45091,-79.307434,-79.69191,-80.0,-80.0,-79.75403,-80.0,-80.0,-80.0,-80.0,-80.0,-80.0,-80.0,-80.0,-80.0,-80.0,-80.0,-80.0,-80.0,-80.0,-80.0,-80.0,-80.0,-80.0,-80.0,-80.0,-80.0,-80.0,-80.0,-80.0,-80.0,-80.0,-80.0,-80.0,-80.0,-80.0,-80.0,-80.0,-80.0,-80.0,-80.0,-80.0,-80.0,-80.0,-80.0,-80.0,-80.0,-80.0,-80.0,-80.0,-80.0,-80.0,-80.0,-80.0,-80.0,-80.0,-80.0,-80.0,-80.0,-80.0,-80.0,-80.0,-80.0,-80.0,-80.0,-80.0,-80.0,-80.0,-80.0,-80.0,-80.0,-80.0,-80.0,-80.0,-80.0,-80.0,-80.0,-80.0,-80.0,-80.0,-80.0,-80.0,-74.96452,-66.25838,-62.82281,-61.28675,-66.66047,-66.75305,-66.44946,-68.95755,-70.654495,-74.07135,-74.96355,-76.33026,-75.73648,-74.24096,-72.86174,-76.93437,-75.58284,-79.7957,-80.0,-80.0,-80.0,-80.0,-80.0,-80.0,-80.0,-80.0,-80.0,-80.0,-80.0,-80.0,-80.0,-80.0,-80.0,-80.0,-80.0,-80.0,-80.0,-80.0,-80.0,-80.0,-80.0,-80.0,-80.0,-80.0,-80.0,-80.0,-80.0,-80.0,-80.0,-80.0,-80.0,-80.0,-80.0,-80.0,-80.0,-80.0,-80.0,-80.0,-80.0,-80.0,-80.0,-80.0,-80.0,-80.0,-80.0,-80.0,-80.0,-80.0,-80.0,-80.0,-80.0,-80.0,-80.0,-80.0,-80.0,-80.0,-80.0,-80.0,-80.0,-80.0,-80.0,-80.0,-80.0,-80.0,-80.0,-80.0,-80.0,-80.0,-80.0,-80.0,-80.0,-80.0,-80.0,-80.0,-80.0,-80.0,-80.0,-80.0,-80.0,-80.0,-80.0,-80.0,-80.0,-80.0,-80.0,-80.0,-80.0,-80.0,-80.0,-80.0,-80.0,-80.0,-80.0,-80.0,-80.0,-80.0,-80.0,-80.0,-80.0,-80.0,-80.0,-80.0,-80.0,-80.0,-80.0,-80.0,-80.0,-80.0,-80.0,-80.0,-80.0,-80.0,-80.0,-80.0,-80.0,-80.0,-80.0,-80.0,-80.0,-80.0,-80.0,-80.0,-80.0,-80.0,-80.0,-80.0,-80.0,-80.0,-80.0,-80.0,-80.0,-80.0,-80.0,-80.0,-80.0,-80.0,-80.0,-80.0,-80.0,-80.0,-80.0,-80.0,-80.0,-80.0,-80.0,-80.0,-80.0,-80.0,-80.0,-80.0,-80.0,-80.0,-80.0,-80.0,-80.0,-80.0,-80.0,-80.0,-80.0,-80.0,-80.0,-80.0,-80.0,-80.0,-80.0,-80.0,-80.0,-80.0,-80.0,-80.0,-80.0,-80.0,-80.0,-80.0,-80.0,-80.0,-80.0,-80.0,-80.0,-80.0,-80.0,-80.0,-80.0,-80.0,-80.0,-80.0,-80.0,-80.0,-80.0,-80.0,-80.0,-80.0,-80.0,-80.0,-80.0,-80.0,-80.0,-80.0,-80.0,-80.0,-80.0,-80.0,-80.0,-80.0,-80.0,-80.0,-80.0,-80.0,-80.0,-80.0,-80.0,-80.0,-80.0,-80.0,-80.0,-80.0,-80.0,-80.0,-80.0,-80.0,-80.0,-80.0,-80.0,-80.0,-80.0,-80.0,-80.0,-80.0,-80.0,-80.0,-80.0,-80.0,-80.0,-80.0,-80.0,-80.0,-80.0,-80.0,-80.0,-80.0,-80.0,-80.0,-80.0,-80.0,-80.0,-80.0,-80.0,-80.0,-80.0,-80.0,-80.0,-80.0,-80.0,-80.0,-80.0,-80.0,-80.0,-80.0,-80.0,-80.0,-80.0,-80.0,-80.0,-80.0,-80.0,-80.0,-80.0,-80.0,-80.0,-80.0,-80.0,-80.0,-80.0,-80.0,-80.0,-80.0,-80.0,-80.0,-80.0,-80.0,-80.0,-80.0,-80.0,-80.0,-80.0,-80.0,-80.0,-80.0,-80.0,-80.0,-80.0,-80.0,-80.0,-80.0,-80.0,-80.0,-80.0,-80.0,-80.0,-80.0,-80.0,-80.0,-80.0,-80.0
-60.236977,-62.149117,-66.27488,-67.66965,-74.14119,-75.72302,-77.82118,-79.31954,-79.751205,-80.0,-80.0,-77.63674,-76.40551,-79.697235,-80.0,-80.0,-80.0,-80.0,-80.0,-80.0,-80.0,-80.0,-80.0,-80.0,-80.0,-80.0,-80.0,-80.0,-80.0,-80.0,-80.0,-80.0,-80.0,-80.0,-80.0,-80.0,-80.0,-80.0,-80.0,-80.0,-80.0,-80.0,-80.0,-80.0,-80.0,-80.0,-80.0,-80.0,-80.0,-80.0,-80.0,-80.0,-80.0,-80.0,-80.0,-80.0,-80.0,-80.0,-80.0,-80.0,-80.0,-80.0,-80.0,-80.0,-80.0,-80.0,-80.0,-80.0,-80.0,-80.0,-80.0,-80.0,-80.0,-80.0,-80.0,-80.0,-80.0,-80.0,-80.0,-80.0,-80.0,-80.0,-80.0,-80.0,-80.0,-80.0,-80.0,-80.0,-80.0,-75.05499,-66.712555,-63.33896,-62.878788,-66.84131,-69.74263,-74.43852,-72.72041,-72.219406,-75.09135,-74.54945,-77.67523,-79.04921,-76.97395,-75.400955,-78.96568,-80.0,-80.0,-80.0,-80.0,-80.0,-80.0,-80.0,-80.0,-80.0,-80.0,-80.0,-80.0,-80.0,-80.0,-80.0,-80.0,-80.0,-80.0,-80.0,-80.0,-80.0,-80.0,-80.0,-80.0,-80.0,-80.0,-80.0,-80.0,-80.0,-80.0,-80.0,-80.0,-80.0,-80.0,-80.0,-80.0,-80.0,-80.0,-80.0,-80.0,-80.0,-80.0,-80.0,-80.0,-80.0,-80.0,-80.0,-80.0,-80.0,-80.0,-80.0,-80.0,-80.0,-80.0,-80.0,-80.0,-80.0,-80.0,-80.0,-80.0,-80.0,-80.0,-80.0,-80.0,-80.0,-80.0,-80.0,-80.0,-80.0,-80.0,-80.0,-80.0,-80.0,-80.0,-80.0,-80.0,-80.0,-80.0,-80.0,-80.0,-80.0,-80.0,-80.0,-80.0,-80.0,-80.0,-80.0,-80.0,-80.0,-80.0,-80.0,-80.0,-80.0,-80.0,-80.0,-80.0,-80.0,-80.0,-80.0,-80.0,-80.0,-80.0,-80.0,-80.0,-80.0,-80.0,-80.0,-80.0,-80.0,-80.0,-80.0,-80.0,-80.0,-80.0,-80.0,-80.0,-80.0,-80.0,-80.0,-80.0,-80.0,-80.0,-80.0,-80.0,-80.0,-80.0,-80.0,-80.0,-80.0,-80.0,-80.0,-80.0,-80.0,-80.0,-80.0,-80.0,-80.0,-80.0,-80.0,-80.0,-80.0,-80.0,-80.0,-80.0,-80.0,-80.0,-80.0,-80.0,-80.0,-80.0,-80.0,-80.0,-80.0,-80.0,-80.0,-80.0,-80.0,-80.0,-80.0,-80.0,-80.0,-80.0,-80.0,-80.0,-80.0,-80.0,-80.0,-80.0,-80.0,-80.0,-80.0,-80.0,-80.0,-80.0,-80.0,-80.0,-80.0,-80.0,-80.0,-80.0,-80.0,-80.0,-80.0,-80.0,-80.0,-80.0,-80.0,-80.0,-80.0,-80.0,-80.0,-80.0,-80.0,-80.0,-80.0,-80.0,-80.0,-80.0,-80.0,-80.0,-80.0,-80.0,-80.0,-80.0,-80.0,-80.0,-80.0,-80.0,-80.0,-80.0,-80.0,-80.0,-80.0,-80.0,-80.0,-80.0,-80.0,-80.0,-80.0,-80.0,-80.0,-80.0,-80.0,-80.0,-80.0,-80.0,-80.0,-80.0,-80.0,-80.0,-80.0,-80.0,-80.0,-80.0,-80.0,-80.0,-80.0,-80.0,-80.0,-80.0,-80.0,-80.0,-80.0,-80.0,-80.0,-80.0,-80.0,-80.0,-80.0,-80.0,-80.0,-80.0,-80.0,-80.0,-80.0,-80.0,-80.0,-80.0,-80.0,-80.0,-80.0,-80.0,-80.0,-80.0,-80.0,-80.0,-80.0,-80.0,-80.0,-80.0,-80.0,-80.0,-80.0,-80.0,-80.0,-80.0,-80.0,-80.0,-80.0,-80.0,-80.0,-80.0,-80.0,-80.0,-80.0,-80.0,-80.0,-80.0,-80.0,-80.0,-80.0,-80.0,-80.0,-80.0,-80.0,-80.0,-80.0,-80.0,-80.0,-80.0,-80.0,-80.0,-80.0,-80.0,-80.0,-80.0,-80.0,-80.0
-61.004963,-60.463215,-66.59737,-71.67908,-78.77907,-79.58048,-79.1604,-77.59661,-76.40993,-80.0,-80.0,-76.93766,-76.82129,-79.56511,-80.0,-80.0,-80.0,-80.0,-80.0,-80.0,-80.0,-80.0,-80.0,-80.0,-80.0,-80.0,-80.0,-80.0,-80.0,-80.0,-80.0,-80.0,-80.0,-80.0,-80.0,-80.0,-80.0,-80.0,-80.0,-80.0,-80.0,-80.0,-80.0,-80.0,-80.0,-80.0,-80.0,-80.0,-80.0,-80.0,-80.0,-80.0,-80.0,-80.0,-80.0,-80.0,-80.0,-80.0,-80.0,-80.0,-80.0,-80.0,-80.0,-80.0,-80.0,-80.0,-80.0,-80.0,-80.0,-80.0,-80.0,-80.0,-80.0,-80.0,-80.0,-80.0,-80.0,-80.0,-80.0,-80.0,-80.0,-80.0,-80.0,-80.0,-80.0,-80.0,-80.0,-80.0,-80.0,-74.60576,-65.63406,-64.216125,-64.269104,-63.090794,-64.84987,-72.10364,-71.30684,-70.64491,-72.521515,-73.52435,-78.27423,-79.96914,-77.617035,-76.133606,-79.70488,-79.130585,-77.95712,-80.0,-80.0,-80.0,-80.0,-80.0,-80.0,-80.0,-80.0,-80.0,-80.0,-80.0,-80.0,-80.0,-80.0,-80.0,-80.0,-80.0,-80.0,-80.0,-80.0,-80.0,-80.0,-80.0,-80.0,-80.0,-80.0,-80.0,-80.0,-80.0,-80.0,-80.0,-80.0,-80.0,-80.0,-80.0,-80.0,-80.0,-80.0,-80.0,-80.0,-80.0,-80.0,-80.0,-80.0,-80.0,-80.0,-80.0,-80.0,-80.0,-80.0,-80.0,-80.0,-80.0,-80.0,-80.0,-80.0,-80.0,-80.0,-80.0,-80.0,-80.0,-80.0,-80.0,-80.0,-80.0,-80.0,-80.0,-80.0,-80.0,-80.0,-80.0,-80.0,-80.0,-80.0,-80.0,-80.0,-80.0,-80.0,-80.0,-80.0,-80.0,-80.0,-80.0,-80.0,-80.0,-80.0,-80.0,-80.0,-80.0,-80.0,-80.0,-80.0,-80.0,-80.0,-80.0,-80.0,-80.0,-80.0,-80.0,-80.0,-80.0,-80.0,-80.0,-80.0,-80.0,-80.0,-80.0,-80.0,-80.0,-80.0,-80.0,-80.0,-80.0,-80.0,-80.0,-80.0,-80.0,-80.0,-80.0,-80.0,-80.0,-80.0,-80.0,-80.0,-80.0,-80.0,-80.0,-80.0,-80.0,-80.0,-80.0,-80.0,-80.0,-80.0,-80.0,-80.0,-80.0,-80.0,-80.0,-80.0,-80.0,-80.0,-80.0,-80.0,-80.0,-80.0,-80.0,-80.0,-80.0,-80.0,-80.0,-80.0,-80.0,-80.0,-80.0,-80.0,-80.0,-80.0,-80.0,-80.0,-80.0,-80.0,-80.0,-80.0,-80.0,-80.0,-80.0,-80.0,-80.0,-80.0,-80.0,-80.0,-80.0,-80.0,-80.0,-80.0,-80.0,-80.0,-80.0,-80.0,-80.0,-80.0,-80.0,-80.0,-80.0,-80.0,-80.0,-80.0,-80.0,-80.0,-80.0,-80.0,-80.0,-80.0,-80.0,-80.0,-80.0,-80.0,-80.0,-80.0,-80.0,-80.0,-80.0,-80.0,-80.0,-80.0,-80.0,-80.0,-80.0,-80.0,-80.0,-80.0,-80.0,-80.0,-80.0,-80.0,-80.0,-80.0,-80.0,-80.0,-80.0,-80.0,-80.0,-80.0,-80.0,-80.0,-80.0,-80.0,-80.0,-80.0,-80.0,-80.0,-80.0,-80.0,-80.0,-80.0,-80.0,-80.0,-80.0,-80.0,-80.0,-80.0,-80.0,-80.0,-80.0,-80.0,-80.0,-80.0,-80.0,-80.0,-80.0,-80.0,-80.0,-80.0,-80.0,-80.0,-80.0,-80.0,-80.0,-80.0,-80.0,-80.0,-80.0,-80.0,-80.0,-80.0,-80.0,-80.0,-80.0,-80.0,-80.0,-80.0,-80.0,-80.0,-80.0,-80.0,-80.0,-80.0,-80.0,-80.0,-80.0,-80.0,-80.0,-80.0,-80.0,-80.0,-80.0,-80.0,-80.0,-80.0,-80.0,-80.0,-80.0,-80.0,-80.0,-80.0,-80.0,-80.0,-80.0,-80.0,-80.0,-80.0,-80.0,-80.0,-80.0,-80.0
-57.587322,-58.167885,-68.457886,-69.91074,-73.92073,-76.60525,-77.587814,-76.82829,-76.5359,-78.09053,-77.818756,-79.321625,-80.0,-80.0,-80.0,-80.0,-80.0,-80.0,-80.0,-80.0,-80.0,-80.0,-80.0,-80.0,-80.0,-80.0,-80.0,-80.0,-80.0,-80.0,-80.0,-80.0,-80.0,-80.0,-80.0,-80.0,-80.0,-80.0,-80.0,-80.0,-80.0,-80.0,-80.0,-80.0,-80.0,-80.0,-80.0,-80.0,-80.0,-80.0,-80.0,-80.0,-80.0,-80.0,-80.0,-80.0,-80.0,-80.0,-80.0,-80.0,-80.0,-80.0,-80.0,-80.0,-80.0,-80.0,-80.0,-80.0,-80.0,-80.0,-80.0,-80.0,-80.0,-80.0,-80.0,-80.0,-80.0,-80.0,-80.0,-80.0,-80.0,-80.0,-80.0,-80.0,-80.0,-80.0,-80.0,-80.0,-80.0,-73.48015,-65.116005,-60.407608,-61.51538,-69.218094,-68.65582,-70.363846,-72.28397,-72.70683,-76.00729,-78.84619,-80.0,-80.0,-79.028404,-79.51866,-78.90908,-78.77876,-80.0,-80.0,-80.0,-80.0,-80.0,-80.0,-80.0,-80.0,-80.0,-80.0,-80.0,-80.0,-80.0,-80.0,-80.0,-80.0,-80.0,-80.0,-80.0,-80.0,-80.0,-80.0,-80.0,-80.0,-80.0,-80.0,-80.0,-80.0,-80.0,-80.0,-80.0,-80.0,-80.0,-80.0,-80.0,-80.0,-80.0,-80.0,-80.0,-80.0,-80.0,-80.0,-80.0,-80.0,-80.0,-80.0,-80.0,-80.0,-80.0,-80.0,-80.0,-80.0,-80.0,-80.0,-80.0,-80.0,-80.0,-80.0,-80.0,-80.0,-80.0,-80.0,-80.0,-80.0,-80.0,-80.0,-80.0,-80.0,-80.0,-80.0,-80.0,-80.0,-80.0,-80.0,-80.0,-80.0,-80.0,-80.0,-80.0,-80.0,-80.0,-80.0,-80.0,-80.0,-80.0,-80.0,-80.0,-80.0,-80.0,-80.0,-80.0,-80.0,-80.0,-80.0,-80.0,-80.0,-80.0,-80.0,-80.0,-80.0,-80.0,-80.0,-80.0,-80.0,-80.0,-80.0,-80.0,-80.0,-80.0,-80.0,-80.0,-80.0,-80.0,-80.0,-80.0,-80.0,-80.0,-80.0,-80.0,-80.0,-80.0,-80.0,-80.0,-80.0,-80.0,-80.0,-80.0,-80.0,-80.0,-80.0,-80.0,-80.0,-80.0,-80.0,-80.0,-80.0,-80.0,-80.0,-80.0,-80.0,-80.0,-80.0,-80.0,-80.0,-80.0,-80.0,-80.0,-80.0,-80.0,-80.0,-80.0,-80.0,-80.0,-80.0,-80.0,-80.0,-80.0,-80.0,-80.0,-80.0,-80.0,-80.0,-80.0,-80.0,-80.0,-80.0,-80.0,-80.0,-80.0,-80.0,-80.0,-80.0,-80.0,-80.0,-80.0,-80.0,-80.0,-80.0,-80.0,-80.0,-80.0,-80.0,-80.0,-80.0,-80.0,-80.0,-80.0,-80.0,-80.0,-80.0,-80.0,-80.0,-80.0,-80.0,-80.0,-80.0,-80.0,-80.0,-80.0,-80.0,-80.0,-80.0,-80.0,-80.0,-80.0,-80.0,-80.0,-80.0,-80.0,-80.0,-80.0,-80.0,-80.0,-80.0,-80.0,-80.0,-80.0,-80.0,-80.0,-80.0,-80.0,-80.0,-80.0,-80.0,-80.0,-80.0,-80.0,-80.0,-80.0,-80.0,-80.0,-80.0,-80.0,-80.0,-80.0,-80.0,-80.0,-80.0,-80.0,-80.0,-80.0,-80.0,-80.0,-80.0,-80.0,-80.0,-80.0,-80.0,-80.0,-80.0,-80.0,-80.0,-80.0,-80.0,-80.0,-80.0,-80.0,-80.0,-80.0,-80.0,-80.0,-80.0,-80.0,-80.0,-80.0,-80.0,-80.0,-80.0,-80.0,-80.0,-80.0,-80.0,-80.0,-80.0,-80.0,-80.0,-80.0,-80.0,-80.0,-80.0,-80.0,-80.0,-80.0,-80.0,-80.0,-80.0,-80.0,-80.0,-80.0,-80.0,-80.0,-80.0,-80.0,-80.0,-80.0,-80.0,-80.0,-80.0,-80.0,-80.0,-80.0,-80.0,-80.0,-80.0,-80.0,-80.0,-80.0
-61.543182,-59.226723,-62.075333,-66.06477,-72.18126,-72.100464,-75.64191,-78.148346,-79.09039,-76.016235,-73.48271,-75.99042,-76.57993,-77.00362,-80.0,-80.0,-80.0,-80.0,-80.0,-80.0,-80.0,-80.0,-80.0,-80.0,-80.0,-80.0,-80.0,-80.0,-80.0,-80.0,-80.0,-80.0,-80.0,-80.0,-80.0,-80.0,-80.0,-80.0,-80.0,-80.0,-80.0,-80.0,-80.0,-80.0,-80.0,-80.0,-80.0,-80.0,-80.0,-80.0,-80.0,-80.0,-80.0,-80.0,-80.0,-80.0,-80.0,-80.0,-80.0,-80.0,-80.0,-80.0,-80.0,-80.0,-80.0,-80.0,-80.0,-80.0,-80.0,-80.0,-80.0,-80.0,-80.0,-80.0,-80.0,-80.0,-80.0,-80.0,-80.0,-80.0,-80.0,-80.0,-80.0,-80.0,-80.0,-80.0,-80.0,-80.0,-80.0,-71.542145,-62.716076,-59.582176,-60.82314,-64.25635,-68.87247,-71.28493,-73.42308,-73.80153,-73.9313,-77.68692,-78.12543,-78.21854,-76.95038,-75.77571,-76.53844,-77.73366,-80.0,-80.0,-80.0,-80.0,-80.0,-80.0,-80.0,-80.0,-80.0,-80.0,-80.0,-80.0,-80.0,-80.0,-80.0,-80.0,-80.0,-80.0,-80.0,-80.0,-80.0,-80.0,-80.0,-80.0,-80.0,-80.0,-80.0,-80.0,-80.0,-80.0,-80.0,-80.0,-80.0,-80.0,-80.0,-80.0,-80.0,-80.0,-80.0,-80.0,-80.0,-80.0,-80.0,-80.0,-80.0,-80.0,-80.0,-80.0,-80.0,-80.0,-80.0,-80.0,-80.0,-80.0,-80.0,-80.0,-80.0,-80.0,-80.0,-80.0,-80.0,-80.0,-80.0,-80.0,-80.0,-80.0,-80.0,-80.0,-80.0,-80.0,-80.0,-80.0,-80.0,-80.0,-80.0,-80.0,-80.0,-80.0,-80.0,-80.0,-80.0,-80.0,-80.0,-80.0,-80.0,-80.0,-80.0,-80.0,-80.0,-80.0,-80.0,-80.0,-80.0,-80.0,-80.0,-80.0,-80.0,-80.0,-80.0,-80.0,-80.0,-80.0,-80.0,-80.0,-80.0,-80.0,-80.0,-80.0,-80.0,-80.0,-80.0,-80.0,-80.0,-80.0,-80.0,-80.0,-80.0,-80.0,-80.0,-80.0,-80.0,-80.0,-80.0,-80.0,-80.0,-80.0,-80.0,-80.0,-80.0,-80.0,-80.0,-80.0,-80.0,-80.0,-80.0,-80.0,-80.0,-80.0,-80.0,-80.0,-80.0,-80.0,-80.0,-80.0,-80.0,-80.0,-80.0,-80.0,-80.0,-80.0,-80.0,-80.0,-80.0,-80.0,-80.0,-80.0,-80.0,-80.0,-80.0,-80.0,-80.0,-80.0,-80.0,-80.0,-80.0,-80.0,-80.0,-80.0,-80.0,-80.0,-80.0,-80.0,-80.0,-80.0,-80.0,-80.0,-80.0,-80.0,-80.0,-80.0,-80.0,-80.0,-80.0,-80.0,-80.0,-80.0,-80.0,-80.0,-80.0,-80.0,-80.0,-80.0,-80.0,-80.0,-80.0,-80.0,-80.0,-80.0,-80.0,-80.0,-80.0,-80.0,-80.0,-80.0,-80.0,-80.0,-80.0,-80.0,-80.0,-80.0,-80.0,-80.0,-80.0,-80.0,-80.0,-80.0,-80.0,-80.0,-80.0,-80.0,-80.0,-80.0,-80.0,-80.0,-80.0,-80.0,-80.0,-80.0,-80.0,-80.0,-80.0,-80.0,-80.0,-80.0,-80.0,-80.0,-80.0,-80.0,-80.0,-80.0,-80.0,-80.0,-80.0,-80.0,-80.0,-80.0,-80.0,-80.0,-80.0,-80.0,-80.0,-80.0,-80.0,-80.0,-80.0,-80.0,-80.0,-80.0,-80.0,-80.0,-80.0,-80.0,-80.0,-80.0,-80.0,-80.0,-80.0,-80.0,-80.0,-80.0,-80.0,-80.0,-80.0,-80.0,-80.0,-80.0,-80.0,-80.0,-80.0,-80.0,-80.0,-80.0,-80.0,-80.0,-80.0,-80.0,-80.0,-80.0,-80.0,-80.0,-80.0,-80.0,-80.0,-80.0,-80.0,-80.0,-80.0,-80.0,-80.0,-80.0,-80.0,-80.0,-80.0,-80.0,-80.0,-80.0,-80.0
-58.34939,-56.11567,-58.366207,-62.293877,-70.31742,-69.212715,-74.0723,-75.84108,-74.68194,-74.570404,-74.65375,-74.83855,-75.01573,-76.498795,-80.0,-80.0,-80.0,-80.0,-80.0,-80.0,-80.0,-80.0,-80.0,-80.0,-80.0,-80.0,-80.0,-80.0,-80.0,-80.0,-80.0,-80.0,-80.0,-80.0,-80.0,-80.0,-80.0,-80.0,-80.0,-80.0,-80.0,-80.0,-80.0,-80.0,-80.0,-80.0,-80.0,-80.0,-80.0,-80.0,-80.0,-80.0,-80.0,-80.0,-80.0,-80.0,-80.0,-80.0,-80.0,-80.0,-80.0,-80.0,-80.0,-80.0,-80.0,-80.0,-80.0,-80.0,-80.0,-80.0,-80.0,-80.0,-80.0,-80.0,-80.0,-80.0,-80.0,-80.0,-80.0,-80.0,-80.0,-80.0,-80.0,-80.0,-80.0,-80.0,-80.0,-80.0,-80.0,-69.82072,-61.1187,-62.378597,-61.67253,-63.519985,-67.844505,-72.80429,-70.869675,-74.92665,-78.47946,-79.262924,-78.951706,-80.0,-80.0,-80.0,-80.0,-80.0,-80.0,-80.0,-80.0,-80.0,-80.0,-80.0,-80.0,-80.0,-80.0,-80.0,-80.0,-80.0,-80.0,-80.0,-80.0,-80.0,-80.0,-80.0,-80.0,-80.0,-80.0,-80.0,-80.0,-80.0,-80.0,-80.0,-80.0,-80.0,-80.0,-80.0,-80.0,-80.0,-80.0,-80.0,-80.0,-80.0,-80.0,-80.0,-80.0,-80.0,-80.0,-80.0,-80.0,-80.0,-80.0,-80.0,-80.0,-80.0,-80.0,-80.0,-80.0,-80.0,-80.0,-80.0,-80.0,-80.0,-80.0,-80.0,-80.0,-80.0,-80.0,-80.0,-80.0,-80.0,-80.0,-80.0,-80.0,-80.0,-80.0,-80.0,-80.0,-80.0,-80.0,-80.0,-80.0,-80.0,-80.0,-80.0,-80.0,-80.0,-80.0,-80.0,-80.0,-80.0,-80.0,-80.0,-80.0,-80.0,-80.0,-80.0,-80.0,-80.0,-80.0,-80.0,-80.0,-80.0,-80.0,-80.0,-80.0,-80.0,-80.0,-80.0,-80.0,-80.0,-80.0,-80.0,-80.0,-80.0,-80.0,-80.0,-80.0,-80.0,-80.0,-80.0,-80.0,-80.0,-80.0,-80.0,-80.0,-80.0,-80.0,-80.0,-80.0,-80.0,-80.0,-80.0,-80.0,-80.0,-80.0,-80.0,-80.0,-80.0,-80.0,-80.0,-80.0,-80.0,-80.0,-80.0,-80.0,-80.0,-80.0,-80.0,-80.0,-80.0,-80.0,-80.0,-80.0,-80.0,-80.0,-80.0,-80.0,-80.0,-80.0,-80.0,-80.0,-80.0,-80.0,-80.0,-80.0,-80.0,-80.0,-80.0,-80.0,-80.0,-80.0,-80.0,-80.0,-80.0,-80.0,-80.0,-80.0,-80.0,-80.0,-80.0,-80.0,-80.0,-80.0,-80.0,-80.0,-80.0,-80.0,-80.0,-80.0,-80.0,-80.0,-80.0,-80.0,-80.0,-80.0,-80.0,-80.0,-80.0,-80.0,-80.0,-80.0,-80.0,-80.0,-80.0,-80.0,-80.0,-80.0,-80.0,-80.0,-80.0,-80.0,-80.0,-80.0,-80.0,-80.0,-80.0,-80.0,-80.0,-80.0,-80.0,-80.0,-80.0,-80.0,-80.0,-80.0,-80.0,-80.0,-80.0,-80.0,-80.0,-80.0,-80.0,-80.0,-80.0,-80.0,-80.0,-80.0,-80.0,-80.0,-80.0,-80.0,-80.0,-80.0,-80.0,-80.0,-80.0,-80.0,-80.0,-80.0,-80.0,-80.0,-80.0,-80.0,-80.0,-80.0,-80.0,-80.0,-80.0,-80.0,-80.0,-80.0,-80.0,-80.0,-80.0,-80.0,-80.0,-80.0,-80.0,-80.0,-80.0,-80.0,-80.0,-80.0,-80.0,-80.0,-80.0,-80.0,-80.0,-80.0,-80.0,-80.0,-80.0,-80.0,-80.0,-80.0,-80.0,-80.0,-80.0,-80.0,-80.0,-80.0,-80.0,-80.0,-80.0,-80.0,-80.0,-80.0,-80.0,-80.0,-80.0,-80.0,-80.0,-80.0,-80.0,-80.0,-80.0,-80.0,-80.0,-80.0,-80.0,-80.0,-80.0,-80.0
-56.219513,-54.54878,-60.230785,-67.39166,-73.51393,-70.29582,-68.65817,-71.86246,-75.508606,-74.37624,-76.3172,-74.32599,-77.1021,-80.0,-80.0,-80.0,-80.0,-80.0,-80.0,-80.0,-80.0,-80.0,-80.0,-80.0,-80.0,-80.0,-80.0,-80.0,-80.0,-80.0,-80.0,-80.0,-80.0,-80.0,-80.0,-80.0,-80.0,-80.0,-80.0,-80.0,-80.0,-80.0,-80.0,-80.0,-80.0,-80.0,-80.0,-80.0,-80.0,-80.0,-80.0,-80.0,-80.0,-80.0,-80.0,-80.0,-80.0,-80.0,-80.0,-80.0,-80.0,-80.0,-80.0,-80.0,-80.0,-80.0,-80.0,-80.0,-80.0,-80.0,-80.0,-80.0,-80.0,-80.0,-80.0,-80.0,-80.0,-80.0,-80.0,-80.0,-80.0,-80.0,-80.0,-80.0,-80.0,-80.0,-80.0,-80.0,-80.0,-73.52031,-65.2704,-62.650726,-61.347725,-65.334854,-70.21025,-71.11951,-73.262314,-77.07596,-79.9926,-80.0,-77.81088,-77.81167,-80.0,-80.0,-80.0,-80.0,-80.0,-80.0,-80.0,-80.0,-80.0,-80.0,-80.0,-80.0,-80.0,-80.0,-80.0,-80.0,-80.0,-80.0,-80.0,-80.0,-80.0,-80.0,-80.0,-80.0,-80.0,-80.0,-80.0,-80.0,-80.0,-80.0,-80.0,-80.0,-80.0,-80.0,-80.0,-80.0,-80.0,-80.0,-80.0,-80.0,-80.0,-80.0,-80.0,-80.0,-80.0,-80.0,-80.0,-80.0,-80.0,-80.0,-80.0,-80.0,-80.0,-80.0,-80.0,-80.0,-80.0,-80.0,-80.0,-80.0,-80.0,-80.0,-80.0,-80.0,-80.0,-80.0,-80.0,-80.0,-80.0,-80.0,-80.0,-80.0,-80.0,-80.0,-80.0,-80.0,-80.0,-80.0,-80.0,-80.0,-80.0,-80.0,-80.0,-80.0,-80.0,-80.0,-80.0,-80.0,-80.0,-80.0,-80.0,-80.0,-80.0,-80.0,-80.0,-80.0,-80.0,-80.0,-80.0,-80.0,-80.0,-80.0,-80.0,-80.0,-80.0,-80.0,-80.0,-80.0,-80.0,-80.0,-80.0,-80.0,-80.0,-80.0,-80.0,-80.0,-80.0,-80.0,-80.0,-80.0,-80.0,-80.0,-80.0,-80.0,-80.0,-80.0,-80.0,-80.0,-80.0,-80.0,-80.0,-80.0,-80.0,-80.0,-80.0,-80.0,-80.0,-80.0,-80.0,-80.0,-80.0,-80.0,-80.0,-80.0,-80.0,-80.0,-80.0,-80.0,-80.0,-80.0,-80.0,-80.0,-80.0,-80.0,-80.0,-80.0,-80.0,-80.0,-80.0,-80.0,-80.0,-80.0,-80.0,-80.0,-80.0,-80.0,-80.0,-80.0,-80.0,-80.0,-80.0,-80.0,-80.0,-80.0,-80.0,-80.0,-80.0,-80.0,-80.0,-80.0,-80.0,-80.0,-80.0,-80.0,-80.0,-80.0,-80.0,-80.0,-80.0,-80.0,-80.0,-80.0,-80.0,-80.0,-80.0,-80.0,-80.0,-80.0,-80.0,-80.0,-80.0,-80.0,-80.0,-80.0,-80.0,-80.0,-80.0,-80.0,-80.0,-80.0,-80.0,-80.0,-80.0,-80.0,-80.0,-80.0,-80.0,-80.0,-80.0,-80.0,-80.0,-80.0,-80.0,-80.0,-80.0,-80.0,-80.0,-80.0,-80.0,-80.0,-80.0,-80.0,-80.0,-80.0,-80.0,-80.0,-80.0,-80.0,-80.0,-80.0,-80.0,-80.0,-80.0,-80.0,-80.0,-80.0,-80.0,-80.0,-80.0,-80.0,-80.0,-80.0,-80.0,-80.0,-80.0,-80.0,-80.0,-80.0,-80.0,-80.0,-80.0,-80.0,-80.0,-80.0,-80.0,-80.0,-80.0,-80.0,-80.0,-80.0,-80.0,-80.0,-80.0,-80.0,-80.0,-80.0,-80.0,-80.0,-80.0,-80.0,-80.0,-80.0,-80.0,-80.0,-80.0,-80.0,-80.0,-80.0,-80.0,-80.0,-80.0,-80.0,-80.0,-80.0,-80.0,-80.0,-80.0,-80.0,-80.0,-80.0,-80.0,-80.0,-80.0,-80.0,-80.0,-80.0,-80.0,-80.0,-80.0,-80.0,-80.0
-61.357468,-58.450504,-63.833126,-69.03723,-70.19131,-69.798065,-69.069916,-72.04257,-72.0287,-71.21221,-73.837456,-75.71976,-75.60349,-80.0,-79.81801,-78.44927,-80.0,-80.0,-80.0,-80.0,-80.0,-80.0,-80.0,-80.0,-80.0,-80.0,-80.0,-80.0,-80.0,-80.0,-80.0,-80.0,-80.0,-80.0,-80.0,-80.0,-80.0,-80.0,-80.0,-80.0,-80.0,-80.0,-80.0,-80.0,-80.0,-80.0,-80.0,-80.0,-80.0,-80.0,-80.0,-80.0,-80.0,-80.0,-80.0,-80.0,-80.0,-80.0,-80.0,-80.0,-80.0,-80.0,-80.0,-80.0,-80.0,-80.0,-80.0,-80.0,-80.0,-80.0,-80.0,-80.0,-80.0,-80.0,-80.0,-80.0,-80.0,-80.0,-80.0,-80.0,-80.0,-80.0,-80.0,-80.0,-80.0,-80.0,-80.0,-80.0,-80.0,-80.0,-70.909256,-63.466938,-62.32695,-68.801636,-72.18848,-73.02374,-74.72224,-74.48328,-76.10149,-77.70058,-77.568405,-79.21858,-80.0,-80.0,-80.0,-80.0,-80.0,-80.0,-80.0,-80.0,-80.0,-80.0,-80.0,-80.0,-80.0,-80.0,-80.0,-80.0,-80.0,-80.0,-80.0,-80.0,-80.0,-80.0,-80.0,-80.0,-80.0,-80.0,-80.0,-80.0,-80.0,-80.0,-80.0,-80.0,-80.0,-80.0,-80.0,-80.0,-80.0,-80.0,-80.0,-80.0,-80.0,-80.0,-80.0,-80.0,-80.0,-80.0,-80.0,-80.0,-80.0,-80.0,-80.0,-80.0,-80.0,-80.0,-80.0,-80.0,-80.0,-80.0,-80.0,-80.0,-80.0,-80.0,-80.0,-80.0,-80.0,-80.0,-80.0,-80.0,-80.0,-80.0,-80.0,-80.0,-80.0,-80.0,-80.0,-80.0,-80.0,-80.0,-80.0,-80.0,-80.0,-80.0,-80.0,-80.0,-80.0,-80.0,-80.0,-80.0,-80.0,-80.0,-80.0,-80.0,-80.0,-80.0,-80.0,-80.0,-80.0,-80.0,-80.0,-80.0,-80.0,-80.0,-80.0,-80.0,-80.0,-80.0,-80.0,-80.0,-80.0,-80.0,-80.0,-80.0,-80.0,-80.0,-80.0,-80.0,-80.0,-80.0,-80.0,-80.0,-80.0,-80.0,-80.0,-80.0,-80.0,-80.0,-80.0,-80.0,-80.0,-80.0,-80.0,-80.0,-80.0,-80.0,-80.0,-80.0,-80.0,-80.0,-80.0,-80.0,-80.0,-80.0,-80.0,-80.0,-80.0,-80.0,-80.0,-80.0,-80.0,-80.0,-80.0,-80.0,-80.0,-80.0,-80.0,-80.0,-80.0,-80.0,-80.0,-80.0,-80.0,-80.0,-80.0,-80.0,-80.0,-80.0,-80.0,-80.0,-80.0,-80.0,-80.0,-80.0,-80.0,-80.0,-80.0,-80.0,-80.0,-80.0,-80.0,-80.0,-80.0,-80.0,-80.0,-80.0,-80.0,-80.0,-80.0,-80.0,-80.0,-80.0,-80.0,-80.0,-80.0,-80.0,-80.0,-80.0,-80.0,-80.0,-80.0,-80.0,-80.0,-80.0,-80.0,-80.0,-80.0,-80.0,-80.0,-80.0,-80.0,-80.0,-80.0,-80.0,-80.0,-80.0,-80.0,-80.0,-80.0,-80.0,-80.0,-80.0,-80.0,-80.0,-80.0,-80.0,-80.0,-80.0,-80.0,-80.0,-80.0,-80.0,-80.0,-80.0,-80.0,-80.0,-80.0,-80.0,-80.0,-80.0,-80.0,-80.0,-80.0,-80.0,-80.0,-80.0,-80.0,-80.0,-80.0,-80.0,-80.0,-80.0,-80.0,-80.0,-80.0,-80.0,-80.0,-80.0,-80.0,-80.0,-80.0,-80.0,-80.0,-80.0,-80.0,-80.0,-80.0,-80.0,-80.0,-80.0,-80.0,-80.0,-80.0,-80.0,-80.0,-80.0,-80.0,-80.0,-80.0,-80.0,-80.0,-80.0,-80.0,-80.0,-80.0,-80.0,-80.0,-80.0,-80.0,-80.0,-80.0,-80.0,-80.0,-80.0,-80.0,-80.0,-80.0,-80.0,-80.0,-80.0,-80.0,-80.0,-80.0,-80.0,-80.0,-80.0,-80.0,-80.0,-80.0,-80.0,-80.0,-80.0,-80.0
-60.83371,-59.56176,-64.57446,-70.95099,-73.691216,-71.17279,-69.75017,-73.381546,-72.610245,-72.12521,-75.84697,-78.492966,-76.321365,-77.958115,-78.28114,-78.98964,-80.0,-80.0,-80.0,-80.0,-80.0,-80.0,-80.0,-80.0,-80.0,-80.0,-80.0,-80.0,-80.0,-80.0,-80.0,-80.0,-80.0,-80.0,-80.0,-80.0,-80.0,-80.0,-80.0,-80.0,-80.0,-80.0,-80.0,-80.0,-80.0,-80.0,-80.0,-80.0,-80.0,-80.0,-80.0,-80.0,-80.0,-80.0,-80.0,-80.0,-80.0,-80.0,-80.0,-80.0,-80.0,-80.0,-80.0,-80.0,-80.0,-80.0,-80.0,-80.0,-80.0,-80.0,-80.0,-80.0,-80.0,-80.0,-80.0,-80.0,-80.0,-80.0,-80.0,-80.0,-80.0,-80.0,-80.0,-80.0,-80.0,-80.0,-80.0,-80.0,-80.0,-80.0,-68.30226,-62.249245,-61.42002,-66.32306,-71.06908,-71.4861,-71.879486,-69.995026,-72.51161,-76.04121,-80.0,-80.0,-80.0,-80.0,-79.95587,-80.0,-80.0,-80.0,-80.0,-80.0,-80.0,-80.0,-80.0,-80.0,-80.0,-80.0,-80.0,-80.0,-80.0,-80.0,-80.0,-80.0,-80.0,-80.0,-80.0,-80.0,-80.0,-80.0,-80.0,-80.0,-80.0,-80.0,-80.0,-80.0,-80.0,-80.0,-80.0,-80.0,-80.0,-80.0,-80.0,-80.0,-80.0,-80.0,-80.0,-80.0,-80.0,-80.0,-80.0,-80.0,-80.0,-80.0,-80.0,-80.0,-80.0,-80.0,-80.0,-80.0,-80.0,-80.0,-80.0,-80.0,-80.0,-80.0,-80.0,-80.0,-80.0,-80.0,-80.0,-80.0,-80.0,-80.0,-80.0,-80.0,-80.0,-80.0,-80.0,-80.0,-80.0,-80.0,-80.0,-80.0,-80.0,-80.0,-80.0,-80.0,-80.0,-80.0,-80.0,-80.0,-80.0,-80.0,-80.0,-80.0,-80.0,-80.0,-80.0,-80.0,-80.0,-80.0,-80.0,-80.0,-80.0,-80.0,-80.0,-80.0,-80.0,-80.0,-80.0,-80.0,-80.0,-80.0,-80.0,-80.0,-80.0,-80.0,-80.0,-80.0,-80.0,-80.0,-80.0,-80.0,-80.0,-80.0,-80.0,-80.0,-80.0,-80.0,-80.0,-80.0,-80.0,-80.0,-80.0,-80.0,-80.0,-80.0,-80.0,-80.0,-80.0,-80.0,-80.0,-80.0,-80.0,-80.0,-80.0,-80.0,-80.0,-80.0,-80.0,-80.0,-80.0,-80.0,-80.0,-80.0,-80.0,-80.0,-80.0,-80.0,-80.0,-80.0,-80.0,-80.0,-80.0,-80.0,-80.0,-80.0,-80.0,-80.0,-80.0,-80.0,-80.0,-80.0,-80.0,-80.0,-80.0,-80.0,-80.0,-80.0,-80.0,-80.0,-80.0,-80.0,-80.0,-80.0,-80.0,-80.0,-80.0,-80.0,-80.0,-80.0,-80.0,-80.0,-80.0,-80.0,-80.0,-80.0,-80.0,-80.0,-80.0,-80.0,-80.0,-80.0,-80.0,-80.0,-80.0,-80.0,-80.0,-80.0,-80.0,-80.0,-80.0,-80.0,-80.0,-80.0,-80.0,-80.0,-80.0,-80.0,-80.0,-80.0,-80.0,-80.0,-80.0,-80.0,-80.0,-80.0,-80.0,-80.0,-80.0,-80.0,-80.0,-80.0,-80.0,-80.0,-80.0,-80.0,-80.0,-80.0,-80.0,-80.0,-80.0,-80.0,-80.0,-80.0,-80.0,-80.0,-80.0,-80.0,-80.0,-80.0,-80.0,-80.0,-80.0,-80.0,-80.0,-80.0,-80.0,-80.0,-80.0,-80.0,-80.0,-80.0,-80.0,-80.0,-80.0,-80.0,-80.0,-80.0,-80.0,-80.0,-80.0,-80.0,-80.0,-80.0,-80.0,-80.0,-80.0,-80.0,-80.0,-80.0,-80.0,-80.0,-80.0,-80.0,-80.0,-80.0,-80.0,-80.0,-80.0,-80.0,-80.0,-80.0,-80.0,-80.0,-80.0,-80.0,-80.0,-80.0,-80.0,-80.0,-80.0,-80.0,-80.0,-80.0,-80.0,-80.0,-80.0,-80.0,-80.0,-80.0,-80.0,-80.0,-80.0
-61.04715,-60.955276,-65.96376,-69.022644,-71.4682,-71.13083,-70.1987,-71.26314,-73.38649,-75.06323,-79.86796,-79.86511,-80.0,-80.0,-80.0,-80.0,-80.0,-80.0,-80.0,-80.0,-80.0,-80.0,-80.0,-80.0,-80.0,-80.0,-80.0,-80.0,-80.0,-80.0,-80.0,-80.0,-80.0,-80.0,-80.0,-80.0,-80.0,-80.0,-80.0,-80.0,-80.0,-80.0,-80.0,-80.0,-80.0,-80.0,-80.0,-80.0,-80.0,-80.0,-80.0,-80.0,-80.0,-80.0,-80.0,-80.0,-80.0,-80.0,-80.0,-80.0,-80.0,-80.0,-80.0,-80.0,-80.0,-80.0,-80.0,-80.0,-80.0,-80.0,-80.0,-80.0,-80.0,-80.0,-80.0,-80.0,-80.0,-80.0,-80.0,-80.0,-80.0,-80.0,-80.0,-80.0,-80.0,-80.0,-80.0,-80.0,-80.0,-80.0,-65.03441,-60.741913,-61.724564,-67.910965,-72.26467,-72.38634,-72.13952,-73.241776,-77.20384,-78.92076,-77.217354,-77.30298,-80.0,-80.0,-80.0,-80.0,-80.0,-80.0,-80.0,-80.0,-80.0,-80.0,-80.0,-80.0,-80.0,-80.0,-80.0,-80.0,-80.0,-80.0,-80.0,-80.0,-80.0,-80.0,-80.0,-80.0,-80.0,-80.0,-80.0,-80.0,-80.0,-80.0,-80.0,-80.0,-80.0,-80.0,-80.0,-80.0,-80.0,-80.0,-80.0,-80.0,-80.0,-80.0,-80.0,-80.0,-80.0,-80.0,-80.0,-80.0,-80.0,-80.0,-80.0,-80.0,-80.0,-80.0,-80.0,-80.0,-80.0,-80.0,-80.0,-80.0,-80.0,-80.0,-80.0,-80.0,-80.0,-80.0,-80.0,-80.0,-80.0,-80.0,-80.0,-80.0,-80.0,-80.0,-80.0,-80.0,-80.0,-80.0,-80.0,-80.0,-80.0,-80.0,-80.0,-80.0,-80.0,-80.0,-80.0,-80.0,-80.0,-80.0,-80.0,-80.0,-80.0,-80.0,-80.0,-80.0,-80.0,-80.0,-80.0,-80.0,-80.0,-80.0,-80.0,-80.0,-80.0,-80.0,-80.0,-80.0,-80.0,-80.0,-80.0,-80.0,-80.0,-80.0,-80.0,-80.0,-80.0,-80.0,-80.0,-80.0,-80.0,-80.0,-80.0,-80.0,-80.0,-80.0,-80.0,-80.0,-80.0,-80.0,-80.0,-80.0,-80.0,-80.0,-80.0,-80.0,-80.0,-80.0,-80.0,-80.0,-80.0,-80.0,-80.0,-80.0,-80.0,-80.0,-80.0,-80.0,-80.0,-80.0,-80.0,-80.0,-80.0,-80.0,-80.0,-80.0,-80.0,-80.0,-80.0,-80.0,-80.0,-80.0,-80.0,-80.0,-80.0,-80.0,-80.0,-80.0,-80.0,-80.0,-80.0,-80.0,-80.0,-80.0,-80.0,-80.0,-80.0,-80.0,-80.0,-80.0,-80.0,-80.0,-80.0,-80.0,-80.0,-80.0,-80.0,-80.0,-80.0,-80.0,-80.0,-80.0,-80.0,-80.0,-80.0,-80.0,-80.0,-80.0,-80.0,-80.0,-80.0,-80.0,-80.0,-80.0,-80.0,-80.0,-80.0,-80.0,-80.0,-80.0,-80.0,-80.0,-80.0,-80.0,-80.0,-80.0,-80.0,-80.0,-80.0,-80.0,-80.0,-80.0,-80.0,-80.0,-80.0,-80.0,-80.0,-80.0,-80.0,-80.0,-80.0,-80.0,-80.0,-80.0,-80.0,-80.0,-80.0,-80.0,-80.0,-80.0,-80.0,-80.0,-80.0,-80.0,-80.0,-80.0,-80.0,-80.0,-80.0,-80.0,-80.0,-80.0,-80.0,-80.0,-80.0,-80.0,-80.0,-80.0,-80.0,-80.0,-80.0,-80.0,-80.0,-80.0,-80.0,-80.0,-80.0,-80.0,-80.0,-80.0,-80.0,-80.0,-80.0,-80.0,-80.0,-80.0,-80.0,-80.0,-80.0,-80.0,-80.0,-80.0,-80.0,-80.0,-80.0,-80.0,-80.0,-80.0,-80.0,-80.0,-80.0,-80.0,-80.0,-80.0,-80.0,-80.0,-80.0,-80.0,-80.0,-80.0,-80.0,-80.0,-80.0,-80.0,-80.0,-80.0,-80.0,-80.0,-80.0,-80.0,-80.0
-58.9866,-58.29008,-63.526806,-67.73268,-70.10779,-72.00181,-69.88924,-70.59285,-72.37929,-73.37738,-79.20494,-80.0,-80.0,-80.0,-80.0,-80.0,-80.0,-80.0,-80.0,-80.0,-80.0,-80.0,-80.0,-80.0,-80.0,-80.0,-80.0,-80.0,-80.0,-80.0,-80.0,-80.0,-80.0,-80.0,-80.0,-80.0,-80.0,-80.0,-80.0,-80.0,-80.0,-80.0,-80.0,-80.0,-80.0,-80.0,-80.0,-80.0,-80.0,-80.0,-80.0,-80.0,-80.0,-80.0,-80.0,-80.0,-80.0,-80.0,-80.0,-80.0,-80.0,-80.0,-80.0,-80.0,-80.0,-80.0,-80.0,-80.0,-80.0,-80.0,-80.0,-80.0,-80.0,-80.0,-80.0,-80.0,-80.0,-80.0,-80.0,-80.0,-80.0,-80.0,-80.0,-80.0,-80.0,-80.0,-80.0,-80.0,-80.0,-76.74034,-66.60784,-63.322685,-64.1875,-70.42622,-73.15549,-72.761024,-75.140335,-78.3432,-80.0,-78.629776,-80.0,-80.0,-79.868835,-78.31042,-80.0,-80.0,-80.0,-80.0,-80.0,-80.0,-80.0,-80.0,-80.0,-80.0,-80.0,-80.0,-80.0,-80.0,-80.0,-80.0,-80.0,-80.0,-80.0,-80.0,-80.0,-80.0,-80.0,-80.0,-80.0,-80.0,-80.0,-80.0,-80.0,-80.0,-80.0,-80.0,-80.0,-80.0,-80.0,-80.0,-80.0,-80.0,-80.0,-80.0,-80.0,-80.0,-80.0,-80.0,-80.0,-80.0,-80.0,-80.0,-80.0,-80.0,-80.0,-80.0,-80.0,-80.0,-80.0,-80.0,-80.0,-80.0,-80.0,-80.0,-80.0,-80.0,-80.0,-80.0,-80.0,-80.0,-80.0,-80.0,-80.0,-80.0,-80.0,-80.0,-80.0,-80.0,-80.0,-80.0,-80.0,-80.0,-80.0,-80.0,-80.0,-80.0,-80.0,-80.0,-80.0,-80.0,-80.0,-80.0,-80.0,-80.0,-80.0,-80.0,-80.0,-80.0,-80.0,-80.0,-80.0,-80.0,-80.0,-80.0,-80.0,-80.0,-80.0,-80.0,-80.0,-80.0,-80.0,-80.0,-80.0,-80.0,-80.0,-80.0,-80.0,-80.0,-80.0,-80.0,-80.0,-80.0,-80.0,-80.0,-80.0,-80.0,-80.0,-80.0,-80.0,-80.0,-80.0,-80.0,-80.0,-80.0,-80.0,-80.0,-80.0,-80.0,-80.0,-80.0,-80.0,-80.0,-80.0,-80.0,-80.0,-80.0,-80.0,-80.0,-80.0,-80.0,-80.0,-80.0,-80.0,-80.0,-80.0,-80.0,-80.0,-80.0,-80.0,-80.0,-80.0,-80.0,-80.0,-80.0,-80.0,-80.0,-80.0,-80.0,-80.0,-80.0,-80.0,-80.0,-80.0,-80.0,-80.0,-80.0,-80.0,-80.0,-80.0,-80.0,-80.0,-80.0,-80.0,-80.0,-80.0,-80.0,-80.0,-80.0,-80.0,-80.0,-80.0,-80.0,-80.0,-80.0,-80.0,-80.0,-80.0,-80.0,-80.0,-80.0,-80.0,-80.0,-80.0,-80.0,-80.0,-80.0,-80.0,-80.0,-80.0,-80.0,-80.0,-80.0,-80.0,-80.0,-80.0,-80.0,-80.0,-80.0,-80.0,-80.0,-80.0,-80.0,-80.0,-80.0,-80.0,-80.0,-80.0,-80.0,-80.0,-80.0,-80.0,-80.0,-80.0,-80.0,-80.0,-80.0,-80.0,-80.0,-80.0,-80.0,-80.0,-80.0,-80.0,-80.0,-80.0,-80.0,-80.0,-80.0,-80.0,-80.0,-80.0,-80.0,-80.0,-80.0,-80.0,-80.0,-80.0,-80.0,-80.0,-80.0,-80.0,-80.0,-80.0,-80.0,-80.0,-80.0,-80.0,-80.0,-80.0,-80.0,-80.0,-80.0,-80.0,-80.0,-80.0,-80.0,-80.0,-80.0,-80.0,-80.0,-80.0,-80.0,-80.0,-80.0,-80.0,-80.0,-80.0,-80.0,-80.0,-80.0,-80.0,-80.0,-80.0,-80.0,-80.0,-80.0,-80.0,-80.0,-80.0,-80.0,-80.0,-80.0,-80.0,-80.0,-80.0,-80.0,-80.0,-80.0,-80.0,-80.0,-80.0,-80.0,-80.0
-59.225456,-57.033997,-62.526962,-68.8492,-71.01076,-71.22925,-70.83459,-70.70273,-74.02094,-77.423035,-78.15867,-79.216354,-80.0,-80.0,-80.0,-80.0,-80.0,-80.0,-80.0,-80.0,-80.0,-80.0,-80.0,-80.0,-80.0,-80.0,-80.0,-80.0,-80.0,-80.0,-80.0,-80.0,-80.0,-80.0,-80.0,-80.0,-80.0,-80.0,-80.0,-80.0,-80.0,-80.0,-80.0,-80.0,-80.0,-80.0,-80.0,-80.0,-80.0,-80.0,-80.0,-80.0,-80.0,-80.0,-80.0,-80.0,-80.0,-80.0,-80.0,-80.0,-80.0,-80.0,-80.0,-80.0,-80.0,-80.0,-80.0,-80.0,-80.0,-80.0,-80.0,-80.0,-80.0,-80.0,-80.0,-80.0,-80.0,-80.0,-80.0,-80.0,-80.0,-80.0,-80.0,-80.0,-80.0,-80.0,-80.0,-80.0,-80.0,-74.38405,-66.32718,-68.49515,-71.67157,-73.76009,-75.79394,-74.94364,-74.0345,-77.59164,-79.90845,-80.0,-80.0,-80.0,-80.0,-80.0,-80.0,-80.0,-80.0,-80.0,-80.0,-80.0,-80.0,-80.0,-80.0,-80.0,-80.0,-80.0,-80.0,-80.0,-80.0,-80.0,-80.0,-80.0,-80.0,-80.0,-80.0,-80.0,-80.0,-80.0,-80.0,-80.0,-80.0,-80.0,-80.0,-80.0,-80.0,-80.0,-80.0,-80.0,-80.0,-80.0,-80.0,-80.0,-80.0,-80.0,-80.0,-80.0,-80.0,-80.0,-80.0,-80.0,-80.0,-80.0,-80.0,-80.0,-80.0,-80.0,-80.0,-80.0,-80.0,-80.0,-80.0,-80.0,-80.0,-80.0,-80.0,-80.0,-80.0,-80.0,-80.0,-80.0,-80.0,-80.0,-80.0,-80.0,-80.0,-80.0,-80.0,-80.0,-80.0,-80.0,-80.0,-80.0,-80.0,-80.0,-80.0,-80.0,-80.0,-80.0,-80.0,-80.0,-80.0,-80.0,-80.0,-80.0,-80.0,-80.0,-80.0,-80.0,-80.0,-80.0,-80.0,-80.0,-80.0,-80.0,-80.0,-80.0,-80.0,-80.0,-80.0,-80.0,-80.0,-80.0,-80.0,-80.0,-80.0,-80.0,-80.0,-80.0,-80.0,-80.0,-80.0,-80.0,-80.0,-80.0,-80.0,-80.0,-80.0,-80.0,-80.0,-80.0,-80.0,-80.0,-80.0,-80.0,-80.0,-80.0,-80.0,-80.0,-80.0,-80.0,-80.0,-80.0,-80.0,-80.0,-80.0,-80.0,-80.0,-80.0,-80.0,-80.0,-80.0,-80.0,-80.0,-80.0,-80.0,-80.0,-80.0,-80.0,-80.0,-80.0,-80.0,-80.0,-80.0,-80.0,-80.0,-80.0,-80.0,-80.0,-80.0,-80.0,-80.0,-80.0,-80.0,-80.0,-80.0,-80.0,-80.0,-80.0,-80.0,-80.0,-80.0,-80.0,-80.0,-80.0,-80.0,-80.0,-80.0,-80.0,-80.0,-80.0,-80.0,-80.0,-80.0,-80.0,-80.0,-80.0,-80.0,-80.0,-80.0,-80.0,-80.0,-80.0,-80.0,-80.0,-80.0,-80.0,-80.0,-80.0,-80.0,-80.0,-80.0,-80.0,-80.0,-80.0,-80.0,-80.0,-80.0,-80.0,-80.0,-80.0,-80.0,-80.0,-80.0,-80.0,-80.0,-80.0,-80.0,-80.0,-80.0,-80.0,-80.0,-80.0,-80.0,-80.0,-80.0,-80.0,-80.0,-80.0,-80.0,-80.0,-80.0,-80.0,-80.0,-80.0,-80.0,-80.0,-80.0,-80.0,-80.0,-80.0,-80.0,-80.0,-80.0,-80.0,-80.0,-80.0,-80.0,-80.0,-80.0,-80.0,-80.0,-80.0,-80.0,-80.0,-80.0,-80.0,-80.0,-80.0,-80.0,-80.0,-80.0,-80.0,-80.0,-80.0,-80.0,-80.0,-80.0,-80.0,-80.0,-80.0,-80.0,-80.0,-80.0,-80.0,-80.0,-80.0,-80.0,-80.0,-80.0,-80.0,-80.0,-80.0,-80.0,-80.0,-80.0,-80.0,-80.0,-80.0,-80.0,-80.0,-80.0,-80.0,-80.0,-80.0,-80.0,-80.0,-80.0,-80.0,-80.0,-80.0,-80.0,-80.0,-80.0
-58.31385,-59.022408,-65.938255,-70.88371,-74.64169,-75.9539,-73.217834,-72.714676,-75.81615,-77.480255,-77.01604,-79.79852,-80.0,-80.0,-80.0,-80.0,-80.0,-80.0,-80.0,-80.0,-80.0,-80.0,-80.0,-80.0,-80.0,-80.0,-80.0,-80.0,-80.0,-80.0,-80.0,-80.0,-80.0,-80.0,-80.0,-80.0,-80.0,-80.0,-80.0,-80.0,-80.0,-80.0,-80.0,-80.0,-80.0,-80.0,-80.0,-80.0,-80.0,-80.0,-80.0,-80.0,-80.0,-80.0,-80.0,-80.0,-80.0,-80.0,-80.0,-80.0,-80.0,-80.0,-80.0,-80.0,-80.0,-80.0,-80.0,-80.0,-80.0,-80.0,-80.0,-80.0,-80.0,-80.0,-80.0,-80.0,-80.0,-80.0,-80.0,-80.0,-80.0,-80.0,-80.0,-80.0,-80.0,-80.0,-80.0,-80.0,-80.0,-74.793724,-66.645325,-67.16345,-70.24898,-71.19614,-72.73718,-77.12281,-75.7469,-78.564896,-80.0,-80.0,-80.0,-80.0,-80.0,-80.0,-80.0,-80.0,-80.0,-80.0,-80.0,-80.0,-80.0,-80.0,-80.0,-80.0,-80.0,-80.0,-80.0,-80.0,-80.0,-80.0,-80.0,-80.0,-80.0,-80.0,-80.0,-80.0,-80.0,-80.0,-80.0,-80.0,-80.0,-80.0,-80.0,-80.0,-80.0,-80.0,-80.0,-80.0,-80.0,-80.0,-80.0,-80.0,-80.0,-80.0,-80.0,-80.0,-80.0,-80.0,-80.0,-80.0,-80.0,-80.0,-80.0,-80.0,-80.0,-80.0,-80.0,-80.0,-80.0,-80.0,-80.0,-80.0,-80.0,-80.0,-80.0,-80.0,-80.0,-80.0,-80.0,-80.0,-80.0,-80.0,-80.0,-80.0,-80.0,-80.0,-80.0,-80.0,-80.0,-80.0,-80.0,-80.0,-80.0,-80.0,-80.0,-80.0,-80.0,-80.0,-80.0,-80.0,-80.0,-80.0,-80.0,-80.0,-80.0,-80.0,-80.0,-80.0,-80.0,-80.0,-80.0,-80.0,-80.0,-80.0,-80.0,-80.0,-80.0,-80.0,-80.0,-80.0,-80.0,-80.0,-80.0,-80.0,-80.0,-80.0,-80.0,-80.0,-80.0,-80.0,-80.0,-80.0,-80.0,-80.0,-80.0,-80.0,-80.0,-80.0,-80.0,-80.0,-80.0,-80.0,-80.0,-80.0,-80.0,-80.0,-80.0,-80.0,-80.0,-80.0,-80.0,-80.0,-80.0,-80.0,-80.0,-80.0,-80.0,-80.0,-80.0,-80.0,-80.0,-80.0,-80.0,-80.0,-80.0,-80.0,-80.0,-80.0,-80.0,-80.0,-80.0,-80.0,-80.0,-80.0,-80.0,-80.0,-80.0,-80.0,-80.0,-80.0,-80.0,-80.0,-80.0,-80.0,-80.0,-80.0,-80.0,-80.0,-80.0,-80.0,-80.0,-80.0,-80.0,-80.0,-80.0,-80.0,-80.0,-80.0,-80.0,-80.0,-80.0,-80.0,-80.0,-80.0,-80.0,-80.0,-80.0,-80.0,-80.0,-80.0,-80.0,-80.0,-80.0,-80.0,-80.0,-80.0,-80.0,-80.0,-80.0,-80.0,-80.0,-80.0,-80.0,-80.0,-80.0,-80.0,-80.0,-80.0,-80.0,-80.0,-80.0,-80.0,-80.0,-80.0,-80.0,-80.0,-80.0,-80.0,-80.0,-80.0,-80.0,-80.0,-80.0,-80.0,-80.0,-80.0,-80.0,-80.0,-80.0,-80.0,-80.0,-80.0,-80.0,-80.0,-80.0,-80.0,-80.0,-80.0,-80.0,-80.0,-80.0,-80.0,-80.0,-80.0,-80.0,-80.0,-80.0,-80.0,-80.0,-80.0,-80.0,-80.0,-80.0,-80.0,-80.0,-80.0,-80.0,-80.0,-80.0,-80.0,-80.0,-80.0,-80.0,-80.0,-80.0,-80.0,-80.0,-80.0,-80.0,-80.0,-80.0,-80.0,-80.0,-80.0,-80.0,-80.0,-80.0,-80.0,-80.0,-80.0,-80.0,-80.0,-80.0,-80.0,-80.0,-80.0,-80.0,-80.0,-80.0,-80.0,-80.0,-80.0,-80.0,-80.0,-80.0,-80.0,-80.0,-80.0,-80.0,-80.0,-80.0,-80.0,-80.0
-59.963207,-60.494156,-63.94932,-69.43312,-73.59659,-74.021484,-75.00966,-73.83856,-73.95772,-75.50989,-76.83734,-79.104355,-78.97688,-78.51027,-80.0,-80.0,-80.0,-80.0,-80.0,-80.0,-80.0,-80.0,-80.0,-80.0,-80.0,-80.0,-80.0,-80.0,-80.0,-80.0,-80.0,-80.0,-80.0,-80.0,-80.0,-80.0,-80.0,-80.0,-80.0,-80.0,-80.0,-80.0,-80.0,-80.0,-80.0,-80.0,-80.0,-80.0,-80.0,-80.0,-80.0,-80.0,-80.0,-80.0,-80.0,-80.0,-80.0,-80.0,-80.0,-80.0,-80.0,-80.0,-80.0,-80.0,-80.0,-80.0,-80.0,-80.0,-80.0,-80.0,-80.0,-80.0,-80.0,-80.0,-80.0,-80.0,-80.0,-80.0,-80.0,-80.0,-80.0,-80.0,-80.0,-80.0,-80.0,-80.0,-80.0,-80.0,-80.0,-73.90262,-64.77912,-64.43775,-65.979034,-71.390594,-73.27289,-73.669014,-73.40436,-74.95012,-80.0,-80.0,-80.0,-80.0,-80.0,-80.0,-80.0,-80.0,-80.0,-80.0,-80.0,-80.0,-80.0,-80.0,-80.0,-80.0,-80.0,-80.0,-80.0,-80.0,-80.0,-80.0,-80.0,-80.0,-80.0,-80.0,-80.0,-80.0,-80.0,-80.0,-80.0,-80.0,-80.0,-80.0,-80.0,-80.0,-80.0,-80.0,-80.0,-80.0,-80.0,-80.0,-80.0,-80.0,-80.0,-80.0,-80.0,-80.0,-80.0,-80.0,-80.0,-80.0,-80.0,-80.0,-80.0,-80.0,-80.0,-80.0,-80.0,-80.0,-80.0,-80.0,-80.0,-80.0,-80.0,-80.0,-80.0,-80.0,-80.0,-80.0,-80.0,-80.0,-80.0,-80.0,-80.0,-80.0,-80.0,-80.0,-80.0,-80.0,-80.0,-80.0,-80.0,-80.0,-80.0,-80.0,-80.0,-80.0,-80.0,-80.0,-80.0,-80.0,-80.0,-80.0,-80.0,-80.0,-80.0,-80.0,-80.0,-80.0,-80.0,-80.0,-80.0,-80.0,-80.0,-80.0,-80.0,-80.0,-80.0,-80.0,-80.0,-80.0,-80.0,-80.0,-80.0,-80.0,-80.0,-80.0,-80.0,-80.0,-80.0,-80.0,-80.0,-80.0,-80.0,-80.0,-80.0,-80.0,-80.0,-80.0,-80.0,-80.0,-80.0,-80.0,-80.0,-80.0,-80.0,-80.0,-80.0,-80.0,-80.0,-80.0,-80.0,-80.0,-80.0,-80.0,-80.0,-80.0,-80.0,-80.0,-80.0,-80.0,-80.0,-80.0,-80.0,-80.0,-80.0,-80.0,-80.0,-80.0,-80.0,-80.0,-80.0,-80.0,-80.0,-80.0,-80.0,-80.0,-80.0,-80.0,-80.0,-80.0,-80.0,-80.0,-80.0,-80.0,-80.0,-80.0,-80.0,-80.0,-80.0,-80.0,-80.0,-80.0,-80.0,-80.0,-80.0,-80.0,-80.0,-80.0,-80.0,-80.0,-80.0,-80.0,-80.0,-80.0,-80.0,-80.0,-80.0,-80.0,-80.0,-80.0,-80.0,-80.0,-80.0,-80.0,-80.0,-80.0,-80.0,-80.0,-80.0,-80.0,-80.0,-80.0,-80.0,-80.0,-80.0,-80.0,-80.0,-80.0,-80.0,-80.0,-80.0,-80.0,-80.0,-80.0,-80.0,-80.0,-80.0,-80.0,-80.0,-80.0,-80.0,-80.0,-80.0,-80.0,-80.0,-80.0,-80.0,-80.0,-80.0,-80.0,-80.0,-80.0,-80.0,-80.0,-80.0,-80.0,-80.0,-80.0,-80.0,-80.0,-80.0,-80.0,-80.0,-80.0,-80.0,-80.0,-80.0,-80.0,-80.0,-80.0,-80.0,-80.0,-80.0,-80.0,-80.0,-80.0,-80.0,-80.0,-80.0,-80.0,-80.0,-80.0,-80.0,-80.0,-80.0,-80.0,-80.0,-80.0,-80.0,-80.0,-80.0,-80.0,-80.0,-80.0,-80.0,-80.0,-80.0,-80.0,-80.0,-80.0,-80.0,-80.0,-80.0,-80.0,-80.0,-80.0,-80.0,-80.0,-80.0,-80.0,-80.0,-80.0,-80.0,-80.0,-80.0,-80.0,-80.0,-80.0,-80.0,-80.0,-80.0,-80.0,-80.0
-57.885895,-58.04914,-61.697334,-65.81311,-69.88249,-74.9211,-74.7746,-74.55275,-73.30254,-75.17973,-80.0,-80.0,-80.0,-80.0,-80.0,-80.0,-80.0,-80.0,-80.0,-80.0,-80.0,-80.0,-80.0,-80.0,-80.0,-80.0,-80.0,-80.0,-80.0,-80.0,-80.0,-80.0,-80.0,-80.0,-80.0,-80.0,-80.0,-80.0,-80.0,-80.0,-80.0,-80.0,-80.0,-80.0,-80.0,-80.0,-80.0,-80.0,-80.0,-80.0,-80.0,-80.0,-80.0,-80.0,-80.0,-80.0,-80.0,-80.0,-80.0,-80.0,-80.0,-80.0,-80.0,-80.0,-80.0,-80.0,-80.0,-80.0,-80.0,-80.0,-80.0,-80.0,-80.0,-80.0,-80.0,-80.0,-80.0,-80.0,-80.0,-80.0,-80.0,-80.0,-80.0,-80.0,-80.0,-80.0,-80.0,-80.0,-80.0,-79.45778,-67.564255,-63.084206,-64.0393,-68.400665,-74.210815,-77.42592,-77.26674,-76.74614,-79.64143,-80.0,-79.0612,-80.0,-80.0,-80.0,-80.0,-80.0,-80.0,-80.0,-80.0,-80.0,-80.0,-80.0,-80.0,-80.0,-80.0,-80.0,-80.0,-80.0,-80.0,-80.0,-80.0,-80.0,-80.0,-80.0,-80.0,-80.0,-80.0,-80.0,-80.0,-80.0,-80.0,-80.0,-80.0,-80.0,-80.0,-80.0,-80.0,-80.0,-80.0,-80.0,-80.0,-80.0,-80.0,-80.0,-80.0,-80.0,-80.0,-80.0,-80.0,-80.0,-80.0,-80.0,-80.0,-80.0,-80.0,-80.0,-80.0,-80.0,-80.0,-80.0,-80.0,-80.0,-80.0,-80.0,-80.0,-80.0,-80.0,-80.0,-80.0,-80.0,-80.0,-80.0,-80.0,-80.0,-80.0,-80.0,-80.0,-80.0,-80.0,-80.0,-80.0,-80.0,-80.0,-80.0,-80.0,-80.0,-80.0,-80.0,-80.0,-80.0,-80.0,-80.0,-80.0,-80.0,-80.0,-80.0,-80.0,-80.0,-80.0,-80.0,-80.0,-80.0,-80.0,-80.0,-80.0,-80.0,-80.0,-80.0,-80.0,-80.0,-80.0,-80.0,-80.0,-80.0,-80.0,-80.0,-80.0,-80.0,-80.0,-80.0,-80.0,-80.0,-80.0,-80.0,-80.0,-80.0,-80.0,-80.0,-80.0,-80.0,-80.0,-80.0,-80.0,-80.0,-80.0,-80.0,-80.0,-80.0,-80.0,-80.0,-80.0,-80.0,-80.0,-80.0,-80.0,-80.0,-80.0,-80.0,-80.0,-80.0,-80.0,-80.0,-80.0,-80.0,-80.0,-80.0,-80.0,-80.0,-80.0,-80.0,-80.0,-80.0,-80.0,-80.0,-80.0,-80.0,-80.0,-80.0,-80.0,-80.0,-80.0,-80.0,-80.0,-80.0,-80.0,-80.0,-80.0,-80.0,-80.0,-80.0,-80.0,-80.0,-80.0,-80.0,-80.0,-80.0,-80.0,-80.0,-80.0,-80.0,-80.0,-80.0,-80.0,-80.0,-80.0,-80.0,-80.0,-80.0,-80.0,-80.0,-80.0,-80.0,-80.0,-80.0,-80.0,-80.0,-80.0,-80.0,-80.0,-80.0,-80.0,-80.0,-80.0,-80.0,-80.0,-80.0,-80.0,-80.0,-80.0,-80.0,-80.0,-80.0,-80.0,-80.0,-80.0,-80.0,-80.0,-80.0,-80.0,-80.0,-80.0,-80.0,-80.0,-80.0,-80.0,-80.0,-80.0,-80.0,-80.0,-80.0,-80.0,-80.0,-80.0,-80.0,-80.0,-80.0,-80.0,-80.0,-80.0,-80.0,-80.0,-80.0,-80.0,-80.0,-80.0,-80.0,-80.0,-80.0,-80.0,-80.0,-80.0,-80.0,-80.0,-80.0,-80.0,-80.0,-80.0,-80.0,-80.0,-80.0,-80.0,-80.0,-80.0,-80.0,-80.0,-80.0,-80.0,-80.0,-80.0,-80.0,-80.0,-80.0,-80.0,-80.0,-80.0,-80.0,-80.0,-80.0,-80.0,-80.0,-80.0,-80.0,-80.0,-80.0,-80.0,-80.0,-80.0,-80.0,-80.0,-80.0,-80.0,-80.0,-80.0,-80.0,-80.0,-80.0,-80.0,-80.0,-80.0,-80.0,-80.0,-80.0,-80.0
-60.891933,-61.575317,-67.167816,-67.086075,-68.73575,-74.85079,-76.85387,-77.49487,-77.65883,-77.47254,-79.06737,-80.0,-80.0,-80.0,-80.0,-80.0,-80.0,-80.0,-80.0,-80.0,-80.0,-80.0,-80.0,-80.0,-80.0,-80.0,-80.0,-80.0,-80.0,-80.0,-80.0,-80.0,-80.0,-80.0,-80.0,-80.0,-80.0,-80.0,-80.0,-80.0,-80.0,-80.0,-80.0,-80.0,-80.0,-80.0,-80.0,-80.0,-80.0,-80.0,-80.0,-80.0,-80.0,-80.0,-80.0,-80.0,-80.0,-80.0,-80.0,-80.0,-80.0,-80.0,-80.0,-80.0,-80.0,-80.0,-80.0,-80.0,-80.0,-80.0,-80.0,-80.0,-80.0,-80.0,-80.0,-80.0,-80.0,-80.0,-80.0,-80.0,-80.0,-80.0,-80.0,-80.0,-80.0,-80.0,-80.0,-80.0,-80.0,-78.423065,-67.32973,-64.65048,-65.11468,-66.916626,-73.00763,-78.73439,-79.167946,-78.12079,-79.54883,-80.0,-80.0,-80.0,-80.0,-80.0,-80.0,-80.0,-80.0,-80.0,-80.0,-80.0,-80.0,-80.0,-80.0,-80.0,-80.0,-80.0,-80.0,-80.0,-80.0,-80.0,-80.0,-80.0,-80.0,-80.0,-80.0,-80.0,-80.0,-80.0,-80.0,-80.0,-80.0,-80.0,-80.0,-80.0,-80.0,-80.0,-80.0,-80.0,-80.0,-80.0,-80.0,-80.0,-80.0,-80.0,-80.0,-80.0,-80.0,-80.0,-80.0,-80.0,-80.0,-80.0,-80.0,-80.0,-80.0,-80.0,-80.0,-80.0,-80.0,-80.0,-80.0,-80.0,-80.0,-80.0,-80.0,-80.0,-80.0,-80.0,-80.0,-80.0,-80.0,-80.0,-80.0,-80.0,-80.0,-80.0,-80.0,-80.0,-80.0,-80.0,-80.0,-80.0,-80.0,-80.0,-80.0,-80.0,-80.0,-80.0,-80.0,-80.0,-80.0,-80.0,-80.0,-80.0,-80.0,-80.0,-80.0,-80.0,-80.0,-80.0,-80.0,-80.0,-80.0,-80.0,-80.0,-80.0,-80.0,-80.0,-80.0,-80.0,-80.0,-80.0,-80.0,-80.0,-80.0,-80.0,-80.0,-80.0,-80.0,-80.0,-80.0,-80.0,-80.0,-80.0,-80.0,-80.0,-80.0,-80.0,-80.0,-80.0,-80.0,-80.0,-80.0,-80.0,-80.0,-80.0,-80.0,-80.0,-80.0,-80.0,-80.0,-80.0,-80.0,-80.0,-80.0,-80.0,-80.0,-80.0,-80.0,-80.0,-80.0,-80.0,-80.0,-80.0,-80.0,-80.0,-80.0,-80.0,-80.0,-80.0,-80.0,-80.0,-80.0,-80.0,-80.0,-80.0,-80.0,-80.0,-80.0,-80.0,-80.0,-80.0,-80.0,-80.0,-80.0,-80.0,-80.0,-80.0,-80.0,-80.0,-80.0,-80.0,-80.0,-80.0,-80.0,-80.0,-80.0,-80.0,-80.0,-80.0,-80.0,-80.0,-80.0,-80.0,-80.0,-80.0,-80.0,-80.0,-80.0,-80.0,-80.0,-80.0,-80.0,-80.0,-80.0,-80.0,-80.0,-80.0,-80.0,-80.0,-80.0,-80.0,-80.0,-80.0,-80.0,-80.0,-80.0,-80.0,-80.0,-80.0,-80.0,-80.0,-80.0,-80.0,-80.0,-80.0,-80.0,-80.0,-80.0,-80.0,-80.0,-80.0,-80.0,-80.0,-80.0,-80.0,-80.0,-80.0,-80.0,-80.0,-80.0,-80.0,-80.0,-80.0,-80.0,-80.0,-80.0,-80.0,-80.0,-80.0,-80.0,-80.0,-80.0,-80.0,-80.0,-80.0,-80.0,-80.0,-80.0,-80.0,-80.0,-80.0,-80.0,-80.0,-80.0,-80.0,-80.0,-80.0,-80.0,-80.0,-80.0,-80.0,-80.0,-80.0,-80.0,-80.0,-80.0,-80.0,-80.0,-80.0,-80.0,-80.0,-80.0,-80.0,-80.0,-80.0,-80.0,-80.0,-80.0,-80.0,-80.0,-80.0,-80.0,-80.0,-80.0,-80.0,-80.0,-80.0,-80.0,-80.0,-80.0,-80.0,-80.0,-80.0,-80.0,-80.0,-80.0,-80.0,-80.0,-80.0,-80.0,-80.0,-80.0
-59.81989,-60.93672,-67.31097,-71.651306,-73.308,-73.970116,-76.60058,-78.79626,-80.0,-80.0,-80.0,-80.0,-80.0,-80.0,-80.0,-80.0,-80.0,-80.0,-80.0,-80.0,-80.0,-80.0,-80.0,-80.0,-80.0,-80.0,-80.0,-80.0,-80.0,-80.0,-80.0,-80.0,-80.0,-80.0,-80.0,-80.0,-80.0,-80.0,-80.0,-80.0,-80.0,-80.0,-80.0,-80.0,-80.0,-80.0,-80.0,-80.0,-80.0,-80.0,-80.0,-80.0,-80.0,-80.0,-80.0,-80.0,-80.0,-80.0,-80.0,-80.0,-80.0,-80.0,-80.0,-80.0,-80.0,-80.0,-80.0,-80.0,-80.0,-80.0,-80.0,-80.0,-80.0,-80.0,-80.0,-80.0,-80.0,-80.0,-80.0,-80.0,-80.0,-80.0,-80.0,-80.0,-80.0,-80.0,-80.0,-80.0,-80.0,-76.93155,-66.14612,-64.67936,-67.80607,-69.24069,-73.48946,-78.97122,-75.624985,-75.781555,-79.22772,-79.89096,-80.0,-80.0,-80.0,-80.0,-80.0,-80.0,-80.0,-80.0,-80.0,-80.0,-80.0,-80.0,-80.0,-80.0,-80.0,-80.0,-80.0,-80.0,-80.0,-80.0,-80.0,-80.0,-80.0,-80.0,-80.0,-80.0,-80.0,-80.0,-80.0,-80.0,-80.0,-80.0,-80.0,-80.0,-80.0,-80.0,-80.0,-80.0,-80.0,-80.0,-80.0,-80.0,-80.0,-80.0,-80.0,-80.0,-80.0,-80.0,-80.0,-80.0,-80.0,-80.0,-80.0,-80.0,-80.0,-80.0,-80.0,-80.0,-80.0,-80.0,-80.0,-80.0,-80.0,-80.0,-80.0,-80.0,-80.0,-80.0,-80.0,-80.0,-80.0,-80.0,-80.0,-80.0,-80.0,-80.0,-80.0,-80.0,-80.0,-80.0,-80.0,-80.0,-80.0,-80.0,-80.0,-80.0,-80.0,-80.0,-80.0,-80.0,-80.0,-80.0,-80.0,-80.0,-80.0,-80.0,-80.0,-80.0,-80.0,-80.0,-80.0,-80.0,-80.0,-80.0,-80.0,-80.0,-80.0,-80.0,-80.0,-80.0,-80.0,-80.0,-80.0,-80.0,-80.0,-80.0,-80.0,-80.0,-80.0,-80.0,-80.0,-80.0,-80.0,-80.0,-80.0,-80.0,-80.0,-80.0,-80.0,-80.0,-80.0,-80.0,-80.0,-80.0,-80.0,-80.0,-80.0,-80.0,-80.0,-80.0,-80.0,-80.0,-80.0,-80.0,-80.0,-80.0,-80.0,-80.0,-80.0,-80.0,-80.0,-80.0,-80.0,-80.0,-80.0,-80.0,-80.0,-80.0,-80.0,-80.0,-80.0,-80.0,-80.0,-80.0,-80.0,-80.0,-80.0,-80.0,-80.0,-80.0,-80.0,-80.0,-80.0,-80.0,-80.0,-80.0,-80.0,-80.0,-80.0,-80.0,-80.0,-80.0,-80.0,-80.0,-80.0,-80.0,-80.0,-80.0,-80.0,-80.0,-80.0,-80.0,-80.0,-80.0,-80.0,-80.0,-80.0,-80.0,-80.0,-80.0,-80.0,-80.0,-80.0,-80.0,-80.0,-80.0,-80.0,-80.0,-80.0,-80.0,-80.0,-80.0,-80.0,-80.0,-80.0,-80.0,-80.0,-80.0,-80.0,-80.0,-80.0,-80.0,-80.0,-80.0,-80.0,-80.0,-80.0,-80.0,-80.0,-80.0,-80.0,-80.0,-80.0,-80.0,-80.0,-80.0,-80.0,-80.0,-80.0,-80.0,-80.0,-80.0,-80.0,-80.0,-80.0,-80.0,-80.0,-80.0,-80.0,-80.0,-80.0,-80.0,-80.0,-80.0,-80.0,-80.0,-80.0,-80.0,-80.0,-80.0,-80.0,-80.0,-80.0,-80.0,-80.0,-80.0,-80.0,-80.0,-80.0,-80.0,-80.0,-80.0,-80.0,-80.0,-80.0,-80.0,-80.0,-80.0,-80.0,-80.0,-80.0,-80.0,-80.0,-80.0,-80.0,-80.0,-80.0,-80.0,-80.0,-80.0,-80.0,-80.0,-80.0,-80.0,-80.0,-80.0,-80.0,-80.0,-80.0,-80.0,-80.0,-80.0,-80.0,-80.0,-80.0,-80.0,-80.0,-80.0,-80.0,-80.0,-80.0,-80.0,-80.0
-60.45302,-61.05522,-64.87875,-71.3994,-76.489395,-75.12312,-75.27406,-78.156975,-80.0,-80.0,-80.0,-80.0,-80.0,-80.0,-80.0,-80.0,-80.0,-80.0,-80.0,-80.0,-80.0,-80.0,-80.0,-80.0,-80.0,-80.0,-80.0,-80.0,-80.0,-80.0,-80.0,-80.0,-80.0,-80.0,-80.0,-80.0,-80.0,-80.0,-80.0,-80.0,-80.0,-80.0,-80.0,-80.0,-80.0,-80.0,-80.0,-80.0,-80.0,-80.0,-80.0,-80.0,-80.0,-80.0,-80.0,-80.0,-80.0,-80.0,-80.0,-80.0,-80.0,-80.0,-80.0,-80.0,-80.0,-80.0,-80.0,-80.0,-80.0,-80.0,-80.0,-80.0,-80.0,-80.0,-80.0,-80.0,-80.0,-80.0,-80.0,-80.0,-80.0,-80.0,-80.0,-80.0,-80.0,-80.0,-80.0,-80.0,-80.0,-73.8895,-63.265366,-63.421593,-66.4931,-68.2097,-72.86995,-78.51725,-75.48866,-74.269165,-78.73507,-80.0,-80.0,-80.0,-80.0,-80.0,-80.0,-80.0,-80.0,-80.0,-80.0,-80.0,-80.0,-80.0,-80.0,-80.0,-80.0,-80.0,-80.0,-80.0,-80.0,-80.0,-80.0,-80.0,-80.0,-80.0,-80.0,-80.0,-80.0,-80.0,-80.0,-80.0,-80.0,-80.0,-80.0,-80.0,-80.0,-80.0,-80.0,-80.0,-80.0,-80.0,-80.0,-80.0,-80.0,-80.0,-80.0,-80.0,-80.0,-80.0,-80.0,-80.0,-80.0,-80.0,-80.0,-80.0,-80.0,-80.0,-80.0,-80.0,-80.0,-80.0,-80.0,-80.0,-80.0,-80.0,-80.0,-80.0,-80.0,-80.0,-80.0,-80.0,-80.0,-80.0,-80.0,-80.0,-80.0,-80.0,-80.0,-80.0,-80.0,-80.0,-80.0,-80.0,-80.0,-80.0,-80.0,-80.0,-80.0,-80.0,-80.0,-80.0,-80.0,-80.0,-80.0,-80.0,-80.0,-80.0,-80.0,-80.0,-80.0,-80.0,-80.0,-80.0,-80.0,-80.0,-80.0,-80.0,-80.0,-80.0,-80.0,-80.0,-80.0,-80.0,-80.0,-80.0,-80.0,-80.0,-80.0,-80.0,-80.0,-80.0,-80.0,-80.0,-80.0,-80.0,-80.0,-80.0,-80.0,-80.0,-80.0,-80.0,-80.0,-80.0,-80.0,-80.0,-80.0,-80.0,-80.0,-80.0,-80.0,-80.0,-80.0,-80.0,-80.0,-80.0,-80.0,-80.0,-80.0,-80.0,-80.0,-80.0,-80.0,-80.0,-80.0,-80.0,-80.0,-80.0,-80.0,-80.0,-80.0,-80.0,-80.0,-80.0,-80.0,-80.0,-80.0,-80.0,-80.0,-80.0,-80.0,-80.0,-80.0,-80.0,-80.0,-80.0,-80.0,-80.0,-80.0,-80.0,-80.0,-80.0,-80.0,-80.0,-80.0,-80.0,-80.0,-80.0,-80.0,-80.0,-80.0,-80.0,-80.0,-80.0,-80.0,-80.0,-80.0,-80.0,-80.0,-80.0,-80.0,-80.0,-80.0,-80.0,-80.0,-80.0,-80.0,-80.0,-80.0,-80.0,-80.0,-80.0,-80.0,-80.0,-80.0,-80.0,-80.0,-80.0,-80.0,-80.0,-80.0,-80.0,-80.0,-80.0,-80.0,-80.0,-80.0,-80.0,-80.0,-80.0,-80.0,-80.0,-80.0,-80.0,-80.0,-80.0,-80.0,-80.0,-80.0,-80.0,-80.0,-80.0,-80.0,-80.0,-80.0,-80.0,-80.0,-80.0,-80.0,-80.0,-80.0,-80.0,-80.0,-80.0,-80.0,-80.0,-80.0,-80.0,-80.0,-80.0,-80.0,-80.0,-80.0,-80.0,-80.0,-80.0,-80.0,-80.0,-80.0,-80.0,-80.0,-80.0,-80.0,-80.0,-80.0,-80.0,-80.0,-80.0,-80.0,-80.0,-80.0,-80.0,-80.0,-80.0,-80.0,-80.0,-80.0,-80.0,-80.0,-80.0,-80.0,-80.0,-80.0,-80.0,-80.0,-80.0,-80.0,-80.0,-80.0,-80.0,-80.0,-80.0,-80.0,-80.0,-80.0,-80.0,-80.0,-80.0,-80.0,-80.0,-80.0,-80.0,-80.0,-80.0,-80.0
-64.4213,-61.561737,-65.73688,-73.867325,-77.72377,-77.74596,-77.64441,-80.0,-80.0,-80.0,-80.0,-80.0,-80.0,-80.0,-80.0,-80.0,-80.0,-80.0,-80.0,-80.0,-80.0,-80.0,-80.0,-80.0,-80.0,-80.0,-80.0,-80.0,-80.0,-80.0,-80.0,-80.0,-80.0,-80.0,-80.0,-80.0,-80.0,-80.0,-80.0,-80.0,-80.0,-80.0,-80.0,-80.0,-80.0,-80.0,-80.0,-80.0,-80.0,-80.0,-80.0,-80.0,-80.0,-80.0,-80.0,-80.0,-80.0,-80.0,-80.0,-80.0,-80.0,-80.0,-80.0,-80.0,-80.0,-80.0,-80.0,-80.0,-80.0,-80.0,-80.0,-80.0,-80.0,-80.0,-80.0,-80.0,-80.0,-80.0,-80.0,-80.0,-80.0,-80.0,-80.0,-80.0,-80.0,-80.0,-80.0,-80.0,-80.0,-76.287674,-64.479385,-63.21273,-65.32662,-67.62962,-69.58562,-76.332214,-75.39067,-76.00307,-79.27928,-79.99934,-80.0,-80.0,-80.0,-80.0,-80.0,-80.0,-80.0,-80.0,-80.0,-80.0,-80.0,-80.0,-80.0,-80.0,-80.0,-80.0,-80.0,-80.0,-80.0,-80.0,-80.0,-80.0,-80.0,-80.0,-80.0,-80.0,-80.0,-80.0,-80.0,-80.0,-80.0,-80.0,-80.0,-80.0,-80.0,-80.0,-80.0,-80.0,-80.0,-80.0,-80.0,-80.0,-80.0,-80.0,-80.0,-80.0,-80.0,-80.0,-80.0,-80.0,-80.0,-80.0,-80.0,-80.0,-80.0,-80.0,-80.0,-80.0,-80.0,-80.0,-80.0,-80.0,-80.0,-80.0,-80.0,-80.0,-80.0,-80.0,-80.0,-80.0,-80.0,-80.0,-80.0,-80.0,-80.0,-80.0,-80.0,-80.0,-80.0,-80.0,-80.0,-80.0,-80.0,-80.0,-80.0,-80.0,-80.0,-80.0,-80.0,-80.0,-80.0,-80.0,-80.0,-80.0,-80.0,-80.0,-80.0,-80.0,-80.0,-80.0,-80.0,-80.0,-80.0,-80.0,-80.0,-80.0,-80.0,-80.0,-80.0,-80.0,-80.0,-80.0,-80.0,-80.0,-80.0,-80.0,-80.0,-80.0,-80.0,-80.0,-80.0,-80.0,-80.0,-80.0,-80.0,-80.0,-80.0,-80.0,-80.0,-80.0,-80.0,-80.0,-80.0,-80.0,-80.0,-80.0,-80.0,-80.0,-80.0,-80.0,-80.0,-80.0,-80.0,-80.0,-80.0,-80.0,-80.0,-80.0,-80.0,-80.0,-80.0,-80.0,-80.0,-80.0,-80.0,-80.0,-80.0,-80.0,-80.0,-80.0,-80.0,-80.0,-80.0,-80.0,-80.0,-80.0,-80.0,-80.0,-80.0,-80.0,-80.0,-80.0,-80.0,-80.0,-80.0,-80.0,-80.0,-80.0,-80.0,-80.0,-80.0,-80.0,-80.0,-80.0,-80.0,-80.0,-80.0,-80.0,-80.0,-80.0,-80.0,-80.0,-80.0,-80.0,-80.0,-80.0,-80.0,-80.0,-80.0,-80.0,-80.0,-80.0,-80.0,-80.0,-80.0,-80.0,-80.0,-80.0,-80.0,-80.0,-80.0,-80.0,-80.0,-80.0,-80.0,-80.0,-80.0,-80.0,-80.0,-80.0,-80.0,-80.0,-80.0,-80.0,-80.0,-80.0,-80.0,-80.0,-80.0,-80.0,-80.0,-80.0,-80.0,-80.0,-80.0,-80.0,-80.0,-80.0,-80.0,-80.0,-80.0,-80.0,-80.0,-80.0,-80.0,-80.0,-80.0,-80.0,-80.0,-80.0,-80.0,-80.0,-80.0,-80.0,-80.0,-80.0,-80.0,-80.0,-80.0,-80.0,-80.0,-80.0,-80.0,-80.0,-80.0,-80.0,-80.0,-80.0,-80.0,-80.0,-80.0,-80.0,-80.0,-80.0,-80.0,-80.0,-80.0,-80.0,-80.0,-80.0,-80.0,-80.0,-80.0,-80.0,-80.0,-80.0,-80.0,-80.0,-80.0,-80.0,-80.0,-80.0,-80.0,-80.0,-80.0,-80.0,-80.0,-80.0,-80.0,-80.0,-80.0,-80.0,-80.0,-80.0,-80.0,-80.0,-80.0,-80.0,-80.0,-80.0,-80.0,-80.0,-80.0
-63.379124,-63.729298,-68.54004,-74.157425,-78.39107,-78.92137,-79.20897,-80.0,-80.0,-80.0,-80.0,-80.0,-80.0,-80.0,-80.0,-80.0,-80.0,-80.0,-80.0,-80.0,-80.0,-80.0,-80.0,-80.0,-80.0,-80.0,-80.0,-80.0,-80.0,-80.0,-80.0,-80.0,-80.0,-80.0,-80.0,-80.0,-80.0,-80.0,-80.0,-80.0,-80.0,-80.0,-80.0,-80.0,-80.0,-80.0,-80.0,-80.0,-80.0,-80.0,-80.0,-80.0,-80.0,-80.0,-80.0,-80.0,-80.0,-80.0,-80.0,-80.0,-80.0,-80.0,-80.0,-80.0,-80.0,-80.0,-80.0,-80.0,-80.0,-80.0,-80.0,-80.0,-80.0,-80.0,-80.0,-80.0,-80.0,-80.0,-80.0,-80.0,-80.0,-80.0,-80.0,-80.0,-80.0,-80.0,-80.0,-80.0,-80.0,-72.44103,-62.41871,-63.86968,-68.66913,-68.969666,-71.303185,-76.52968,-76.76668,-78.18272,-80.0,-79.64125,-80.0,-80.0,-80.0,-80.0,-80.0,-80.0,-80.0,-80.0,-80.0,-80.0,-80.0,-80.0,-80.0,-80.0,-80.0,-80.0,-80.0,-80.0,-80.0,-80.0,-80.0,-80.0,-80.0,-80.0,-80.0,-80.0,-80.0,-80.0,-80.0,-80.0,-80.0,-80.0,-80.0,-80.0,-80.0,-80.0,-80.0,-80.0,-80.0,-80.0,-80.0,-80.0,-80.0,-80.0,-80.0,-80.0,-80.0,-80.0,-80.0,-80.0,-80.0,-80.0,-80.0,-80.0,-80.0,-80.0,-80.0,-80.0,-80.0,-80.0,-80.0,-80.0,-80.0,-80.0,-80.0,-80.0,-80.0,-80.0,-80.0,-80.0,-80.0,-80.0,-80.0,-80.0,-80.0,-80.0,-80.0,-80.0,-80.0,-80.0,-80.0,-80.0,-80.0,-80.0,-80.0,-80.0,-80.0,-80.0,-80.0,-80.0,-80.0,-80.0,-80.0,-80.0,-80.0,-80.0,-80.0,-80.0,-80.0,-80.0,-80.0,-80.0,-80.0,-80.0,-80.0,-80.0,-80.0,-80.0,-80.0,-80.0,-80.0,-80.0,-80.0,-80.0,-80.0,-80.0,-80.0,-80.0,-80.0,-80.0,-80.0,-80.0,-80.0,-80.0,-80.0,-80.0,-80.0,-80.0,-80.0,-80.0,-80.0,-80.0,-80.0,-80.0,-80.0,-80.0,-80.0,-80.0,-80.0,-80.0,-80.0,-80.0,-80.0,-80.0,-80.0,-80.0,-80.0,-80.0,-80.0,-80.0,-80.0,-80.0,-80.0,-80.0,-80.0,-80.0,-80.0,-80.0,-80.0,-80.0,-80.0,-80.0,-80.0,-80.0,-80.0,-80.0,-80.0,-80.0,-80.0,-80.0,-80.0,-80.0,-80.0,-80.0,-80.0,-80.0,-80.0,-80.0,-80.0,-80.0,-80.0,-80.0,-80.0,-80.0,-80.0,-80.0,-80.0,-80.0,-80.0,-80.0,-80.0,-80.0,-80.0,-80.0,-80.0,-80.0,-80.0,-80.0,-80.0,-80.0,-80.0,-80.0,-80.0,-80.0,-80.0,-80.0,-80.0,-80.0,-80.0,-80.0,-80.0,-80.0,-80.0,-80.0,-80.0,-80.0,-80.0,-80.0,-80.0,-80.0,-80.0,-80.0,-80.0,-80.0,-80.0,-80.0,-80.0,-80.0,-80.0,-80.0,-80.0,-80.0,-80.0,-80.0,-80.0,-80.0,-80.0,-80.0,-80.0,-80.0,-80.0,-80.0,-80.0,-80.0,-80.0,-80.0,-80.0,-80.0,-80.0,-80.0,-80.0,-80.0,-80.0,-80.0,-80.0,-80.0,-80.0,-80.0,-80.0,-80.0,-80.0,-80.0,-80.0,-80.0,-80.0,-80.0,-80.0,-80.0,-80.0,-80.0,-80.0,-80.0,-80.0,-80.0,-80.0,-80.0,-80.0,-80.0,-80.0,-80.0,-80.0,-80.0,-80.0,-80.0,-80.0,-80.0,-80.0,-80.0,-80.0,-80.0,-80.0,-80.0,-80.0,-80.0,-80.0,-80.0,-80.0,-80.0,-80.0,-80.0,-80.0,-80.0,-80.0,-80.0,-80.0,-80.0,-80.0,-80.0,-80.0,-80.0,-80.0,-80.0,-80.0
-61.19812,-60.566166,-67.9339,-72.04711,-75.75542,-76.86388,-78.60326,-80.0,-80.0,-80.0,-80.0,-80.0,-80.0,-80.0,-80.0,-80.0,-80.0,-80.0,-80.0,-80.0,-80.0,-80.0,-80.0,-80.0,-80.0,-80.0,-80.0,-80.0,-80.0,-80.0,-80.0,-80.0,-80.0,-80.0,-80.0,-80.0,-80.0,-80.0,-80.0,-80.0,-80.0,-80.0,-80.0,-80.0,-80.0,-80.0,-80.0,-80.0,-80.0,-80.0,-80.0,-80.0,-80.0,-80.0,-80.0,-80.0,-80.0,-80.0,-80.0,-80.0,-80.0,-80.0,-80.0,-80.0,-80.0,-80.0,-80.0,-80.0,-80.0,-80.0,-80.0,-80.0,-80.0,-80.0,-80.0,-80.0,-80.0,-80.0,-80.0,-80.0,-80.0,-80.0,-80.0,-80.0,-80.0,-80.0,-80.0,-80.0,-80.0,-75.151276,-66.59151,-64.44841,-63.702393,-67.54797,-71.521866,-75.976425,-76.33021,-77.48488,-78.864685,-80.0,-80.0,-80.0,-80.0,-80.0,-80.0,-80.0,-80.0,-80.0,-80.0,-80.0,-80.0,-80.0,-80.0,-80.0,-80.0,-80.0,-80.0,-80.0,-80.0,-80.0,-80.0,-80.0,-80.0,-80.0,-80.0,-80.0,-80.0,-80.0,-80.0,-80.0,-80.0,-80.0,-80.0,-80.0,-80.0,-80.0,-80.0,-80.0,-80.0,-80.0,-80.0,-80.0,-80.0,-80.0,-80.0,-80.0,-80.0,-80.0,-80.0,-80.0,-80.0,-80.0,-80.0,-80.0,-80.0,-80.0,-80.0,-80.0,-80.0,-80.0,-80.0,-80.0,-80.0,-80.0,-80.0,-80.0,-80.0,-80.0,-80.0,-80.0,-80.0,-80.0,-80.0,-80.0,-80.0,-80.0,-80.0,-80.0,-80.0,-80.0,-80.0,-80.0,-80.0,-80.0,-80.0,-80.0,-80.0,-80.0,-80.0,-80.0,-80.0,-80.0,-80.0,-80.0,-80.0,-80.0,-80.0,-80.0,-80.0,-80.0,-80.0,-80.0,-80.0,-80.0,-80.0,-80.0,-80.0,-80.0,-80.0,-80.0,-80.0,-80.0,-80.0,-80.0,-80.0,-80.0,-80.0,-80.0,-80.0,-80.0,-80.0,-80.0,-80.0,-80.0,-80.0,-80.0,-80.0,-80.0,-80.0,-80.0,-80.0,-80.0,-80.0,-80.0,-80.0,-80.0,-80.0,-80.0,-80.0,-80.0,-80.0,-80.0,-80.0,-80.0,-80.0,-80.0,-80.0,-80.0,-80.0,-80.0,-80.0,-80.0,-80.0,-80.0,-80.0,-80.0,-80.0,-80.0,-80.0,-80.0,-80.0,-80.0,-80.0,-80.0,-80.0,-80.0,-80.0,-80.0,-80.0,-80.0,-80.0,-80.0,-80.0,-80.0,-80.0,-80.0,-80.0,-80.0,-80.0,-80.0,-80.0,-80.0,-80.0,-80.0,-80.0,-80.0,-80.0,-80.0,-80.0,-80.0,-80.0,-80.0,-80.0,-80.0,-80.0,-80.0,-80.0,-80.0,-80.0,-80.0,-80.0,-80.0,-80.0,-80.0,-80.0,-80.0,-80.0,-80.0,-80.0,-80.0,-80.0,-80.0,-80.0,-80.0,-80.0,-80.0,-80.0,-80.0,-80.0,-80.0,-80.0,-80.0,-80.0,-80.0,-80.0,-80.0,-80.0,-80.0,-80.0,-80.0,-80.0,-80.0,-80.0,-80.0,-80.0,-80.0,-80.0,-80.0,-80.0,-80.0,-80.0,-80.0,-80.0,-80.0,-80.0,-80.0,-80.0,-80.0,-80.0,-80.0,-80.0,-80.0,-80.0,-80.0,-80.0,-80.0,-80.0,-80.0,-80.0,-80.0,-80.0,-80.0,-80.0,-80.0,-80.0,-80.0,-80.0,-80.0,-80.0,-80.0,-80.0,-80.0,-80.0,-80.0,-80.0,-80.0,-80.0,-80.0,-80.0,-80.0,-80.0,-80.0,-80.0,-80.0,-80.0,-80.0,-80.0,-80.0,-80.0,-80.0,-80.0,-80.0,-80.0,-80.0,-80.0,-80.0,-80.0,-80.0,-80.0,-80.0,-80.0,-80.0,-80.0,-80.0,-80.0,-80.0,-80.0,-80.0,-80.0,-80.0,-80.0,-80.0,-80.0
-59.12149,-56.794037,-64.33752,-72.83639,-75.37627,-74.30291,-77.11542,-79.20061,-78.5916,-80.0,-80.0,-80.0,-80.0,-80.0,-80.0,-80.0,-80.0,-80.0,-80.0,-80.0,-80.0,-80.0,-80.0,-80.0,-80.0,-80.0,-80.0,-80.0,-80.0,-80.0,-80.0,-80.0,-80.0,-80.0,-80.0,-80.0,-80.0,-80.0,-80.0,-80.0,-80.0,-80.0,-80.0,-80.0,-80.0,-80.0,-80.0,-80.0,-80.0,-80.0,-80.0,-80.0,-80.0,-80.0,-80.0,-80.0,-80.0,-80.0,-80.0,-80.0,-80.0,-80.0,-80.0,-80.0,-80.0,-80.0,-80.0,-80.0,-80.0,-80.0,-80.0,-80.0,-80.0,-80.0,-80.0,-80.0,-80.0,-80.0,-80.0,-80.0,-80.0,-80.0,-80.0,-80.0,-80.0,-80.0,-80.0,-80.0,-80.0,-78.145004,-69.54895,-67.76039,-69.04682,-69.73397,-72.13036,-76.71132,-77.61328,-75.7202,-77.62478,-80.0,-80.0,-80.0,-80.0,-80.0,-80.0,-80.0,-80.0,-80.0,-80.0,-80.0,-80.0,-80.0,-80.0,-80.0,-80.0,-80.0,-80.0,-80.0,-80.0,-80.0,-80.0,-80.0,-80.0,-80.0,-80.0,-80.0,-80.0,-80.0,-80.0,-80.0,-80.0,-80.0,-80.0,-80.0,-80.0,-80.0,-80.0,-80.0,-80.0,-80.0,-80.0,-80.0,-80.0,-80.0,-80.0,-80.0,-80.0,-80.0,-80.0,-80.0,-80.0,-80.0,-80.0,-80.0,-80.0,-80.0,-80.0,-80.0,-80.0,-80.0,-80.0,-80.0,-80.0,-80.0,-80.0,-80.0,-80.0,-80.0,-80.0,-80.0,-80.0,-80.0,-80.0,-80.0,-80.0,-80.0,-80.0,-80.0,-80.0,-80.0,-80.0,-80.0,-80.0,-80.0,-80.0,-80.0,-80.0,-80.0,-80.0,-80.0,-80.0,-80.0,-80.0,-80.0,-80.0,-80.0,-80.0,-80.0,-80.0,-80.0,-80.0,-80.0,-80.0,-80.0,-80.0,-80.0,-80.0,-80.0,-80.0,-80.0,-80.0,-80.0,-80.0,-80.0,-80.0,-80.0,-80.0,-80.0,-80.0,-80.0,-80.0,-80.0,-80.0,-80.0,-80.0,-80.0,-80.0,-80.0,-80.0,-80.0,-80.0,-80.0,-80.0,-80.0,-80.0,-80.0,-80.0,-80.0,-80.0,-80.0,-80.0,-80.0,-80.0,-80.0,-80.0,-80.0,-80.0,-80.0,-80.0,-80.0,-80.0,-80.0,-80.0,-80.0,-80.0,-80.0,-80.0,-80.0,-80.0,-80.0,-80.0,-80.0,-80.0,-80.0,-80.0,-80.0,-80.0,-80.0,-80.0,-80.0,-80.0,-80.0,-80.0,-80.0,-80.0,-80.0,-80.0,-80.0,-80.0,-80.0,-80.0,-80.0,-80.0,-80.0,-80.0,-80.0,-80.0,-80.0,-80.0,-80.0,-80.0,-80.0,-80.0,-80.0,-80.0,-80.0,-80.0,-80.0,-80.0,-80.0,-80.0,-80.0,-80.0,-80.0,-80.0,-80.0,-80.0,-80.0,-80.0,-80.0,-80.0,-80.0,-80.0,-80.0,-80.0,-80.0,-80.0,-80.0,-80.0,-80.0,-80.0,-80.0,-80.0,-80.0,-80.0,-80.0,-80.0,-80.0,-80.0,-80.0,-80.0,-80.0,-80.0,-80.0,-80.0,-80.0,-80.0,-80.0,-80.0,-80.0,-80.0,-80.0,-80.0,-80.0,-80.0,-80.0,-80.0,-80.0,-80.0,-80.0,-80.0,-80.0,-80.0,-80.0,-80.0,-80.0,-80.0,-80.0,-80.0,-80.0,-80.0,-80.0,-80.0,-80.0,-80.0,-80.0,-80.0,-80.0,-80.0,-80.0,-80.0,-80.0,-80.0,-80.0,-80.0,-80.0,-80.0,-80.0,-80.0,-80.0,-80.0,-80.0,-80.0,-80.0,-80.0,-80.0,-80.0,-80.0,-80.0,-80.0,-80.0,-80.0,-80.0,-80.0,-80.0,-80.0,-80.0,-80.0,-80.0,-80.0,-80.0,-80.0,-80.0,-80.0,-80.0,-80.0,-80.0,-80.0,-80.0,-80.0,-80.0,-80.0,-80.0
-66.4512,-63.39962,-65.97121,-71.28543,-76.049515,-76.18031,-78.63202,-78.209015,-79.791306,-80.0,-80.0,-80.0,-80.0,-80.0,-80.0,-80.0,-80.0,-80.0,-80.0,-80.0,-80.0,-80.0,-80.0,-80.0,-80.0,-80.0,-80.0,-80.0,-80.0,-80.0,-80.0,-80.0,-80.0,-80.0,-80.0,-80.0,-80.0,-80.0,-80.0,-80.0,-80.0,-80.0,-80.0,-80.0,-80.0,-80.0,-80.0,-80.0,-80.0,-80.0,-80.0,-80.0,-80.0,-80.0,-80.0,-80.0,-80.0,-80.0,-80.0,-80.0,-80.0,-80.0,-80.0,-80.0,-80.0,-80.0,-80.0,-80.0,-80.0,-80.0,-80.0,-80.0,-80.0,-80.0,-80.0,-80.0,-80.0,-80.0,-80.0,-80.0,-80.0,-80.0,-80.0,-80.0,-80.0,-80.0,-80.0,-80.0,-80.0,-77.87572,-68.72824,-67.20212,-66.703445,-69.66518,-75.39067,-80.0,-79.67496,-79.04617,-80.0,-80.0,-80.0,-80.0,-80.0,-80.0,-80.0,-80.0,-80.0,-80.0,-80.0,-80.0,-80.0,-80.0,-80.0,-80.0,-80.0,-80.0,-80.0,-80.0,-80.0,-80.0,-80.0,-80.0,-80.0,-80.0,-80.0,-80.0,-80.0,-80.0,-80.0,-80.0,-80.0,-80.0,-80.0,-80.0,-80.0,-80.0,-80.0,-80.0,-80.0,-80.0,-80.0,-80.0,-80.0,-80.0,-80.0,-80.0,-80.0,-80.0,-80.0,-80.0,-80.0,-80.0,-80.0,-80.0,-80.0,-80.0,-80.0,-80.0,-80.0,-80.0,-80.0,-80.0,-80.0,-80.0,-80.0,-80.0,-80.0,-80.0,-80.0,-80.0,-80.0,-80.0,-80.0,-80.0,-80.0,-80.0,-80.0,-80.0,-80.0,-80.0,-80.0,-80.0,-80.0,-80.0,-80.0,-80.0,-80.0,-80.0,-80.0,-80.0,-80.0,-80.0,-80.0,-80.0,-80.0,-80.0,-80.0,-80.0,-80.0,-80.0,-80.0,-80.0,-80.0,-80.0,-80.0,-80.0,-80.0,-80.0,-80.0,-80.0,-80.0,-80.0,-80.0,-80.0,-80.0,-80.0,-80.0,-80.0,-80.0,-80.0,-80.0,-80.0,-80.0,-80.0,-80.0,-80.0,-80.0,-80.0,-80.0,-80.0,-80.0,-80.0,-80.0,-80.0,-80.0,-80.0,-80.0,-80.0,-80.0,-80.0,-80.0,-80.0,-80.0,-80.0,-80.0,-80.0,-80.0,-80.0,-80.0,-80.0,-80.0,-80.0,-80.0,-80.0,-80.0,-80.0,-80.0,-80.0,-80.0,-80.0,-80.0,-80.0,-80.0,-80.0,-80.0,-80.0,-80.0,-80.0,-80.0,-80.0,-80.0,-80.0,-80.0,-80.0,-80.0,-80.0,-80.0,-80.0,-80.0,-80.0,-80.0,-80.0,-80.0,-80.0,-80.0,-80.0,-80.0,-80.0,-80.0,-80.0,-80.0,-80.0,-80.0,-80.0,-80.0,-80.0,-80.0,-80.0,-80.0,-80.0,-80.0,-80.0,-80.0,-80.0,-80.0,-80.0,-80.0,-80.0,-80.0,-80.0,-80.0,-80.0,-80.0,-80.0,-80.0,-80.0,-80.0,-80.0,-80.0,-80.0,-80.0,-80.0,-80.0,-80.0,-80.0,-80.0,-80.0,-80.0,-80.0,-80.0,-80.0,-80.0,-80.0,-80.0,-80.0,-80.0,-80.0,-80.0,-80.0,-80.0,-80.0,-80.0,-80.0,-80.0,-80.0,-80.0,-80.0,-80.0,-80.0,-80.0,-80.0,-80.0,-80.0,-80.0,-80.0,-80.0,-80.0,-80.0,-80.0,-80.0,-80.0,-80.0,-80.0,-80.0,-80.0,-80.0,-80.0,-80.0,-80.0,-80.0,-80.0,-80.0,-80.0,-80.0,-80.0,-80.0,-80.0,-80.0,-80.0,-80.0,-80.0,-80.0,-80.0,-80.0,-80.0,-80.0,-80.0,-80.0,-80.0,-80.0,-80.0,-80.0,-80.0,-80.0,-80.0,-80.0,-80.0,-80.0,-80.0,-80.0,-80.0,-80.0,-80.0,-80.0,-80.0,-80.0,-80.0,-80.0,-80.0,-80.0,-80.0,-80.0,-80.0
-62.028778,-63.275093,-67.21521,-72.46127,-72.988335,-74.088715,-74.30084,-78.50399,-77.756714,-79.69728,-80.0,-80.0,-80.0,-80.0,-80.0,-80.0,-80.0,-80.0,-80.0,-80.0,-80.0,-80.0,-80.0,-80.0,-80.0,-80.0,-80.0,-80.0,-80.0,-80.0,-80.0,-80.0,-80.0,-80.0,-80.0,-80.0,-80.0,-80.0,-80.0,-80.0,-80.0,-80.0,-80.0,-80.0,-80.0,-80.0,-80.0,-80.0,-80.0,-80.0,-80.0,-80.0,-80.0,-80.0,-80.0,-80.0,-80.0,-80.0,-80.0,-80.0,-80.0,-80.0,-80.0,-80.0,-80.0,-80.0,-80.0,-80.0,-80.0,-80.0,-80.0,-80.0,-80.0,-80.0,-80.0,-80.0,-80.0,-80.0,-80.0,-80.0,-80.0,-80.0,-80.0,-80.0,-80.0,-80.0,-80.0,-80.0,-80.0,-75.55177,-66.365814,-67.05121,-66.57422,-67.94783,-73.44349,-78.872894,-78.75473,-79.27635,-80.0,-80.0,-80.0,-80.0,-80.0,-80.0,-80.0,-80.0,-80.0,-80.0,-80.0,-80.0,-80.0,-80.0,-80.0,-80.0,-80.0,-80.0,-80.0,-80.0,-80.0,-80.0,-80.0,-80.0,-80.0,-80.0,-80.0,-80.0,-80.0,-80.0,-80.0,-80.0,-80.0,-80.0,-80.0,-80.0,-80.0,-80.0,-80.0,-80.0,-80.0,-80.0,-80.0,-80.0,-80.0,-80.0,-80.0,-80.0,-80.0,-80.0,-80.0,-80.0,-80.0,-80.0,-80.0,-80.0,-80.0,-80.0,-80.0,-80.0,-80.0,-80.0,-80.0,-80.0,-80.0,-80.0,-80.0,-80.0,-80.0,-80.0,-80.0,-80.0,-80.0,-80.0,-80.0,-80.0,-80.0,-80.0,-80.0,-80.0,-80.0,-80.0,-80.0,-80.0,-80.0,-80.0,-80.0,-80.0,-80.0,-80.0,-80.0,-80.0,-80.0,-80.0,-80.0,-80.0,-80.0,-80.0,-80.0,-80.0,-80.0,-80.0,-80.0,-80.0,-80.0,-80.0,-80.0,-80.0,-80.0,-80.0,-80.0,-80.0,-80.0,-80.0,-80.0,-80.0,-80.0,-80.0,-80.0,-80.0,-80.0,-80.0,-80.0,-80.0,-80.0,-80.0,-80.0,-80.0,-80.0,-80.0,-80.0,-80.0,-80.0,-80.0,-80.0,-80.0,-80.0,-80.0,-80.0,-80.0,-80.0,-80.0,-80.0,-80.0,-80.0,-80.0,-80.0,-80.0,-80.0,-80.0,-80.0,-80.0,-80.0,-80.0,-80.0,-80.0,-80.0,-80.0,-80.0,-80.0,-80.0,-80.0,-80.0,-80.0,-80.0,-80.0,-80.0,-80.0,-80.0,-80.0,-80.0,-80.0,-80.0,-80.0,-80.0,-80.0,-80.0,-80.0,-80.0,-80.0,-80.0,-80.0,-80.0,-80.0,-80.0,-80.0,-80.0,-80.0,-80.0,-80.0,-80.0,-80.0,-80.0,-80.0,-80.0,-80.0,-80.0,-80.0,-80.0,-80.0,-80.0,-80.0,-80.0,-80.0,-80.0,-80.0,-80.0,-80.0,-80.0,-80.0,-80.0,-80.0,-80.0,-80.0,-80.0,-80.0,-80.0,-80.0,-80.0,-80.0,-80.0,-80.0,-80.0,-80.0,-80.0,-80.0,-80.0,-80.0,-80.0,-80.0,-80.0,-80.0,-80.0,-80.0,-80.0,-80.0,-80.0,-80.0,-80.0,-80.0,-80.0,-80.0,-80.0,-80.0,-80.0,-80.0,-80.0,-80.0,-80.0,-80.0,-80.0,-80.0,-80.0,-80.0,-80.0,-80.0,-80.0,-80.0,-80.0,-80.0,-80.0,-80.0,-80.0,-80.0,-80.0,-80.0,-80.0,-80.0,-80.0,-80.0,-80.0,-80.0,-80.0,-80.0,-80.0,-80.0,-80.0,-80.0,-80.0,-80.0,-80.0,-80.0,-80.0,-80.0,-80.0,-80.0,-80.0,-80.0,-80.0,-80.0,-80.0,-80.0,-80.0,-80.0,-80.0,-80.0,-80.0,-80.0,-80.0,-80.0,-80.0,-80.0,-80.0,-80.0,-80.0,-80.0,-80.0,-80.0,-80.0,-80.0,-80.0,-80.0,-80.0,-80.0,-80.0
-60.777817,-62.373234,-68.328766,-73.03792,-75.090775,-76.52054,-77.199936,-80.0,-80.0,-80.0,-80.0,-80.0,-80.0,-80.0,-80.0,-80.0,-80.0,-80.0,-80.0,-80.0,-80.0,-80.0,-80.0,-80.0,-80.0,-80.0,-80.0,-80.0,-80.0,-80.0,-80.0,-80.0,-80.0,-80.0,-80.0,-80.0,-80.0,-80.0,-80.0,-80.0,-80.0,-80.0,-80.0,-80.0,-80.0,-80.0,-80.0,-80.0,-80.0,-80.0,-80.0,-80.0,-80.0,-80.0,-80.0,-80.0,-80.0,-80.0,-80.0,-80.0,-80.0,-80.0,-80.0,-80.0,-80.0,-80.0,-80.0,-80.0,-80.0,-80.0,-80.0,-80.0,-80.0,-80.0,-80.0,-80.0,-80.0,-80.0,-80.0,-80.0,-80.0,-80.0,-80.0,-80.0,-80.0,-80.0,-80.0,-80.0,-80.0,-78.973274,-68.97484,-67.049774,-66.5034,-70.80615,-76.09039,-79.66456,-80.0,-80.0,-80.0,-80.0,-80.0,-80.0,-80.0,-80.0,-80.0,-80.0,-80.0,-80.0,-80.0,-80.0,-80.0,-80.0,-80.0,-80.0,-80.0,-80.0,-80.0,-80.0,-80.0,-80.0,-80.0,-80.0,-80.0,-80.0,-80.0,-80.0,-80.0,-80.0,-80.0,-80.0,-80.0,-80.0,-80.0,-80.0,-80.0,-80.0,-80.0,-80.0,-80.0,-80.0,-80.0,-80.0,-80.0,-80.0,-80.0,-80.0,-80.0,-80.0,-80.0,-80.0,-80.0,-80.0,-80.0,-80.0,-80.0,-80.0,-80.0,-80.0,-80.0,-80.0,-80.0,-80.0,-80.0,-80.0,-80.0,-80.0,-80.0,-80.0,-80.0,-80.0,-80.0,-80.0,-80.0,-80.0,-80.0,-80.0,-80.0,-80.0,-80.0,-80.0,-80.0,-80.0,-80.0,-80.0,-80.0,-80.0,-80.0,-80.0,-80.0,-80.0,-80.0,-80.0,-80.0,-80.0,-80.0,-80.0,-80.0,-80.0,-80.0,-80.0,-80.0,-80.0,-80.0,-80.0,-80.0,-80.0,-80.0,-80.0,-80.0,-80.0,-80.0,-80.0,-80.0,-80.0,-80.0,-80.0,-80.0,-80.0,-80.0,-80.0,-80.0,-80.0,-80.0,-80.0,-80.0,-80.0,-80.0,-80.0,-80.0,-80.0,-80.0,-80.0,-80.0,-80.0,-80.0,-80.0,-80.0,-80.0,-80.0,-80.0,-80.0,-80.0,-80.0,-80.0,-80.0,-80.0,-80.0,-80.0,-80.0,-80.0,-80.0,-80.0,-80.0,-80.0,-80.0,-80.0,-80.0,-80.0,-80.0,-80.0,-80.0,-80.0,-80.0,-80.0,-80.0,-80.0,-80.0,-80.0,-80.0,-80.0,-80.0,-80.0,-80.0,-80.0,-80.0,-80.0,-80.0,-80.0,-80.0,-80.0,-80.0,-80.0,-80.0,-80.0,-80.0,-80.0,-80.0,-80.0,-80.0,-80.0,-80.0,-80.0,-80.0,-80.0,-80.0,-80.0,-80.0,-80.0,-80.0,-80.0,-80.0,-80.0,-80.0,-80.0,-80.0,-80.0,-80.0,-80.0,-80.0,-80.0,-80.0,-80.0,-80.0,-80.0,-80.0,-80.0,-80.0,-80.0,-80.0,-80.0,-80.0,-80.0,-80.0,-80.0,-80.0,-80.0,-80.0,-80.0,-80.0,-80.0,-80.0,-80.0,-80.0,-80.0,-80.0,-80.0,-80.0,-80.0,-80.0,-80.0,-80.0,-80.0,-80.0,-80.0,-80.0,-80.0,-80.0,-80.0,-80.0,-80.0,-80.0,-80.0,-80.0,-80.0,-80.0,-80.0,-80.0,-80.0,-80.0,-80.0,-80.0,-80.0,-80.0,-80.0,-80.0,-80.0,-80.0,-80.0,-80.0,-80.0,-80.0,-80.0,-80.0,-80.0,-80.0,-80.0,-80.0,-80.0,-80.0,-80.0,-80.0,-80.0,-80.0,-80.0,-80.0,-80.0,-80.0,-80.0,-80.0,-80.0,-80.0,-80.0,-80.0,-80.0,-80.0,-80.0,-80.0,-80.0,-80.0,-80.0,-80.0,-80.0,-80.0,-80.0,-80.0,-80.0,-80.0,-80.0,-80.0,-80.0,-80.0,-80.0,-80.0
-62.746788,-62.723145,-71.09848,-76.85898,-77.88445,-79.814545,-80.0,-80.0,-80.0,-80.0,-80.0,-80.0,-80.0,-80.0,-80.0,-80.0,-80.0,-80.0,-80.0,-80.0,-80.0,-80.0,-80.0,-80.0,-80.0,-80.0,-80.0,-80.0,-80.0,-80.0,-80.0,-80.0,-80.0,-80.0,-80.0,-80.0,-80.0,-80.0,-80.0,-80.0,-80.0,-80.0,-80.0,-80.0,-80.0,-80.0,-80.0,-80.0,-80.0,-80.0,-80.0,-80.0,-80.0,-80.0,-80.0,-80.0,-80.0,-80.0,-80.0,-80.0,-80.0,-80.0,-80.0,-80.0,-80.0,-80.0,-80.0,-80.0,-80.0,-80.0,-80.0,-80.0,-80.0,-80.0,-80.0,-80.0,-80.0,-80.0,-80.0,-80.0,-80.0,-80.0,-80.0,-80.0,-80.0,-80.0,-80.0,-80.0,-80.0,-80.0,-73.33514,-67.997025,-66.19249,-69.757,-76.81718,-80.0,-79.89613,-80.0,-80.0,-80.0,-80.0,-80.0,-80.0,-80.0,-80.0,-80.0,-80.0,-80.0,-80.0,-80.0,-80.0,-80.0,-80.0,-80.0,-80.0,-80.0,-80.0,-80.0,-80.0,-80.0,-80.0,-80.0,-80.0,-80.0,-80.0,-80.0,-80.0,-80.0,-80.0,-80.0,-80.0,-80.0,-80.0,-80.0,-80.0,-80.0,-80.0,-80.0,-80.0,-80.0,-80.0,-80.0,-80.0,-80.0,-80.0,-80.0,-80.0,-80.0,-80.0,-80.0,-80.0,-80.0,-80.0,-80.0,-80.0,-80.0,-80.0,-80.0,-80.0,-80.0,-80.0,-80.0,-80.0,-80.0,-80.0,-80.0,-80.0,-80.0,-80.0,-80.0,-80.0,-80.0,-80.0,-80.0,-80.0,-80.0,-80.0,-80.0,-80.0,-80.0,-80.0,-80.0,-80.0,-80.0,-80.0,-80.0,-80.0,-80.0,-80.0,-80.0,-80.0,-80.0,-80.0,-80.0,-80.0,-80.0,-80.0,-80.0,-80.0,-80.0,-80.0,-80.0,-80.0,-80.0,-80.0,-80.0,-80.0,-80.0,-80.0,-80.0,-80.0,-80.0,-80.0,-80.0,-80.0,-80.0,-80.0,-80.0,-80.0,-80.0,-80.0,-80.0,-80.0,-80.0,-80.0,-80.0,-80.0,-80.0,-80.0,-80.0,-80.0,-80.0,-80.0,-80.0,-80.0,-80.0,-80.0,-80.0,-80.0,-80.0,-80.0,-80.0,-80.0,-80.0,-80.0,-80.0,-80.0,-80.0,-80.0,-80.0,-80.0,-80.0,-80.0,-80.0,-80.0,-80.0,-80.0,-80.0,-80.0,-80.0,-80.0,-80.0,-80.0,-80.0,-80.0,-80.0,-80.0,-80.0,-80.0,-80.0,-80.0,-80.0,-80.0,-80.0,-80.0,-80.0,-80.0,-80.0,-80.0,-80.0,-80.0,-80.0,-80.0,-80.0,-80.0,-80.0,-80.0,-80.0,-80.0,-80.0,-80.0,-80.0,-80.0,-80.0,-80.0,-80.0,-80.0,-80.0,-80.0,-80.0,-80.0,-80.0,-80.0,-80.0,-80.0,-80.0,-80.0,-80.0,-80.0,-80.0,-80.0,-80.0,-80.0,-80.0,-80.0,-80.0,-80.0,-80.0,-80.0,-80.0,-80.0,-80.0,-80.0,-80.0,-80.0,-80.0,-80.0,-80.0,-80.0,-80.0,-80.0,-80.0,-80.0,-80.0,-80.0,-80.0,-80.0,-80.0,-80.0,-80.0,-80.0,-80.0,-80.0,-80.0,-80.0,-80.0,-80.0,-80.0,-80.0,-80.0,-80.0,-80.0,-80.0,-80.0,-80.0,-80.0,-80.0,-80.0,-80.0,-80.0,-80.0,-80.0,-80.0,-80.0,-80.0,-80.0,-80.0,-80.0,-80.0,-80.0,-80.0,-80.0,-80.0,-80.0,-80.0,-80.0,-80.0,-80.0,-80.0,-80.0,-80.0,-80.0,-80.0,-80.0,-80.0,-80.0,-80.0,-80.0,-80.0,-80.0,-80.0,-80.0,-80.0,-80.0,-80.0,-80.0,-80.0,-80.0,-80.0,-80.0,-80.0,-80.0,-80.0,-80.0,-80.0,-80.0,-80.0,-80.0,-80.0,-80.0,-80.0,-80.0,-80.0
-60.045586,-60.902473,-68.89989,-73.90932,-80.0,-80.0,-80.0,-80.0,-80.0,-80.0,-80.0,-80.0,-80.0,-80.0,-80.0,-80.0,-80.0,-80.0,-80.0,-80.0,-80.0,-80.0,-80.0,-80.0,-80.0,-80.0,-80.0,-80.0,-80.0,-80.0,-80.0,-80.0,-80.0,-80.0,-80.0,-80.0,-80.0,-80.0,-80.0,-80.0,-80.0,-80.0,-80.0,-80.0,-80.0,-80.0,-80.0,-80.0,-80.0,-80.0,-80.0,-80.0,-80.0,-80.0,-80.0,-80.0,-80.0,-80.0,-80.0,-80.0,-80.0,-80.0,-80.0,-80.0,-80.0,-80.0,-80.0,-80.0,-80.0,-80.0,-80.0,-80.0,-80.0,-80.0,-80.0,-80.0,-80.0,-80.0,-80.0,-80.0,-80.0,-80.0,-80.0,-80.0,-80.0,-80.0,-80.0,-80.0,-80.0,-79.56867,-67.636246,-64.390656,-66.87378,-72.132416,-79.270294,-80.0,-80.0,-80.0,-80.0,-80.0,-80.0,-80.0,-80.0,-80.0,-80.0,-80.0,-80.0,-80.0,-80.0,-80.0,-80.0,-80.0,-80.0,-80.0,-80.0,-80.0,-80.0,-80.0,-80.0,-80.0,-80.0,-80.0,-80.0,-80.0,-80.0,-80.0,-80.0,-80.0,-80.0,-80.0,-80.0,-80.0,-80.0,-80.0,-80.0,-80.0,-80.0,-80.0,-80.0,-80.0,-80.0,-80.0,-80.0,-80.0,-80.0,-80.0,-80.0,-80.0,-80.0,-80.0,-80.0,-80.0,-80.0,-80.0,-80.0,-80.0,-80.0,-80.0,-80.0,-80.0,-80.0,-80.0,-80.0,-80.0,-80.0,-80.0,-80.0,-80.0,-80.0,-80.0,-80.0,-80.0,-80.0,-80.0,-80.0,-80.0,-80.0,-80.0,-80.0,-80.0,-80.0,-80.0,-80.0,-80.0,-80.0,-80.0,-80.0,-80.0,-80.0,-80.0,-80.0,-80.0,-80.0,-80.0,-80.0,-80.0,-80.0,-80.0,-80.0,-80.0,-80.0,-80.0,-80.0,-80.0,-80.0,-80.0,-80.0,-80.0,-80.0,-80.0,-80.0,-80.0,-80.0,-80.0,-80.0,-80.0,-80.0,-80.0,-80.0,-80.0,-80.0,-80.0,-80.0,-80.0,-80.0,-80.0,-80.0,-80.0,-80.0,-80.0,-80.0,-80.0,-80.0,-80.0,-80.0,-80.0,-80.0,-80.0,-80.0,-80.0,-80.0,-80.0,-80.0,-80.0,-80.0,-80.0,-80.0,-80.0,-80.0,-80.0,-80.0,-80.0,-80.0,-80.0,-80.0,-80.0,-80.0,-80.0,-80.0,-80.0,-80.0,-80.0,-80.0,-80.0,-80.0,-80.0,-80.0,-80.0,-80.0,-80.0,-80.0,-80.0,-80.0,-80.0,-80.0,-80.0,-80.0,-80.0,-80.0,-80.0,-80.0,-80.0,-80.0,-80.0,-80.0,-80.0,-80.0,-80.0,-80.0,-80.0,-80.0,-80.0,-80.0,-80.0,-80.0,-80.0,-80.0,-80.0,-80.0,-80.0,-80.0,-80.0,-80.0,-80.0,-80.0,-80.0,-80.0,-80.0,-80.0,-80.0,-80.0,-80.0,-80.0,-80.0,-80.0,-80.0,-80.0,-80.0,-80.0,-80.0,-80.0,-80.0,-80.0,-80.0,-80.0,-80.0,-80.0,-80.0,-80.0,-80.0,-80.0,-80.0,-80.0,-80.0,-80.0,-80.0,-80.0,-80.0,-80.0,-80.0,-80.0,-80.0,-80.0,-80.0,-80.0,-80.0,-80.0,-80.0,-80.0,-80.0,-80.0,-80.0,-80.0,-80.0,-80.0,-80.0,-80.0,-80.0,-80.0,-80.0,-80.0,-80.0,-80.0,-80.0,-80.0,-80.0,-80.0,-80.0,-80.0,-80.0,-80.0,-80.0,-80.0,-80.0,-80.0,-80.0,-80.0,-80.0,-80.0,-80.0,-80.0,-80.0,-80.0,-80.0,-80.0,-80.0,-80.0,-80.0,-80.0,-80.0,-80.0,-80.0,-80.0,-80.0,-80.0,-80.0,-80.0,-80.0,-80.0,-80.0,-80.0,-80.0,-80.0,-80.0,-80.0,-80.0,-80.0,-80.0,-80.0,-80.0,-80.0,-80.0,-80.0
-62.318367,-61.877876,-68.32756,-74.81305,-80.0,-80.0,-80.0,-80.0,-80.0,-80.0,-80.0,-80.0,-80.0,-80.0,-80.0,-80.0,-80.0,-80.0,-80.0,-80.0,-80.0,-80.0,-80.0,-80.0,-80.0,-80.0,-80.0,-80.0,-80.0,-80.0,-80.0,-80.0,-80.0,-80.0,-80.0,-80.0,-80.0,-80.0,-80.0,-80.0,-80.0,-80.0,-80.0,-80.0,-80.0,-80.0,-80.0,-80.0,-80.0,-80.0,-80.0,-80.0,-80.0,-80.0,-80.0,-80.0,-80.0,-80.0,-80.0,-80.0,-80.0,-80.0,-80.0,-80.0,-80.0,-80.0,-80.0,-80.0,-80.0,-80.0,-80.0,-80.0,-80.0,-80.0,-80.0,-80.0,-80.0,-80.0,-80.0,-80.0,-80.0,-80.0,-80.0,-80.0,-80.0,-80.0,-80.0,-80.0,-80.0,-77.261795,-66.59866,-64.08221,-67.70364,-72.88162,-76.95619,-80.0,-80.0,-80.0,-80.0,-80.0,-80.0,-80.0,-80.0,-80.0,-80.0,-80.0,-80.0,-80.0,-80.0,-80.0,-80.0,-80.0,-80.0,-80.0,-80.0,-80.0,-80.0,-80.0,-80.0,-80.0,-80.0,-80.0,-80.0,-80.0,-80.0,-80.0,-80.0,-80.0,-80.0,-80.0,-80.0,-80.0,-80.0,-80.0,-80.0,-80.0,-80.0,-80.0,-80.0,-80.0,-80.0,-80.0,-80.0,-80.0,-80.0,-80.0,-80.0,-80.0,-80.0,-80.0,-80.0,-80.0,-80.0,-80.0,-80.0,-80.0,-80.0,-80.0,-80.0,-80.0,-80.0,-80.0,-80.0,-80.0,-80.0,-80.0,-80.0,-80.0,-80.0,-80.0,-80.0,-80.0,-80.0,-80.0,-80.0,-80.0,-80.0,-80.0,-80.0,-80.0,-80.0,-80.0,-80.0,-80.0,-80.0,-80.0,-80.0,-80.0,-80.0,-80.0,-80.0,-80.0,-80.0,-80.0,-80.0,-80.0,-80.0,-80.0,-80.0,-80.0,-80.0,-80.0,-80.0,-80.0,-80.0,-80.0,-80.0,-80.0,-80.0,-80.0,-80.0,-80.0,-80.0,-80.0,-80.0,-80.0,-80.0,-80.0,-80.0,-80.0,-80.0,-80.0,-80.0,-80.0,-80.0,-80.0,-80.0,-80.0,-80.0,-80.0,-80.0,-80.0,-80.0,-80.0,-80.0,-80.0,-80.0,-80.0,-80.0,-80.0,-80.0,-80.0,-80.0,-80.0,-80.0,-80.0,-80.0,-80.0,-80.0,-80.0,-80.0,-80.0,-80.0,-80.0,-80.0,-80.0,-80.0,-80.0,-80.0,-80.0,-80.0,-80.0,-80.0,-80.0,-80.0,-80.0,-80.0,-80.0,-80.0,-80.0,-80.0,-80.0,-80.0,-80.0,-80.0,-80.0,-80.0,-80.0,-80.0,-80.0,-80.0,-80.0,-80.0,-80.0,-80.0,-80.0,-80.0,-80.0,-80.0,-80.0,-80.0,-80.0,-80.0,-80.0,-80.0,-80.0,-80.0,-80.0,-80.0,-80.0,-80.0,-80.0,-80.0,-80.0,-80.0,-80.0,-80.0,-80.0,-80.0,-80.0,-80.0,-80.0,-80.0,-80.0,-80.0,-80.0,-80.0,-80.0,-80.0,-80.0,-80.0,-80.0,-80.0,-80.0,-80.0,-80.0,-80.0,-80.0,-80.0,-80.0,-80.0,-80.0,-80.0,-80.0,-80.0,-80.0,-80.0,-80.0,-80.0,-80.0,-80.0,-80.0,-80.0,-80.0,-80.0,-80.0,-80.0,-80.0,-80.0,-80.0,-80.0,-80.0,-80.0,-80.0,-80.0,-80.0,-80.0,-80.0,-80.0,-80.0,-80.0,-80.0,-80.0,-80.0,-80.0,-80.0,-80.0,-80.0,-80.0,-80.0,-80.0,-80.0,-80.0,-80.0,-80.0,-80.0,-80.0,-80.0,-80.0,-80.0,-80.0,-80.0,-80.0,-80.0,-80.0,-80.0,-80.0,-80.0,-80.0,-80.0,-80.0,-80.0,-80.0,-80.0,-80.0,-80.0,-80.0,-80.0,-80.0,-80.0,-80.0,-80.0,-80.0,-80.0,-80.0,-80.0,-80.0,-80.0,-80.0,-80.0,-80.0,-80.0,-80.0
-64.14025,-61.989662,-69.55084,-80.0,-80.0,-80.0,-80.0,-80.0,-80.0,-80.0,-80.0,-80.0,-80.0,-80.0,-80.0,-80.0,-80.0,-80.0,-80.0,-80.0,-80.0,-80.0,-80.0,-80.0,-80.0,-80.0,-80.0,-80.0,-80.0,-80.0,-80.0,-80.0,-80.0,-80.0,-80.0,-80.0,-80.0,-80.0,-80.0,-80.0,-80.0,-80.0,-80.0,-80.0,-80.0,-80.0,-80.0,-80.0,-80.0,-80.0,-80.0,-80.0,-80.0,-80.0,-80.0,-80.0,-80.0,-80.0,-80.0,-80.0,-80.0,-80.0,-80.0,-80.0,-80.0,-80.0,-80.0,-80.0,-80.0,-80.0,-80.0,-80.0,-80.0,-80.0,-80.0,-80.0,-80.0,-80.0,-80.0,-80.0,-80.0,-80.0,-80.0,-80.0,-80.0,-80.0,-80.0,-80.0,-80.0,-77.88975,-68.906845,-67.44862,-68.71092,-73.54297,-77.78314,-80.0,-80.0,-80.0,-80.0,-80.0,-80.0,-80.0,-80.0,-80.0,-80.0,-80.0,-80.0,-80.0,-80.0,-80.0,-80.0,-80.0,-80.0,-80.0,-80.0,-80.0,-80.0,-80.0,-80.0,-80.0,-80.0,-80.0,-80.0,-80.0,-80.0,-80.0,-80.0,-80.0,-80.0,-80.0,-80.0,-80.0,-80.0,-80.0,-80.0,-80.0,-80.0,-80.0,-80.0,-80.0,-80.0,-80.0,-80.0,-80.0,-80.0,-80.0,-80.0,-80.0,-80.0,-80.0,-80.0,-80.0,-80.0,-80.0,-80.0,-80.0,-80.0,-80.0,-80.0,-80.0,-80.0,-80.0,-80.0,-80.0,-80.0,-80.0,-80.0,-80.0,-80.0,-80.0,-80.0,-80.0,-80.0,-80.0,-80.0,-80.0,-80.0,-80.0,-80.0,-80.0,-80.0,-80.0,-80.0,-80.0,-80.0,-80.0,-80.0,-80.0,-80.0,-80.0,-80.0,-80.0,-80.0,-80.0,-80.0,-80.0,-80.0,-80.0,-80.0,-80.0,-80.0,-80.0,-80.0,-80.0,-80.0,-80.0,-80.0,-80.0,-80.0,-80.0,-80.0,-80.0,-80.0,-80.0,-80.0,-80.0,-80.0,-80.0,-80.0,-80.0,-80.0,-80.0,-80.0,-80.0,-80.0,-80.0,-80.0,-80.0,-80.0,-80.0,-80.0,-80.0,-80.0,-80.0,-80.0,-80.0,-80.0,-80.0,-80.0,-80.0,-80.0,-80.0,-80.0,-80.0,-80.0,-80.0,-80.0,-80.0,-80.0,-80.0,-80.0,-80.0,-80.0,-80.0,-80.0,-80.0,-80.0,-80.0,-80.0,-80.0,-80.0,-80.0,-80.0,-80.0,-80.0,-80.0,-80.0,-80.0,-80.0,-80.0,-80.0,-80.0,-80.0,-80.0,-80.0,-80.0,-80.0,-80.0,-80.0,-80.0,-80.0,-80.0,-80.0,-80.0,-80.0,-80.0,-80.0,-80.0,-80.0,-80.0,-80.0,-80.0,-80.0,-80.0,-80.0,-80.0,-80.0,-80.0,-80.0,-80.0,-80.0,-80.0,-80.0,-80.0,-80.0,-80.0,-80.0,-80.0,-80.0,-80.0,-80.0,-80.0,-80.0,-80.0,-80.0,-80.0,-80.0,-80.0,-80.0,-80.0,-80.0,-80.0,-80.0,-80.0,-80.0,-80.0,-80.0,-80.0,-80.0,-80.0,-80.0,-80.0,-80.0,-80.0,-80.0,-80.0,-80.0,-80.0,-80.0,-80.0,-80.0,-80.0,-80.0,-80.0,-80.0,-80.0,-80.0,-80.0,-80.0,-80.0,-80.0,-80.0,-80.0,-80.0,-80.0,-80.0,-80.0,-80.0,-80.0,-80.0,-80.0,-80.0,-80.0,-80.0,-80.0,-80.0,-80.0,-80.0,-80.0,-80.0,-80.0,-80.0,-80.0,-80.0,-80.0,-80.0,-80.0,-80.0,-80.0,-80.0,-80.0,-80.0,-80.0,-80.0,-80.0,-80.0,-80.0,-80.0,-80.0,-80.0,-80.0,-80.0,-80.0,-80.0,-80.0,-80.0,-80.0,-80.0,-80.0,-80.0,-80.0,-80.0,-80.0,-80.0,-80.0,-80.0,-80.0,-80.0,-80.0,-80.0,-80.0,-80.0,-80.0
-63.819782,-62.081097,-67.221054,-73.89956,-80.0,-80.0,-80.0,-80.0,-80.0,-80.0,-80.0,-80.0,-80.0,-80.0,-80.0,-80.0,-80.0,-80.0,-80.0,-80.0,-80.0,-80.0,-80.0,-80.0,-80.0,-80.0,-80.0,-80.0,-80.0,-80.0,-80.0,-80.0,-80.0,-80.0,-80.0,-80.0,-80.0,-80.0,-80.0,-80.0,-80.0,-80.0,-80.0,-80.0,-80.0,-80.0,-80.0,-80.0,-80.0,-80.0,-80.0,-80.0,-80.0,-80.0,-80.0,-80.0,-80.0,-80.0,-80.0,-80.0,-80.0,-80.0,-80.0,-80.0,-80.0,-80.0,-80.0,-80.0,-80.0,-80.0,-80.0,-80.0,-80.0,-80.0,-80.0,-80.0,-80.0,-80.0,-80.0,-80.0,-80.0,-80.0,-80.0,-80.0,-80.0,-80.0,-80.0,-80.0,-80.0,-79.157364,-70.46459,-67.48299,-66.96842,-72.05527,-80.0,-80.0,-80.0,-80.0,-80.0,-80.0,-80.0,-80.0,-80.0,-80.0,-80.0,-80.0,-80.0,-80.0,-80.0,-80.0,-80.0,-80.0,-80.0,-80.0,-80.0,-80.0,-80.0,-80.0,-80.0,-80.0,-80.0,-80.0,-80.0,-80.0,-80.0,-80.0,-80.0,-80.0,-80.0,-80.0,-80.0,-80.0,-80.0,-80.0,-80.0,-80.0,-80.0,-80.0,-80.0,-80.0,-80.0,-80.0,-80.0,-80.0,-80.0,-80.0,-80.0,-80.0,-80.0,-80.0,-80.0,-80.0,-80.0,-80.0,-80.0,-80.0,-80.0,-80.0,-80.0,-80.0,-80.0,-80.0,-80.0,-80.0,-80.0,-80.0,-80.0,-80.0,-80.0,-80.0,-80.0,-80.0,-80.0,-80.0,-80.0,-80.0,-80.0,-80.0,-80.0,-80.0,-80.0,-80.0,-80.0,-80.0,-80.0,-80.0,-80.0,-80.0,-80.0,-80.0,-80.0,-80.0,-80.0,-80.0,-80.0,-80.0,-80.0,-80.0,-80.0,-80.0,-80.0,-80.0,-80.0,-80.0,-80.0,-80.0,-80.0,-80.0,-80.0,-80.0,-80.0,-80.0,-80.0,-80.0,-80.0,-80.0,-80.0,-80.0,-80.0,-80.0,-80.0,-80.0,-80.0,-80.0,-80.0,-80.0,-80.0,-80.0,-80.0,-80.0,-80.0,-80.0,-80.0,-80.0,-80.0,-80.0,-80.0,-80.0,-80.0,-80.0,-80.0,-80.0,-80.0,-80.0,-80.0,-80.0,-80.0,-80.0,-80.0,-80.0,-80.0,-80.0,-80.0,-80.0,-80.0,-80.0,-80.0,-80.0,-80.0,-80.0,-80.0,-80.0,-80.0,-80.0,-80.0,-80.0,-80.0,-80.0,-80.0,-80.0,-80.0,-80.0,-80.0,-80.0,-80.0,-80.0,-80.0,-80.0,-80.0,-80.0,-80.0,-80.0,-80.0,-80.0,-80.0,-80.0,-80.0,-80.0,-80.0,-80.0,-80.0,-80.0,-80.0,-80.0,-80.0,-80.0,-80.0,-80.0,-80.0,-80.0,-80.0,-80.0,-80.0,-80.0,-80.0,-80.0,-80.0,-80.0,-80.0,-80.0,-80.0,-80.0,-80.0,-80.0,-80.0,-80.0,-80.0,-80.0,-80.0,-80.0,-80.0,-80.0,-80.0,-80.0,-80.0,-80.0,-80.0,-80.0,-80.0,-80.0,-80.0,-80.0,-80.0,-80.0,-80.0,-80.0,-80.0,-80.0,-80.0,-80.0,-80.0,-80.0,-80.0,-80.0,-80.0,-80.0,-80.0,-80.0,-80.0,-80.0,-80.0,-80.0,-80.0,-80.0,-80.0,-80.0,-80.0,-80.0,-80.0,-80.0,-80.0,-80.0,-80.0,-80.0,-80.0,-80.0,-80.0,-80.0,-80.0,-80.0,-80.0,-80.0,-80.0,-80.0,-80.0,-80.0,-80.0,-80.0,-80.0,-80.0,-80.0,-80.0,-80.0,-80.0,-80.0,-80.0,-80.0,-80.0,-80.0,-80.0,-80.0,-80.0,-80.0,-80.0,-80.0,-80.0,-80.0,-80.0,-80.0,-80.0,-80.0,-80.0,-80.0,-80.0,-80.0,-80.0,-80.0,-80.0,-80.0,-80.0,-80.0,-80.0,-80.0
-59.92179,-58.269146,-65.98358,-72.62928,-79.51378,-80.0,-80.0,-80.0,-80.0,-80.0,-80.0,-80.0,-80.0,-80.0,-80.0,-80.0,-80.0,-80.0,-80.0,-80.0,-80.0,-80.0,-80.0,-80.0,-80.0,-80.0,-80.0,-80.0,-80.0,-80.0,-80.0,-80.0,-80.0,-80.0,-80.0,-80.0,-80.0,-80.0,-80.0,-80.0,-80.0,-80.0,-80.0,-80.0,-80.0,-80.0,-80.0,-80.0,-80.0,-80.0,-80.0,-80.0,-80.0,-80.0,-80.0,-80.0,-80.0,-80.0,-80.0,-80.0,-80.0,-80.0,-80.0,-80.0,-80.0,-80.0,-80.0,-80.0,-80.0,-80.0,-80.0,-80.0,-80.0,-80.0,-80.0,-80.0,-80.0,-80.0,-80.0,-80.0,-80.0,-80.0,-80.0,-80.0,-80.0,-80.0,-80.0,-80.0,-80.0,-80.0,-75.26543,-71.7469,-68.35158,-72.75536,-80.0,-80.0,-80.0,-80.0,-80.0,-80.0,-80.0,-80.0,-80.0,-80.0,-80.0,-80.0,-80.0,-80.0,-80.0,-80.0,-80.0,-80.0,-80.0,-80.0,-80.0,-80.0,-80.0,-80.0,-80.0,-80.0,-80.0,-80.0,-80.0,-80.0,-80.0,-80.0,-80.0,-80.0,-80.0,-80.0,-80.0,-80.0,-80.0,-80.0,-80.0,-80.0,-80.0,-80.0,-80.0,-80.0,-80.0,-80.0,-80.0,-80.0,-80.0,-80.0,-80.0,-80.0,-80.0,-80.0,-80.0,-80.0,-80.0,-80.0,-80.0,-80.0,-80.0,-80.0,-80.0,-80.0,-80.0,-80.0,-80.0,-80.0,-80.0,-80.0,-80.0,-80.0,-80.0,-80.0,-80.0,-80.0,-80.0,-80.0,-80.0,-80.0,-80.0,-80.0,-80.0,-80.0,-80.0,-80.0,-80.0,-80.0,-80.0,-80.0,-80.0,-80.0,-80.0,-80.0,-80.0,-80.0,-80.0,-80.0,-80.0,-80.0,-80.0,-80.0,-80.0,-80.0,-80.0,-80.0,-80.0,-80.0,-80.0,-80.0,-80.0,-80.0,-80.0,-80.0,-80.0,-80.0,-80.0,-80.0,-80.0,-80.0,-80.0,-80.0,-80.0,-80.0,-80.0,-80.0,-80.0,-80.0,-80.0,-80.0,-80.0,-80.0,-80.0,-80.0,-80.0,-80.0,-80.0,-80.0,-80.0,-80.0,-80.0,-80.0,-80.0,-80.0,-80.0,-80.0,-80.0,-80.0,-80.0,-80.0,-80.0,-80.0,-80.0,-80.0,-80.0,-80.0,-80.0,-80.0,-80.0,-80.0,-80.0,-80.0,-80.0,-80.0,-80.0,-80.0,-80.0,-80.0,-80.0,-80.0,-80.0,-80.0,-80.0,-80.0,-80.0,-80.0,-80.0,-80.0,-80.0,-80.0,-80.0,-80.0,-80.0,-80.0,-80.0,-80.0,-80.0,-80.0,-80.0,-80.0,-80.0,-80.0,-80.0,-80.0,-80.0,-80.0,-80.0,-80.0,-80.0,-80.0,-80.0,-80.0,-80.0,-80.0,-80.0,-80.0,-80.0,-80.0,-80.0,-80.0,-80.0,-80.0,-80.0,-80.0,-80.0,-80.0,-80.0,-80.0,-80.0,-80.0,-80.0,-80.0,-80.0,-80.0,-80.0,-80.0,-80.0,-80.0,-80.0,-80.0,-80.0,-80.0,-80.0,-80.0,-80.0,-80.0,-80.0,-80.0,-80.0,-80.0,-80.0,-80.0,-80.0,-80.0,-80.0,-80.0,-80.0,-80.0,-80.0,-80.0,-80.0,-80.0,-80.0,-80.0,-80.0,-80.0,-80.0,-80.0,-80.0,-80.0,-80.0,-80.0,-80.0,-80.0,-80.0,-80.0,-80.0,-80.0,-80.0,-80.0,-80.0,-80.0,-80.0,-80.0,-80.0,-80.0,-80.0,-80.0,-80.0,-80.0,-80.0,-80.0,-80.0,-80.0,-80.0,-80.0,-80.0,-80.0,-80.0,-80.0,-80.0,-80.0,-80.0,-80.0,-80.0,-80.0,-80.0,-80.0,-80.0,-80.0,-80.0,-80.0,-80.0,-80.0,-80.0,-80.0,-80.0,-80.0,-80.0,-80.0,-80.0,-80.0,-80.0,-80.0,-80.0,-80.0,-80.0
-59.104168,-58.426308,-67.85122,-75.73152,-80.0,-80.0,-80.0,-80.0,-80.0,-80.0,-80.0,-80.0,-80.0,-80.0,-80.0,-80.0,-80.0,-80.0,-80.0,-80.0,-80.0,-80.0,-80.0,-80.0,-80.0,-80.0,-80.0,-80.0,-80.0,-80.0,-80.0,-80.0,-80.0,-80.0,-80.0,-80.0,-80.0,-80.0,-80.0,-80.0,-80.0,-80.0,-80.0,-80.0,-80.0,-80.0,-80.0,-80.0,-80.0,-80.0,-80.0,-80.0,-80.0,-80.0,-80.0,-80.0,-80.0,-80.0,-80.0,-80.0,-80.0,-80.0,-80.0,-80.0,-80.0,-80.0,-80.0,-80.0,-80.0,-80.0,-80.0,-80.0,-80.0,-80.0,-80.0,-80.0,-80.0,-80.0,-80.0,-80.0,-80.0,-80.0,-80.0,-80.0,-80.0,-80.0,-80.0,-80.0,-80.0,-80.0,-74.517136,-73.19957,-70.43706,-76.0959,-80.0,-80.0,-80.0,-80.0,-80.0,-80.0,-80.0,-80.0,-80.0,-80.0,-80.0,-80.0,-80.0,-80.0,-80.0,-80.0,-80.0,-80.0,-80.0,-80.0,-80.0,-80.0,-80.0,-80.0,-80.0,-80.0,-80.0,-80.0,-80.0,-80.0,-80.0,-80.0,-80.0,-80.0,-80.0,-80.0,-80.0,-80.0,-80.0,-80.0,-80.0,-80.0,-80.0,-80.0,-80.0,-80.0,-80.0,-80.0,-80.0,-80.0,-80.0,-80.0,-80.0,-80.0,-80.0,-80.0,-80.0,-80.0,-80.0,-80.0,-80.0,-80.0,-80.0,-80.0,-80.0,-80.0,-80.0,-80.0,-80.0,-80.0,-80.0,-80.0,-80.0,-80.0,-80.0,-80.0,-80.0,-80.0,-80.0,-80.0,-80.0,-80.0,-80.0,-80.0,-80.0,-80.0,-80.0,-80.0,-80.0,-80.0,-80.0,-80.0,-80.0,-80.0,-80.0,-80.0,-80.0,-80.0,-80.0,-80.0,-80.0,-80.0,-80.0,-80.0,-80.0,-80.0,-80.0,-80.0,-80.0,-80.0,-80.0,-80.0,-80.0,-80.0,-80.0,-80.0,-80.0,-80.0,-80.0,-80.0,-80.0,-80.0,-80.0,-80.0,-80.0,-80.0,-80.0,-80.0,-80.0,-80.0,-80.0,-80.0,-80.0,-80.0,-80.0,-80.0,-80.0,-80.0,-80.0,-80.0,-80.0,-80.0,-80.0,-80.0,-80.0,-80.0,-80.0,-80.0,-80.0,-80.0,-80.0,-80.0,-80.0,-80.0,-80.0,-80.0,-80.0,-80.0,-80.0,-80.0,-80.0,-80.0,-80.0,-80.0,-80.0,-80.0,-80.0,-80.0,-80.0,-80.0,-80.0,-80.0,-80.0,-80.0,-80.0,-80.0,-80.0,-80.0,-80.0,-80.0,-80.0,-80.0,-80.0,-80.0,-80.0,-80.0,-80.0,-80.0,-80.0,-80.0,-80.0,-80.0,-80.0,-80.0,-80.0,-80.0,-80.0,-80.0,-80.0,-80.0,-80.0,-80.0,-80.0,-80.0,-80.0,-80.0,-80.0,-80.0,-80.0,-80.0,-80.0,-80.0,-80.0,-80.0,-80.0,-80.0,-80.0,-80.0,-80.0,-80.0,-80.0,-80.0,-80.0,-80.0,-80.0,-80.0,-80.0,-80.0,-80.0,-80.0,-80.0,-80.0,-80.0,-80.0,-80.0,-80.0,-80.0,-80.0,-80.0,-80.0,-80.0,-80.0,-80.0,-80.0,-80.0,-80.0,-80.0,-80.0,-80.0,-80.0,-80.0,-80.0,-80.0,-80.0,-80.0,-80.0,-80.0,-80.0,-80.0,-80.0,-80.0,-80.0,-80.0,-80.0,-80.0,-80.0,-80.0,-80.0,-80.0,-80.0,-80.0,-80.0,-80.0,-80.0,-80.0,-80.0,-80.0,-80.0,-80.0,-80.0,-80.0,-80.0,-80.0,-80.0,-80.0,-80.0,-80.0,-80.0,-80.0,-80.0,-80.0,-80.0,-80.0,-80.0,-80.0,-80.0,-80.0,-80.0,-80.0,-80.0,-80.0,-80.0,-80.0,-80.0,-80.0,-80.0,-80.0,-80.0,-80.0,-80.0,-80.0,-80.0,-80.0,-80.0,-80.0,-80.0,-80.0,-80.0,-80.0
-62.467846,-61.459366,-69.739365,-78.22865,-80.0,-80.0,-80.0,-80.0,-80.0,-80.0,-80.0,-80.0,-80.0,-80.0,-80.0,-80.0,-80.0,-80.0,-80.0,-80.0,-80.0,-80.0,-80.0,-80.0,-80.0,-80.0,-80.0,-80.0,-80.0,-80.0,-80.0,-80.0,-80.0,-80.0,-80.0,-80.0,-80.0,-80.0,-80.0,-80.0,-80.0,-80.0,-80.0,-80.0,-80.0,-80.0,-80.0,-80.0,-80.0,-80.0,-80.0,-80.0,-80.0,-80.0,-80.0,-80.0,-80.0,-80.0,-80.0,-80.0,-80.0,-80.0,-80.0,-80.0,-80.0,-80.0,-80.0,-80.0,-80.0,-80.0,-80.0,-80.0,-80.0,-80.0,-80.0,-80.0,-80.0,-80.0,-80.0,-80.0,-80.0,-80.0,-80.0,-80.0,-80.0,-80.0,-80.0,-80.0,-80.0,-80.0,-72.25712,-73.66478,-75.20676,-79.82324,-80.0,-80.0,-80.0,-80.0,-80.0,-80.0,-80.0,-80.0,-80.0,-80.0,-80.0,-80.0,-80.0,-80.0,-80.0,-80.0,-80.0,-80.0,-80.0,-80.0,-80.0,-80.0,-80.0,-80.0,-80.0,-80.0,-80.0,-80.0,-80.0,-80.0,-80.0,-80.0,-80.0,-80.0,-80.0,-80.0,-80.0,-80.0,-80.0,-80.0,-80.0,-80.0,-80.0,-80.0,-80.0,-80.0,-80.0,-80.0,-80.0,-80.0,-80.0,-80.0,-80.0,-80.0,-80.0,-80.0,-80.0,-80.0,-80.0,-80.0,-80.0,-80.0,-80.0,-80.0,-80.0,-80.0,-80.0,-80.0,-80.0,-80.0,-80.0,-80.0,-80.0,-80.0,-80.0,-80.0,-80.0,-80.0,-80.0,-80.0,-80.0,-80.0,-80.0,-80.0,-80.0,-80.0,-80.0,-80.0,-80.0,-80.0,-80.0,-80.0,-80.0,-80.0,-80.0,-80.0,-80.0,-80.0,-80.0,-80.0,-80.0,-80.0,-80.0,-80.0,-80.0,-80.0,-80.0,-80.0,-80.0,-80.0,-80.0,-80.0,-80.0,-80.0,-80.0,-80.0,-80.0,-80.0,-80.0,-80.0,-80.0,-80.0,-80.0,-80.0,-80.0,-80.0,-80.0,-80.0,-80.0,-80.0,-80.0,-80.0,-80.0,-80.0,-80.0,-80.0,-80.0,-80.0,-80.0,-80.0,-80.0,-80.0,-80.0,-80.0,-80.0,-80.0,-80.0,-80.0,-80.0,-80.0,-80.0,-80.0,-80.0,-80.0,-80.0,-80.0,-80.0,-80.0,-80.0,-80.0,-80.0,-80.0,-80.0,-80.0,-80.0,-80.0,-80.0,-80.0,-80.0,-80.0,-80.0,-80.0,-80.0,-80.0,-80.0,-80.0,-80.0,-80.0,-80.0,-80.0,-80.0,-80.0,-80.0,-80.0,-80.0,-80.0,-80.0,-80.0,-80.0,-80.0,-80.0,-80.0,-80.0,-80.0,-80.0,-80.0,-80.0,-80.0,-80.0,-80.0,-80.0,-80.0,-80.0,-80.0,-80.0,-80.0,-80.0,-80.0,-80.0,-80.0,-80.0,-80.0,-80.0,-80.0,-80.0,-80.0,-80.0,-80.0,-80.0,-80.0,-80.0,-80.0,-80.0,-80.0,-80.0,-80.0,-80.0,-80.0,-80.0,-80.0,-80.0,-80.0,-80.0,-80.0,-80.0,-80.0,-80.0,-80.0,-80.0,-80.0,-80.0,-80.0,-80.0,-80.0,-80.0,-80.0,-80.0,-80.0,-80.0,-80.0,-80.0,-80.0,-80.0,-80.0,-80.0,-80.0,-80.0,-80.0,-80.0,-80.0,-80.0,-80.0,-80.0,-80.0,-80.0,-80.0,-80.0,-80.0,-80.0,-80.0,-80.0,-80.0,-80.0,-80.0,-80.0,-80.0,-80.0,-80.0,-80.0,-80.0,-80.0,-80.0,-80.0,-80.0,-80.0,-80.0,-80.0,-80.0,-80.0,-80.0,-80.0,-80.0,-80.0,-80.0,-80.0,-80.0,-80.0,-80.0,-80.0,-80.0,-80.0,-80.0,-80.0,-80.0,-80.0,-80.0,-80.0,-80.0,-80.0,-80.0,-80.0,-80.0,-80.0,-80.0,-80.0,-80.0,-80.0,-80.0,-80.0
-63.389713,-63.520054,-72.23995,-78.252075,-80.0,-80.0,-80.0,-80.0,-80.0,-80.0,-80.0,-80.0,-80.0,-80.0,-80.0,-80.0,-80.0,-80.0,-80.0,-80.0,-80.0,-80.0,-80.0,-80.0,-80.0,-80.0,-80.0,-80.0,-80.0,-80.0,-80.0,-80.0,-80.0,-80.0,-80.0,-80.0,-80.0,-80.0,-80.0,-80.0,-80.0,-80.0,-80.0,-80.0,-80.0,-80.0,-80.0,-80.0,-80.0,-80.0,-80.0,-80.0,-80.0,-80.0,-80.0,-80.0,-80.0,-80.0,-80.0,-80.0,-80.0,-80.0,-80.0,-80.0,-80.0,-80.0,-80.0,-80.0,-80.0,-80.0,-80.0,-80.0,-80.0,-80.0,-80.0,-80.0,-80.0,-80.0,-80.0,-80.0,-80.0,-80.0,-80.0,-80.0,-80.0,-80.0,-80.0,-80.0,-80.0,-76.86348,-69.298645,-70.14752,-71.017044,-78.18819,-80.0,-80.0,-80.0,-80.0,-80.0,-80.0,-80.0,-80.0,-80.0,-80.0,-80.0,-80.0,-80.0,-80.0,-80.0,-80.0,-80.0,-80.0,-80.0,-80.0,-80.0,-80.0,-80.0,-80.0,-80.0,-80.0,-80.0,-80.0,-80.0,-80.0,-80.0,-80.0,-80.0,-80.0,-80.0,-80.0,-80.0,-80.0,-80.0,-80.0,-80.0,-80.0,-80.0,-80.0,-80.0,-80.0,-80.0,-80.0,-80.0,-80.0,-80.0,-80.0,-80.0,-80.0,-80.0,-80.0,-80.0,-80.0,-80.0,-80.0,-80.0,-80.0,-80.0,-80.0,-80.0,-80.0,-80.0,-80.0,-80.0,-80.0,-80.0,-80.0,-80.0,-80.0,-80.0,-80.0,-80.0,-80.0,-80.0,-80.0,-80.0,-80.0,-80.0,-80.0,-80.0,-80.0,-80.0,-80.0,-80.0,-80.0,-80.0,-80.0,-80.0,-80.0,-80.0,-80.0,-80.0,-80.0,-80.0,-80.0,-80.0,-80.0,-80.0,-80.0,-80.0,-80.0,-80.0,-80.0,-80.0,-80.0,-80.0,-80.0,-80.0,-80.0,-80.0,-80.0,-80.0,-80.0,-80.0,-80.0,-80.0,-80.0,-80.0,-80.0,-80.0,-80.0,-80.0,-80.0,-80.0,-80.0,-80.0,-80.0,-80.0,-80.0,-80.0,-80.0,-80.0,-80.0,-80.0,-80.0,-80.0,-80.0,-80.0,-80.0,-80.0,-80.0,-80.0,-80.0,-80.0,-80.0,-80.0,-80.0,-80.0,-80.0,-80.0,-80.0,-80.0,-80.0,-80.0,-80.0,-80.0,-80.0,-80.0,-80.0,-80.0,-80.0,-80.0,-80.0,-80.0,-80.0,-80.0,-80.0,-80.0,-80.0,-80.0,-80.0,-80.0,-80.0,-80.0,-80.0,-80.0,-80.0,-80.0,-80.0,-80.0,-80.0,-80.0,-80.0,-80.0,-80.0,-80.0,-80.0,-80.0,-80.0,-80.0,-80.0,-80.0,-80.0,-80.0,-80.0,-80.0,-80.0,-80.0,-80.0,-80.0,-80.0,-80.0,-80.0,-80.0,-80.0,-80.0,-80.0,-80.0,-80.0,-80.0,-80.0,-80.0,-80.0,-80.0,-80.0,-80.0,-80.0,-80.0,-80.0,-80.0,-80.0,-80.0,-80.0,-80.0,-80.0,-80.0,-80.0,-80.0,-80.0,-80.0,-80.0,-80.0,-80.0,-80.0,-80.0,-80.0,-80.0,-80.0,-80.0,-80.0,-80.0,-80.0,-80.0,-80.0,-80.0,-80.0,-80.0,-80.0,-80.0,-80.0,-80.0,-80.0,-80.0,-80.0,-80.0,-80.0,-80.0,-80.0,-80.0,-80.0,-80.0,-80.0,-80.0,-80.0,-80.0,-80.0,-80.0,-80.0,-80.0,-80.0,-80.0,-80.0,-80.0,-80.0,-80.0,-80.0,-80.0,-80.0,-80.0,-80.0,-80.0,-80.0,-80.0,-80.0,-80.0,-80.0,-80.0,-80.0,-80.0,-80.0,-80.0,-80.0,-80.0,-80.0,-80.0,-80.0,-80.0,-80.0,-80.0,-80.0,-80.0,-80.0,-80.0,-80.0,-80.0,-80.0,-80.0,-80.0,-80.0,-80.0,-80.0,-80.0,-80.0,-80.0
-68.895874,-67.6112,-71.767685,-76.46602,-80.0,-80.0,-80.0,-80.0,-80.0,-80.0,-80.0,-80.0,-80.0,-80.0,-80.0,-80.0,-80.0,-80.0,-80.0,-80.0,-80.0,-80.0,-80.0,-80.0,-80.0,-80.0,-80.0,-80.0,-80.0,-80.0,-80.0,-80.0,-80.0,-80.0,-80.0,-80.0,-80.0,-80.0,-80.0,-80.0,-80.0,-80.0,-80.0,-80.0,-80.0,-80.0,-80.0,-80.0,-80.0,-80.0,-80.0,-80.0,-80.0,-80.0,-80.0,-80.0,-80.0,-80.0,-80.0,-80.0,-80.0,-80.0,-80.0,-80.0,-80.0,-80.0,-80.0,-80.0,-80.0,-80.0,-80.0,-80.0,-80.0,-80.0,-80.0,-80.0,-80.0,-80.0,-80.0,-80.0,-80.0,-80.0,-80.0,-80.0,-80.0,-80.0,-80.0,-80.0,-80.0,-76.385826,-68.74632,-70.08717,-70.53931,-75.88928,-80.0,-80.0,-80.0,-80.0,-80.0,-80.0,-80.0,-80.0,-80.0,-80.0,-80.0,-80.0,-80.0,-80.0,-80.0,-80.0,-80.0,-80.0,-80.0,-80.0,-80.0,-80.0,-80.0,-80.0,-80.0,-80.0,-80.0,-80.0,-80.0,-80.0,-80.0,-80.0,-80.0,-80.0,-80.0,-80.0,-80.0,-80.0,-80.0,-80.0,-80.0,-80.0,-80.0,-80.0,-80.0,-80.0,-80.0,-80.0,-80.0,-80.0,-80.0,-80.0,-80.0,-80.0,-80.0,-80.0,-80.0,-80.0,-80.0,-80.0,-80.0,-80.0,-80.0,-80.0,-80.0,-80.0,-80.0,-80.0,-80.0,-80.0,-80.0,-80.0,-80.0,-80.0,-80.0,-80.0,-80.0,-80.0,-80.0,-80.0,-80.0,-80.0,-80.0,-80.0,-80.0,-80.0,-80.0,-80.0,-80.0,-80.0,-80.0,-80.0,-80.0,-80.0,-80.0,-80.0,-80.0,-80.0,-80.0,-80.0,-80.0,-80.0,-80.0,-80.0,-80.0,-80.0,-80.0,-80.0,-80.0,-80.0,-80.0,-80.0,-80.0,-80.0,-80.0,-80.0,-80.0,-80.0,-80.0,-80.0,-80.0,-80.0,-80.0,-80.0,-80.0,-80.0,-80.0,-80.0,-80.0,-80.0,-80.0,-80.0,-80.0,-80.0,-80.0,-80.0,-80.0,-80.0,-80.0,-80.0,-80.0,-80.0,-80.0,-80.0,-80.0,-80.0,-80.0,-80.0,-80.0,-80.0,-80.0,-80.0,-80.0,-80.0,-80.0,-80.0,-80.0,-80.0,-80.0,-80.0,-80.0,-80.0,-80.0,-80.0,-80.0,-80.0,-80.0,-80.0,-80.0,-80.0,-80.0,-80.0,-80.0,-80.0,-80.0,-80.0,-80.0,-80.0,-80.0,-80.0,-80.0,-80.0,-80.0,-80.0,-80.0,-80.0,-80.0,-80.0,-80.0,-80.0,-80.0,-80.0,-80.0,-80.0,-80.0,-80.0,-80.0,-80.0,-80.0,-80.0,-80.0,-80.0,-80.0,-80.0,-80.0,-80.0,-80.0,-80.0,-80.0,-80.0,-80.0,-80.0,-80.0,-80.0,-80.0,-80.0,-80.0,-80.0,-80.0,-80.0,-80.0,-80.0,-80.0,-80.0,-80.0,-80.0,-80.0,-80.0,-80.0,-80.0,-80.0,-80.0,-80.0,-80.0,-80.0,-80.0,-80.0,-80.0,-80.0,-80.0,-80.0,-80.0,-80.0,-80.0,-80.0,-80.0,-80.0,-80.0,-80.0,-80.0,-80.0,-80.0,-80.0,-80.0,-80.0,-80.0,-80.0,-80.0,-80.0,-80.0,-80.0,-80.0,-80.0,-80.0,-80.0,-80.0,-80.0,-80.0,-80.0,-80.0,-80.0,-80.0,-80.0,-80.0,-80.0,-80.0,-80.0,-80.0,-80.0,-80.0,-80.0,-80.0,-80.0,-80.0,-80.0,-80.0,-80.0,-80.0,-80.0,-80.0,-80.0,-80.0,-80.0,-80.0,-80.0,-80.0,-80.0,-80.0,-80.0,-80.0,-80.0,-80.0,-80.0,-80.0,-80.0,-80.0,-80.0,-80.0,-80.0,-80.0,-80.0,-80.0,-80.0,-80.0,-80.0,-80.0,-80.0,-80.0,-80.0
-68.76311,-66.12944,-69.76224,-76.83205,-80.0,-80.0,-80.0,-80.0,-80.0,-80.0,-80.0,-80.0,-80.0,-80.0,-80.0,-80.0,-80.0,-80.0,-80.0,-80.0,-80.0,-80.0,-80.0,-80.0,-80.0,-80.0,-80.0,-80.0,-80.0,-80.0,-80.0,-80.0,-80.0,-80.0,-80.0,-80.0,-80.0,-80.0,-80.0,-80.0,-80.0,-80.0,-80.0,-80.0,-80.0,-80.0,-80.0,-80.0,-80.0,-80.0,-80.0,-80.0,-80.0,-80.0,-80.0,-80.0,-80.0,-80.0,-80.0,-80.0,-80.0,-80.0,-80.0,-80.0,-80.0,-80.0,-80.0,-80.0,-80.0,-80.0,-80.0,-80.0,-80.0,-80.0,-80.0,-80.0,-80.0,-80.0,-80.0,-80.0,-80.0,-80.0,-80.0,-80.0,-80.0,-80.0,-80.0,-80.0,-80.0,-77.28827,-69.7182,-71.32201,-72.6824,-78.12937,-80.0,-80.0,-80.0,-80.0,-80.0,-80.0,-80.0,-80.0,-80.0,-80.0,-80.0,-80.0,-80.0,-80.0,-80.0,-80.0,-80.0,-80.0,-80.0,-80.0,-80.0,-80.0,-80.0,-80.0,-80.0,-80.0,-80.0,-80.0,-80.0,-80.0,-80.0,-80.0,-80.0,-80.0,-80.0,-80.0,-80.0,-80.0,-80.0,-80.0,-80.0,-80.0,-80.0,-80.0,-80.0,-80.0,-80.0,-80.0,-80.0,-80.0,-80.0,-80.0,-80.0,-80.0,-80.0,-80.0,-80.0,-80.0,-80.0,-80.0,-80.0,-80.0,-80.0,-80.0,-80.0,-80.0,-80.0,-80.0,-80.0,-80.0,-80.0,-80.0,-80.0,-80.0,-80.0,-80.0,-80.0,-80.0,-80.0,-80.0,-80.0,-80.0,-80.0,-80.0,-80.0,-80.0,-80.0,-80.0,-80.0,-80.0,-80.0,-80.0,-80.0,-80.0,-80.0,-80.0,-80.0,-80.0,-80.0,-80.0,-80.0,-80.0,-80.0,-80.0,-80.0,-80.0,-80.0,-80.0,-80.0,-80.0,-80.0,-80.0,-80.0,-80.0,-80.0,-80.0,-80.0,-80.0,-80.0,-80.0,-80.0,-80.0,-80.0,-80.0,-80.0,-80.0,-80.0,-80.0,-80.0,-80.0,-80.0,-80.0,-80.0,-80.0,-80.0,-80.0,-80.0,-80.0,-80.0,-80.0,-80.0,-80.0,-80.0,-80.0,-80.0,-80.0,-80.0,-80.0,-80.0,-80.0,-80.0,-80.0,-80.0,-80.0,-80.0,-80.0,-80.0,-80.0,-80.0,-80.0,-80.0,-80.0,-80.0,-80.0,-80.0,-80.0,-80.0,-80.0,-80.0,-80.0,-80.0,-80.0,-80.0,-80.0,-80.0,-80.0,-80.0,-80.0,-80.0,-80.0,-80.0,-80.0,-80.0,-80.0,-80.0,-80.0,-80.0,-80.0,-80.0,-80.0,-80.0,-80.0,-80.0,-80.0,-80.0,-80.0,-80.0,-80.0,-80.0,-80.0,-80.0,-80.0,-80.0,-80.0,-80.0,-80.0,-80.0,-80.0,-80.0,-80.0,-80.0,-80.0,-80.0,-80.0,-80.0,-80.0,-80.0,-80.0,-80.0,-80.0,-80.0,-80.0,-80.0,-80.0,-80.0,-80.0,-80.0,-80.0,-80.0,-80.0,-80.0,-80.0,-80.0,-80.0,-80.0,-80.0,-80.0,-80.0,-80.0,-80.0,-80.0,-80.0,-80.0,-80.0,-80.0,-80.0,-80.0,-80.0,-80.0,-80.0,-80.0,-80.0,-80.0,-80.0,-80.0,-80.0,-80.0,-80.0,-80.0,-80.0,-80.0,-80.0,-80.0,-80.0,-80.0,-80.0,-80.0,-80.0,-80.0,-80.0,-80.0,-80.0,-80.0,-80.0,-80.0,-80.0,-80.0,-80.0,-80.0,-80.0,-80.0,-80.0,-80.0,-80.0,-80.0,-80.0,-80.0,-80.0,-80.0,-80.0,-80.0,-80.0,-80.0,-80.0,-80.0,-80.0,-80.0,-80.0,-80.0,-80.0,-80.0,-80.0,-80.0,-80.0,-80.0,-80.0,-80.0,-80.0,-80.0,-80.0,-80.0,-80.0,-80.0,-80.0,-80.0,-80.0,-80.0,-80.0,-80.0
-70.109924,-66.07144,-69.43283,-78.27069,-80.0,-80.0,-80.0,-80.0,-80.0,-80.0,-80.0,-80.0,-80.0,-80.0,-80.0,-80.0,-80.0,-80.0,-80.0,-80.0,-80.0,-80.0,-80.0,-80.0,-80.0,-80.0,-80.0,-80.0,-80.0,-80.0,-80.0,-80.0,-80.0,-80.0,-80.0,-80.0,-80.0,-80.0,-80.0,-80.0,-80.0,-80.0,-80.0,-80.0,-80.0,-80.0,-80.0,-80.0,-80.0,-80.0,-80.0,-80.0,-80.0,-80.0,-80.0,-80.0,-80.0,-80.0,-80.0,-80.0,-80.0,-80.0,-80.0,-80.0,-80.0,-80.0,-80.0,-80.0,-80.0,-80.0,-80.0,-80.0,-80.0,-80.0,-80.0,-80.0,-80.0,-80.0,-80.0,-80.0,-80.0,-80.0,-80.0,-80.0,-80.0,-80.0,-80.0,-80.0,-80.0,-79.10216,-71.1735,-72.83331,-74.05506,-79.021805,-80.0,-80.0,-80.0,-80.0,-80.0,-80.0,-80.0,-80.0,-80.0,-80.0,-80.0,-80.0,-80.0,-80.0,-80.0,-80.0,-80.0,-80.0,-80.0,-80.0,-80.0,-80.0,-80.0,-80.0,-80.0,-80.0,-80.0,-80.0,-80.0,-80.0,-80.0,-80.0,-80.0,-80.0,-80.0,-80.0,-80.0,-80.0,-80.0,-80.0,-80.0,-80.0,-80.0,-80.0,-80.0,-80.0,-80.0,-80.0,-80.0,-80.0,-80.0,-80.0,-80.0,-80.0,-80.0,-80.0,-80.0,-80.0,-80.0,-80.0,-80.0,-80.0,-80.0,-80.0,-80.0,-80.0,-80.0,-80.0,-80.0,-80.0,-80.0,-80.0,-80.0,-80.0,-80.0,-80.0,-80.0,-80.0,-80.0,-80.0,-80.0,-80.0,-80.0,-80.0,-80.0,-80.0,-80.0,-80.0,-80.0,-80.0,-80.0,-80.0,-80.0,-80.0,-80.0,-80.0,-80.0,-80.0,-80.0,-80.0,-80.0,-80.0,-80.0,-80.0,-80.0,-80.0,-80.0,-80.0,-80.0,-80.0,-80.0,-80.0,-80.0,-80.0,-80.0,-80.0,-80.0,-80.0,-80.0,-80.0,-80.0,-80.0,-80.0,-80.0,-80.0,-80.0,-80.0,-80.0,-80.0,-80.0,-80.0,-80.0,-80.0,-80.0,-80.0,-80.0,-80.0,-80.0,-80.0,-80.0,-80.0,-80.0,-80.0,-80.0,-80.0,-80.0,-80.0,-80.0,-80.0,-80.0,-80.0,-80.0,-80.0,-80.0,-80.0,-80.0,-80.0,-80.0,-80.0,-80.0,-80.0,-80.0,-80.0,-80.0,-80.0,-80.0,-80.0,-80.0,-80.0,-80.0,-80.0,-80.0,-80.0,-80.0,-80.0,-80.0,-80.0,-80.0,-80.0,-80.0,-80.0,-80.0,-80.0,-80.0,-80.0,-80.0,-80.0,-80.0,-80.0,-80.0,-80.0,-80.0,-80.0,-80.0,-80.0,-80.0,-80.0,-80.0,-80.0,-80.0,-80.0,-80.0,-80.0,-80.0,-80.0,-80.0,-80.0,-80.0,-80.0,-80.0,-80.0,-80.0,-80.0,-80.0,-80.0,-80.0,-80.0,-80.0,-80.0,-80.0,-80.0,-80.0,-80.0,-80.0,-80.0,-80.0,-80.0,-80.0,-80.0,-80.0,-80.0,-80.0,-80.0,-80.0,-80.0,-80.0,-80.0,-80.0,-80.0,-80.0,-80.0,-80.0,-80.0,-80.0,-80.0,-80.0,-80.0,-80.0,-80.0,-80.0,-80.0,-80.0,-80.0,-80.0,-80.0,-80.0,-80.0,-80.0,-80.0,-80.0,-80.0,-80.0,-80.0,-80.0,-80.0,-80.0,-80.0,-80.0,-80.0,-80.0,-80.0,-80.0,-80.0,-80.0,-80.0,-80.0,-80.0,-80.0,-80.0,-80.0,-80.0,-80.0,-80.0,-80.0,-80.0,-80.0,-80.0,-80.0,-80.0,-80.0,-80.0,-80.0,-80.0,-80.0,-80.0,-80.0,-80.0,-80.0,-80.0,-80.0,-80.0,-80.0,-80.0,-80.0,-80.0,-80.0,-80.0,-80.0,-80.0,-80.0,-80.0,-80.0,-80.0,-80.0,-80.0,-80.0,-80.0,-80.0,-80.0
-69.215034,-66.04628,-69.451775,-75.603745,-80.0,-80.0,-80.0,-80.0,-80.0,-80.0,-80.0,-80.0,-80.0,-80.0,-80.0,-80.0,-80.0,-80.0,-80.0,-80.0,-80.0,-80.0,-80.0,-80.0,-80.0,-80.0,-80.0,-80.0,-80.0,-80.0,-80.0,-80.0,-80.0,-80.0,-80.0,-80.0,-80.0,-80.0,-80.0,-80.0,-80.0,-80.0,-80.0,-80.0,-80.0,-80.0,-80.0,-80.0,-80.0,-80.0,-80.0,-80.0,-80.0,-80.0,-80.0,-80.0,-80.0,-80.0,-80.0,-80.0,-80.0,-80.0,-80.0,-80.0,-80.0,-80.0,-80.0,-80.0,-80.0,-80.0,-80.0,-80.0,-80.0,-80.0,-80.0,-80.0,-80.0,-80.0,-80.0,-80.0,-80.0,-80.0,-80.0,-80.0,-80.0,-80.0,-80.0,-80.0,-80.0,-80.0,-75.71661,-74.266556,-72.906044,-78.84407,-80.0,-80.0,-80.0,-80.0,-80.0,-80.0,-80.0,-80.0,-80.0,-80.0,-80.0,-80.0,-80.0,-80.0,-80.0,-80.0,-80.0,-80.0,-80.0,-80.0,-80.0,-80.0,-80.0,-80.0,-80.0,-80.0,-80.0,-80.0,-80.0,-80.0,-80.0,-80.0,-80.0,-80.0,-80.0,-80.0,-80.0,-80.0,-80.0,-80.0,-80.0,-80.0,-80.0,-80.0,-80.0,-80.0,-80.0,-80.0,-80.0,-80.0,-80.0,-80.0,-80.0,-80.0,-80.0,-80.0,-80.0,-80.0,-80.0,-80.0,-80.0,-80.0,-80.0,-80.0,-80.0,-80.0,-80.0,-80.0,-80.0,-80.0,-80.0,-80.0,-80.0,-80.0,-80.0,-80.0,-80.0,-80.0,-80.0,-80.0,-80.0,-80.0,-80.0,-80.0,-80.0,-80.0,-80.0,-80.0,-80.0,-80.0,-80.0,-80.0,-80.0,-80.0,-80.0,-80.0,-80.0,-80.0,-80.0,-80.0,-80.0,-80.0,-80.0,-80.0,-80.0,-80.0,-80.0,-80.0,-80.0,-80.0,-80.0,-80.0,-80.0,-80.0,-80.0,-80.0,-80.0,-80.0,-80.0,-80.0,-80.0,-80.0,-80.0,-80.0,-80.0,-80.0,-80.0,-80.0,-80.0,-80.0,-80.0,-80.0,-80.0,-80.0,-80.0,-80.0,-80.0,-80.0,-80.0,-80.0,-80.0,-80.0,-80.0,-80.0,-80.0,-80.0,-80.0,-80.0,-80.0,-80.0,-80.0,-80.0,-80.0,-80.0,-80.0,-80.0,-80.0,-80.0,-80.0,-80.0,-80.0,-80.0,-80.0,-80.0,-80.0,-80.0,-80.0,-80.0,-80.0,-80.0,-80.0,-80.0,-80.0,-80.0,-80.0,-80.0,-80.0,-80.0,-80.0,-80.0,-80.0,-80.0,-80.0,-80.0,-80.0,-80.0,-80.0,-80.0,-80.0,-80.0,-80.0,-80.0,-80.0,-80.0,-80.0,-80.0,-80.0,-80.0,-80.0,-80.0,-80.0,-80.0,-80.0,-80.0,-80.0,-80.0,-80.0,-80.0,-80.0,-80.0,-80.0,-80.0,-80.0,-80.0,-80.0,-80.0,-80.0,-80.0,-80.0,-80.0,-80.0,-80.0,-80.0,-80.0,-80.0,-80.0,-80.0,-80.0,-80.0,-80.0,-80.0,-80.0,-80.0,-80.0,-80.0,-80.0,-80.0,-80.0,-80.0,-80.0,-80.0,-80.0,-80.0,-80.0,-80.0,-80.0,-80.0,-80.0,-80.0,-80.0,-80.0,-80.0,-80.0,-80.0,-80.0,-80.0,-80.0,-80.0,-80.0,-80.0,-80.0,-80.0,-80.0,-80.0,-80.0,-80.0,-80.0,-80.0,-80.0,-80.0,-80.0,-80.0,-80.0,-80.0,-80.0,-80.0,-80.0,-80.0,-80.0,-80.0,-80.0,-80.0,-80.0,-80.0,-80.0,-80.0,-80.0,-80.0,-80.0,-80.0,-80.0,-80.0,-80.0,-80.0,-80.0,-80.0,-80.0,-80.0,-80.0,-80.0,-80.0,-80.0,-80.0,-80.0,-80.0,-80.0,-80.0,-80.0,-80.0,-80.0,-80.0,-80.0,-80.0,-80.0,-80.0,-80.0,-80.0,-80.0,-80.0
-68.58148,-66.32733,-71.47137,-80.0,-80.0,-80.0,-80.0,-80.0,-80.0,-80.0,-80.0,-80.0,-80.0,-80.0,-80.0,-80.0,-80.0,-80.0,-80.0,-80.0,-80.0,-80.0,-80.0,-80.0,-80.0,-80.0,-80.0,-80.0,-80.0,-80.0,-80.0,-80.0,-80.0,-80.0,-80.0,-80.0,-80.0,-80.0,-80.0,-80.0,-80.0,-80.0,-80.0,-80.0,-80.0,-80.0,-80.0,-80.0,-80.0,-80.0,-80.0,-80.0,-80.0,-80.0,-80.0,-80.0,-80.0,-80.0,-80.0,-80.0,-80.0,-80.0,-80.0,-80.0,-80.0,-80.0,-80.0,-80.0,-80.0,-80.0,-80.0,-80.0,-80.0,-80.0,-80.0,-80.0,-80.0,-80.0,-80.0,-80.0,-80.0,-80.0,-80.0,-80.0,-80.0,-80.0,-80.0,-80.0,-80.0,-80.0,-80.0,-77.43416,-77.83081,-80.0,-80.0,-80.0,-80.0,-80.0,-80.0,-80.0,-80.0,-80.0,-80.0,-80.0,-80.0,-80.0,-80.0,-80.0,-80.0,-80.0,-80.0,-80.0,-80.0,-80.0,-80.0,-80.0,-80.0,-80.0,-80.0,-80.0,-80.0,-80.0,-80.0,-80.0,-80.0,-80.0,-80.0,-80.0,-80.0,-80.0,-80.0,-80.0,-80.0,-80.0,-80.0,-80.0,-80.0,-80.0,-80.0,-80.0,-80.0,-80.0,-80.0,-80.0,-80.0,-80.0,-80.0,-80.0,-80.0,-80.0,-80.0,-80.0,-80.0,-80.0,-80.0,-80.0,-80.0,-80.0,-80.0,-80.0,-80.0,-80.0,-80.0,-80.0,-80.0,-80.0,-80.0,-80.0,-80.0,-80.0,-80.0,-80.0,-80.0,-80.0,-80.0,-80.0,-80.0,-80.0,-80.0,-80.0,-80.0,-80.0,-80.0,-80.0,-80.0,-80.0,-80.0,-80.0,-80.0,-80.0,-80.0,-80.0,-80.0,-80.0,-80.0,-80.0,-80.0,-80.0,-80.0,-80.0,-80.0,-80.0,-80.0,-80.0,-80.0,-80.0,-80.0,-80.0,-80.0,-80.0,-80.0,-80.0,-80.0,-80.0,-80.0,-80.0,-80.0,-80.0,-80.0,-80.0,-80.0,-80.0,-80.0,-80.0,-80.0,-80.0,-80.0,-80.0,-80.0,-80.0,-80.0,-80.0,-80.0,-80.0,-80.0,-80.0,-80.0,-80.0,-80.0,-80.0,-80.0,-80.0,-80.0,-80.0,-80.0,-80.0,-80.0,-80.0,-80.0,-80.0,-80.0,-80.0,-80.0,-80.0,-80.0,-80.0,-80.0,-80.0,-80.0,-80.0,-80.0,-80.0,-80.0,-80.0,-80.0,-80.0,-80.0,-80.0,-80.0,-80.0,-80.0,-80.0,-80.0,-80.0,-80.0,-80.0,-80.0,-80.0,-80.0,-80.0,-80.0,-80.0,-80.0,-80.0,-80.0,-80.0,-80.0,-80.0,-80.0,-80.0,-80.0,-80.0,-80.0,-80.0,-80.0,-80.0,-80.0,-80.0,-80.0,-80.0,-80.0,-80.0,-80.0,-80.0,-80.0,-80.0,-80.0,-80.0,-80.0,-80.0,-80.0,-80.0,-80.0,-80.0,-80.0,-80.0,-80.0,-80.0,-80.0,-80.0,-80.0,-80.0,-80.0,-80.0,-80.0,-80.0,-80.0,-80.0,-80.0,-80.0,-80.0,-80.0,-80.0,-80.0,-80.0,-80.0,-80.0,-80.0,-80.0,-80.0,-80.0,-80.0,-80.0,-80.0,-80.0,-80.0,-80.0,-80.0,-80.0,-80.0,-80.0,-80.0,-80.0,-80.0,-80.0,-80.0,-80.0,-80.0,-80.0,-80.0,-80.0,-80.0,-80.0,-80.0,-80.0,-80.0,-80.0,-80.0,-80.0,-80.0,-80.0,-80.0,-80.0,-80.0,-80.0,-80.0,-80.0,-80.0,-80.0,-80.0,-80.0,-80.0,-80.0,-80.0,-80.0,-80.0,-80.0,-80.0,-80.0,-80.0,-80.0,-80.0,-80.0,-80.0,-80.0,-80.0,-80.0,-80.0,-80.0,-80.0,-80.0,-80.0,-80.0,-80.0,-80.0,-80.0,-80.0,-80.0,-80.0,-80.0,-80.0,-80.0,-80.0
-64.69987,-64.184845,-71.41788,-73.507675,-75.79146,-79.09354,-80.0,-80.0,-80.0,-80.0,-80.0,-80.0,-80.0,-80.0,-80.0,-80.0,-80.0,-80.0,-80.0,-80.0,-80.0,-80.0,-80.0,-80.0,-80.0,-80.0,-80.0,-80.0,-80.0,-80.0,-80.0,-80.0,-80.0,-80.0,-80.0,-80.0,-80.0,-80.0,-80.0,-80.0,-80.0,-80.0,-80.0,-80.0,-80.0,-80.0,-80.0,-80.0,-80.0,-80.0,-80.0,-80.0,-80.0,-80.0,-80.0,-80.0,-80.0,-80.0,-80.0,-80.0,-80.0,-80.0,-80.0,-80.0,-80.0,-80.0,-80.0,-80.0,-80.0,-80.0,-80.0,-80.0,-80.0,-80.0,-80.0,-80.0,-80.0,-80.0,-80.0,-80.0,-80.0,-80.0,-80.0,-80.0,-80.0,-80.0,-80.0,-80.0,-80.0,-80.0,-79.155334,-79.00784,-79.44791,-80.0,-80.0,-80.0,-80.0,-80.0,-80.0,-80.0,-80.0,-80.0,-80.0,-80.0,-80.0,-80.0,-80.0,-80.0,-80.0,-80.0,-80.0,-80.0,-80.0,-80.0,-80.0,-80.0,-80.0,-80.0,-80.0,-80.0,-80.0,-80.0,-80.0,-80.0,-80.0,-80.0,-80.0,-80.0,-80.0,-80.0,-80.0,-80.0,-80.0,-80.0,-80.0,-80.0,-80.0,-80.0,-80.0,-80.0,-80.0,-80.0,-80.0,-80.0,-80.0,-80.0,-80.0,-80.0,-80.0,-80.0,-80.0,-80.0,-80.0,-80.0,-80.0,-80.0,-80.0,-80.0,-80.0,-80.0,-80.0,-80.0,-80.0,-80.0,-80.0,-80.0,-80.0,-80.0,-80.0,-80.0,-80.0,-80.0,-80.0,-80.0,-80.0,-80.0,-80.0,-80.0,-80.0,-80.0,-80.0,-80.0,-80.0,-80.0,-80.0,-80.0,-80.0,-80.0,-80.0,-80.0,-80.0,-80.0,-80.0,-80.0,-80.0,-80.0,-80.0,-80.0,-80.0,-80.0,-80.0,-80.0,-80.0,-80.0,-80.0,-80.0,-80.0,-80.0,-80.0,-80.0,-80.0,-80.0,-80.0,-80.0,-80.0,-80.0,-80.0,-80.0,-80.0,-80.0,-80.0,-80.0,-80.0,-80.0,-80.0,-80.0,-80.0,-80.0,-80.0,-80.0,-80.0,-80.0,-80.0,-80.0,-80.0,-80.0,-80.0,-80.0,-80.0,-80.0,-80.0,-80.0,-80.0,-80.0,-80.0,-80.0,-80.0,-80.0,-80.0,-80.0,-80.0,-80.0,-80.0,-80.0,-80.0,-80.0,-80.0,-80.0,-80.0,-80.0,-80.0,-80.0,-80.0,-80.0,-80.0,-80.0,-80.0,-80.0,-80.0,-80.0,-80.0,-80.0,-80.0,-80.0,-80.0,-80.0,-80.0,-80.0,-80.0,-80.0,-80.0,-80.0,-80.0,-80.0,-80.0,-80.0,-80.0,-80.0,-80.0,-80.0,-80.0,-80.0,-80.0,-80.0,-80.0,-80.0,-80.0,-80.0,-80.0,-80.0,-80.0,-80.0,-80.0,-80.0,-80.0,-80.0,-80.0,-80.0,-80.0,-80.0,-80.0,-80.0,-80.0,-80.0,-80.0,-80.0,-80.0,-80.0,-80.0,-80.0,-80.0,-80.0,-80.0,-80.0,-80.0,-80.0,-80.0,-80.0,-80.0,-80.0,-80.0,-80.0,-80.0,-80.0,-80.0,-80.0,-80.0,-80.0,-80.0,-80.0,-80.0,-80.0,-80.0,-80.0,-80.0,-80.0,-80.0,-80.0,-80.0,-80.0,-80.0,-80.0,-80.0,-80.0,-80.0,-80.0,-80.0,-80.0,-80.0,-80.0,-80.0,-80.0,-80.0,-80.0,-80.0,-80.0,-80.0,-80.0,-80.0,-80.0,-80.0,-80.0,-80.0,-80.0,-80.0,-80.0,-80.0,-80.0,-80.0,-80.0,-80.0,-80.0,-80.0,-80.0,-80.0,-80.0,-80.0,-80.0,-80.0,-80.0,-80.0,-80.0,-80.0,-80.0,-80.0,-80.0,-80.0,-80.0,-80.0,-80.0,-80.0,-80.0,-80.0,-80.0,-80.0,-80.0,-80.0,-80.0,-80.0,-80.0,-80.0,-80.0,-80.0
-63.50432,-61.886806,-68.11983,-73.29625,-76.42781,-80.0,-80.0,-80.0,-80.0,-80.0,-80.0,-80.0,-80.0,-80.0,-80.0,-80.0,-80.0,-80.0,-80.0,-80.0,-80.0,-80.0,-80.0,-80.0,-80.0,-80.0,-80.0,-80.0,-80.0,-80.0,-80.0,-80.0,-80.0,-80.0,-80.0,-80.0,-80.0,-80.0,-80.0,-80.0,-80.0,-80.0,-80.0,-80.0,-80.0,-80.0,-80.0,-80.0,-80.0,-80.0,-80.0,-80.0,-80.0,-80.0,-80.0,-80.0,-80.0,-80.0,-80.0,-80.0,-80.0,-80.0,-80.0,-80.0,-80.0,-80.0,-80.0,-80.0,-80.0,-80.0,-80.0,-80.0,-80.0,-80.0,-80.0,-80.0,-80.0,-80.0,-80.0,-80.0,-80.0,-80.0,-80.0,-80.0,-80.0,-80.0,-80.0,-80.0,-80.0,-80.0,-75.49507,-75.8463,-78.68822,-80.0,-80.0,-80.0,-80.0,-80.0,-80.0,-80.0,-80.0,-80.0,-80.0,-80.0,-80.0,-80.0,-80.0,-80.0,-80.0,-80.0,-80.0,-80.0,-80.0,-80.0,-80.0,-80.0,-80.0,-80.0,-80.0,-80.0,-80.0,-80.0,-80.0,-80.0,-80.0,-80.0,-80.0,-80.0,-80.0,-80.0,-80.0,-80.0,-80.0,-80.0,-80.0,-80.0,-80.0,-80.0,-80.0,-80.0,-80.0,-80.0,-80.0,-80.0,-80.0,-80.0,-80.0,-80.0,-80.0,-80.0,-80.0,-80.0,-80.0,-80.0,-80.0,-80.0,-80.0,-80.0,-80.0,-80.0,-80.0,-80.0,-80.0,-80.0,-80.0,-80.0,-80.0,-80.0,-80.0,-80.0,-80.0,-80.0,-80.0,-80.0,-80.0,-80.0,-80.0,-80.0,-80.0,-80.0,-80.0,-80.0,-80.0,-80.0,-80.0,-80.0,-80.0,-80.0,-80.0,-80.0,-80.0,-80.0,-80.0,-80.0,-80.0,-80.0,-80.0,-80.0,-80.0,-80.0,-80.0,-80.0,-80.0,-80.0,-80.0,-80.0,-80.0,-80.0,-80.0,-80.0,-80.0,-80.0,-80.0,-80.0,-80.0,-80.0,-80.0,-80.0,-80.0,-80.0,-80.0,-80.0,-80.0,-80.0,-80.0,-80.0,-80.0,-80.0,-80.0,-80.0,-80.0,-80.0,-80.0,-80.0,-80.0,-80.0,-80.0,-80.0,-80.0,-80.0,-80.0,-80.0,-80.0,-80.0,-80.0,-80.0,-80.0,-80.0,-80.0,-80.0,-80.0,-80.0,-80.0,-80.0,-80.0,-80.0,-80.0,-80.0,-80.0,-80.0,-80.0,-80.0,-80.0,-80.0,-80.0,-80.0,-80.0,-80.0,-80.0,-80.0,-80.0,-80.0,-80.0,-80.0,-80.0,-80.0,-80.0,-80.0,-80.0,-80.0,-80.0,-80.0,-80.0,-80.0,-80.0,-80.0,-80.0,-80.0,-80.0,-80.0,-80.0,-80.0,-80.0,-80.0,-80.0,-80.0,-80.0,-80.0,-80.0,-80.0,-80.0,-80.0,-80.0,-80.0,-80.0,-80.0,-80.0,-80.0,-80.0,-80.0,-80.0,-80.0,-80.0,-80.0,-80.0,-80.0,-80.0,-80.0,-80.0,-80.0,-80.0,-80.0,-80.0,-80.0,-80.0,-80.0,-80.0,-80.0,-80.0,-80.0,-80.0,-80.0,-80.0,-80.0,-80.0,-80.0,-80.0,-80.0,-80.0,-80.0,-80.0,-80.0,-80.0,-80.0,-80.0,-80.0,-80.0,-80.0,-80.0,-80.0,-80.0,-80.0,-80.0,-80.0,-80.0,-80.0,-80.0,-80.0,-80.0,-80.0,-80.0,-80.0,-80.0,-80.0,-80.0,-80.0,-80.0,-80.0,-80.0,-80.0,-80.0,-80.0,-80.0,-80.0,-80.0,-80.0,-80.0,-80.0,-80.0,-80.0,-80.0,-80.0,-80.0,-80.0,-80.0,-80.0,-80.0,-80.0,-80.0,-80.0,-80.0,-80.0,-80.0,-80.0,-80.0,-80.0,-80.0,-80.0,-80.0,-80.0,-80.0,-80.0,-80.0,-80.0,-80.0,-80.0,-80.0,-80.0,-80.0,-80.0,-80.0,-80.0,-80.0
-66.702385,-66.7746,-72.78021,-78.557144,-80.0,-80.0,-80.0,-80.0,-80.0,-80.0,-80.0,-80.0,-80.0,-80.0,-80.0,-80.0,-80.0,-80.0,-80.0,-80.0,-80.0,-80.0,-80.0,-80.0,-80.0,-80.0,-80.0,-80.0,-80.0,-80.0,-80.0,-80.0,-80.0,-80.0,-80.0,-80.0,-80.0,-80.0,-80.0,-80.0,-80.0,-80.0,-80.0,-80.0,-80.0,-80.0,-80.0,-80.0,-80.0,-80.0,-80.0,-80.0,-80.0,-80.0,-80.0,-80.0,-80.0,-80.0,-80.0,-80.0,-80.0,-80.0,-80.0,-80.0,-80.0,-80.0,-80.0,-80.0,-80.0,-80.0,-80.0,-80.0,-80.0,-80.0,-80.0,-80.0,-80.0,-80.0,-80.0,-80.0,-80.0,-80.0,-80.0,-80.0,-80.0,-80.0,-80.0,-80.0,-80.0,-80.0,-80.0,-80.0,-80.0,-80.0,-80.0,-80.0,-80.0,-80.0,-80.0,-80.0,-80.0,-80.0,-80.0,-80.0,-80.0,-80.0,-80.0,-80.0,-80.0,-80.0,-80.0,-80.0,-80.0,-80.0,-80.0,-80.0,-80.0,-80.0,-80.0,-80.0,-80.0,-80.0,-80.0,-80.0,-80.0,-80.0,-80.0,-80.0,-80.0,-80.0,-80.0,-80.0,-80.0,-80.0,-80.0,-80.0,-80.0,-80.0,-80.0,-80.0,-80.0,-80.0,-80.0,-80.0,-80.0,-80.0,-80.0,-80.0,-80.0,-80.0,-80.0,-80.0,-80.0,-80.0,-80.0,-80.0,-80.0,-80.0,-80.0,-80.0,-80.0,-80.0,-80.0,-80.0,-80.0,-80.0,-80.0,-80.0,-80.0,-80.0,-80.0,-80.0,-80.0,-80.0,-80.0,-80.0,-80.0,-80.0,-80.0,-80.0,-80.0,-80.0,-80.0,-80.0,-80.0,-80.0,-80.0,-80.0,-80.0,-80.0,-80.0,-80.0,-80.0,-80.0,-80.0,-80.0,-80.0,-80.0,-80.0,-80.0,-80.0,-80.0,-80.0,-80.0,-80.0,-80.0,-80.0,-80.0,-80.0,-80.0,-80.0,-80.0,-80.0,-80.0,-80.0,-80.0,-80.0,-80.0,-80.0,-80.0,-80.0,-80.0,-80.0,-80.0,-80.0,-80.0,-80.0,-80.0,-80.0,-80.0,-80.0,-80.0,-80.0,-80.0,-80.0,-80.0,-80.0,-80.0,-80.0,-80.0,-80.0,-80.0,-80.0,-80.0,-80.0,-80.0,-80.0,-80.0,-80.0,-80.0,-80.0,-80.0,-80.0,-80.0,-80.0,-80.0,-80.0,-80.0,-80.0,-80.0,-80.0,-80.0,-80.0,-80.0,-80.0,-80.0,-80.0,-80.0,-80.0,-80.0,-80.0,-80.0,-80.0,-80.0,-80.0,-80.0,-80.0,-80.0,-80.0,-80.0,-80.0,-80.0,-80.0,-80.0,-80.0,-80.0,-80.0,-80.0,-80.0,-80.0,-80.0,-80.0,-80.0,-80.0,-80.0,-80.0,-80.0,-80.0,-80.0,-80.0,-80.0,-80.0,-80.0,-80.0,-80.0,-80.0,-80.0,-80.0,-80.0,-80.0,-80.0,-80.0,-80.0,-80.0,-80.0,-80.0,-80.0,-80.0,-80.0,-80.0,-80.0,-80.0,-80.0,-80.0,-80.0,-80.0,-80.0,-80.0,-80.0,-80.0,-80.0,-80.0,-80.0,-80.0,-80.0,-80.0,-80.0,-80.0,-80.0,-80.0,-80.0,-80.0,-80.0,-80.0,-80.0,-80.0,-80.0,-80.0,-80.0,-80.0,-80.0,-80.0,-80.0,-80.0,-80.0,-80.0,-80.0,-80.0,-80.0,-80.0,-80.0,-80.0,-80.0,-80.0,-80.0,-80.0,-80.0,-80.0,-80.0,-80.0,-80.0,-80.0,-80.0,-80.0,-80.0,-80.0,-80.0,-80.0,-80.0,-80.0,-80.0,-80.0,-80.0,-80.0,-80.0,-80.0,-80.0,-80.0,-80.0,-80.0,-80.0,-80.0,-80.0,-80.0,-80.0,-80.0,-80.0,-80.0,-80.0,-80.0,-80.0,-80.0,-80.0,-80.0,-80.0,-80.0,-80.0,-80.0,-80.0,-80.0,-80.0,-80.0,-80.0
-67.329346,-65.99684,-70.310524,-77.620605,-80.0,-80.0,-80.0,-80.0,-80.0,-80.0,-80.0,-80.0,-80.0,-80.0,-80.0,-80.0,-80.0,-80.0,-80.0,-80.0,-80.0,-80.0,-80.0,-80.0,-80.0,-80.0,-80.0,-80.0,-80.0,-80.0,-80.0,-80.0,-80.0,-80.0,-80.0,-80.0,-80.0,-80.0,-80.0,-80.0,-80.0,-80.0,-80.0,-80.0,-80.0,-80.0,-80.0,-80.0,-80.0,-80.0,-80.0,-80.0,-80.0,-80.0,-80.0,-80.0,-80.0,-80.0,-80.0,-80.0,-80.0,-80.0,-80.0,-80.0,-80.0,-80.0,-80.0,-80.0,-80.0,-80.0,-80.0,-80.0,-80.0,-80.0,-80.0,-80.0,-80.0,-80.0,-80.0,-80.0,-80.0,-80.0,-80.0,-80.0,-80.0,-80.0,-80.0,-80.0,-80.0,-80.0,-80.0,-80.0,-80.0,-80.0,-80.0,-80.0,-80.0,-80.0,-80.0,-80.0,-80.0,-80.0,-80.0,-80.0,-80.0,-80.0,-80.0,-80.0,-80.0,-80.0,-80.0,-80.0,-80.0,-80.0,-80.0,-80.0,-80.0,-80.0,-80.0,-80.0,-80.0,-80.0,-80.0,-80.0,-80.0,-80.0,-80.0,-80.0,-80.0,-80.0,-80.0,-80.0,-80.0,-80.0,-80.0,-80.0,-80.0,-80.0,-80.0,-80.0,-80.0,-80.0,-80.0,-80.0,-80.0,-80.0,-80.0,-80.0,-80.0,-80.0,-80.0,-80.0,-80.0,-80.0,-80.0,-80.0,-80.0,-80.0,-80.0,-80.0,-80.0,-80.0,-80.0,-80.0,-80.0,-80.0,-80.0,-80.0,-80.0,-80.0,-80.0,-80.0,-80.0,-80.0,-80.0,-80.0,-80.0,-80.0,-80.0,-80.0,-80.0,-80.0,-80.0,-80.0,-80.0,-80.0,-80.0,-80.0,-80.0,-80.0,-80.0,-80.0,-80.0,-80.0,-80.0,-80.0,-80.0,-80.0,-80.0,-80.0,-80.0,-80.0,-80.0,-80.0,-80.0,-80.0,-80.0,-80.0,-80.0,-80.0,-80.0,-80.0,-80.0,-80.0,-80.0,-80.0,-80.0,-80.0,-80.0,-80.0,-80.0,-80.0,-80.0,-80.0,-80.0,-80.0,-80.0,-80.0,-80.0,-80.0,-80.0,-80.0,-80.0,-80.0,-80.0,-80.0,-80.0,-80.0,-80.0,-80.0,-80.0,-80.0,-80.0,-80.0,-80.0,-80.0,-80.0,-80.0,-80.0,-80.0,-80.0,-80.0,-80.0,-80.0,-80.0,-80.0,-80.0,-80.0,-80.0,-80.0,-80.0,-80.0,-80.0,-80.0,-80.0,-80.0,-80.0,-80.0,-80.0,-80.0,-80.0,-80.0,-80.0,-80.0,-80.0,-80.0,-80.0,-80.0,-80.0,-80.0,-80.0,-80.0,-80.0,-80.0,-80.0,-80.0,-80.0,-80.0,-80.0,-80.0,-80.0,-80.0,-80.0,-80.0,-80.0,-80.0,-80.0,-80.0,-80.0,-80.0,-80.0,-80.0,-80.0,-80.0,-80.0,-80.0,-80.0,-80.0,-80.0,-80.0,-80.0,-80.0,-80.0,-80.0,-80.0,-80.0,-80.0,-80.0,-80.0,-80.0,-80.0,-80.0,-80.0,-80.0,-80.0,-80.0,-80.0,-80.0,-80.0,-80.0,-80.0,-80.0,-80.0,-80.0,-80.0,-80.0,-80.0,-80.0,-80.0,-80.0,-80.0,-80.0,-80.0,-80.0,-80.0,-80.0,-80.0,-80.0,-80.0,-80.0,-80.0,-80.0,-80.0,-80.0,-80.0,-80.0,-80.0,-80.0,-80.0,-80.0,-80.0,-80.0,-80.0,-80.0,-80.0,-80.0,-80.0,-80.0,-80.0,-80.0,-80.0,-80.0,-80.0,-80.0,-80.0,-80.0,-80.0,-80.0,-80.0,-80.0,-80.0,-80.0,-80.0,-80.0,-80.0,-80.0,-80.0,-80.0,-80.0,-80.0,-80.0,-80.0,-80.0,-80.0,-80.0,-80.0,-80.0,-80.0,-80.0,-80.0,-80.0,-80.0,-80.0,-80.0,-80.0,-80.0,-80.0,-80.0,-80.0,-80.0,-80.0,-80.0,-80.0
-67.14151,-65.24609,-69.79016,-77.60239,-80.0,-80.0,-80.0,-80.0,-80.0,-80.0,-80.0,-80.0,-80.0,-80.0,-80.0,-80.0,-80.0,-80.0,-80.0,-80.0,-80.0,-80.0,-80.0,-80.0,-80.0,-80.0,-80.0,-80.0,-80.0,-80.0,-80.0,-80.0,-80.0,-80.0,-80.0,-80.0,-80.0,-80.0,-80.0,-80.0,-80.0,-80.0,-80.0,-80.0,-80.0,-80.0,-80.0,-80.0,-80.0,-80.0,-80.0,-80.0,-80.0,-80.0,-80.0,-80.0,-80.0,-80.0,-80.0,-80.0,-80.0,-80.0,-80.0,-80.0,-80.0,-80.0,-80.0,-80.0,-80.0,-80.0,-80.0,-80.0,-80.0,-80.0,-80.0,-80.0,-80.0,-80.0,-80.0,-80.0,-80.0,-80.0,-80.0,-80.0,-80.0,-80.0,-80.0,-80.0,-80.0,-80.0,-80.0,-80.0,-80.0,-80.0,-80.0,-80.0,-80.0,-80.0,-80.0,-80.0,-80.0,-80.0,-80.0,-80.0,-80.0,-80.0,-80.0,-80.0,-80.0,-80.0,-80.0,-80.0,-80.0,-80.0,-80.0,-80.0,-80.0,-80.0,-80.0,-80.0,-80.0,-80.0,-80.0,-80.0,-80.0,-80.0,-80.0,-80.0,-80.0,-80.0,-80.0,-80.0,-80.0,-80.0,-80.0,-80.0,-80.0,-80.0,-80.0,-80.0,-80.0,-80.0,-80.0,-80.0,-80.0,-80.0,-80.0,-80.0,-80.0,-80.0,-80.0,-80.0,-80.0,-80.0,-80.0,-80.0,-80.0,-80.0,-80.0,-80.0,-80.0,-80.0,-80.0,-80.0,-80.0,-80.0,-80.0,-80.0,-80.0,-80.0,-80.0,-80.0,-80.0,-80.0,-80.0,-80.0,-80.0,-80.0,-80.0,-80.0,-80.0,-80.0,-80.0,-80.0,-80.0,-80.0,-80.0,-80.0,-80.0,-80.0,-80.0,-80.0,-80.0,-80.0,-80.0,-80.0,-80.0,-80.0,-80.0,-80.0,-80.0,-80.0,-80.0,-80.0,-80.0,-80.0,-80.0,-80.0,-80.0,-80.0,-80.0,-80.0,-80.0,-80.0,-80.0,-80.0,-80.0,-80.0,-80.0,-80.0,-80.0,-80.0,-80.0,-80.0,-80.0,-80.0,-80.0,-80.0,-80.0,-80.0,-80.0,-80.0,-80.0,-80.0,-80.0,-80.0,-80.0,-80.0,-80.0,-80.0,-80.0,-80.0,-80.0,-80.0,-80.0,-80.0,-80.0,-80.0,-80.0,-80.0,-80.0,-80.0,-80.0,-80.0,-80.0,-80.0,-80.0,-80.0,-80.0,-80.0,-80.0,-80.0,-80.0,-80.0,-80.0,-80.0,-80.0,-80.0,-80.0,-80.0,-80.0,-80.0,-80.0,-80.0,-80.0,-80.0,-80.0,-80.0,-80.0,-80.0,-80.0,-80.0,-80.0,-80.0,-80.0,-80.0,-80.0,-80.0,-80.0,-80.0,-80.0,-80.0,-80.0,-80.0,-80.0,-80.0,-80.0,-80.0,-80.0,-80.0,-80.0,-80.0,-80.0,-80.0,-80.0,-80.0,-80.0,-80.0,-80.0,-80.0,-80.0,-80.0,-80.0,-80.0,-80.0,-80.0,-80.0,-80.0,-80.0,-80.0,-80.0,-80.0,-80.0,-80.0,-80.0,-80.0,-80.0,-80.0,-80.0,-80.0,-80.0,-80.0,-80.0,-80.0,-80.0,-80.0,-80.0,-80.0,-80.0,-80.0,-80.0,-80.0,-80.0,-80.0,-80.0,-80.0,-80.0,-80.0,-80.0,-80.0,-80.0,-80.0,-80.0,-80.0,-80.0,-80.0,-80.0,-80.0,-80.0,-80.0,-80.0,-80.0,-80.0,-80.0,-80.0,-80.0,-80.0,-80.0,-80.0,-80.0,-80.0,-80.0,-80.0,-80.0,-80.0,-80.0,-80.0,-80.0,-80.0,-80.0,-80.0,-80.0,-80.0,-80.0,-80.0,-80.0,-80.0,-80.0,-80.0,-80.0,-80.0,-80.0,-80.0,-80.0,-80.0,-80.0,-80.0,-80.0,-80.0,-80.0,-80.0,-80.0,-80.0,-80.0,-80.0,-80.0,-80.0,-80.0,-80.0,-80.0,-80.0,-80.0,-80.0
-66.498276,-66.1147,-74.04744,-80.0,-80.0,-80.0,-80.0,-80.0,-80.0,-80.0,-80.0,-80.0,-80.0,-80.0,-80.0,-80.0,-80.0,-80.0,-80.0,-80.0,-80.0,-80.0,-80.0,-80.0,-80.0,-80.0,-80.0,-80.0,-80.0,-80.0,-80.0,-80.0,-80.0,-80.0,-80.0,-80.0,-80.0,-80.0,-80.0,-80.0,-80.0,-80.0,-80.0,-80.0,-80.0,-80.0,-80.0,-80.0,-80.0,-80.0,-80.0,-80.0,-80.0,-80.0,-80.0,-80.0,-80.0,-80.0,-80.0,-80.0,-80.0,-80.0,-80.0,-80.0,-80.0,-80.0,-80.0,-80.0,-80.0,-80.0,-80.0,-80.0,-80.0,-80.0,-80.0,-80.0,-80.0,-80.0,-80.0,-80.0,-80.0,-80.0,-80.0,-80.0,-80.0,-80.0,-80.0,-80.0,-80.0,-80.0,-77.13192,-80.0,-80.0,-80.0,-80.0,-80.0,-80.0,-80.0,-80.0,-80.0,-80.0,-80.0,-80.0,-80.0,-80.0,-80.0,-80.0,-80.0,-80.0,-80.0,-80.0,-80.0,-80.0,-80.0,-80.0,-80.0,-80.0,-80.0,-80.0,-80.0,-80.0,-80.0,-80.0,-80.0,-80.0,-80.0,-80.0,-80.0,-80.0,-80.0,-80.0,-80.0,-80.0,-80.0,-80.0,-80.0,-80.0,-80.0,-80.0,-80.0,-80.0,-80.0,-80.0,-80.0,-80.0,-80.0,-80.0,-80.0,-80.0,-80.0,-80.0,-80.0,-80.0,-80.0,-80.0,-80.0,-80.0,-80.0,-80.0,-80.0,-80.0,-80.0,-80.0,-80.0,-80.0,-80.0,-80.0,-80.0,-80.0,-80.0,-80.0,-80.0,-80.0,-80.0,-80.0,-80.0,-80.0,-80.0,-80.0,-80.0,-80.0,-80.0,-80.0,-80.0,-80.0,-80.0,-80.0,-80.0,-80.0,-80.0,-80.0,-80.0,-80.0,-80.0,-80.0,-80.0,-80.0,-80.0,-80.0,-80.0,-80.0,-80.0,-80.0,-80.0,-80.0,-80.0,-80.0,-80.0,-80.0,-80.0,-80.0,-80.0,-80.0,-80.0,-80.0,-80.0,-80.0,-80.0,-80.0,-80.0,-80.0,-80.0,-80.0,-80.0,-80.0,-80.0,-80.0,-80.0,-80.0,-80.0,-80.0,-80.0,-80.0,-80.0,-80.0,-80.0,-80.0,-80.0,-80.0,-80.0,-80.0,-80.0,-80.0,-80.0,-80.0,-80.0,-80.0,-80.0,-80.0,-80.0,-80.0,-80.0,-80.0,-80.0,-80.0,-80.0,-80.0,-80.0,-80.0,-80.0,-80.0,-80.0,-80.0,-80.0,-80.0,-80.0,-80.0,-80.0,-80.0,-80.0,-80.0,-80.0,-80.0,-80.0,-80.0,-80.0,-80.0,-80.0,-80.0,-80.0,-80.0,-80.0,-80.0,-80.0,-80.0,-80.0,-80.0,-80.0,-80.0,-80.0,-80.0,-80.0,-80.0,-80.0,-80.0,-80.0,-80.0,-80.0,-80.0,-80.0,-80.0,-80.0,-80.0,-80.0,-80.0,-80.0,-80.0,-80.0,-80.0,-80.0,-80.0,-80.0,-80.0,-80.0,-80.0,-80.0,-80.0,-80.0,-80.0,-80.0,-80.0,-80.0,-80.0,-80.0,-80.0,-80.0,-80.0,-80.0,-80.0,-80.0,-80.0,-80.0,-80.0,-80.0,-80.0,-80.0,-80.0,-80.0,-80.0,-80.0,-80.0,-80.0,-80.0,-80.0,-80.0,-80.0,-80.0,-80.0,-80.0,-80.0,-80.0,-80.0,-80.0,-80.0,-80.0,-80.0,-80.0,-80.0,-80.0,-80.0,-80.0,-80.0,-80.0,-80.0,-80.0,-80.0,-80.0,-80.0,-80.0,-80.0,-80.0,-80.0,-80.0,-80.0,-80.0,-80.0,-80.0,-80.0,-80.0,-80.0,-80.0,-80.0,-80.0,-80.0,-80.0,-80.0,-80.0,-80.0,-80.0,-80.0,-80.0,-80.0,-80.0,-80.0,-80.0,-80.0,-80.0,-80.0,-80.0,-80.0,-80.0,-80.0,-80.0,-80.0,-80.0,-80.0,-80.0,-80.0,-80.0,-80.0,-80.0,-80.0,-80.0
-69.95981,-67.37952,-72.029144,-77.445755,-78.4001,-80.0,-80.0,-80.0,-80.0,-80.0,-80.0,-80.0,-80.0,-80.0,-80.0,-80.0,-80.0,-80.0,-80.0,-80.0,-80.0,-80.0,-80.0,-80.0,-80.0,-80.0,-80.0,-80.0,-80.0,-80.0,-80.0,-80.0,-80.0,-80.0,-80.0,-80.0,-80.0,-80.0,-80.0,-80.0,-80.0,-80.0,-80.0,-80.0,-80.0,-80.0,-80.0,-80.0,-80.0,-80.0,-80.0,-80.0,-80.0,-80.0,-80.0,-80.0,-80.0,-80.0,-80.0,-80.0,-80.0,-80.0,-80.0,-80.0,-80.0,-80.0,-80.0,-80.0,-80.0,-80.0,-80.0,-80.0,-80.0,-80.0,-80.0,-80.0,-80.0,-80.0,-80.0,-80.0,-80.0,-80.0,-80.0,-80.0,-80.0,-80.0,-80.0,-80.0,-80.0,-80.0,-77.98378,-80.0,-80.0,-80.0,-80.0,-80.0,-80.0,-80.0,-80.0,-80.0,-80.0,-80.0,-80.0,-80.0,-80.0,-80.0,-80.0,-80.0,-80.0,-80.0,-80.0,-80.0,-80.0,-80.0,-80.0,-80.0,-80.0,-80.0,-80.0,-80.0,-80.0,-80.0,-80.0,-80.0,-80.0,-80.0,-80.0,-80.0,-80.0,-80.0,-80.0,-80.0,-80.0,-80.0,-80.0,-80.0,-80.0,-80.0,-80.0,-80.0,-80.0,-80.0,-80.0,-80.0,-80.0,-80.0,-80.0,-80.0,-80.0,-80.0,-80.0,-80.0,-80.0,-80.0,-80.0,-80.0,-80.0,-80.0,-80.0,-80.0,-80.0,-80.0,-80.0,-80.0,-80.0,-80.0,-80.0,-80.0,-80.0,-80.0,-80.0,-80.0,-80.0,-80.0,-80.0,-80.0,-80.0,-80.0,-80.0,-80.0,-80.0,-80.0,-80.0,-80.0,-80.0,-80.0,-80.0,-80.0,-80.0,-80.0,-80.0,-80.0,-80.0,-80.0,-80.0,-80.0,-80.0,-80.0,-80.0,-80.0,-80.0,-80.0,-80.0,-80.0,-80.0,-80.0,-80.0,-80.0,-80.0,-80.0,-80.0,-80.0,-80.0,-80.0,-80.0,-80.0,-80.0,-80.0,-80.0,-80.0,-80.0,-80.0,-80.0,-80.0,-80.0,-80.0,-80.0,-80.0,-80.0,-80.0,-80.0,-80.0,-80.0,-80.0,-80.0,-80.0,-80.0,-80.0,-80.0,-80.0,-80.0,-80.0,-80.0,-80.0,-80.0,-80.0,-80.0,-80.0,-80.0,-80.0,-80.0,-80.0,-80.0,-80.0,-80.0,-80.0,-80.0,-80.0,-80.0,-80.0,-80.0,-80.0,-80.0,-80.0,-80.0,-80.0,-80.0,-80.0,-80.0,-80.0,-80.0,-80.0,-80.0,-80.0,-80.0,-80.0,-80.0,-80.0,-80.0,-80.0,-80.0,-80.0,-80.0,-80.0,-80.0,-80.0,-80.0,-80.0,-80.0,-80.0,-80.0,-80.0,-80.0,-80.0,-80.0,-80.0,-80.0,-80.0,-80.0,-80.0,-80.0,-80.0,-80.0,-80.0,-80.0,-80.0,-80.0,-80.0,-80.0,-80.0,-80.0,-80.0,-80.0,-80.0,-80.0,-80.0,-80.0,-80.0,-80.0,-80.0,-80.0,-80.0,-80.0,-80.0,-80.0,-80.0,-80.0,-80.0,-80.0,-80.0,-80.0,-80.0,-80.0,-80.0,-80.0,-80.0,-80.0,-80.0,-80.0,-80.0,-80.0,-80.0,-80.0,-80.0,-80.0,-80.0,-80.0,-80.0,-80.0,-80.0,-80.0,-80.0,-80.0,-80.0,-80.0,-80.0,-80.0,-80.0,-80.0,-80.0,-80.0,-80.0,-80.0,-80.0,-80.0,-80.0,-80.0,-80.0,-80.0,-80.0,-80.0,-80.0,-80.0,-80.0,-80.0,-80.0,-80.0,-80.0,-80.0,-80.0,-80.0,-80.0,-80.0,-80.0,-80.0,-80.0,-80.0,-80.0,-80.0,-80.0,-80.0,-80.0,-80.0,-80.0,-80.0,-80.0,-80.0,-80.0,-80.0,-80.0,-80.0,-80.0,-80.0,-80.0,-80.0,-80.0,-80.0,-80.0,-80.0,-80.0,-80.0,-80.0,-80.0
-66.90029,-67.39296,-70.583954,-74.54241,-80.0,-80.0,-80.0,-80.0,-80.0,-80.0,-80.0,-80.0,-80.0,-80.0,-80.0,-80.0,-80.0,-80.0,-80.0,-80.0,-80.0,-80.0,-80.0,-80.0,-80.0,-80.0,-80.0,-80.0,-80.0,-80.0,-80.0,-80.0,-80.0,-80.0,-80.0,-80.0,-80.0,-80.0,-80.0,-80.0,-80.0,-80.0,-80.0,-80.0,-80.0,-80.0,-80.0,-80.0,-80.0,-80.0,-80.0,-80.0,-80.0,-80.0,-80.0,-80.0,-80.0,-80.0,-80.0,-80.0,-80.0,-80.0,-80.0,-80.0,-80.0,-80.0,-80.0,-80.0,-80.0,-80.0,-80.0,-80.0,-80.0,-80.0,-80.0,-80.0,-80.0,-80.0,-80.0,-80.0,-80.0,-80.0,-80.0,-80.0,-80.0,-80.0,-80.0,-80.0,-80.0,-80.0,-80.0,-80.0,-80.0,-80.0,-80.0,-80.0,-80.0,-80.0,-80.0,-80.0,-80.0,-80.0,-80.0,-80.0,-80.0,-80.0,-80.0,-80.0,-80.0,-80.0,-80.0,-80.0,-80.0,-80.0,-80.0,-80.0,-80.0,-80.0,-80.0,-80.0,-80.0,-80.0,-80.0,-80.0,-80.0,-80.0,-80.0,-80.0,-80.0,-80.0,-80.0,-80.0,-80.0,-80.0,-80.0,-80.0,-80.0,-80.0,-80.0,-80.0,-80.0,-80.0,-80.0,-80.0,-80.0,-80.0,-80.0,-80.0,-80.0,-80.0,-80.0,-80.0,-80.0,-80.0,-80.0,-80.0,-80.0,-80.0,-80.0,-80.0,-80.0,-80.0,-80.0,-80.0,-80.0,-80.0,-80.0,-80.0,-80.0,-80.0,-80.0,-80.0,-80.0,-80.0,-80.0,-80.0,-80.0,-80.0,-80.0,-80.0,-80.0,-80.0,-80.0,-80.0,-80.0,-80.0,-80.0,-80.0,-80.0,-80.0,-80.0,-80.0,-80.0,-80.0,-80.0,-80.0,-80.0,-80.0,-80.0,-80.0,-80.0,-80.0,-80.0,-80.0,-80.0,-80.0,-80.0,-80.0,-80.0,-80.0,-80.0,-80.0,-80.0,-80.0,-80.0,-80.0,-80.0,-80.0,-80.0,-80.0,-80.0,-80.0,-80.0,-80.0,-80.0,-80.0,-80.0,-80.0,-80.0,-80.0,-80.0,-80.0,-80.0,-80.0,-80.0,-80.0,-80.0,-80.0,-80.0,-80.0,-80.0,-80.0,-80.0,-80.0,-80.0,-80.0,-80.0,-80.0,-80.0,-80.0,-80.0,-80.0,-80.0,-80.0,-80.0,-80.0,-80.0,-80.0,-80.0,-80.0,-80.0,-80.0,-80.0,-80.0,-80.0,-80.0,-80.0,-80.0,-80.0,-80.0,-80.0,-80.0,-80.0,-80.0,-80.0,-80.0,-80.0,-80.0,-80.0,-80.0,-80.0,-80.0,-80.0,-80.0,-80.0,-80.0,-80.0,-80.0,-80.0,-80.0,-80.0,-80.0,-80.0,-80.0,-80.0,-80.0,-80.0,-80.0,-80.0,-80.0,-80.0,-80.0,-80.0,-80.0,-80.0,-80.0,-80.0,-80.0,-80.0,-80.0,-80.0,-80.0,-80.0,-80.0,-80.0,-80.0,-80.0,-80.0,-80.0,-80.0,-80.0,-80.0,-80.0,-80.0,-80.0,-80.0,-80.0,-80.0,-80.0,-80.0,-80.0,-80.0,-80.0,-80.0,-80.0,-80.0,-80.0,-80.0,-80.0,-80.0,-80.0,-80.0,-80.0,-80.0,-80.0,-80.0,-80.0,-80.0,-80.0,-80.0,-80.0,-80.0,-80.0,-80.0,-80.0,-80.0,-80.0,-80.0,-80.0,-80.0,-80.0,-80.0,-80.0,-80.0,-80.0,-80.0,-80.0,-80.0,-80.0,-80.0,-80.0,-80.0,-80.0,-80.0,-80.0,-80.0,-80.0,-80.0,-80.0,-80.0,-80.0,-80.0,-80.0,-80.0,-80.0,-80.0,-80.0,-80.0,-80.0,-80.0,-80.0,-80.0,-80.0,-80.0,-80.0,-80.0,-80.0,-80.0,-80.0,-80.0,-80.0,-80.0,-80.0,-80.0,-80.0,-80.0,-80.0,-80.0,-80.0,-80.0,-80.0,-80.0,-80.0
-63.908905,-64.22719,-67.862946,-71.703384,-78.86006,-80.0,-80.0,-80.0,-80.0,-80.0,-80.0,-80.0,-80.0,-80.0,-80.0,-80.0,-80.0,-80.0,-80.0,-80.0,-80.0,-80.0,-80.0,-80.0,-80.0,-80.0,-80.0,-80.0,-80.0,-80.0,-80.0,-80.0,-80.0,-80.0,-80.0,-80.0,-80.0,-80.0,-80.0,-80.0,-80.0,-80.0,-80.0,-80.0,-80.0,-80.0,-80.0,-80.0,-80.0,-80.0,-80.0,-80.0,-80.0,-80.0,-80.0,-80.0,-80.0,-80.0,-80.0,-80.0,-80.0,-80.0,-80.0,-80.0,-80.0,-80.0,-80.0,-80.0,-80.0,-80.0,-80.0,-80.0,-80.0,-80.0,-80.0,-80.0,-80.0,-80.0,-80.0,-80.0,-80.0,-80.0,-80.0,-80.0,-80.0,-80.0,-80.0,-80.0,-80.0,-80.0,-80.0,-80.0,-80.0,-80.0,-80.0,-80.0,-80.0,-80.0,-80.0,-80.0,-80.0,-80.0,-80.0,-80.0,-80.0,-80.0,-80.0,-80.0,-80.0,-80.0,-80.0,-80.0,-80.0,-80.0,-80.0,-80.0,-80.0,-80.0,-80.0,-80.0,-80.0,-80.0,-80.0,-80.0,-80.0,-80.0,-80.0,-80.0,-80.0,-80.0,-80.0,-80.0,-80.0,-80.0,-80.0,-80.0,-80.0,-80.0,-80.0,-80.0,-80.0,-80.0,-80.0,-80.0,-80.0,-80.0,-80.0,-80.0,-80.0,-80.0,-80.0,-80.0,-80.0,-80.0,-80.0,-80.0,-80.0,-80.0,-80.0,-80.0,-80.0,-80.0,-80.0,-80.0,-80.0,-80.0,-80.0,-80.0,-80.0,-80.0,-80.0,-80.0,-80.0,-80.0,-80.0,-80.0,-80.0,-80.0,-80.0,-80.0,-80.0,-80.0,-80.0,-80.0,-80.0,-80.0,-80.0,-80.0,-80.0,-80.0,-80.0,-80.0,-80.0,-80.0,-80.0,-80.0,-80.0,-80.0,-80.0,-80.0,-80.0,-80.0,-80.0,-80.0,-80.0,-80.0,-80.0,-80.0,-80.0,-80.0,-80.0,-80.0,-80.0,-80.0,-80.0,-80.0,-80.0,-80.0,-80.0,-80.0,-80.0,-80.0,-80.0,-80.0,-80.0,-80.0,-80.0,-80.0,-80.0,-80.0,-80.0,-80.0,-80.0,-80.0,-80.0,-80.0,-80.0,-80.0,-80.0,-80.0,-80.0,-80.0,-80.0,-80.0,-80.0,-80.0,-80.0,-80.0,-80.0,-80.0,-80.0,-80.0,-80.0,-80.0,-80.0,-80.0,-80.0,-80.0,-80.0,-80.0,-80.0,-80.0,-80.0,-80.0,-80.0,-80.0,-80.0,-80.0,-80.0,-80.0,-80.0,-80.0,-80.0,-80.0,-80.0,-80.0,-80.0,-80.0,-80.0,-80.0,-80.0,-80.0,-80.0,-80.0,-80.0,-80.0,-80.0,-80.0,-80.0,-80.0,-80.0,-80.0,-80.0,-80.0,-80.0,-80.0,-80.0,-80.0,-80.0,-80.0,-80.0,-80.0,-80.0,-80.0,-80.0,-80.0,-80.0,-80.0,-80.0,-80.0,-80.0,-80.0,-80.0,-80.0,-80.0,-80.0,-80.0,-80.0,-80.0,-80.0,-80.0,-80.0,-80.0,-80.0,-80.0,-80.0,-80.0,-80.0,-80.0,-80.0,-80.0,-80.0,-80.0,-80.0,-80.0,-80.0,-80.0,-80.0,-80.0,-80.0,-80.0,-80.0,-80.0,-80.0,-80.0,-80.0,-80.0,-80.0,-80.0,-80.0,-80.0,-80.0,-80.0,-80.0,-80.0,-80.0,-80.0,-80.0,-80.0,-80.0,-80.0,-80.0,-80.0,-80.0,-80.0,-80.0,-80.0,-80.0,-80.0,-80.0,-80.0,-80.0,-80.0,-80.0,-80.0,-80.0,-80.0,-80.0,-80.0,-80.0,-80.0,-80.0,-80.0,-80.0,-80.0,-80.0,-80.0,-80.0,-80.0,-80.0,-80.0,-80.0,-80.0,-80.0,-80.0,-80.0,-80.0,-80.0,-80.0,-80.0,-80.0,-80.0,-80.0,-80.0,-80.0,-80.0,-80.0,-80.0,-80.0,-80.0,-80.0,-80.0,-80.0
-64.4518,-63.559895,-68.03124,-74.65169,-77.41576,-80.0,-80.0,-80.0,-80.0,-80.0,-80.0,-80.0,-80.0,-80.0,-80.0,-80.0,-80.0,-80.0,-80.0,-80.0,-80.0,-80.0,-80.0,-80.0,-80.0,-80.0,-80.0,-80.0,-80.0,-80.0,-80.0,-80.0,-80.0,-80.0,-80.0,-80.0,-80.0,-80.0,-80.0,-80.0,-80.0,-80.0,-80.0,-80.0,-80.0,-80.0,-80.0,-80.0,-80.0,-80.0,-80.0,-80.0,-80.0,-80.0,-80.0,-80.0,-80.0,-80.0,-80.0,-80.0,-80.0,-80.0,-80.0,-80.0,-80.0,-80.0,-80.0,-80.0,-80.0,-80.0,-80.0,-80.0,-80.0,-80.0,-80.0,-80.0,-80.0,-80.0,-80.0,-80.0,-80.0,-80.0,-80.0,-80.0,-80.0,-80.0,-80.0,-80.0,-80.0,-80.0,-80.0,-80.0,-80.0,-80.0,-80.0,-80.0,-80.0,-80.0,-80.0,-80.0,-80.0,-80.0,-80.0,-80.0,-80.0,-80.0,-80.0,-80.0,-80.0,-80.0,-80.0,-80.0,-80.0,-80.0,-80.0,-80.0,-80.0,-80.0,-80.0,-80.0,-80.0,-80.0,-80.0,-80.0,-80.0,-80.0,-80.0,-80.0,-80.0,-80.0,-80.0,-80.0,-80.0,-80.0,-80.0,-80.0,-80.0,-80.0,-80.0,-80.0,-80.0,-80.0,-80.0,-80.0,-80.0,-80.0,-80.0,-80.0,-80.0,-80.0,-80.0,-80.0,-80.0,-80.0,-80.0,-80.0,-80.0,-80.0,-80.0,-80.0,-80.0,-80.0,-80.0,-80.0,-80.0,-80.0,-80.0,-80.0,-80.0,-80.0,-80.0,-80.0,-80.0,-80.0,-80.0,-80.0,-80.0,-80.0,-80.0,-80.0,-80.0,-80.0,-80.0,-80.0,-80.0,-80.0,-80.0,-80.0,-80.0,-80.0,-80.0,-80.0,-80.0,-80.0,-80.0,-80.0,-80.0,-80.0,-80.0,-80.0,-80.0,-80.0,-80.0,-80.0,-80.0,-80.0,-80.0,-80.0,-80.0,-80.0,-80.0,-80.0,-80.0,-80.0,-80.0,-80.0,-80.0,-80.0,-80.0,-80.0,-80.0,-80.0,-80.0,-80.0,-80.0,-80.0,-80.0,-80.0,-80.0,-80.0,-80.0,-80.0,-80.0,-80.0,-80.0,-80.0,-80.0,-80.0,-80.0,-80.0,-80.0,-80.0,-80.0,-80.0,-80.0,-80.0,-80.0,-80.0,-80.0,-80.0,-80.0,-80.0,-80.0,-80.0,-80.0,-80.0,-80.0,-80.0,-80.0,-80.0,-80.0,-80.0,-80.0,-80.0,-80.0,-80.0,-80.0,-80.0,-80.0,-80.0,-80.0,-80.0,-80.0,-80.0,-80.0,-80.0,-80.0,-80.0,-80.0,-80.0,-80.0,-80.0,-80.0,-80.0,-80.0,-80.0,-80.0,-80.0,-80.0,-80.0,-80.0,-80.0,-80.0,-80.0,-80.0,-80.0,-80.0,-80.0,-80.0,-80.0,-80.0,-80.0,-80.0,-80.0,-80.0,-80.0,-80.0,-80.0,-80.0,-80.0,-80.0,-80.0,-80.0,-80.0,-80.0,-80.0,-80.0,-80.0,-80.0,-80.0,-80.0,-80.0,-80.0,-80.0,-80.0,-80.0,-80.0,-80.0,-80.0,-80.0,-80.0,-80.0,-80.0,-80.0,-80.0,-80.0,-80.0,-80.0,-80.0,-80.0,-80.0,-80.0,-80.0,-80.0,-80.0,-80.0,-80.0,-80.0,-80.0,-80.0,-80.0,-80.0,-80.0,-80.0,-80.0,-80.0,-80.0,-80.0,-80.0,-80.0,-80.0,-80.0,-80.0,-80.0,-80.0,-80.0,-80.0,-80.0,-80.0,-80.0,-80.0,-80.0,-80.0,-80.0,-80.0,-80.0,-80.0,-80.0,-80.0,-80.0,-80.0,-80.0,-80.0,-80.0,-80.0,-80.0,-80.0,-80.0,-80.0,-80.0,-80.0,-80.0,-80.0,-80.0,-80.0,-80.0,-80.0,-80.0,-80.0,-80.0,-80.0,-80.0,-80.0,-80.0,-80.0,-80.0,-80.0,-80.0,-80.0,-80.0,-80.0,-80.0,-80.0
-61.910404,-60.881397,-67.02662,-74.38005,-76.48753,-79.70507,-80.0,-80.0,-80.0,-80.0,-80.0,-80.0,-80.0,-80.0,-80.0,-80.0,-80.0,-80.0,-80.0,-80.0,-80.0,-80.0,-80.0,-80.0,-80.0,-80.0,-80.0,-80.0,-80.0,-80.0,-80.0,-80.0,-80.0,-80.0,-80.0,-80.0,-80.0,-80.0,-80.0,-80.0,-80.0,-80.0,-80.0,-80.0,-80.0,-80.0,-80.0,-80.0,-80.0,-80.0,-80.0,-80.0,-80.0,-80.0,-80.0,-80.0,-80.0,-80.0,-80.0,-80.0,-80.0,-80.0,-80.0,-80.0,-80.0,-80.0,-80.0,-80.0,-80.0,-80.0,-80.0,-80.0,-80.0,-80.0,-80.0,-80.0,-80.0,-80.0,-80.0,-80.0,-80.0,-80.0,-80.0,-80.0,-80.0,-80.0,-80.0,-80.0,-80.0,-80.0,-80.0,-80.0,-80.0,-80.0,-80.0,-80.0,-80.0,-80.0,-80.0,-80.0,-80.0,-80.0,-80.0,-80.0,-80.0,-80.0,-80.0,-80.0,-80.0,-80.0,-80.0,-80.0,-80.0,-80.0,-80.0,-80.0,-80.0,-80.0,-80.0,-80.0,-80.0,-80.0,-80.0,-80.0,-80.0,-80.0,-80.0,-80.0,-80.0,-80.0,-80.0,-80.0,-80.0,-80.0,-80.0,-80.0,-80.0,-80.0,-80.0,-80.0,-80.0,-80.0,-80.0,-80.0,-80.0,-80.0,-80.0,-80.0,-80.0,-80.0,-80.0,-80.0,-80.0,-80.0,-80.0,-80.0,-80.0,-80.0,-80.0,-80.0,-80.0,-80.0,-80.0,-80.0,-80.0,-80.0,-80.0,-80.0,-80.0,-80.0,-80.0,-80.0,-80.0,-80.0,-80.0,-80.0,-80.0,-80.0,-80.0,-80.0,-80.0,-80.0,-80.0,-80.0,-80.0,-80.0,-80.0,-80.0,-80.0,-80.0,-80.0,-80.0,-80.0,-80.0,-80.0,-80.0,-80.0,-80.0,-80.0,-80.0,-80.0,-80.0,-80.0,-80.0,-80.0,-80.0,-80.0,-80.0,-80.0,-80.0,-80.0,-80.0,-80.0,-80.0,-80.0,-80.0,-80.0,-80.0,-80.0,-80.0,-80.0,-80.0,-80.0,-80.0,-80.0,-80.0,-80.0,-80.0,-80.0,-80.0,-80.0,-80.0,-80.0,-80.0,-80.0,-80.0,-80.0,-80.0,-80.0,-80.0,-80.0,-80.0,-80.0,-80.0,-80.0,-80.0,-80.0,-80.0,-80.0,-80.0,-80.0,-80.0,-80.0,-80.0,-80.0,-80.0,-80.0,-80.0,-80.0,-80.0,-80.0,-80.0,-80.0,-80.0,-80.0,-80.0,-80.0,-80.0,-80.0,-80.0,-80.0,-80.0,-80.0,-80.0,-80.0,-80.0,-80.0,-80.0,-80.0,-80.0,-80.0,-80.0,-80.0,-80.0,-80.0,-80.0,-80.0,-80.0,-80.0,-80.0,-80.0,-80.0,-80.0,-80.0,-80.0,-80.0,-80.0,-80.0,-80.0,-80.0,-80.0,-80.0,-80.0,-80.0,-80.0,-80.0,-80.0,-80.0,-80.0,-80.0,-80.0,-80.0,-80.0,-80.0,-80.0,-80.0,-80.0,-80.0,-80.0,-80.0,-80.0,-80.0,-80.0,-80.0,-80.0,-80.0,-80.0,-80.0,-80.0,-80.0,-80.0,-80.0,-80.0,-80.0,-80.0,-80.0,-80.0,-80.0,-80.0,-80.0,-80.0,-80.0,-80.0,-80.0,-80.0,-80.0,-80.0,-80.0,-80.0,-80.0,-80.0,-80.0,-80.0,-80.0,-80.0,-80.0,-80.0,-80.0,-80.0,-80.0,-80.0,-80.0,-80.0,-80.0,-80.0,-80.0,-80.0,-80.0,-80.0,-80.0,-80.0,-80.0,-80.0,-80.0,-80.0,-80.0,-80.0,-80.0,-80.0,-80.0,-80.0,-80.0,-80.0,-80.0,-80.0,-80.0,-80.0,-80.0,-80.0,-80.0,-80.0,-80.0,-80.0,-80.0,-80.0,-80.0,-80.0,-80.0,-80.0,-80.0,-80.0,-80.0,-80.0,-80.0,-80.0,-80.0,-80.0,-80.0,-80.0,-80.0,-80.0,-80.0,-80.0
-69.1322,-67.03139,-70.38519,-76.843506,-80.0,-80.0,-80.0,-80.0,-80.0,-80.0,-80.0,-80.0,-80.0,-80.0,-80.0,-80.0,-80.0,-80.0,-80.0,-80.0,-80.0,-80.0,-80.0,-80.0,-80.0,-80.0,-80.0,-80.0,-80.0,-80.0,-80.0,-80.0,-80.0,-80.0,-80.0,-80.0,-80.0,-80.0,-80.0,-80.0,-80.0,-80.0,-80.0,-80.0,-80.0,-80.0,-80.0,-80.0,-80.0,-80.0,-80.0,-80.0,-80.0,-80.0,-80.0,-80.0,-80.0,-80.0,-80.0,-80.0,-80.0,-80.0,-80.0,-80.0,-80.0,-80.0,-80.0,-80.0,-80.0,-80.0,-80.0,-80.0,-80.0,-80.0,-80.0,-80.0,-80.0,-80.0,-80.0,-80.0,-80.0,-80.0,-80.0,-80.0,-80.0,-80.0,-80.0,-80.0,-80.0,-80.0,-80.0,-80.0,-79.54796,-80.0,-80.0,-80.0,-80.0,-80.0,-80.0,-80.0,-80.0,-80.0,-80.0,-80.0,-80.0,-80.0,-80.0,-80.0,-80.0,-80.0,-80.0,-80.0,-80.0,-80.0,-80.0,-80.0,-80.0,-80.0,-80.0,-80.0,-80.0,-80.0,-80.0,-80.0,-80.0,-80.0,-80.0,-80.0,-80.0,-80.0,-80.0,-80.0,-80.0,-80.0,-80.0,-80.0,-80.0,-80.0,-80.0,-80.0,-80.0,-80.0,-80.0,-80.0,-80.0,-80.0,-80.0,-80.0,-80.0,-80.0,-80.0,-80.0,-80.0,-80.0,-80.0,-80.0,-80.0,-80.0,-80.0,-80.0,-80.0,-80.0,-80.0,-80.0,-80.0,-80.0,-80.0,-80.0,-80.0,-80.0,-80.0,-80.0,-80.0,-80.0,-80.0,-80.0,-80.0,-80.0,-80.0,-80.0,-80.0,-80.0,-80.0,-80.0,-80.0,-80.0,-80.0,-80.0,-80.0,-80.0,-80.0,-80.0,-80.0,-80.0,-80.0,-80.0,-80.0,-80.0,-80.0,-80.0,-80.0,-80.0,-80.0,-80.0,-80.0,-80.0,-80.0,-80.0,-80.0,-80.0,-80.0,-80.0,-80.0,-80.0,-80.0,-80.0,-80.0,-80.0,-80.0,-80.0,-80.0,-80.0,-80.0,-80.0,-80.0,-80.0,-80.0,-80.0,-80.0,-80.0,-80.0,-80.0,-80.0,-80.0,-80.0,-80.0,-80.0,-80.0,-80.0,-80.0,-80.0,-80.0,-80.0,-80.0,-80.0,-80.0,-80.0,-80.0,-80.0,-80.0,-80.0,-80.0,-80.0,-80.0,-80.0,-80.0,-80.0,-80.0,-80.0,-80.0,-80.0,-80.0,-80.0,-80.0,-80.0,-80.0,-80.0,-80.0,-80.0,-80.0,-80.0,-80.0,-80.0,-80.0,-80.0,-80.0,-80.0,-80.0,-80.0,-80.0,-80.0,-80.0,-80.0,-80.0,-80.0,-80.0,-80.0,-80.0,-80.0,-80.0,-80.0,-80.0,-80.0,-80.0,-80.0,-80.0,-80.0,-80.0,-80.0,-80.0,-80.0,-80.0,-80.0,-80.0,-80.0,-80.0,-80.0,-80.0,-80.0,-80.0,-80.0,-80.0,-80.0,-80.0,-80.0,-80.0,-80.0,-80.0,-80.0,-80.0,-80.0,-80.0,-80.0,-80.0,-80.0,-80.0,-80.0,-80.0,-80.0,-80.0,-80.0,-80.0,-80.0,-80.0,-80.0,-80.0,-80.0,-80.0,-80.0,-80.0,-80.0,-80.0,-80.0,-80.0,-80.0,-80.0,-80.0,-80.0,-80.0,-80.0,-80.0,-80.0,-80.0,-80.0,-80.0,-80.0,-80.0,-80.0,-80.0,-80.0,-80.0,-80.0,-80.0,-80.0,-80.0,-80.0,-80.0,-80.0,-80.0,-80.0,-80.0,-80.0,-80.0,-80.0,-80.0,-80.0,-80.0,-80.0,-80.0,-80.0,-80.0,-80.0,-80.0,-80.0,-80.0,-80.0,-80.0,-80.0,-80.0,-80.0,-80.0,-80.0,-80.0,-80.0,-80.0,-80.0,-80.0,-80.0,-80.0,-80.0,-80.0,-80.0,-80.0,-80.0,-80.0,-80.0,-80.0,-80.0,-80.0,-80.0,-80.0,-80.0,-80.0
-68.92722,-66.69278,-69.89348,-74.62225,-80.0,-80.0,-80.0,-80.0,-80.0,-80.0,-80.0,-80.0,-80.0,-80.0,-80.0,-80.0,-80.0,-80.0,-80.0,-80.0,-80.0,-80.0,-80.0,-80.0,-80.0,-80.0,-80.0,-80.0,-80.0,-80.0,-80.0,-80.0,-80.0,-80.0,-80.0,-80.0,-80.0,-80.0,-80.0,-80.0,-80.0,-80.0,-80.0,-80.0,-80.0,-80.0,-80.0,-80.0,-80.0,-80.0,-80.0,-80.0,-80.0,-80.0,-80.0,-80.0,-80.0,-80.0,-80.0,-80.0,-80.0,-80.0,-80.0,-80.0,-80.0,-80.0,-80.0,-80.0,-80.0,-80.0,-80.0,-80.0,-80.0,-80.0,-80.0,-80.0,-80.0,-80.0,-80.0,-80.0,-80.0,-80.0,-80.0,-80.0,-80.0,-80.0,-80.0,-80.0,-80.0,-80.0,-80.0,-80.0,-79.45352,-80.0,-80.0,-80.0,-80.0,-80.0,-80.0,-80.0,-80.0,-80.0,-80.0,-80.0,-80.0,-80.0,-80.0,-80.0,-80.0,-80.0,-80.0,-80.0,-80.0,-80.0,-80.0,-80.0,-80.0,-80.0,-80.0,-80.0,-80.0,-80.0,-80.0,-80.0,-80.0,-80.0,-80.0,-80.0,-80.0,-80.0,-80.0,-80.0,-80.0,-80.0,-80.0,-80.0,-80.0,-80.0,-80.0,-80.0,-80.0,-80.0,-80.0,-80.0,-80.0,-80.0,-80.0,-80.0,-80.0,-80.0,-80.0,-80.0,-80.0,-80.0,-80.0,-80.0,-80.0,-80.0,-80.0,-80.0,-80.0,-80.0,-80.0,-80.0,-80.0,-80.0,-80.0,-80.0,-80.0,-80.0,-80.0,-80.0,-80.0,-80.0,-80.0,-80.0,-80.0,-80.0,-80.0,-80.0,-80.0,-80.0,-80.0,-80.0,-80.0,-80.0,-80.0,-80.0,-80.0,-80.0,-80.0,-80.0,-80.0,-80.0,-80.0,-80.0,-80.0,-80.0,-80.0,-80.0,-80.0,-80.0,-80.0,-80.0,-80.0,-80.0,-80.0,-80.0,-80.0,-80.0,-80.0,-80.0,-80.0,-80.0,-80.0,-80.0,-80.0,-80.0,-80.0,-80.0,-80.0,-80.0,-80.0,-80.0,-80.0,-80.0,-80.0,-80.0,-80.0,-80.0,-80.0,-80.0,-80.0,-80.0,-80.0,-80.0,-80.0,-80.0,-80.0,-80.0,-80.0,-80.0,-80.0,-80.0,-80.0,-80.0,-80.0,-80.0,-80.0,-80.0,-80.0,-80.0,-80.0,-80.0,-80.0,-80.0,-80.0,-80.0,-80.0,-80.0,-80.0,-80.0,-80.0,-80.0,-80.0,-80.0,-80.0,-80.0,-80.0,-80.0,-80.0,-80.0,-80.0,-80.0,-80.0,-80.0,-80.0,-80.0,-80.0,-80.0,-80.0,-80.0,-80.0,-80.0,-80.0,-80.0,-80.0,-80.0,-80.0,-80.0,-80.0,-80.0,-80.0,-80.0,-80.0,-80.0,-80.0,-80.0,-80.0,-80.0,-80.0,-80.0,-80.0,-80.0,-80.0,-80.0,-80.0,-80.0,-80.0,-80.0,-80.0,-80.0,-80.0,-80.0,-80.0,-80.0,-80.0,-80.0,-80.0,-80.0,-80.0,-80.0,-80.0,-80.0,-80.0,-80.0,-80.0,-80.0,-80.0,-80.0,-80.0,-80.0,-80.0,-80.0,-80.0,-80.0,-80.0,-80.0,-80.0,-80.0,-80.0,-80.0,-80.0,-80.0,-80.0,-80.0,-80.0,-80.0,-80.0,-80.0,-80.0,-80.0,-80.0,-80.0,-80.0,-80.0,-80.0,-80.0,-80.0,-80.0,-80.0,-80.0,-80.0,-80.0,-80.0,-80.0,-80.0,-80.0,-80.0,-80.0,-80.0,-80.0,-80.0,-80.0,-80.0,-80.0,-80.0,-80.0,-80.0,-80.0,-80.0,-80.0,-80.0,-80.0,-80.0,-80.0,-80.0,-80.0,-80.0,-80.0,-80.0,-80.0,-80.0,-80.0,-80.0,-80.0,-80.0,-80.0,-80.0,-80.0,-80.0,-80.0,-80.0,-80.0,-80.0,-80.0,-80.0,-80.0,-80.0,-80.0,-80.0,-80.0,-80.0
-68.66097,-65.27144,-67.25301,-73.22931,-80.0,-80.0,-80.0,-80.0,-80.0,-80.0,-80.0,-80.0,-80.0,-80.0,-80.0,-80.0,-80.0,-80.0,-80.0,-80.0,-80.0,-80.0,-80.0,-80.0,-80.0,-80.0,-80.0,-80.0,-80.0,-80.0,-80.0,-80.0,-80.0,-80.0,-80.0,-80.0,-80.0,-80.0,-80.0,-80.0,-80.0,-80.0,-80.0,-80.0,-80.0,-80.0,-80.0,-80.0,-80.0,-80.0,-80.0,-80.0,-80.0,-80.0,-80.0,-80.0,-80.0,-80.0,-80.0,-80.0,-80.0,-80.0,-80.0,-80.0,-80.0,-80.0,-80.0,-80.0,-80.0,-80.0,-80.0,-80.0,-80.0,-80.0,-80.0,-80.0,-80.0,-80.0,-80.0,-80.0,-80.0,-80.0,-80.0,-80.0,-80.0,-80.0,-80.0,-80.0,-80.0,-80.0,-80.0,-80.0,-78.37511,-80.0,-80.0,-80.0,-80.0,-80.0,-80.0,-80.0,-80.0,-80.0,-80.0,-80.0,-80.0,-80.0,-80.0,-80.0,-80.0,-80.0,-80.0,-80.0,-80.0,-80.0,-80.0,-80.0,-80.0,-80.0,-80.0,-80.0,-80.0,-80.0,-80.0,-80.0,-80.0,-80.0,-80.0,-80.0,-80.0,-80.0,-80.0,-80.0,-80.0,-80.0,-80.0,-80.0,-80.0,-80.0,-80.0,-80.0,-80.0,-80.0,-80.0,-80.0,-80.0,-80.0,-80.0,-80.0,-80.0,-80.0,-80.0,-80.0,-80.0,-80.0,-80.0,-80.0,-80.0,-80.0,-80.0,-80.0,-80.0,-80.0,-80.0,-80.0,-80.0,-80.0,-80.0,-80.0,-80.0,-80.0,-80.0,-80.0,-80.0,-80.0,-80.0,-80.0,-80.0,-80.0,-80.0,-80.0,-80.0,-80.0,-80.0,-80.0,-80.0,-80.0,-80.0,-80.0,-80.0,-80.0,-80.0,-80.0,-80.0,-80.0,-80.0,-80.0,-80.0,-80.0,-80.0,-80.0,-80.0,-80.0,-80.0,-80.0,-80.0,-80.0,-80.0,-80.0,-80.0,-80.0,-80.0,-80.0,-80.0,-80.0,-80.0,-80.0,-80.0,-80.0,-80.0,-80.0,-80.0,-80.0,-80.0,-80.0,-80.0,-80.0,-80.0,-80.0,-80.0,-80.0,-80.0,-80.0,-80.0,-80.0,-80.0,-80.0,-80.0,-80.0,-80.0,-80.0,-80.0,-80.0,-80.0,-80.0,-80.0,-80.0,-80.0,-80.0,-80.0,-80.0,-80.0,-80.0,-80.0,-80.0,-80.0,-80.0,-80.0,-80.0,-80.0,-80.0,-80.0,-80.0,-80.0,-80.0,-80.0,-80.0,-80.0,-80.0,-80.0,-80.0,-80.0,-80.0,-80.0,-80.0,-80.0,-80.0,-80.0,-80.0,-80.0,-80.0,-80.0,-80.0,-80.0,-80.0,-80.0,-80.0,-80.0,-80.0,-80.0,-80.0,-80.0,-80.0,-80.0,-80.0,-80.0,-80.0,-80.0,-80.0,-80.0,-80.0,-80.0,-80.0,-80.0,-80.0,-80.0,-80.0,-80.0,-80.0,-80.0,-80.0,-80.0,-80.0,-80.0,-80.0,-80.0,-80.0,-80.0,-80.0,-80.0,-80.0,-80.0,-80.0,-80.0,-80.0,-80.0,-80.0,-80.0,-80.0,-80.0,-80.0,-80.0,-80.0,-80.0,-80.0,-80.0,-80.0,-80.0,-80.0,-80.0,-80.0,-80.0,-80.0,-80.0,-80.0,-80.0,-80.0,-80.0,-80.0,-80.0,-80.0,-80.0,-80.0,-80.0,-80.0,-80.0,-80.0,-80.0,-80.0,-80.0,-80.0,-80.0,-80.0,-80.0,-80.0,-80.0,-80.0,-80.0,-80.0,-80.0,-80.0,-80.0,-80.0,-80.0,-80.0,-80.0,-80.0,-80.0,-80.0,-80.0,-80.0,-80.0,-80.0,-80.0,-80.0,-80.0,-80.0,-80.0,-80.0,-80.0,-80.0,-80.0,-80.0,-80.0,-80.0,-80.0,-80.0,-80.0,-80.0,-80.0,-80.0,-80.0,-80.0,-80.0,-80.0,-80.0,-80.0,-80.0,-80.0,-80.0,-80.0,-80.0,-80.0,-80.0
-68.59532,-65.64293,-69.37581,-77.02316,-80.0,-80.0,-80.0,-80.0,-80.0,-80.0,-80.0,-80.0,-80.0,-80.0,-80.0,-80.0,-80.0,-80.0,-80.0,-80.0,-80.0,-80.0,-80.0,-80.0,-80.0,-80.0,-80.0,-80.0,-80.0,-80.0,-80.0,-80.0,-80.0,-80.0,-80.0,-80.0,-80.0,-80.0,-80.0,-80.0,-80.0,-80.0,-80.0,-80.0,-80.0,-80.0,-80.0,-80.0,-80.0,-80.0,-80.0,-80.0,-80.0,-80.0,-80.0,-80.0,-80.0,-80.0,-80.0,-80.0,-80.0,-80.0,-80.0,-80.0,-80.0,-80.0,-80.0,-80.0,-80.0,-80.0,-80.0,-80.0,-80.0,-80.0,-80.0,-80.0,-80.0,-80.0,-80.0,-80.0,-80.0,-80.0,-80.0,-80.0,-80.0,-80.0,-80.0,-80.0,-80.0,-80.0,-80.0,-80.0,-80.0,-80.0,-80.0,-80.0,-80.0,-80.0,-80.0,-80.0,-80.0,-80.0,-80.0,-80.0,-80.0,-80.0,-80.0,-80.0,-80.0,-80.0,-80.0,-80.0,-80.0,-80.0,-80.0,-80.0,-80.0,-80.0,-80.0,-80.0,-80.0,-80.0,-80.0,-80.0,-80.0,-80.0,-80.0,-80.0,-80.0,-80.0,-80.0,-80.0,-80.0,-80.0,-80.0,-80.0,-80.0,-80.0,-80.0,-80.0,-80.0,-80.0,-80.0,-80.0,-80.0,-80.0,-80.0,-80.0,-80.0,-80.0,-80.0,-80.0,-80.0,-80.0,-80.0,-80.0,-80.0,-80.0,-80.0,-80.0,-80.0,-80.0,-80.0,-80.0,-80.0,-80.0,-80.0,-80.0,-80.0,-80.0,-80.0,-80.0,-80.0,-80.0,-80.0,-80.0,-80.0,-80.0,-80.0,-80.0,-80.0,-80.0,-80.0,-80.0,-80.0,-80.0,-80.0,-80.0,-80.0,-80.0,-80.0,-80.0,-80.0,-80.0,-80.0,-80.0,-80.0,-80.0,-80.0,-80.0,-80.0,-80.0,-80.0,-80.0,-80.0,-80.0,-80.0,-80.0,-80.0,-80.0,-80.0,-80.0,-80.0,-80.0,-80.0,-80.0,-80.0,-80.0,-80.0,-80.0,-80.0,-80.0,-80.0,-80.0,-80.0,-80.0,-80.0,-80.0,-80.0,-80.0,-80.0,-80.0,-80.0,-80.0,-80.0,-80.0,-80.0,-80.0,-80.0,-80.0,-80.0,-80.0,-80.0,-80.0,-80.0,-80.0,-80.0,-80.0,-80.0,-80.0,-80.0,-80.0,-80.0,-80.0,-80.0,-80.0,-80.0,-80.0,-80.0,-80.0,-80.0,-80.0,-80.0,-80.0,-80.0,-80.0,-80.0,-80.0,-80.0,-80.0,-80.0,-80.0,-80.0,-80.0,-80.0,-80.0,-80.0,-80.0,-80.0,-80.0,-80.0,-80.0,-80.0,-80.0,-80.0,-80.0,-80.0,-80.0,-80.0,-80.0,-80.0,-80.0,-80.0,-80.0,-80.0,-80.0,-80.0,-80.0,-80.0,-80.0,-80.0,-80.0,-80.0,-80.0,-80.0,-80.0,-80.0,-80.0,-80.0,-80.0,-80.0,-80.0,-80.0,-80.0,-80.0,-80.0,-80.0,-80.0,-80.0,-80.0,-80.0,-80.0,-80.0,-80.0,-80.0,-80.0,-80.0,-80.0,-80.0,-80.0,-80.0,-80.0,-80.0,-80.0,-80.0,-80.0,-80.0,-80.0,-80.0,-80.0,-80.0,-80.0,-80.0,-80.0,-80.0,-80.0,-80.0,-80.0,-80.0,-80.0,-80.0,-80.0,-80.0,-80.0,-80.0,-80.0,-80.0,-80.0,-80.0,-80.0,-80.0,-80.0,-80.0,-80.0,-80.0,-80.0,-80.0,-80.0,-80.0,-80.0,-80.0,-80.0,-80.0,-80.0,-80.0,-80.0,-80.0,-80.0,-80.0,-80.0,-80.0,-80.0,-80.0,-80.0,-80.0,-80.0,-80.0,-80.0,-80.0,-80.0,-80.0,-80.0,-80.0,-80.0,-80.0,-80.0,-80.0,-80.0,-80.0,-80.0,-80.0,-80.0,-80.0,-80.0,-80.0,-80.0,-80.0,-80.0,-80.0,-80.0,-80.0,-80.0,-80.0
-65.216324,-62.41236,-65.768005,-74.22496,-80.0,-80.0,-80.0,-80.0,-80.0,-80.0,-80.0,-80.0,-80.0,-80.0,-80.0,-80.0,-80.0,-80.0,-80.0,-80.0,-80.0,-80.0,-80.0,-80.0,-80.0,-80.0,-80.0,-80.0,-80.0,-80.0,-80.0,-80.0,-80.0,-80.0,-80.0,-80.0,-80.0,-80.0,-80.0,-80.0,-80.0,-80.0,-80.0,-80.0,-80.0,-80.0,-80.0,-80.0,-80.0,-80.0,-80.0,-80.0,-80.0,-80.0,-80.0,-80.0,-80.0,-80.0,-80.0,-80.0,-80.0,-80.0,-80.0,-80.0,-80.0,-80.0,-80.0,-80.0,-80.0,-80.0,-80.0,-80.0,-80.0,-80.0,-80.0,-80.0,-80.0,-80.0,-80.0,-80.0,-80.0,-80.0,-80.0,-80.0,-80.0,-80.0,-80.0,-80.0,-80.0,-80.0,-80.0,-80.0,-80.0,-80.0,-80.0,-80.0,-80.0,-80.0,-80.0,-80.0,-80.0,-80.0,-80.0,-80.0,-80.0,-80.0,-80.0,-80.0,-80.0,-80.0,-80.0,-80.0,-80.0,-80.0,-80.0,-80.0,-80.0,-80.0,-80.0,-80.0,-80.0,-80.0,-80.0,-80.0,-80.0,-80.0,-80.0,-80.0,-80.0,-80.0,-80.0,-80.0,-80.0,-80.0,-80.0,-80.0,-80.0,-80.0,-80.0,-80.0,-80.0,-80.0,-80.0,-80.0,-80.0,-80.0,-80.0,-80.0,-80.0,-80.0,-80.0,-80.0,-80.0,-80.0,-80.0,-80.0,-80.0,-80.0,-80.0,-80.0,-80.0,-80.0,-80.0,-80.0,-80.0,-80.0,-80.0,-80.0,-80.0,-80.0,-80.0,-80.0,-80.0,-80.0,-80.0,-80.0,-80.0,-80.0,-80.0,-80.0,-80.0,-80.0,-80.0,-80.0,-80.0,-80.0,-80.0,-80.0,-80.0,-80.0,-80.0,-80.0,-80.0,-80.0,-80.0,-80.0,-80.0,-80.0,-80.0,-80.0,-80.0,-80.0,-80.0,-80.0,-80.0,-80.0,-80.0,-80.0,-80.0,-80.0,-80.0,-80.0,-80.0,-80.0,-80.0,-80.0,-80.0,-80.0,-80.0,-80.0,-80.0,-80.0,-80.0,-80.0,-80.0,-80.0,-80.0,-80.0,-80.0,-80.0,-80.0,-80.0,-80.0,-80.0,-80.0,-80.0,-80.0,-80.0,-80.0,-80.0,-80.0,-80.0,-80.0,-80.0,-80.0,-80.0,-80.0,-80.0,-80.0,-80.0,-80.0,-80.0,-80.0,-80.0,-80.0,-80.0,-80.0,-80.0,-80.0,-80.0,-80.0,-80.0,-80.0,-80.0,-80.0,-80.0,-80.0,-80.0,-80.0,-80.0,-80.0,-80.0,-80.0,-80.0,-80.0,-80.0,-80.0,-80.0,-80.0,-80.0,-80.0,-80.0,-80.0,-80.0,-80.0,-80.0,-80.0,-80.0,-80.0,-80.0,-80.0,-80.0,-80.0,-80.0,-80.0,-80.0,-80.0,-80.0,-80.0,-80.0,-80.0,-80.0,-80.0,-80.0,-80.0,-80.0,-80.0,-80.0,-80.0,-80.0,-80.0,-80.0,-80.0,-80.0,-80.0,-80.0,-80.0,-80.0,-80.0,-80.0,-80.0,-80.0,-80.0,-80.0,-80.0,-80.0,-80.0,-80.0,-80.0,-80.0,-80.0,-80.0,-80.0,-80.0,-80.0,-80.0,-80.0,-80.0,-80.0,-80.0,-80.0,-80.0,-80.0,-80.0,-80.0,-80.0,-80.0,-80.0,-80.0,-80.0,-80.0,-80.0,-80.0,-80.0,-80.0,-80.0,-80.0,-80.0,-80.0,-80.0,-80.0,-80.0,-80.0,-80.0,-80.0,-80.0,-80.0,-80.0,-80.0,-80.0,-80.0,-80.0,-80.0,-80.0,-80.0,-80.0,-80.0,-80.0,-80.0,-80.0,-80.0,-80.0,-80.0,-80.0,-80.0,-80.0,-80.0,-80.0,-80.0,-80.0,-80.0,-80.0,-80.0,-80.0,-80.0,-80.0,-80.0,-80.0,-80.0,-80.0,-80.0,-80.0,-80.0,-80.0,-80.0,-80.0,-80.0,-80.0,-80.0,-80.0,-80.0,-80.0,-80.0
-63.930847,-61.257103,-64.99749,-75.23514,-80.0,-80.0,-80.0,-80.0,-80.0,-80.0,-80.0,-80.0,-80.0,-80.0,-80.0,-80.0,-80.0,-80.0,-80.0,-80.0,-80.0,-80.0,-80.0,-80.0,-80.0,-80.0,-80.0,-80.0,-80.0,-80.0,-80.0,-80.0,-80.0,-80.0,-80.0,-80.0,-80.0,-80.0,-80.0,-80.0,-80.0,-80.0,-80.0,-80.0,-80.0,-80.0,-80.0,-80.0,-80.0,-80.0,-80.0,-80.0,-80.0,-80.0,-80.0,-80.0,-80.0,-80.0,-80.0,-80.0,-80.0,-80.0,-80.0,-80.0,-80.0,-80.0,-80.0,-80.0,-80.0,-80.0,-80.0,-80.0,-80.0,-80.0,-80.0,-80.0,-80.0,-80.0,-80.0,-80.0,-80.0,-80.0,-80.0,-80.0,-80.0,-80.0,-80.0,-80.0,-80.0,-80.0,-80.0,-80.0,-78.436264,-80.0,-80.0,-80.0,-80.0,-80.0,-80.0,-80.0,-80.0,-80.0,-80.0,-80.0,-80.0,-80.0,-80.0,-80.0,-80.0,-80.0,-80.0,-80.0,-80.0,-80.0,-80.0,-80.0,-80.0,-80.0,-80.0,-80.0,-80.0,-80.0,-80.0,-80.0,-80.0,-80.0,-80.0,-80.0,-80.0,-80.0,-80.0,-80.0,-80.0,-80.0,-80.0,-80.0,-80.0,-80.0,-80.0,-80.0,-80.0,-80.0,-80.0,-80.0,-80.0,-80.0,-80.0,-80.0,-80.0,-80.0,-80.0,-80.0,-80.0,-80.0,-80.0,-80.0,-80.0,-80.0,-80.0,-80.0,-80.0,-80.0,-80.0,-80.0,-80.0,-80.0,-80.0,-80.0,-80.0,-80.0,-80.0,-80.0,-80.0,-80.0,-80.0,-80.0,-80.0,-80.0,-80.0,-80.0,-80.0,-80.0,-80.0,-80.0,-80.0,-80.0,-80.0,-80.0,-80.0,-80.0,-80.0,-80.0,-80.0,-80.0,-80.0,-80.0,-80.0,-80.0,-80.0,-80.0,-80.0,-80.0,-80.0,-80.0,-80.0,-80.0,-80.0,-80.0,-80.0,-80.0,-80.0,-80.0,-80.0,-80.0,-80.0,-80.0,-80.0,-80.0,-80.0,-80.0,-80.0,-80.0,-80.0,-80.0,-80.0,-80.0,-80.0,-80.0,-80.0,-80.0,-80.0,-80.0,-80.0,-80.0,-80.0,-80.0,-80.0,-80.0,-80.0,-80.0,-80.0,-80.0,-80.0,-80.0,-80.0,-80.0,-80.0,-80.0,-80.0,-80.0,-80.0,-80.0,-80.0,-80.0,-80.0,-80.0,-80.0,-80.0,-80.0,-80.0,-80.0,-80.0,-80.0,-80.0,-80.0,-80.0,-80.0,-80.0,-80.0,-80.0,-80.0,-80.0,-80.0,-80.0,-80.0,-80.0,-80.0,-80.0,-80.0,-80.0,-80.0,-80.0,-80.0,-80.0,-80.0,-80.0,-80.0,-80.0,-80.0,-80.0,-80.0,-80.0,-80.0,-80.0,-80.0,-80.0,-80.0,-80.0,-80.0,-80.0,-80.0,-80.0,-80.0,-80.0,-80.0,-80.0,-80.0,-80.0,-80.0,-80.0,-80.0,-80.0,-80.0,-80.0,-80.0,-80.0,-80.0,-80.0,-80.0,-80.0,-80.0,-80.0,-80.0,-80.0,-80.0,-80.0,-80.0,-80.0,-80.0,-80.0,-80.0,-80.0,-80.0,-80.0,-80.0,-80.0,-80.0,-80.0,-80.0,-80.0,-80.0,-80.0,-80.0,-80.0,-80.0,-80.0,-80.0,-80.0,-80.0,-80.0,-80.0,-80.0,-80.0,-80.0,-80.0,-80.0,-80.0,-80.0,-80.0,-80.0,-80.0,-80.0,-80.0,-80.0,-80.0,-80.0,-80.0,-80.0,-80.0,-80.0,-80.0,-80.0,-80.0,-80.0,-80.0,-80.0,-80.0,-80.0,-80.0,-80.0,-80.0,-80.0,-80.0,-80.0,-80.0,-80.0,-80.0,-80.0,-80.0,-80.0,-80.0,-80.0,-80.0,-80.0,-80.0,-80.0,-80.0,-80.0,-80.0,-80.0,-80.0,-80.0,-80.0,-80.0,-80.0,-80.0,-80.0,-80.0,-80.0,-80.0,-80.0,-80.0,-80.0
-68.87929,-64.8177,-67.170456,-77.156685,-80.0,-80.0,-80.0,-80.0,-80.0,-80.0,-80.0,-80.0,-80.0,-80.0,-80.0,-80.0,-80.0,-80.0,-80.0,-80.0,-80.0,-80.0,-80.0,-80.0,-80.0,-80.0,-80.0,-80.0,-80.0,-80.0,-80.0,-80.0,-80.0,-80.0,-80.0,-80.0,-80.0,-80.0,-80.0,-80.0,-80.0,-80.0,-80.0,-80.0,-80.0,-80.0,-80.0,-80.0,-80.0,-80.0,-80.0,-80.0,-80.0,-80.0,-80.0,-80.0,-80.0,-80.0,-80.0,-80.0,-80.0,-80.0,-80.0,-80.0,-80.0,-80.0,-80.0,-80.0,-80.0,-80.0,-80.0,-80.0,-80.0,-80.0,-80.0,-80.0,-80.0,-80.0,-80.0,-80.0,-80.0,-80.0,-80.0,-80.0,-80.0,-80.0,-80.0,-80.0,-80.0,-80.0,-80.0,-80.0,-79.72438,-80.0,-80.0,-80.0,-80.0,-80.0,-80.0,-80.0,-80.0,-80.0,-80.0,-80.0,-80.0,-80.0,-80.0,-80.0,-80.0,-80.0,-80.0,-80.0,-80.0,-80.0,-80.0,-80.0,-80.0,-80.0,-80.0,-80.0,-80.0,-80.0,-80.0,-80.0,-80.0,-80.0,-80.0,-80.0,-80.0,-80.0,-80.0,-80.0,-80.0,-80.0,-80.0,-80.0,-80.0,-80.0,-80.0,-80.0,-80.0,-80.0,-80.0,-80.0,-80.0,-80.0,-80.0,-80.0,-80.0,-80.0,-80.0,-80.0,-80.0,-80.0,-80.0,-80.0,-80.0,-80.0,-80.0,-80.0,-80.0,-80.0,-80.0,-80.0,-80.0,-80.0,-80.0,-80.0,-80.0,-80.0,-80.0,-80.0,-80.0,-80.0,-80.0,-80.0,-80.0,-80.0,-80.0,-80.0,-80.0,-80.0,-80.0,-80.0,-80.0,-80.0,-80.0,-80.0,-80.0,-80.0,-80.0,-80.0,-80.0,-80.0,-80.0,-80.0,-80.0,-80.0,-80.0,-80.0,-80.0,-80.0,-80.0,-80.0,-80.0,-80.0,-80.0,-80.0,-80.0,-80.0,-80.0,-80.0,-80.0,-80.0,-80.0,-80.0,-80.0,-80.0,-80.0,-80.0,-80.0,-80.0,-80.0,-80.0,-80.0,-80.0,-80.0,-80.0,-80.0,-80.0,-80.0,-80.0,-80.0,-80.0,-80.0,-80.0,-80.0,-80.0,-80.0,-80.0,-80.0,-80.0,-80.0,-80.0,-80.0,-80.0,-80.0,-80.0,-80.0,-80.0,-80.0,-80.0,-80.0,-80.0,-80.0,-80.0,-80.0,-80.0,-80.0,-80.0,-80.0,-80.0,-80.0,-80.0,-80.0,-80.0,-80.0,-80.0,-80.0,-80.0,-80.0,-80.0,-80.0,-80.0,-80.0,-80.0,-80.0,-80.0,-80.0,-80.0,-80.0,-80.0,-80.0,-80.0,-80.0,-80.0,-80.0,-80.0,-80.0,-80.0,-80.0,-80.0,-80.0,-80.0,-80.0,-80.0,-80.0,-80.0,-80.0,-80.0,-80.0,-80.0,-80.0,-80.0,-80.0,-80.0,-80.0,-80.0,-80.0,-80.0,-80.0,-80.0,-80.0,-80.0,-80.0,-80.0,-80.0,-80.0,-80.0,-80.0,-80.0,-80.0,-80.0,-80.0,-80.0,-80.0,-80.0,-80.0,-80.0,-80.0,-80.0,-80.0,-80.0,-80.0,-80.0,-80.0,-80.0,-80.0,-80.0,-80.0,-80.0,-80.0,-80.0,-80.0,-80.0,-80.0,-80.0,-80.0,-80.0,-80.0,-80.0,-80.0,-80.0,-80.0,-80.0,-80.0,-80.0,-80.0,-80.0,-80.0,-80.0,-80.0,-80.0,-80.0,-80.0,-80.0,-80.0,-80.0,-80.0,-80.0,-80.0,-80.0,-80.0,-80.0,-80.0,-80.0,-80.0,-80.0,-80.0,-80.0,-80.0,-80.0,-80.0,-80.0,-80.0,-80.0,-80.0,-80.0,-80.0,-80.0,-80.0,-80.0,-80.0,-80.0,-80.0,-80.0,-80.0,-80.0,-80.0,-80.0,-80.0,-80.0,-80.0,-80.0,-80.0,-80.0,-80.0,-80.0,-80.0,-80.0,-80.0,-80.0,-80.0
-68.341415,-65.583374,-69.98071,-78.03975,-80.0,-80.0,-80.0,-80.0,-80.0,-80.0,-80.0,-80.0,-80.0,-80.0,-80.0,-80.0,-80.0,-80.0,-80.0,-80.0,-80.0,-80.0,-80.0,-80.0,-80.0,-80.0,-80.0,-80.0,-80.0,-80.0,-80.0,-80.0,-80.0,-80.0,-80.0,-80.0,-80.0,-80.0,-80.0,-80.0,-80.0,-80.0,-80.0,-80.0,-80.0,-80.0,-80.0,-80.0,-80.0,-80.0,-80.0,-80.0,-80.0,-80.0,-80.0,-80.0,-80.0,-80.0,-80.0,-80.0,-80.0,-80.0,-80.0,-80.0,-80.0,-80.0,-80.0,-80.0,-80.0,-80.0,-80.0,-80.0,-80.0,-80.0,-80.0,-80.0,-80.0,-80.0,-80.0,-80.0,-80.0,-80.0,-80.0,-80.0,-80.0,-80.0,-80.0,-80.0,-80.0,-80.0,-80.0,-76.799866,-79.93863,-80.0,-80.0,-80.0,-80.0,-80.0,-80.0,-80.0,-80.0,-80.0,-80.0,-80.0,-80.0,-80.0,-80.0,-80.0,-80.0,-80.0,-80.0,-80.0,-80.0,-80.0,-80.0,-80.0,-80.0,-80.0,-80.0,-80.0,-80.0,-80.0,-80.0,-80.0,-80.0,-80.0,-80.0,-80.0,-80.0,-80.0,-80.0,-80.0,-80.0,-80.0,-80.0,-80.0,-80.0,-80.0,-80.0,-80.0,-80.0,-80.0,-80.0,-80.0,-80.0,-80.0,-80.0,-80.0,-80.0,-80.0,-80.0,-80.0,-80.0,-80.0,-80.0,-80.0,-80.0,-80.0,-80.0,-80.0,-80.0,-80.0,-80.0,-80.0,-80.0,-80.0,-80.0,-80.0,-80.0,-80.0,-80.0,-80.0,-80.0,-80.0,-80.0,-80.0,-80.0,-80.0,-80.0,-80.0,-80.0,-80.0,-80.0,-80.0,-80.0,-80.0,-80.0,-80.0,-80.0,-80.0,-80.0,-80.0,-80.0,-80.0,-80.0,-80.0,-80.0,-80.0,-80.0,-80.0,-80.0,-80.0,-80.0,-80.0,-80.0,-80.0,-80.0,-80.0,-80.0,-80.0,-80.0,-80.0,-80.0,-80.0,-80.0,-80.0,-80.0,-80.0,-80.0,-80.0,-80.0,-80.0,-80.0,-80.0,-80.0,-80.0,-80.0,-80.0,-80.0,-80.0,-80.0,-80.0,-80.0,-80.0,-80.0,-80.0,-80.0,-80.0,-80.0,-80.0,-80.0,-80.0,-80.0,-80.0,-80.0,-80.0,-80.0,-80.0,-80.0,-80.0,-80.0,-80.0,-80.0,-80.0,-80.0,-80.0,-80.0,-80.0,-80.0,-80.0,-80.0,-80.0,-80.0,-80.0,-80.0,-80.0,-80.0,-80.0,-80.0,-80.0,-80.0,-80.0,-80.0,-80.0,-80.0,-80.0,-80.0,-80.0,-80.0,-80.0,-80.0,-80.0,-80.0,-80.0,-80.0,-80.0,-80.0,-80.0,-80.0,-80.0,-80.0,-80.0,-80.0,-80.0,-80.0,-80.0,-80.0,-80.0,-80.0,-80.0,-80.0,-80.0,-80.0,-80.0,-80.0,-80.0,-80.0,-80.0,-80.0,-80.0,-80.0,-80.0,-80.0,-80.0,-80.0,-80.0,-80.0,-80.0,-80.0,-80.0,-80.0,-80.0,-80.0,-80.0,-80.0,-80.0,-80.0,-80.0,-80.0,-80.0,-80.0,-80.0,-80.0,-80.0,-80.0,-80.0,-80.0,-80.0,-80.0,-80.0,-80.0,-80.0,-80.0,-80.0,-80.0,-80.0,-80.0,-80.0,-80.0,-80.0,-80.0,-80.0,-80.0,-80.0,-80.0,-80.0,-80.0,-80.0,-80.0,-80.0,-80.0,-80.0,-80.0,-80.0,-80.0,-80.0,-80.0,-80.0,-80.0,-80.0,-80.0,-80.0,-80.0,-80.0,-80.0,-80.0,-80.0,-80.0,-80.0,-80.0,-80.0,-80.0,-80.0,-80.0,-80.0,-80.0,-80.0,-80.0,-80.0,-80.0,-80.0,-80.0,-80.0,-80.0,-80.0,-80.0,-80.0,-80.0,-80.0,-80.0,-80.0,-80.0,-80.0,-80.0,-80.0,-80.0,-80.0,-80.0,-80.0,-80.0,-80.0,-80.0,-80.0
-67.71341,-65.555885,-70.78885,-79.380424,-80.0,-80.0,-80.0,-80.0,-80.0,-80.0,-80.0,-80.0,-80.0,-80.0,-80.0,-80.0,-80.0,-80.0,-80.0,-80.0,-80.0,-80.0,-80.0,-80.0,-80.0,-80.0,-80.0,-80.0,-80.0,-80.0,-80.0,-80.0,-80.0,-80.0,-80.0,-80.0,-80.0,-80.0,-80.0,-80.0,-80.0,-80.0,-80.0,-80.0,-80.0,-80.0,-80.0,-80.0,-80.0,-80.0,-80.0,-80.0,-80.0,-80.0,-80.0,-80.0,-80.0,-80.0,-80.0,-80.0,-80.0,-80.0,-80.0,-80.0,-80.0,-80.0,-80.0,-80.0,-80.0,-80.0,-80.0,-80.0,-80.0,-80.0,-80.0,-80.0,-80.0,-80.0,-80.0,-80.0,-80.0,-80.0,-80.0,-80.0,-80.0,-80.0,-80.0,-80.0,-80.0,-80.0,-80.0,-80.0,-80.0,-80.0,-80.0,-80.0,-80.0,-80.0,-80.0,-80.0,-80.0,-80.0,-80.0,-80.0,-80.0,-80.0,-80.0,-80.0,-80.0,-80.0,-80.0,-80.0,-80.0,-80.0,-80.0,-80.0,-80.0,-80.0,-80.0,-80.0,-80.0,-80.0,-80.0,-80.0,-80.0,-80.0,-80.0,-80.0,-80.0,-80.0,-80.0,-80.0,-80.0,-80.0,-80.0,-80.0,-80.0,-80.0,-80.0,-80.0,-80.0,-80.0,-80.0,-80.0,-80.0,-80.0,-80.0,-80.0,-80.0,-80.0,-80.0,-80.0,-80.0,-80.0,-80.0,-80.0,-80.0,-80.0,-80.0,-80.0,-80.0,-80.0,-80.0,-80.0,-80.0,-80.0,-80.0,-80.0,-80.0,-80.0,-80.0,-80.0,-80.0,-80.0,-80.0,-80.0,-80.0,-80.0,-80.0,-80.0,-80.0,-80.0,-80.0,-80.0,-80.0,-80.0,-80.0,-80.0,-80.0,-80.0,-80.0,-80.0,-80.0,-80.0,-80.0,-80.0,-80.0,-80.0,-80.0,-80.0,-80.0,-80.0,-80.0,-80.0,-80.0,-80.0,-80.0,-80.0,-80.0,-80.0,-80.0,-80.0,-80.0,-80.0,-80.0,-80.0,-80.0,-80.0,-80.0,-80.0,-80.0,-80.0,-80.0,-80.0,-80.0,-80.0,-80.0,-80.0,-80.0,-80.0,-80.0,-80.0,-80.0,-80.0,-80.0,-80.0,-80.0,-80.0,-80.0,-80.0,-80.0,-80.0,-80.0,-80.0,-80.0,-80.0,-80.0,-80.0,-80.0,-80.0,-80.0,-80.0,-80.0,-80.0,-80.0,-80.0,-80.0,-80.0,-80.0,-80.0,-80.0,-80.0,-80.0,-80.0,-80.0,-80.0,-80.0,-80.0,-80.0,-80.0,-80.0,-80.0,-80.0,-80.0,-80.0,-80.0,-80.0,-80.0,-80.0,-80.0,-80.0,-80.0,-80.0,-80.0,-80.0,-80.0,-80.0,-80.0,-80.0,-80.0,-80.0,-80.0,-80.0,-80.0,-80.0,-80.0,-80.0,-80.0,-80.0,-80.0,-80.0,-80.0,-80.0,-80.0,-80.0,-80.0,-80.0,-80.0,-80.0,-80.0,-80.0,-80.0,-80.0,-80.0,-80.0,-80.0,-80.0,-80.0,-80.0,-80.0,-80.0,-80.0,-80.0,-80.0,-80.0,-80.0,-80.0,-80.0,-80.0,-80.0,-80.0,-80.0,-80.0,-80.0,-80.0,-80.0,-80.0,-80.0,-80.0,-80.0,-80.0,-80.0,-80.0,-80.0,-80.0,-80.0,-80.0,-80.0,-80.0,-80.0,-80.0,-80.0,-80.0,-80.0,-80.0,-80.0,-80.0,-80.0,-80.0,-80.0,-80.0,-80.0,-80.0,-80.0,-80.0,-80.0,-80.0,-80.0,-80.0,-80.0,-80.0,-80.0,-80.0,-80.0,-80.0,-80.0,-80.0,-80.0,-80.0,-80.0,-80.0,-80.0,-80.0,-80.0,-80.0,-80.0,-80.0,-80.0,-80.0,-80.0,-80.0,-80.0,-80.0,-80.0,-80.0,-80.0,-80.0,-80.0,-80.0,-80.0,-80.0,-80.0,-80.0,-80.0,-80.0,-80.0,-80.0,-80.0,-80.0,-80.0,-80.0,-80.0,-80.0
-64.49927,-63.621544,-70.591896,-79.58472,-80.0,-80.0,-80.0,-80.0,-80.0,-80.0,-80.0,-80.0,-80.0,-80.0,-80.0,-80.0,-80.0,-80.0,-80.0,-80.0,-80.0,-80.0,-80.0,-80.0,-80.0,-80.0,-80.0,-80.0,-80.0,-80.0,-80.0,-80.0,-80.0,-80.0,-80.0,-80.0,-80.0,-80.0,-80.0,-80.0,-80.0,-80.0,-80.0,-80.0,-80.0,-80.0,-80.0,-80.0,-80.0,-80.0,-80.0,-80.0,-80.0,-80.0,-80.0,-80.0,-80.0,-80.0,-80.0,-80.0,-80.0,-80.0,-80.0,-80.0,-80.0,-80.0,-80.0,-80.0,-80.0,-80.0,-80.0,-80.0,-80.0,-80.0,-80.0,-80.0,-80.0,-80.0,-80.0,-80.0,-80.0,-80.0,-80.0,-80.0,-80.0,-80.0,-80.0,-80.0,-80.0,-80.0,-80.0,-80.0,-80.0,-80.0,-80.0,-80.0,-80.0,-80.0,-80.0,-80.0,-80.0,-80.0,-80.0,-80.0,-80.0,-80.0,-80.0,-80.0,-80.0,-80.0,-80.0,-80.0,-80.0,-80.0,-80.0,-80.0,-80.0,-80.0,-80.0,-80.0,-80.0,-80.0,-80.0,-80.0,-80.0,-80.0,-80.0,-80.0,-80.0,-80.0,-80.0,-80.0,-80.0,-80.0,-80.0,-80.0,-80.0,-80.0,-80.0,-80.0,-80.0,-80.0,-80.0,-80.0,-80.0,-80.0,-80.0,-80.0,-80.0,-80.0,-80.0,-80.0,-80.0,-80.0,-80.0,-80.0,-80.0,-80.0,-80.0,-80.0,-80.0,-80.0,-80.0,-80.0,-80.0,-80.0,-80.0,-80.0,-80.0,-80.0,-80.0,-80.0,-80.0,-80.0,-80.0,-80.0,-80.0,-80.0,-80.0,-80.0,-80.0,-80.0,-80.0,-80.0,-80.0,-80.0,-80.0,-80.0,-80.0,-80.0,-80.0,-80.0,-80.0,-80.0,-80.0,-80.0,-80.0,-80.0,-80.0,-80.0,-80.0,-80.0,-80.0,-80.0,-80.0,-80.0,-80.0,-80.0,-80.0,-80.0,-80.0,-80.0,-80.0,-80.0,-80.0,-80.0,-80.0,-80.0,-80.0,-80.0,-80.0,-80.0,-80.0,-80.0,-80.0,-80.0,-80.0,-80.0,-80.0,-80.0,-80.0,-80.0,-80.0,-80.0,-80.0,-80.0,-80.0,-80.0,-80.0,-80.0,-80.0,-80.0,-80.0,-80.0,-80.0,-80.0,-80.0,-80.0,-80.0,-80.0,-80.0,-80.0,-80.0,-80.0,-80.0,-80.0,-80.0,-80.0,-80.0,-80.0,-80.0,-80.0,-80.0,-80.0,-80.0,-80.0,-80.0,-80.0,-80.0,-80.0,-80.0,-80.0,-80.0,-80.0,-80.0,-80.0,-80.0,-80.0,-80.0,-80.0,-80.0,-80.0,-80.0,-80.0,-80.0,-80.0,-80.0,-80.0,-80.0,-80.0,-80.0,-80.0,-80.0,-80.0,-80.0,-80.0,-80.0,-80.0,-80.0,-80.0,-80.0,-80.0,-80.0,-80.0,-80.0,-80.0,-80.0,-80.0,-80.0,-80.0,-80.0,-80.0,-80.0,-80.0,-80.0,-80.0,-80.0,-80.0,-80.0,-80.0,-80.0,-80.0,-80.0,-80.0,-80.0,-80.0,-80.0,-80.0,-80.0,-80.0,-80.0,-80.0,-80.0,-80.0,-80.0,-80.0,-80.0,-80.0,-80.0,-80.0,-80.0,-80.0,-80.0,-80.0,-80.0,-80.0,-80.0,-80.0,-80.0,-80.0,-80.0,-80.0,-80.0,-80.0,-80.0,-80.0,-80.0,-80.0,-80.0,-80.0,-80.0,-80.0,-80.0,-80.0,-80.0,-80.0,-80.0,-80.0,-80.0,-80.0,-80.0,-80.0,-80.0,-80.0,-80.0,-80.0,-80.0,-80.0,-80.0,-80.0,-80.0,-80.0,-80.0,-80.0,-80.0,-80.0,-80.0,-80.0,-80.0,-80.0,-80.0,-80.0,-80.0,-80.0,-80.0,-80.0,-80.0,-80.0,-80.0,-80.0,-80.0,-80.0,-80.0,-80.0,-80.0,-80.0,-80.0,-80.0,-80.0,-80.0,-80.0,-80.0,-80.0
-70.7207,-67.57941,-71.54843,-78.9491,-80.0,-80.0,-80.0,-80.0,-80.0,-80.0,-80.0,-80.0,-80.0,-80.0,-80.0,-80.0,-80.0,-80.0,-80.0,-80.0,-80.0,-80.0,-80.0,-80.0,-80.0,-80.0,-80.0,-80.0,-80.0,-80.0,-80.0,-80.0,-80.0,-80.0,-80.0,-80.0,-80.0,-80.0,-80.0,-80.0,-80.0,-80.0,-80.0,-80.0,-80.0,-80.0,-80.0,-80.0,-80.0,-80.0,-80.0,-80.0,-80.0,-80.0,-80.0,-80.0,-80.0,-80.0,-80.0,-80.0,-80.0,-80.0,-80.0,-80.0,-80.0,-80.0,-80.0,-80.0,-80.0,-80.0,-80.0,-80.0,-80.0,-80.0,-80.0,-80.0,-80.0,-80.0,-80.0,-80.0,-80.0,-80.0,-80.0,-80.0,-80.0,-80.0,-80.0,-80.0,-80.0,-80.0,-80.0,-80.0,-80.0,-80.0,-80.0,-80.0,-80.0,-80.0,-80.0,-80.0,-80.0,-80.0,-80.0,-80.0,-80.0,-80.0,-80.0,-80.0,-80.0,-80.0,-80.0,-80.0,-80.0,-80.0,-80.0,-80.0,-80.0,-80.0,-80.0,-80.0,-80.0,-80.0,-80.0,-80.0,-80.0,-80.0,-80.0,-80.0,-80.0,-80.0,-80.0,-80.0,-80.0,-80.0,-80.0,-80.0,-80.0,-80.0,-80.0,-80.0,-80.0,-80.0,-80.0,-80.0,-80.0,-80.0,-80.0,-80.0,-80.0,-80.0,-80.0,-80.0,-80.0,-80.0,-80.0,-80.0,-80.0,-80.0,-80.0,-80.0,-80.0,-80.0,-80.0,-80.0,-80.0,-80.0,-80.0,-80.0,-80.0,-80.0,-80.0,-80.0,-80.0,-80.0,-80.0,-80.0,-80.0,-80.0,-80.0,-80.0,-80.0,-80.0,-80.0,-80.0,-80.0,-80.0,-80.0,-80.0,-80.0,-80.0,-80.0,-80.0,-80.0,-80.0,-80.0,-80.0,-80.0,-80.0,-80.0,-80.0,-80.0,-80.0,-80.0,-80.0,-80.0,-80.0,-80.0,-80.0,-80.0,-80.0,-80.0,-80.0,-80.0,-80.0,-80.0,-80.0,-80.0,-80.0,-80.0,-80.0,-80.0,-80.0,-80.0,-80.0,-80.0,-80.0,-80.0,-80.0,-80.0,-80.0,-80.0,-80.0,-80.0,-80.0,-80.0,-80.0,-80.0,-80.0,-80.0,-80.0,-80.0,-80.0,-80.0,-80.0,-80.0,-80.0,-80.0,-80.0,-80.0,-80.0,-80.0,-80.0,-80.0,-80.0,-80.0,-80.0,-80.0,-80.0,-80.0,-80.0,-80.0,-80.0,-80.0,-80.0,-80.0,-80.0,-80.0,-80.0,-80.0,-80.0,-80.0,-80.0,-80.0,-80.0,-80.0,-80.0,-80.0,-80.0,-80.0,-80.0,-80.0,-80.0,-80.0,-80.0,-80.0,-80.0,-80.0,-80.0,-80.0,-80.0,-80.0,-80.0,-80.0,-80.0,-80.0,-80.0,-80.0,-80.0,-80.0,-80.0,-80.0,-80.0,-80.0,-80.0,-80.0,-80.0,-80.0,-80.0,-80.0,-80.0,-80.0,-80.0,-80.0,-80.0,-80.0,-80.0,-80.0,-80.0,-80.0,-80.0,-80.0,-80.0,-80.0,-80.0,-80.0,-80.0,-80.0,-80.0,-80.0,-80.0,-80.0,-80.0,-80.0,-80.0,-80.0,-80.0,-80.0,-80.0,-80.0,-80.0,-80.0,-80.0,-80.0,-80.0,-80.0,-80.0,-80.0,-80.0,-80.0,-80.0,-80.0,-80.0,-80.0,-80.0,-80.0,-80.0,-80.0,-80.0,-80.0,-80.0,-80.0,-80.0,-80.0,-80.0,-80.0,-80.0,-80.0,-80.0,-80.0,-80.0,-80.0,-80.0,-80.0,-80.0,-80.0,-80.0,-80.0,-80.0,-80.0,-80.0,-80.0,-80.0,-80.0,-80.0,-80.0,-80.0,-80.0,-80.0,-80.0,-80.0,-80.0,-80.0,-80.0,-80.0,-80.0,-80.0,-80.0,-80.0,-80.0,-80.0,-80.0,-80.0,-80.0,-80.0,-80.0,-80.0,-80.0,-80.0,-80.0,-80.0,-80.0,-80.0,-80.0
-69.429184,-66.556366,-71.61642,-77.173004,-80.0,-80.0,-80.0,-80.0,-80.0,-80.0,-80.0,-80.0,-80.0,-80.0,-80.0,-80.0,-80.0,-80.0,-80.0,-80.0,-80.0,-80.0,-80.0,-80.0,-80.0,-80.0,-80.0,-80.0,-80.0,-80.0,-80.0,-80.0,-80.0,-80.0,-80.0,-80.0,-80.0,-80.0,-80.0,-80.0,-80.0,-80.0,-80.0,-80.0,-80.0,-80.0,-80.0,-80.0,-80.0,-80.0,-80.0,-80.0,-80.0,-80.0,-80.0,-80.0,-80.0,-80.0,-80.0,-80.0,-80.0,-80.0,-80.0,-80.0,-80.0,-80.0,-80.0,-80.0,-80.0,-80.0,-80.0,-80.0,-80.0,-80.0,-80.0,-80.0,-80.0,-80.0,-80.0,-80.0,-80.0,-80.0,-80.0,-80.0,-80.0,-80.0,-80.0,-80.0,-80.0,-80.0,-80.0,-80.0,-80.0,-80.0,-80.0,-80.0,-80.0,-80.0,-80.0,-80.0,-80.0,-80.0,-80.0,-80.0,-80.0,-80.0,-80.0,-80.0,-80.0,-80.0,-80.0,-80.0,-80.0,-80.0,-80.0,-80.0,-80.0,-80.0,-80.0,-80.0,-80.0,-80.0,-80.0,-80.0,-80.0,-80.0,-80.0,-80.0,-80.0,-80.0,-80.0,-80.0,-80.0,-80.0,-80.0,-80.0,-80.0,-80.0,-80.0,-80.0,-80.0,-80.0,-80.0,-80.0,-80.0,-80.0,-80.0,-80.0,-80.0,-80.0,-80.0,-80.0,-80.0,-80.0,-80.0,-80.0,-80.0,-80.0,-80.0,-80.0,-80.0,-80.0,-80.0,-80.0,-80.0,-80.0,-80.0,-80.0,-80.0,-80.0,-80.0,-80.0,-80.0,-80.0,-80.0,-80.0,-80.0,-80.0,-80.0,-80.0,-80.0,-80.0,-80.0,-80.0,-80.0,-80.0,-80.0,-80.0,-80.0,-80.0,-80.0,-80.0,-80.0,-80.0,-80.0,-80.0,-80.0,-80.0,-80.0,-80.0,-80.0,-80.0,-80.0,-80.0,-80.0,-80.0,-80.0,-80.0,-80.0,-80.0,-80.0,-80.0,-80.0,-80.0,-80.0,-80.0,-80.0,-80.0,-80.0,-80.0,-80.0,-80.0,-80.0,-80.0,-80.0,-80.0,-80.0,-80.0,-80.0,-80.0,-80.0,-80.0,-80.0,-80.0,-80.0,-80.0,-80.0,-80.0,-80.0,-80.0,-80.0,-80.0,-80.0,-80.0,-80.0,-80.0,-80.0,-80.0,-80.0,-80.0,-80.0,-80.0,-80.0,-80.0,-80.0,-80.0,-80.0,-80.0,-80.0,-80.0,-80.0,-80.0,-80.0,-80.0,-80.0,-80.0,-80.0,-80.0,-80.0,-80.0,-80.0,-80.0,-80.0,-80.0,-80.0,-80.0,-80.0,-80.0,-80.0,-80.0,-80.0,-80.0,-80.0,-80.0,-80.0,-80.0,-80.0,-80.0,-80.0,-80.0,-80.0,-80.0,-80.0,-80.0,-80.0,-80.0,-80.0,-80.0,-80.0,-80.0,-80.0,-80.0,-80.0,-80.0,-80.0,-80.0,-80.0,-80.0,-80.0,-80.0,-80.0,-80.0,-80.0,-80.0,-80.0,-80.0,-80.0,-80.0,-80.0,-80.0,-80.0,-80.0,-80.0,-80.0,-80.0,-80.0,-80.0,-80.0,-80.0,-80.0,-80.0,-80.0,-80.0,-80.0,-80.0,-80.0,-80.0,-80.0,-80.0,-80.0,-80.0,-80.0,-80.0,-80.0,-80.0,-80.0,-80.0,-80.0,-80.0,-80.0,-80.0,-80.0,-80.0,-80.0,-80.0,-80.0,-80.0,-80.0,-80.0,-80.0,-80.0,-80.0,-80.0,-80.0,-80.0,-80.0,-80.0,-80.0,-80.0,-80.0,-80.0,-80.0,-80.0,-80.0,-80.0,-80.0,-80.0,-80.0,-80.0,-80.0,-80.0,-80.0,-80.0,-80.0,-80.0,-80.0,-80.0,-80.0,-80.0,-80.0,-80.0,-80.0,-80.0,-80.0,-80.0,-80.0,-80.0,-80.0,-80.0,-80.0,-80.0,-80.0,-80.0,-80.0,-80.0,-80.0,-80.0,-80.0,-80.0,-80.0,-80.0,-80.0,-80.0
-71.39586,-68.41746,-73.02013,-80.0,-80.0,-80.0,-80.0,-80.0,-80.0,-80.0,-80.0,-80.0,-80.0,-80.0,-80.0,-80.0,-80.0,-80.0,-80.0,-80.0,-80.0,-80.0,-80.0,-80.0,-80.0,-80.0,-80.0,-80.0,-80.0,-80.0,-80.0,-80.0,-80.0,-80.0,-80.0,-80.0,-80.0,-80.0,-80.0,-80.0,-80.0,-80.0,-80.0,-80.0,-80.0,-80.0,-80.0,-80.0,-80.0,-80.0,-80.0,-80.0,-80.0,-80.0,-80.0,-80.0,-80.0,-80.0,-80.0,-80.0,-80.0,-80.0,-80.0,-80.0,-80.0,-80.0,-80.0,-80.0,-80.0,-80.0,-80.0,-80.0,-80.0,-80.0,-80.0,-80.0,-80.0,-80.0,-80.0,-80.0,-80.0,-80.0,-80.0,-80.0,-80.0,-80.0,-80.0,-80.0,-80.0,-80.0,-80.0,-80.0,-80.0,-80.0,-80.0,-80.0,-80.0,-80.0,-80.0,-80.0,-80.0,-80.0,-80.0,-80.0,-80.0,-80.0,-80.0,-80.0,-80.0,-80.0,-80.0,-80.0,-80.0,-80.0,-80.0,-80.0,-80.0,-80.0,-80.0,-80.0,-80.0,-80.0,-80.0,-80.0,-80.0,-80.0,-80.0,-80.0,-80.0,-80.0,-80.0,-80.0,-80.0,-80.0,-80.0,-80.0,-80.0,-80.0,-80.0,-80.0,-80.0,-80.0,-80.0,-80.0,-80.0,-80.0,-80.0,-80.0,-80.0,-80.0,-80.0,-80.0,-80.0,-80.0,-80.0,-80.0,-80.0,-80.0,-80.0,-80.0,-80.0,-80.0,-80.0,-80.0,-80.0,-80.0,-80.0,-80.0,-80.0,-80.0,-80.0,-80.0,-80.0,-80.0,-80.0,-80.0,-80.0,-80.0,-80.0,-80.0,-80.0,-80.0,-80.0,-80.0,-80.0,-80.0,-80.0,-80.0,-80.0,-80.0,-80.0,-80.0,-80.0,-80.0,-80.0,-80.0,-80.0,-80.0,-80.0,-80.0,-80.0,-80.0,-80.0,-80.0,-80.0,-80.0,-80.0,-80.0,-80.0,-80.0,-80.0,-80.0,-80.0,-80.0,-80.0,-80.0,-80.0,-80.0,-80.0,-80.0,-80.0,-80.0,-80.0,-80.0,-80.0,-80.0,-80.0,-80.0,-80.0,-80.0,-80.0,-80.0,-80.0,-80.0,-80.0,-80.0,-80.0,-80.0,-80.0,-80.0,-80.0,-80.0,-80.0,-80.0,-80.0,-80.0,-80.0,-80.0,-80.0,-80.0,-80.0,-80.0,-80.0,-80.0,-80.0,-80.0,-80.0,-80.0,-80.0,-80.0,-80.0,-80.0,-80.0,-80.0,-80.0,-80.0,-80.0,-80.0,-80.0,-80.0,-80.0,-80.0,-80.0,-80.0,-80.0,-80.0,-80.0,-80.0,-80.0,-80.0,-80.0,-80.0,-80.0,-80.0,-80.0,-80.0,-80.0,-80.0,-80.0,-80.0,-80.0,-80.0,-80.0,-80.0,-80.0,-80.0,-80.0,-80.0,-80.0,-80.0,-80.0,-80.0,-80.0,-80.0,-80.0,-80.0,-80.0,-80.0,-80.0,-80.0,-80.0,-80.0,-80.0,-80.0,-80.0,-80.0,-80.0,-80.0,-80.0,-80.0,-80.0,-80.0,-80.0,-80.0,-80.0,-80.0,-80.0,-80.0,-80.0,-80.0,-80.0,-80.0,-80.0,-80.0,-80.0,-80.0,-80.0,-80.0,-80.0,-80.0,-80.0,-80.0,-80.0,-80.0,-80.0,-80.0,-80.0,-80.0,-80.0,-80.0,-80.0,-80.0,-80.0,-80.0,-80.0,-80.0,-80.0,-80.0,-80.0,-80.0,-80.0,-80.0,-80.0,-80.0,-80.0,-80.0,-80.0,-80.0,-80.0,-80.0,-80.0,-80.0,-80.0,-80.0,-80.0,-80.0,-80.0,-80.0,-80.0,-80.0,-80.0,-80.0,-80.0,-80.0,-80.0,-80.0,-80.0,-80.0,-80.0,-80.0,-80.0,-80.0,-80.0,-80.0,-80.0,-80.0,-80.0,-80.0,-80.0,-80.0,-80.0,-80.0,-80.0,-80.0,-80.0,-80.0,-80.0,-80.0,-80.0,-80.0,-80.0,-80.0,-80.0
